0 0.6438587887740599 0.20942227106055725 0.52775 0.2073953125000001 0.5262380862259401 0.29400116643944296 0.642346875 0.2960281250000001
0 0.7601582306893857 0.20907696960029032 0.6464234375 0.20709218750000008 0.6449120818106142 0.2936980303997098 0.7586468749999999 0.29568281250000006
0 0.7635718341030688 0.43105590290356277 0.6510671875 0.4290937500000001 0.6496187908969312 0.5121409720964374 0.7621234375 0.514103125
0 0.6427869196340458 0.4241451915646233 0.5359843750000001 0.4235234375000001 0.5353208928659543 0.5374938709353769 0.6421234375000001 0.5381156250000002
0 0.5301452439795555 0.42460836256993223 0.4149453125000001 0.4225968750000001 0.41301881852044453 0.5329291374300679 0.52821875 0.5349406250000001
0 0.41121546950430654 0.42371783708990646 0.2998390625 0.4217734375000002 0.2983063782260163 0.5095665374340222 0.40968278523032275 0.5115109370239285
0 0.29746884170079063 0.42117867669607467 0.24999843755264956 0.4209031159301554 0.24950615835185896 0.5057072517340807 0.29697656250000004 0.5059828125
0 0.24633143720252368 0.41846858824434774 0.11948750000000008 0.416253125 0.11789200029747646 0.5076017242556523 0.24473593750000008 0.5098171875000002
0 0.24048698233360305 0.20119537089652803 0.11363125000000003 0.19898125000000003 0.11201614219054686 0.2915171563668069 0.23887187452414987 0.29373127726333487
0 0.40654925538590136 0.20527875744943205 0.29754843750000004 0.20337656250000005 0.2960163696140987 0.29116811755056804 0.40501718750000004 0.29307031250000004
0 0.5239628771304937 0.20851533584963508 0.41026875 0.20652968750000006 0.4088183723930577 0.28957531643083734 0.5225124995235514 0.29156096478047233
0 0.8041739597583458 0.4254735946352472 0.7733203033925615 0.4252937499469131 0.7727994686342157 0.5146467178116659 0.8036531250000001 0.5148265625
0 0.8789003536448803 0.43155134578881577 0.8504203034777256 0.43138592837230705 0.8499152623328454 0.5183392700834915 0.8783953125000001 0.5185046875000002
0 0.8386647500202106 0.20887493026768814 0.8054375 0.20868125000000007 0.8049164999797895 0.29806256973231193 0.8381437500000001 0.29825625
0 0.7968895029265664 0.2497222882032335 0.767221865926432 0.24954999994730734 0.7669511129998656 0.2961730242440739 0.7966187499999999 0.29634531250000007
0 0.29161555170646786 0.2027476603591086 0.24652188412136625 0.20248592848390704 0.24599539491489844 0.29319451812479846 0.29108906250000005 0.2934562500000001
0 0.848622842420815 0.4301605829879625 0.8112296875000002 0.42994218750000013 0.8109255950791854 0.4820081670120378 0.8483187500000001 0.4822265625000002
0 0.849190168581502 0.48561302524035216 0.8327187409090161 0.48551718744710487 0.832528572327514 0.5182010372067528 0.8489999999999999 0.5182968750000001
0 0.8278355237286487 0.4834536469284562 0.8109203125000002 0.48335468750000005 0.8107160387713517 0.518271353071544 0.8276312500000002 0.5183703125000002
0 0.8726816039482141 0.21084138823746218 0.8442562409921178 0.2106765533870376 0.8437480745439039 0.29830860264957554 0.8721734375000002 0.2984734375000001
0 0.7995917991830804 0.2102011028790493 0.78233125 0.21010000000000012 0.7821160133169196 0.24684577212095085 0.7993765625 0.24694687500000004
0 0.7782760053863654 0.20935191424627675 0.7635546875000001 0.2092656250000001 0.7633364946136347 0.24649027325372344 0.7780578125000001 0.2465765625000001
0 0.16032320377333492 0.5114851003124551 0.11783437500000007 0.5112375000000001 0.11757992122666523 0.5549023996875451 0.1600687500000001 0.55515
0 0.2263148032320741 0.513130335766764 0.1658000000000001 0.5120750000000001 0.16547738379286875 0.5305743789738566 0.22599218702494275 0.5316297147406205
0 0.2247490443143408 0.539832753022184 0.16290312500000007 0.538753125 0.16264001818565932 0.553825059477816 0.22448593750000007 0.5549046875
0 0.15858257770419443 0.15294244333076243 0.11585000000000001 0.15269375000000004 0.11558304729580562 0.19856380666923762 0.15831562500000004 0.1988125
0 0.22136763829034733 0.15365245241880904 0.16166718750000003 0.15261093750000004 0.1613214242096527 0.172430360081191 0.221021875 0.17347187500000003
0 0.22168813405062354 0.17744963708010156 0.16197187500000004 0.17640625000000001 0.16160249047251396 0.19754726521221028 0.22131874952313746 0.19859065229231182
0 0.872489599652148 0.14901076692176388 0.22425055210018696 0.13769651594231658 0.22318580620529352 0.19870010036380403 0.8714248537572546 0.2100143513432513
0 0.8832911821781855 0.5212289463299129 0.23606116965088103 0.5107785761717004 0.23511534998436442 0.5693566806158795 0.882345362511669 0.579807050774092