0 0.8527563203124998 0.67852788125 0.8492105505831604 0.5520625887989924 0.7585227671875 0.5546052468749999 0.7620685369168393 0.6810705393260075
0 0.8586682328125 0.8006561874999999 0.8551925358456917 0.6766803823550267 0.7645047359374999 0.6792228406249999 0.7679804329043082 0.803198645769973
0 0.6260872125 0.7976286328124998 0.6226540177275709 0.6751340224544536 0.5356926046874999 0.6775713171875 0.539125799459929 0.800065927545546
0 0.6301452178262408 0.5601388468468667 0.5049277593750001 0.5558278203125001 0.5010772185748823 0.6676700761673257 0.626294677026123 0.6719811027016922
0 0.6217000359374999 0.5523837999999999 0.6181466004373105 0.42560914633178326 0.5026119415644559 0.4288475299239445 0.5061653770646453 0.5556221835921611
0 0.616966740625 0.42780802656250005 0.6135589582438918 0.3062450789480994 0.5216262656249999 0.308822234375 0.5250340480061082 0.4303851819894008
0 0.6153606051873899 0.25979375350893075 0.5238956281250001 0.25664613281250015 0.5221850041876104 0.3063542121160695 0.6136499812500001 0.3095018328125001
0 0.61460215 0.2547897875 0.6107330325062739 0.11680374407196963 0.5150755858253822 0.11948597113757317 0.5189447033191082 0.25747201456560354
0 0.842131365625 0.2551532484375 0.8382618485503285 0.11709184819728577 0.7413610578125 0.1198077359375 0.7452305748871716 0.25786913617771423
0 0.8457755921875 0.4294593796875 0.8424379233260341 0.3103877042037456 0.7505068483937363 0.31296460156372674 0.7538445172552021 0.43203627704748104
0 0.8479871046874999 0.552704140625 0.8445179622060586 0.4289625048659887 0.7575566108949563 0.43140049848249795 0.7610257533763977 0.5551421342415093
0 0.6346442263174318 0.8091210712892014 0.5392896531250001 0.8058379484374999 0.538177173556021 0.8381486536035652 0.6335317467484527 0.8414317764552667
0 0.6317808587140258 0.8898900769454483 0.5390692890625001 0.8867020765625 0.5380437662859745 0.9165257324295517 0.6307553359375001 0.9197137328125
0 0.863449926832857 0.8493430268847451 0.7679386874999999 0.8460561859375 0.7667412919171431 0.8808509137402549 0.8622525312500002 0.8841377546875
0 0.8185395283451188 0.8079831027199399 0.7680660109375002 0.8062480640624999 0.7669980669673815 0.8373153191550597 0.8174715843750002 0.8390503578124999
0 0.8440489736538677 0.26268432146252685 0.7465165390624999 0.2593291671875001 0.7448921185336321 0.3065501519749732 0.842424553125 0.30990530625
0 0.632007549805472 0.8488030473382343 0.5754097281250001 0.8468558468749998 0.5740626158195281 0.8860113542242656 0.6306604375 0.8879585546875001
0 0.5733929977894756 0.869653618803591 0.5382377781250001 0.8684422703124998 0.5376433926555126 0.8856922622833308 0.5727986123199882 0.886903610774422
0 0.5746486991533838 0.8468281806784239 0.5371278328125 0.845537303125 0.5365183680341162 0.8632521099465761 0.574039234375 0.8645429874999999
0 0.8628953040525197 0.8900351125980042 0.7694766125000001 0.8868201453125002 0.7684522177203252 0.9165864264133843 0.8618709092728448 0.9198013936988882
0 0.8598121892812471 0.8250038418692501 0.8203550453125003 0.8236456828125002 0.8197328908929542 0.84172047043094 0.8591900348617012 0.8430786294876901
0 0.8596243318018093 0.8053049351715655 0.8198008015625 0.8039363703125 0.8192709697606906 0.8193538148284347 0.8590945 0.8207223796875003
0 0.5140111596281283 0.11829643413662275 0.4659559203125 0.11664415312500007 0.4644261091218718 0.1611374580508774 0.5124813484375 0.16278973906250008
0 0.5144166484375001 0.23182531875000004 0.5126095881024031 0.16732917744829387 0.49323955252189056 0.16787188934206781 0.49504661285698753 0.23236803064377395
0 0.48634801562499996 0.22942182031249997 0.4845054674364412 0.1637133674688113 0.4687212326546343 0.16415597739107182 0.47056378084319306 0.2298644302347605
0 0.8898677156639667 0.12696318383902094 0.8394832062500001 0.1252279531250001 0.8379420289034334 0.16997788977564338 0.8883265383174 0.1717131204896642
0 0.8910928593749998 0.23739245937500003 0.8893059605688134 0.17368042505411235 0.8685520630716329 0.1742624989912692 0.8703389618778195 0.23797453331215687
0 0.8661571218749998 0.23699845781250004 0.8643678035581571 0.1732001556260586 0.842229981251228 0.1738210437937882 0.8440192995680708 0.23761934598022966
0 0.926935829662542 0.9178116717104757 0.9078504196157476 0.2369603572738407 0.8439676140625 0.23875109999999994 0.8630530241092943 0.9196024144366349
0 0.5372736250000001 0.921288634375 0.5172466679080641 0.2386735240465206 0.4559167350071525 0.2404728571056245 0.47594369209908854 0.9230879674341039