0 0.38866660642535766 0.21859346897738935 0.21761975312500006 0.20972437343750006 0.2141504654496425 0.27663206852261074 0.3851973187500001 0.28550116406250003
0 0.4235798156336913 0.2201589858067461 0.3907468078125 0.21869974062500006 0.3878755640538087 0.2833027079432541 0.4207085718750001 0.2847619531250001
0 0.499317451724891 0.224975260604903 0.4261149921875 0.22117957656250004 0.4227789857751091 0.2855168268950971 0.4959814453125001 0.2893125109375001
0 0.5630109965813601 0.23255617763939082 0.5308210578125001 0.2311255140625001 0.52797873935614 0.2950776957981094 0.560168678125 0.2965083593750001
0 0.6274370198861492 0.2343791954183502 0.5649879359375001 0.23160368125000005 0.5619638973013508 0.29964456708164994 0.62441298125 0.3024200812500001
0 0.6701302850146916 0.23705868746433295 0.6299925578125001 0.2349774718750001 0.6283580399853085 0.2665003140981672 0.6684957671875 0.26858152968750015
0 0.6685919282591958 0.27181457121998315 0.6297351671875001 0.2697997765625001 0.6280339264283044 0.30260942565501703 0.6668906875 0.30462422031250014
0 0.7104817179217905 0.2382141546535193 0.6712100890625001 0.2364687484375001 0.6682223742657096 0.3036923125339809 0.7074940031250001 0.3054377187500001
0 0.8248505216678528 0.24508121739222033 0.713659225 0.23931574375000014 0.7101899377071472 0.3062234388577799 0.821381234375 0.31198891250000005
0 0.7943015755103592 0.14737937598698442 0.6741562265625001 0.14114961718750008 0.671087279177141 0.2003364599505158 0.7912326281250001 0.20656621875000014
0 0.5731573755261928 0.13492017949664464 0.5261609875 0.1328314515625001 0.5233995197863072 0.1949644876908555 0.5703959078125 0.19705321562500006
0 0.5249427761108707 0.13117439307273426 0.48373876562500007 0.12934310312500003 0.4811509098266293 0.18756983973976588 0.5223549203125 0.18940112968750006
0 0.42696374164595136 0.12446142536482621 0.2920342140625 0.11746507968750004 0.2890985489790487 0.17408147932267387 0.4240280765625001 0.18107782500000008
0 0.2894697616143292 0.11710319096281566 0.25856596093750006 0.11572968906250006 0.2559814899481709 0.17388030122468448 0.28688529062500007 0.17525380312500008
0 0.48146879410926074 0.1272876137806111 0.43169294531249996 0.12470664375000004 0.43015847151573927 0.154300065906889 0.47993432031250005 0.15688103593750005
0 0.19356717393848338 0.20525073708714023 0.11285647343750002 0.2010657375 0.11102178543651664 0.23644900353785975 0.1917324859375 0.240634003125
0 0.19105568257759062 0.24640432220079117 0.10845283906250006 0.24212121093750003 0.10688487992240944 0.2723604168617089 0.18948772343750003 0.27664352812500004
0 0.18995757957187404 0.2805694189841073 0.10690490312500005 0.2768781890625 0.10238675949062608 0.3785364247658928 0.18543943593750006 0.38222765468750003
0 0.2065858339183717 0.3878360948923676 0.10221555625000005 0.38242430312500003 0.09694481920662842 0.4840742394826325 0.20131509687500007 0.48948603125000006
0 0.1752113708200384 0.5978614642644458 0.09666652500000009 0.5943705828125001 0.09249321355496179 0.6882701060480545 0.17103805937500013 0.6917609875000001
0 0.19985805585225114 0.4952174847409629 0.09872585468750006 0.48997359218750003 0.09358864571024897 0.5890483246340371 0.19472084687500005 0.5942922171875
0 0.17070625656593505 0.7427552140154747 0.09023061718750008 0.73917851875 0.08542732312156512 0.8472526297345251 0.16590296250000008 0.850829325
0 0.17110392178222442 0.6969270665221978 0.09100119843750007 0.6927735921875 0.08893293759277573 0.7326614819153024 0.16903566093750005 0.7368149562500002
0 0.2090234622380071 0.8150078571334041 0.17145241562500008 0.8130597296875001 0.16975117526199301 0.8458693803665962 0.20732222187500007 0.8478175078125002
0 0.2707428428332821 0.7707071691620403 0.21537386250000007 0.7682463249999999 0.20943468685421807 0.9018777449004597 0.2648036671875001 0.9043385890625
0 0.6665843801287081 0.6897191931594923 0.27846162187500006 0.6695943093750001 0.27369135112129206 0.761592388090508 0.6618141093750001 0.7817172718750001
0 0.7223942836161967 0.7937376116268533 0.2716759437500001 0.77036703125 0.2645868085713035 0.9070860680606468 0.7153051484375001 0.9304566484375002
0 0.9190994293434658 0.4280444664444637 0.8411563671875 0.42458032968750015 0.8367644159690343 0.5233992132430366 0.9147074781250002 0.5268633500000002
0 0.9237285053883252 0.32389023566213593 0.8483275484374999 0.3205390828125002 0.8438986914866747 0.4201883877753644 0.9192996484375 0.4235395406250001
0 0.9153917263743144 0.5305473361247508 0.8349081484375003 0.5269702890625002 0.8304776220631862 0.6266571560627496 0.9109612000000004 0.6302342031250003
0 0.9099155769943623 0.6346811395787186 0.8302767203125001 0.631141634375 0.8259970870681377 0.7274333697962814 0.9056359437499999 0.730972875
0 0.9058044804697127 0.7343767216373127 0.8267219046875003 0.73027614375 0.8244831742177874 0.7734516611751877 0.90356575 0.7775522390625003
0 0.9068679334010336 0.7796430359101078 0.8221480421874998 0.7758777078125001 0.8172268822239666 0.8866038187773924 0.9019467734375002 0.8903691468750001
0 0.883246062385938 0.2835063948913953 0.8483372484375001 0.2816963078125001 0.8474958423015624 0.29792342229610486 0.8824046562500001 0.2997335093750001
0 0.8827385240481942 0.30323820491719033 0.84784684375 0.30142900625000013 0.8471256384518059 0.31533796227030997 0.88201731875 0.31714716093750017
0 0.9269862421391423 0.2869358045160907 0.8853920984375 0.28477907031250005 0.8837292781733577 0.31684773454640947 0.925323421875 0.3190044687500001
0 0.9290455793614452 0.2494641199342426 0.8507250796875001 0.24540305781250007 0.8490221112635551 0.27824602694075756 0.9273426109375003 0.2823070890625001
0 0.9311071512130736 0.21935233090825915 0.8524491703124998 0.21527376875000015 0.8511068862869262 0.24116067377924116 0.9297648671875001 0.24523923593750013
0 0.6725581098423192 0.13977136216981387 0.630414109375 0.13789829531250006 0.6277203370326806 0.19850816751768624 0.6698643374999999 0.20038123437500005
0 0.627480195420254 0.1385225552746086 0.5770384125000001 0.13590705468750003 0.5756761358297461 0.1621795259753915 0.6261179187500001 0.16479502656250009
0 0.1934012363331369 0.17683873164130712 0.11205562656250004 0.17262081093750004 0.1108335433543632 0.19618955742119298 0.19217915312500006 0.2004074781250001
0 0.21195736156756176 0.7953445845574703 0.17202631250000014 0.7932740859375 0.1711848243699385 0.8095027873175299 0.21111587343750013 0.8115732859375001
0 0.21706736593814427 0.6690019038410745 0.17530920625000007 0.6671459859375 0.16979827781185586 0.7911418961589255 0.21155643750000003 0.7929978140625
0 0.23855960546597865 0.6997161489670043 0.21806874843750004 0.6988054437499999 0.2164128460965215 0.7360632275954957 0.2369037031250001 0.7369739328125001
0 0.23758209622698984 0.7391788238772525 0.21670063437500012 0.7382507593750001 0.21552559283551037 0.7646892073727476 0.23640705468750012 0.7656172718750001
0 0.27257743435578485 0.7014001449911298 0.24087178125000008 0.6999910046875 0.23790665783171536 0.7667062737588702 0.2696123109375001 0.7681154140625001
0 0.274535642189542 0.6707398724155459 0.21982719531250003 0.6679031390624999 0.21836471093545815 0.6961082041469541 0.2730731578125001 0.6989449375000001
0 0.7895666220766532 0.6955089865420944 0.6717638453125001 0.6894006937500002 0.6669555638608472 0.782131825957906 0.7847583406250003 0.7882401187500002
0 0.7464051167567529 0.8840667784118643 0.7193390828125 0.8828638437500003 0.7170110394932473 0.9352448262756358 0.7440770734375001 0.9364477609374999
0 0.7711240927833056 0.8857796631371772 0.7498583765625001 0.8848345203125003 0.7476353072166946 0.9348535868628233 0.7689010234375001 0.9357987296875001
0 0.8171242225620755 0.8650784613362121 0.7845176359375002 0.8633877484375001 0.7835359540004248 0.8823201746012879 0.8161425406250002 0.8840108875
0 0.8188443271632577 0.851219707910387 0.7851345328125001 0.84947179375 0.7845535212742428 0.8606770233396132 0.8182633156250004 0.8624249375000002
0 0.8251384272142234 0.6990363517102691 0.7907287125000002 0.6975070312500001 0.7841378696607768 0.8458010139147312 0.8185475843750002 0.8473303343750004
0 0.7605813249942648 0.7889023476621897 0.7254031031250001 0.7873388718750001 0.7228250593807354 0.8453448835878105 0.75800328125 0.846908359375
0 0.7856386436871017 0.7912035829325644 0.7430688030378984 0.7889962583993407 0.7383679718507968 0.8796551676542764 0.7809378125000002 0.8818624921875001
0 0.7371298383788478 0.8490573357284836 0.722318625 0.848399059375 0.7209646944336524 0.8788624877090166 0.7357759078125002 0.8795207640625001
0 0.8508100386260663 0.180108125726093 0.1981641587307929 0.14626721626667455 0.1714099576047267 0.6622409124155817 0.8240558375000001 0.6960818218750001