0 0.7888093750000001 0.5720140625000001 0.7229530730500207 0.5712479280786702 0.7209687500000002 0.74181875 0.7868250519499795 0.74258488442133
0 0.7901563638926924 0.56944296027194 0.7892171875 0.5371703125 0.7245451986073077 0.53905235222806 0.725484375 0.5713250000000001
0 0.7894437500000002 0.4630640625000001 0.726117518015568 0.4623273895407328 0.7252546875000001 0.5364984375 0.7885809194844323 0.5372351104592673
0 0.7866659058891304 0.4314797173171864 0.7857452683965758 0.3998391092468686 0.7217356125074453 0.4017015794296822 0.7226562500000001 0.4333421875
0 0.7895378283338326 0.39783036148137124 0.7877515625 0.33645 0.7187277966661675 0.33845870101862874 0.7205140625 0.39983906249999995
0 0.7882359375 0.29463437500000006 0.7572084902266218 0.294272758371078 0.7567359377122099 0.33481873179195226 0.7877633849855881 0.3351803484208743
0 0.7540250000000002 0.2956312500000001 0.7217293565468028 0.2952555649006391 0.7212718752114079 0.3345827943263865 0.7535675186646053 0.3349584794257475
0 0.7904590573057988 0.2933042255264249 0.7893359375000001 0.25470625 0.7218753176942012 0.25666921197357506 0.7229984375 0.2952671875
0 0.7900046875000002 0.14258906250000009 0.7241483705481617 0.14182321450894855 0.7228500000000001 0.2534718750000001 0.7887063169518386 0.2542377229910517
0 0.8840062500000002 0.17405156250000015 0.8257495080038094 0.173373332157995 0.8243500000000001 0.2935843750000001 0.8826067419961909 0.29426260534200527
0 0.8834554613658726 0.4375279864665374 0.8821109361773202 0.39133589205840974 0.8194070373114476 0.39316103059187235 0.8207515625000001 0.43935312500000007
0 0.8840020456993314 0.4793129046939688 0.8828233920661847 0.43881250132222716 0.8241541588668534 0.4405199091282583 0.8253328125000001 0.4810203125
0 0.8835984375000001 0.5356890625 0.8278717800837001 0.535040015252795 0.826303143407865 0.6697218570159904 0.882029800824165 0.6703709042631953
0 0.8829113059500726 0.701007690309599 0.882026471544463 0.6706328151495776 0.8237714155943902 0.6723298123399787 0.8246562499999998 0.7027046875
0 0.8842250000000001 0.48184062500000013 0.8550966636380993 0.48150102298738895 0.8545140625000002 0.531471875 0.8836423988619011 0.5318114770126112
0 0.7897453125000001 0.7638859375000001 0.754916524422063 0.7634804961297974 0.7539781249999999 0.8440921875 0.788806913077937 0.8444976288702029
0 0.7491921875 0.765696875 0.7194282158524262 0.7653499154075765 0.7184687684239327 0.8476562320006549 0.7482327400715065 0.8480031915930784
0 0.7173593102375007 0.8476922832956729 0.714984375 0.7660609375 0.6121938147624993 0.7690514667043271 0.61456875 0.8506828125
0 0.6113234375000001 0.7488093750000002 0.511270905448811 0.7476445655706271 0.5100359375000002 0.8537234375000002 0.6100884695511892 0.8548882469293732
0 0.4048905265106358 0.8529818565673792 0.40264374867769803 0.7757812045648986 0.3076360346670622 0.7785462229975193 0.3098828125 0.855746875
0 0.5054984375000001 0.7537890625000001 0.407979050652793 0.7526543452736306 0.4067828125000001 0.8554609374999999 0.5043021993472072 0.8565956547263692
0 0.2624211573245673 0.8571265050955988 0.26011875 0.7780281249999998 0.15109446767543272 0.7812016199044012 0.15339687500000002 0.8603
0 0.3057125000000001 0.778603125 0.26644985461929716 0.7781463011262612 0.2655171875000001 0.85830625 0.30477983288070304 0.8587630738737388
0 0.19216875000000014 0.7394734374999999 0.15987308403001593 0.7390985292714927 0.15943125000000008 0.777159375 0.19172691596998429 0.7775342832285073
0 0.2406864883780416 0.7336276616737955 0.23910312367840297 0.6792077670770019 0.10574319780036134 0.6830879179032064 0.10732656249999999 0.7375078125
0 0.3436765625000001 0.2917375000000001 0.2531241777508655 0.29068391823635736 0.24864375000000005 0.6757640625000001 0.3391961347491347 0.6768176442636428
0 0.24504843750000002 0.235603125 0.1104762847371404 0.23403755376125024 0.10526250000000006 0.6822 0.2398346527628597 0.6837655712387497
0 0.6179526575681358 0.12326542139207645 0.6157234375 0.04665625000000001 0.5158942174318641 0.04956114110792355 0.5181234374999999 0.1261703125
0 0.7204246252950317 0.11778558757871951 0.7182687486788885 0.04367495458534191 0.6177066233838566 0.046600304506622406 0.6198624999999999 0.12071093749999999
0 0.5171571153559444 0.12786557543527344 0.5148546875000001 0.04875937499999999 0.41408819714405565 0.05169223706472655 0.416390625 0.1307984375
0 0.4145802280407144 0.13085256834879816 0.41230312500000005 0.05257812499999999 0.31490727195928564 0.055411494151201814 0.31718437499999996 0.1336859375
0 0.31476093750000006 0.05541562500000004 0.27226393087483663 0.05492060736977604 0.27134062521197555 0.13418591930200968 0.3138376318371389 0.13468093693223368
0 0.2722038625047637 0.1366606649680005 0.26978125000000003 0.05338906250000001 0.15800707499523642 0.05664089753199948 0.16042968750000003 0.1399125
0 0.7559328125000001 0.08420468750000011 0.7399606868452492 0.08401884646870049 0.73955466932225 0.11891406228849591 0.755526794977001 0.11909990331979552
0 0.736534375 0.08438750000000009 0.7228424267029928 0.08422819686472899 0.7224375000000001 0.1190312500000001 0.7361294482970071 0.1191905531352712
0 0.7552921875 0.041242187500000096 0.7237274335220267 0.0408751413912644 0.7232390625 0.08287343750000009 0.7548038164779733 0.08324048360873579
0 0.7922031250000001 0.0397890625000001 0.759874684771143 0.03941312747772059 0.7589656250000001 0.11758750000000011 0.7912940652288574 0.11796343502227961
0 0.8218906250000002 0.03816406250000011 0.7964105447421544 0.03786717116552343 0.7954984375 0.11614687500000012 0.8209785177578457 0.1164437663344768
0 0.8847857201118069 0.3349133743894317 0.8835796874999999 0.293490625 0.8225377173881931 0.29526787561056833 0.82374375 0.336690625
0 0.8823015625000001 0.33802968750000006 0.8564419800249168 0.3377282537770626 0.855853125 0.38824531250000005 0.8817127074750835 0.38854674622293744
0 0.8176234375000002 0.7643921875000002 0.7944250388857113 0.764122264603164 0.7934843568221316 0.844968749788493 0.8166827554364205 0.8452386726853289
0 0.21165312500000014 0.7367625000000001 0.19567940917217802 0.7365771738176423 0.1952171875000001 0.7764171875000001 0.21119090332782223 0.7766025136823578
0 0.3368831348780204 0.7745763510586607 0.3356890625 0.7335328124999999 0.2122621776219796 0.7371236489413391 0.21345625 0.7781671874999999
0 0.3076194059381988 0.7320667794437039 0.307034375 0.711925 0.26968684406180116 0.7130097830562963 0.270271875 0.7331515625000001
0 0.26883145593623553 0.7328146264589804 0.26823276696032844 0.7122906263284008 0.2415231860240929 0.7130697498694203 0.242121875 0.73359375
0 0.30832810796960036 0.7096052923429716 0.307421875 0.6784421875000001 0.24070939203039962 0.6803822076570284 0.24161562499999997 0.7115453125
0 0.33786718750000017 0.677178125 0.3101053667964126 0.6768546925924321 0.3094671877120471 0.7316327942989405 0.3372290084156347 0.7319562267065083
0 0.3456609375000001 0.17069218750000004 0.2543870635963792 0.1696295688064728 0.2530015809000509 0.2886359195234488 0.34427545480367183 0.289698538216976
0 0.15846740341390309 0.2362372083422964 0.15769375000000002 0.20963437500000004 0.1052450965860969 0.21115966665770367 0.10601875000000001 0.23776250000000002
0 0.15820285677633963 0.2061971326425589 0.1575953125 0.18529374999999998 0.1076612057236604 0.18674505485744114 0.10826875000000002 0.2076484375
0 0.18093750000000003 0.14049375000000003 0.16230101957697646 0.14027689841396895 0.16192029432142094 0.17299687478847653 0.1805567747444445 0.1732137263745076
0 0.19464843750000002 0.138953125 0.18361931424749628 0.13882454039491324 0.18322812500000002 0.172378125 0.19425724825250373 0.1725067096050868
0 0.34515922637718266 0.16880516808877744 0.34417499867799006 0.13498276706991302 0.19706889730080743 0.13926353648113557 0.19805312500000002 0.17308593749999998
0 0.25293771352698313 0.23170271885049684 0.25193120587911844 0.19712504676648562 0.19367630485213524 0.19882076541598878 0.19468281250000002 0.2333984375
0 0.25195418210734877 0.21655024218585733 0.2514656249999999 0.1745546875 0.16123019289265117 0.1756044453141427 0.16171874999999997 0.21760000000000002
0 0.19199277645369045 0.23383898406449277 0.19156875 0.21928125000000004 0.16109628604630957 0.22016882843550728 0.1615203125 0.23472656249999999
0 0.853469472366702 0.11951947760003334 0.3444963787675996 0.11628424401556248 0.34031250000000013 0.7745 0.8492855935991026 0.7777352335844709