0 0.2518145203125 0.3991448515625 0.24071675068542114 0.21186999504854417 0.17119111562499997 0.2159900328125 0.18228888525207881 0.4032648893264558
0 0.2535861037781958 0.40194666441188664 0.18192601093750008 0.397169325 0.17965522747180432 0.4312310777756136 0.2513153203125001 0.43600841718750016
0 0.25666126562499997 0.514857475 0.2516501993051597 0.4302957204365826 0.18479558281250003 0.43425747500000006 0.18980664913234035 0.5188192295634175
0 0.26691701650795696 0.5490842289248578 0.19601734843750013 0.5443575859374999 0.19379104130454322 0.5777522038876423 0.26469070937500006 0.5824788468750001
0 0.2756953815187781 0.5852244476506213 0.19678217031250006 0.579963565625 0.19246309035622203 0.6447497492243787 0.27137630156250003 0.65001063125
0 0.23629317187500004 0.6919529343749999 0.23357305201812437 0.6460509150104345 0.200816796875 0.6479920265625001 0.20353691673187568 0.6938940459270656
0 0.27401224375000005 0.6944642296875 0.27136213582581253 0.6497436588991259 0.23726872187500003 0.651764009375 0.23991882979918752 0.6964845801633741
0 0.2778939779155013 0.6960648669498808 0.20269672812500011 0.6910517171875001 0.19998063927199894 0.7317930518001194 0.2751778890625001 0.7368062015625001
0 0.28291685781250003 0.8560654484375 0.27553106008595235 0.7314301275618991 0.20600542656250004 0.7355501656250002 0.21339122428904772 0.8601854865006011
0 0.17232137187500002 0.8124656687499998 0.16443685470542546 0.679414422014542 0.10293417031249996 0.6830590249999999 0.1108186874820745 0.8161102717354577
0 0.1639050035605642 0.5328270950290377 0.09308164062500003 0.5281055375 0.08983129487693588 0.5768607237209624 0.16065465781250005 0.58158228125
0 0.15512220951618466 0.4879620509077537 0.08910174687500005 0.4835606859374999 0.08625201079631543 0.5263067194047462 0.15227247343750006 0.5307080843749999
0 0.14279870781249998 0.4274337765625001 0.13401617328195164 0.2792285178749079 0.0751845078125 0.28271483906250006 0.08396704234304835 0.43092009775009227
0 0.13777847947455357 0.2520012238814489 0.07310895781250001 0.2476899234375 0.0709716017754465 0.27975027143105113 0.13564112343750007 0.28406157187500003
0 0.1179005546875 0.48279690000000003 0.1145968585797698 0.42704702335311684 0.08384551562499998 0.42886932499999997 0.08714921173273019 0.4846192016468832
0 0.20334881250000003 0.1926403109375 0.19808425475420133 0.10380090577831942 0.161316525 0.105979734375 0.1665810827457987 0.19481913953418056
0 0.24102821562499996 0.19448217031249998 0.23568400451665825 0.10429861787054473 0.204261609375 0.10616068593750003 0.2096058204833417 0.19634423837945528
0 0.35727227231830105 0.11635808837361719 0.2406351671875 0.10858228125000002 0.234891110494199 0.19474313037638288 0.35152821562500003 0.20251893750000005
0 0.46393500625 0.23148073124999996 0.45671767258495544 0.10968822565237298 0.35109041406249997 0.11594761875 0.3583077477275446 0.23774012434762698
0 0.6808857519150996 0.1419595353360067 0.572924596875 0.13476212500000004 0.5674923090224004 0.21624644278899346 0.6754534640625 0.22344385312500012
0 0.5736009218749999 0.23677818437500003 0.5666032674348085 0.11869275955056986 0.463651975 0.12479357656250004 0.4706496294401914 0.2428790013869302
0 0.8475011155503298 0.15306722723139682 0.7244677859374999 0.1448650046875001 0.71890196101217 0.2283523727686033 0.8419352906249997 0.23655459531250003
0 0.722602965625 0.22658715468750001 0.7173431080596393 0.13782706263093675 0.6758944999999998 0.1402832765625 0.6811543575653608 0.2290433686190633
0 0.8391026937500001 0.27930177187500005 0.8365323201271104 0.23592671525383252 0.8024389062500001 0.237947065625 0.80500927987289 0.28132212224616754
0 0.9025460685615603 0.28822699060158585 0.7558654484375001 0.2784482828125001 0.7520360408134401 0.3358893984609144 0.8987166609375002 0.3456681062500001
0 0.7734203999999999 0.7445304531250001 0.7486767312623461 0.3269810174318965 0.6530789843749998 0.33264606875 0.6778226531126537 0.7501955044431035
0 0.929542721875 0.8174431890625001 0.9005894982323426 0.3288575366456277 0.7585209671875 0.3372764125 0.7874741908301574 0.8258620649168724
0 0.5139717801375374 0.8972389922485748 0.4009367296875001 0.889703321875 0.3955460620499628 0.9705633327514255 0.5085811125000002 0.9780990031250003
0 0.40566639562464857 0.8926675940583377 0.2920760562500001 0.8850949062499998 0.28686120593785164 0.9633176762541622 0.4004515453125002 0.9708903640625002
0 0.6223328441437441 0.9026976403599564 0.5080758828125002 0.895080509375 0.5025095089812561 0.9785761143275437 0.6167664703125 0.9861932453125
0 0.72769205431921 0.909719932360417 0.6170923953125002 0.9023466218750003 0.6115844441182904 0.9849658910770833 0.7221841031250001 0.9923392015625001
0 0.77092995 0.9955889250000001 0.7657092701357169 0.9074899562565213 0.7208443953124999 0.9101486156249999 0.726065075176783 0.9982475843684787
0 0.8886060453125 0.9106798453125 0.7685472625000002 0.9106798453125 0.7685472625000002 1 0.8886060453125 1
0 0.2705591859375 0.9181383171874999 0.2682754076739607 0.879599550720318 0.2514133625 0.8805987828124999 0.2536971407635393 0.9191375492796819
0 0.28878576406250006 0.9197554828125 0.2865200326889346 0.8815212560380573 0.2720668515625 0.8823777406250001 0.27433258293606544 0.9206119673994427
0 0.29106503124999994 0.9650307859374999 0.2882505918181857 0.9175371260980617 0.25492715625 0.9195118484375 0.2577415956818142 0.9670055082769382
0 0.2526638 0.96287441875 0.24756608418342219 0.8768504649621279 0.21343804687499998 0.8788728671875001 0.21853576269157776 0.9648968209753722
0 0.2138778515625 0.9610944625 0.20881017167212076 0.8755773659770612 0.18191037343749997 0.8771714281249998 0.18697805332787915 0.9626885246479387
0 0.16782265911766528 0.64174369171718 0.09919219843750009 0.637168328125 0.09627745181983491 0.6808895317203201 0.1649079125000001 0.6854648953125001
0 0.127315959375 0.6358184953125 0.1239952965777145 0.5797823064456658 0.09669484374999998 0.5814001109375 0.10001550654728546 0.6374362998043342
0 0.16124091406250002 0.1884383171875 0.15602354344413938 0.10039519609992649 0.1315326078125 0.1018465109375 0.13674997843086062 0.18988963202507353
0 0.801189578125 0.27904429687499993 0.7985943311980769 0.23524950744685932 0.7817306374999999 0.23624883749999998 0.784325884426923 0.2800436269281406
0 0.784635213135756 0.2340268071345321 0.6497181484374999 0.22503233593750008 0.6468300868642439 0.268353258490468 0.7817471515625 0.2773477296875001
0 0.7247114715065737 0.275964328553151 0.6831917312500001 0.27319634531250014 0.6817745503684266 0.29445405425934923 0.7232942906250002 0.2972220375000001
0 0.7547200783837629 0.2783653079546607 0.7244746890625 0.27634894843750013 0.7230304934912374 0.2980118795453396 0.7532758828125001 0.30002823906250015
0 0.7583407045220107 0.30197578833475297 0.6846092031250001 0.2970603546875001 0.6824163892279894 0.3299525616652472 0.7561478906250001 0.3348679953125001
0 0.6837631718749999 0.3304444078125 0.6801637496581063 0.26970416518246476 0.6508550874999999 0.271440975 0.6544545097168935 0.3321812176300353
0 0.7811997421875001 0.8732101890624999 0.773214730532922 0.7384631193240245 0.6768552484375 0.7441733109374999 0.6848402600920781 0.8789203806759754
0 0.937909005937323 0.8199963502687468 0.8797511390625001 0.8161191578125002 0.8778792081251773 0.8441981122312535 0.9360370750000001 0.8480753046875001
0 0.9370203959969581 0.8517676709831307 0.8820501906250001 0.8481029906250003 0.8805794196280422 0.8701645555793698 0.9355496250000002 0.8738292359375002
0 0.8817006156249999 0.9169758578125 0.8795397905364404 0.8805119212376354 0.8598665812499998 0.8816777406250005 0.8620274063385592 0.9181416771998648
0 0.85911965 0.9166782937500001 0.8569470234406005 0.8800152099790438 0.845303359375 0.8807052046875002 0.8474759859343995 0.9173682884584565
0 0.8456998140141042 0.8795254554134406 0.6862614984375001 0.8688962343750001 0.683881667235896 0.9045937023990598 0.8433199828125002 0.9152229234375003
0 0.844842961539858 0.8156831171719867 0.7797972078125001 0.8113467343749999 0.7773642259601419 0.8478414687655134 0.8424099796875 0.8521778515625001
0 0.8810712395721749 0.8357397034071093 0.7838553270807658 0.8315931075716744 0.781963367196091 0.875949638539565 0.8791792796875001 0.880096234375
0 0.8774029080406527 0.8174682653277102 0.8436945375000002 0.8152210406249999 0.8426701700843475 0.8305865518597899 0.876378540625 0.8328337765625002
0 0.6850272671875002 0.903407640625 0.6404178352556961 0.16010195969696936 0.10461946364043997 0.1922578567942451 0.14922889557224406 0.9355635377222757