0 0.7024233793802285 0.1921434102484213 0.570953890625 0.1898494812500001 0.5692815299947717 0.2856956897515789 0.7007510187500001 0.28798961875000006
0 0.8311865219384 0.19176105275592453 0.702347059375 0.1895138406250001 0.7006753139990999 0.28536005505657563 0.8295147765625 0.28760726718750007
0 0.8421322731429282 0.43754881066379303 0.7147723312500001 0.43532872031250003 0.7131702268570718 0.527236656523707 0.84053016875 0.529456746875
0 0.7084459937500001 0.5560449828124999 0.7053581289502395 0.42634688110718066 0.5871622453125 0.42916089999999996 0.5902501101122605 0.5588590017053192
0 0.5843499307885551 0.4304253338836217 0.4531093546874999 0.4281349484375 0.45097841764894475 0.5502390270538784 0.58221899375 0.5525294125
0 0.4518947048786746 0.42942637866 0.32562905156250005 0.4272231828125001 0.3239337149378185 0.5243833089761228 0.450199368253993 0.5265865048236227
0 0.32522223437500003 0.5204653984374998 0.3229479863436141 0.4250079404899239 0.2704136494559493 0.426259556810071 0.27268789748733524 0.521717014757647
0 0.26926855935267546 0.42361612131337917 0.12575071093750007 0.42111072656250004 0.12398589377232463 0.5222056786866209 0.26750374218750006 0.5247110734375
0 0.2557078435567626 0.1830374217205154 0.11213804843750001 0.180532871875 0.11035154188224036 0.2829418459176254 0.253921337001503 0.28544639576314074
0 0.4395614357667701 0.1875560981644814 0.31592757968749996 0.18539965468750003 0.31423292517072987 0.2825580893355186 0.43786678125 0.2847145328125
0 0.5695201736524911 0.191137175615422 0.4408424453125 0.18889100312500007 0.4392381508201493 0.2807971108457237 0.5679158791601403 0.28304328333614565
0 0.8865383312500003 0.5302577859375 0.8841594692757886 0.4303084331868382 0.850014433398281 0.4311211080588778 0.8523932953724926 0.5310704608095397
0 0.9694185187500001 0.53433045 0.9671027306090842 0.43711601409779133 0.9355845484405009 0.4378668226769066 0.9379003365814167 0.5350812585791153
0 0.917623428125 0.29045674687499995 0.9152419647081274 0.19039816115342317 0.8784701250017694 0.19127335632433504 0.880851588418642 0.29133194204591184
0 0.8715814937499999 0.2883408296875 0.870328509640478 0.23574380596346384 0.8374960552735757 0.2365259518090952 0.8387490393830976 0.2891229755331314
0 0.31173065468750005 0.28514186875 0.30930242896988724 0.1832245497406385 0.25939837070235205 0.18441353625319923 0.26182659641996486 0.2863308552625607
0 0.9349255421875002 0.49416089999999996 0.9335249056597175 0.4352837198433142 0.8921427265625 0.43626816562500004 0.8935433630902828 0.4951453457816858
0 0.9368632578124998 0.5341003453125 0.9359886744808458 0.497370454965356 0.9177601318177269 0.49780449872162186 0.9186347151493809 0.5345343890687658
0 0.9132047671875 0.5341816609375 0.9122722205096446 0.49496489326010734 0.8935525187128659 0.49541003437588305 0.8944850653907214 0.5346268020532757
0 0.9553104828125003 0.29069723125 0.9529759224447943 0.19273308024562982 0.921518279669281 0.19348273984388314 0.923852840036987 0.2914468908482533
0 0.8730144687500001 0.23364359843750004 0.8720337862260363 0.1923901974573135 0.8529318984375 0.19284429062500003 0.8539125809614637 0.2340976916051866
0 0.8493967828124998 0.23323356406250007 0.8484056442079659 0.1915331910517978 0.8321138671874998 0.191920415625 0.8331050057920336 0.2336207886357023
0 0.17524188125 0.5749065749999999 0.1740579116089207 0.5251645249697219 0.1270364984375 0.5262837375 0.12822046807857929 0.576025787530278
0 0.24782189171047322 0.5283901832648668 0.18017470156250004 0.5272110734375001 0.17981784838918174 0.5476842421874231 0.24746503853715493 0.5488633520147898
0 0.24685184996281695 0.5579549228349587 0.17784234218750006 0.556750865625 0.17755131409968317 0.5734308912275414 0.24656082187500009 0.5746349484375001
0 0.161610021875 0.18034602031249997 0.1603673423719259 0.12815427979034938 0.11307620156249998 0.1292802765625 0.11431888106557406 0.1814720170846506
0 0.23059363175359254 0.13035314690977445 0.16380531874999998 0.12918858125000002 0.16342286199640743 0.1511226312152256 0.230211175 0.15228719687500003
0 0.2317725709126704 0.15670374506103169 0.1649233625 0.15553633281250004 0.16451477855998906 0.17893296326092653 0.23136398697265945 0.18010037550945818
0 0.9527187516939719 0.1252364560354374 0.2331124947838612 0.1126830655555425 0.2319347553943507 0.18019539499822135 0.9515410123044614 0.19274878547811625
0 0.9760121240661158 0.5373644106837385 0.2583278609375001 0.5257820062499999 0.2572815876431289 0.5906125759816743 0.9749658507717447 0.602194980415413