0 0.7487894109375002 0.6103575328125002 0.6781663467324706 0.6063957764333 0.6678363906250002 0.7905396468750002 0.7384594548300297 0.7945014032542004
0 0.7508902687500001 0.5729544000000002 0.6808405982988228 0.5729174388946741 0.6808222968749997 0.6076027843758246 0.750871967326177 0.6076397454811506
0 0.7546703203125 0.4933844265625001 0.6867604542792857 0.48957490369572343 0.6822377703125 0.570197825 0.7501476363457144 0.5740073478667768
0 0.7537162187499999 0.4253758140625001 0.6843896145106854 0.42533724121142036 0.68437069375 0.4593433375 0.7536972979893146 0.4593819103510797
0 0.7588959359375 0.3573691765625001 0.6837040580920329 0.3573295751579578 0.6836693140366319 0.4232987194286662 0.7588611918820989 0.4233383208332085
0 0.7614117453125001 0.3124819046875001 0.7281385356185103 0.3106146599954956 0.7256684226962868 0.3546306293973124 0.7589416323902767 0.3564978740893169
0 0.7246275906250002 0.31246388125000013 0.689994347786787 0.31052107938349327 0.6875974682630036 0.35324891078628357 0.7222307111012167 0.3551917126527904
0 0.7644985453124999 0.26964106406250005 0.6913498808413089 0.2696022194517712 0.6913278515616702 0.3110857703124996 0.7644765160328613 0.3111246149232284
0 0.7705675234375 0.14926804687500012 0.6999444264899732 0.14530659688198916 0.6931631625 0.2662001750000001 0.7637862594475266 0.270161624993011
0 0.8700072328124999 0.18604413281250012 0.8075338273706573 0.182539007556592 0.8002420593749999 0.3125034296875001 0.8627154648168427 0.31600855494340824
0 0.8576019765625 0.4193093328125002 0.7894470026306235 0.41927372772138305 0.7894210671875002 0.46891914062500006 0.8575760411193766 0.4689547457161172
0 0.8561011562499999 0.47031522499999995 0.7923760558114604 0.47027991824038 0.7923519390625 0.513808190625 0.8560770395010395 0.51384349738462
0 0.8523099546875003 0.574366728125 0.7925497809554417 0.57101353800892 0.7843880169658897 0.7164715696417547 0.8441481906979481 0.7198247597578348
0 0.8441816187500002 0.7192261125000001 0.7810634752731422 0.7191911925446337 0.7810454140625002 0.7518369984375 0.8441635575393581 0.7518719183928664
0 0.8555527218750004 0.5165628390625001 0.8243160861503427 0.514809756918455 0.8212796796875 0.5689128250000002 0.8525163154121579 0.5706659071440452
0 0.7406372484375002 0.8164242234375001 0.7032875266932864 0.8143287251788571 0.6984016406250001 0.901413734375 0.735751362369214 0.903509232633643
0 0.6970038406250001 0.8170785734375002 0.6650855603953538 0.815287292016416 0.6601006934592185 0.9041110680586909 0.6920189736888648 0.9059023494797751
0 0.66025324375 0.8163811218750002 0.5484327416652897 0.816321239125472 0.5483857578125001 0.9040553203125002 0.6602062598972105 0.9041152030620283
0 0.5497628265625001 0.7945577687500001 0.4424684225442509 0.7885379325821098 0.4359906421875001 0.90399449375 0.5432850462057492 0.9100143299178903
0 0.32439000781250005 0.8168812828125 0.22100821342630392 0.8168268673031305 0.2209645406250001 0.89979903125 0.32434633501119625 0.8998534467593696
0 0.43588758281250006 0.7965380437500003 0.3313096364918572 0.7906712638999787 0.32503187968750014 0.9025750562500002 0.42960982600814307 0.9084418361000217
0 0.17123579375000006 0.8147593078124998 0.052752886955409604 0.8146976536867783 0.052708649973623276 0.8997094210017517 0.17119155676821374 0.8997710751274732
0 0.2201680828125001 0.8168274171875 0.17806356305384036 0.8144654018291675 0.1732014546875001 0.9011357687500002 0.21530597444615984 0.9034977841083327
0 0.1001093953125001 0.7711963328125001 0.06547607673876224 0.7692543622139415 0.0631564500000001 0.8106228421874999 0.09778976857373796 0.8125648127860586
0 0.1533849375000001 0.70797488125 0.009128731884938866 0.7078978544457725 0.009097501562500094 0.7663861671874999 0.1533537071775613 0.7664631939917275
0 0.28417080468750017 0.295226596875 0.18706413406065192 0.28977902587610715 0.16379425781250007 0.70458045 0.26090092843934837 0.710028020998893
0 0.18094045468750014 0.23181001718750002 0.03662780411182877 0.22371444183515687 0.009520656250000087 0.7069295546875 0.15383330682567148 0.7150251300398431
0 0.5879983234374999 0.04070782968750007 0.4794404347847127 0.04065200942935772 0.4793980975745912 0.12298839222642463 0.5879559862273784 0.12304421248456698
0 0.6982563765624998 0.040769176562500065 0.5889516145386976 0.04071021657791114 0.5889086499999999 0.12036133437500005 0.6982134120238023 0.12042029435958897
0 0.47958251250000006 0.03975687343750005 0.3699783913762832 0.03969955542445687 0.3699339296618111 0.12471972412240293 0.4795380507855279 0.12477704213544609
0 0.36927777812499996 0.04059465625000003 0.2633111132091931 0.04053773252010938 0.2632659218494639 0.12466394284936166 0.36923258676527076 0.12472086657925233
0 0.26439906875 0.040538129687500035 0.2188261151378171 0.037980934568127234 0.21401387139511036 0.12374214973526856 0.25958682500729324 0.12629934485464137
0 0.21619545156250003 0.03693083593750002 0.09468825828229468 0.0368674521626559 0.09464157256290727 0.12636434222616727 0.21614876584311263 0.1264277260010114
0 0.736766703125 0.08548934843750008 0.7196384984139038 0.08452847145460525 0.7175229121638356 0.12224005682943817 0.7346511168749317 0.12320093381233299
0 0.7159274421874999 0.0850684562500001 0.7012444551677136 0.08424476140556814 0.6991364656250001 0.1218212781250001 0.7138194526447864 0.12264497296943207
0 0.7381291953125001 0.03933473750000009 0.7042797353004318 0.03743604876621962 0.7017228562500001 0.0830196000000001 0.7355723162620684 0.08491828873378057
0 0.7778344515625 0.038948731250000104 0.7431660281425931 0.03700409706098963 0.7384302015624999 0.1214331593750001 0.7730986249824069 0.12337779356401057
0 0.8097912 0.0381483343750001 0.782466869075048 0.03661501032721834 0.777728821875 0.12104854531250009 0.805053152799952 0.12258186936028186
0 0.86384888125 0.31428727343750007 0.7975566165152927 0.3142532679728719 0.7975337796614929 0.358772781950068 0.8638260443962 0.3588067874146962
0 0.8603507453124999 0.36207378906250004 0.8326194524473968 0.3605174986059798 0.8295531701376746 0.4151550968651888 0.8572844630027777 0.41671138732170904
0 0.7705493296875001 0.8178548468750002 0.7456718045415944 0.8164592377603489 0.7407826059185914 0.9036119801795486 0.765660131064497 0.9050075892941998
0 0.1211615953125001 0.7689051953125001 0.10403165121795081 0.7679447937230177 0.10161972500000012 0.8109644656249999 0.1187496690945494 0.8119248672144824
0 0.2545086875000001 0.7693835328124999 0.12114542417594779 0.7693120344553575 0.12112177500000013 0.8134239750000001 0.2544850383240524 0.8134954733571425
0 0.22476979843750006 0.7452688046875001 0.18429193896499121 0.7452469257836715 0.18428023815542613 0.7668944328525484 0.224758097627935 0.7669163117563771
0 0.1830861671875001 0.7444285484375002 0.15404239773626702 0.7444134714066111 0.15403094687500007 0.7664719374999999 0.18307471632623312 0.766487014530889
0 0.2267838921875001 0.7093264359375 0.1545579485657099 0.7092868612098961 0.15453959684896407 0.7427797022046354 0.22676554047075426 0.7428192769322393
0 0.25953717343750016 0.7089377328125002 0.22976594758114627 0.7072671482025661 0.2264416509080783 0.7665089169097128 0.25621287676443216 0.7681795015196469
0 0.2920786359375001 0.16530818906250005 0.1941982955376625 0.15981652583093153 0.18694972476952862 0.2890110055868608 0.28483006516936615 0.2945026688184293
0 0.08837613593750003 0.20114474218749998 0.031558603208051914 0.20111527068369087 0.03154377261799711 0.22970687365356893 0.08836130534744521 0.22973634515737804
0 0.08943210156250002 0.1750040265625 0.03540905942142813 0.17497524739379394 0.03539709129350826 0.19744131253864539 0.08942013343458013 0.19747009170735147
0 0.1166356453125 0.1276393234375 0.09665023539297746 0.12651814842685405 0.09466325288506994 0.16193693634701534 0.11464866280459247 0.1630581113576613
0 0.1314323265625 0.12642120312500002 0.11960491790753051 0.12575742019847183 0.11757367656250002 0.16195045937500005 0.1294010852174695 0.16261424230152827
0 0.29218724843750005 0.12691527343750003 0.13347860102006537 0.12683125739707551 0.1334593578125 0.16318221406250005 0.2921680052299347 0.16326623010292457
0 0.19016771093750004 0.19071189375000003 0.12698211026942768 0.19067733219159633 0.12696178281250003 0.22784008281250007 0.19014738348057242 0.2278746443709038
0 0.19074496562500004 0.16645882343750001 0.09307618887262685 0.1648139567795656 0.09231812031250002 0.20982649843750006 0.1899868970648732 0.21147136509543446
0 0.12429157343750001 0.21258160625000005 0.09129550849099595 0.2125650499237564 0.09128765781250002 0.22821112343750008 0.12428372275900408 0.22822767976374375
0 0.8397931889840177 0.12701551795004776 0.2938095278285302 0.09927386106944946 0.2575182703125001 0.813522246875 0.8035019314679875 0.8412639037555983