0 0.13547500000000007 0.551025 0.03481406250000006 0.551025 0.034814062500000076 0.7093453125 0.13547500000000007 0.7093453125
0 0.5850234375000001 0.57448125 0.42963593749999995 0.57448125 0.42963593749999995 0.71423125 0.5850234375000001 0.71423125
0 0.7726609375 0.2969328125000001 0.6680921875 0.2969328125000001 0.6680921875 0.4552515625000001 0.7726609375 0.45525156250000015
0 0.14329218750000003 0.2930234375 0.034814062500000034 0.2930234375 0.03481406250000004 0.45134375000000004 0.14329218750000003 0.45134375000000004
0 0.757025 0.5588437500000001 0.6016375 0.5588437500000001 0.6016375 0.7171640625000001 0.757025 0.7171640625000002
0 0.9642078125 0.5588437500000002 0.85573125 0.5588437500000002 0.85573125 0.7181406250000002 0.9642078125 0.7181406250000002
0 0.9642078125 0.2969328125000001 0.8635484375000001 0.2969328125000001 0.8635484375000001 0.4562296875000002 0.9642078125 0.4562296875000002
0 0.2214750000000001 0.554934375 0.14426875000000008 0.554934375 0.14426875000000008 0.710321875 0.2214750000000001 0.710321875
0 0.413021875 0.554934375 0.3201812500000001 0.554934375 0.3201812500000001 0.71423125 0.413021875 0.71423125
0 0.413021875 0.47284375 0.14817968750000005 0.47284375 0.14817968750000005 0.536365625 0.413021875 0.536365625
0 0.23320312500000004 0.2930234375 0.15208906250000004 0.2930234375 0.15208906250000004 0.45232031250000004 0.2332031250000001 0.45232031250000004
0 0.659296875 0.2969328125000001 0.5586359375 0.2969328125000001 0.5586359375 0.4552515625 0.659296875 0.4552515625
0 0.3113843750000001 0.554934375 0.23027031250000007 0.554934375 0.23027031250000007 0.7132546875 0.3113843750000001 0.7132546875
0 0.8459578125 0.5588437500000002 0.7658203125 0.5588437500000002 0.7658203125 0.6243218750000001 0.8459578125 0.6243218750000001
0 0.13938437500000006 0.47284375 0.034814062500000055 0.47284375 0.03481406250000006 0.530503125 0.13938437500000006 0.530503125
0 0.8459578125 0.6292078125000001 0.7658203125 0.6292078125000001 0.7658203125 0.7181406250000002 0.8459578125 0.7181406250000002
0 0.964915625 0.2929593750000001 0.42696562499999996 0.2929593750000001 0.42696562499999996 0.5503750000000001 0.964915625 0.5503750000000001
0 0.2581281250000001 0.383378125 0.2424671875000001 0.383378125 0.2424671875000001 0.4273015625 0.2581281250000001 0.4273015625
0 0.2579140625000001 0.43229375000000003 0.24225156250000007 0.43229375000000003 0.24225156250000007 0.45252499999999996 0.2579140625000001 0.45252499999999996
0 0.435396875 0.29290468750000004 0.24184131469676934 0.2918681655493273 0.24097256469676936 0.4540947280493272 0.43452812500000004 0.45513125
0 0.8518625 0.2978796875000001 0.8167796875000001 0.2978796875000001 0.8167796875000001 0.32240156250000007 0.8518625 0.32240156250000007
0 0.853709375 0.3326828125000001 0.8165234375000001 0.3326828125000001 0.8165234375000001 0.3590562500000001 0.853709375 0.3590562500000001
0 0.8521265625 0.3656531250000001 0.8167796875000001 0.3656531250000001 0.8167796875000001 0.38833593750000006 0.8521265625 0.38833593750000006
0 0.8537109375 0.2970796875000001 0.7798640625 0.2970796875000001 0.7798640625 0.45584843750000015 0.8537109375 0.45584843750000015