0 0.7710221633560452 0.9527797552461109 0.7672306529620582 0.850408961352039 0.6039884900919911 0.8564549666013411 0.6077800004859781 0.958825760495413
0 0.7498006447732302 0.5514277856609513 0.7390037125760509 0.38947380270326326 0.5973146497649335 0.39891974022400445 0.6081115819621128 0.5608737231816925
0 0.47041774495264166 0.31899462401108025 0.4664790412012388 0.21264963658176805 0.3027097603738958 0.2187151662917412 0.3066484641252987 0.3250601537210534
0 0.5088665844160702 0.9624892210029327 0.5047806299638634 0.8521684530051683 0.34136224779433727 0.8582209857994609 0.34544820224654404 0.9685417537972253
0 0.7400827271054179 0.3766832458689282 0.7342298766392197 0.21865628644985607 0.5698076030814808 0.22474600040742043 0.5756604535476789 0.38277295982649256
0 0.7248893770425179 0.11848162688706405 0.7208034810061821 0.008162449003826799 0.5557761275636468 0.01427457404188232 0.5598620235999826 0.1245937519251196
0 0.45826230219815345 0.1203958280414809 0.4544708499994002 0.018026621695998148 0.28970787290349265 0.024128954361107992 0.29349932510224586 0.12649816070659076
0 0.765100773471726 0.8415324542297439 0.7621927107744829 0.7630147542749063 0.6021355805727395 0.7689427955959738 0.6050436432699826 0.8474604955508115
0 0.7561959364533559 0.6627162547398917 0.7526989873187191 0.568298610347627 0.5892512029712454 0.5743522308516249 0.5927481521058824 0.6687698752438896
0 0.5881655410678561 0.8439266715332027 0.5701237042007461 0.573299189513687 0.5057204449405714 0.5775927412572548 0.5237622818076816 0.8482202232767705
0 0.5015117036407917 0.8433309512977669 0.4984564480699256 0.7608390615666039 0.33524368748488065 0.7668839794080908 0.3382989430557467 0.8493758691392539
0 0.4769561015214253 0.43022066427818134 0.4731645896994922 0.32784986955913514 0.31038732599332736 0.3338786585450726 0.31417883781526046 0.4362494532641188
0 0.7612914453367261 0.7540911540184302 0.7582361908412606 0.6715992627943204 0.596046433190301 0.6776062894102493 0.5991016876857664 0.7600981806343592
0 0.6356980459111135 0.2133192478645974 0.6301457912544429 0.13003544333487163 0.5637591431023466 0.13446122069248095 0.5693113977590171 0.21774502522220676
0 0.5898954603109083 0.9594294309611033 0.582706064762179 0.85158851256055 0.524246652539534 0.855485807244686 0.5314360480882633 0.9633267256452394
0 0.7309197802281664 0.20982190138897483 0.7279013092162747 0.12832316074700617 0.6352949447013624 0.13175302511795323 0.6383134157132542 0.21325176575992186
0 0.5835282546875 0.5603641390625 0.5469458639356873 0.011628305068963124 0.285958536722314 0.029027461081623417 0.3225409274741267 0.5777632950751604
0 0.4709964015625 0.7524217515625 0.4704065143753934 0.7364947930488511 0.4253151328125001 0.73816484375 0.4259050199996067 0.7540918022636489
0 0.4966348140624999 0.7516917703124999 0.49604486852146285 0.735763222539923 0.4750216921875 0.7365418578124999 0.47561163772853704 0.7524704055850769
0 0.4965888271563653 0.7514063723304688 0.4860755681413818 0.5527705330653437 0.32140010624999993 0.5614863609375 0.33191336526498344 0.7601222002026252
0 0.32553608437500003 0.17294003593750001 0.3231111151683143 0.13656551059494854 0.29824899374999997 0.1382229859375 0.30067396295668564 0.1745975112800515
0 0.362789946875 0.1718212234375 0.3602188459557751 0.13325470645874762 0.333479471875 0.13503733125 0.3360505727942249 0.17360384822875236
0 0.39251703749999994 0.170459259375 0.3900778596377212 0.13387159144081856 0.36708031718749995 0.13540476093749998 0.3695194950497787 0.1719924288716814
0 0.4636012703125 0.20542069375000005 0.461205861851668 0.1306112335351914 0.2988431973621429 0.13581010676759653 0.3012386058229749 0.2106195669824052