0 0.7316728265625 7.938529390813409e-17 0.5631126875 6.906396216979791e-17 0.5631126875 0.07735599531250006 0.7316728265625 0.07735599531250008
0 0.7284567418510025 0.3822792803294561 0.5811088109897774 0.3790048826014476 0.5772802816025718 0.551288743728253 0.7246282124637969 0.5545631414562615
0 0.45296009154797706 0.753637591715473 0.44916723686034093 0.6434167654946982 0.2761924096419352 0.649369074207611 0.27998526432957127 0.7595899004283858
0 0.4596347859375 4.606259489747868e-17 0.2905580125 3.5709628427458846e-17 0.2905580125 0.09498451250000003 0.4596347859375 0.09498451250000005
0 0.7320051225805031 0.7275355813487671 0.7263693932075802 0.5637474526942997 0.5511565528723794 0.5697762910411465 0.5567922822453022 0.7335644196956138
0 0.7264622061330217 0.9463662075025898 0.7225280557009415 0.8320248082599724 0.5479956609452357 0.8380299533849085 0.551929811377316 0.9523713526275259
0 0.4494385871590783 0.9558982573257889 0.44578784573860775 0.8497965779996106 0.27178075690510456 0.8557838054468506 0.27543149832557506 0.961885484773029
0 0.733714960582393 0.16231126161660364 0.7309143277588445 0.08093118246842665 0.5624917576359258 0.08672731566281458 0.5652923904594744 0.16810739481099155
0 0.7333053801777234 0.36446420045302275 0.7299370121314459 0.26660236991377734 0.5576037831753302 0.2725340159756689 0.5609721512216078 0.3703958465149143
0 0.5472850128660542 0.0917275812116696 0.48030957594238827 0.09023923716748261 0.4740238871558298 0.3730950422417125 0.5409993240794957 0.3745833862858995
0 0.46032741516504105 0.18409509125169785 0.4573854714427106 0.09859500925453135 0.2855185088993004 0.10450872208053001 0.28846045262163084 0.19000880407769652
0 0.4545896904147342 0.6339486461166033 0.45093858768616235 0.5278471483242493 0.2789947964481701 0.5337639775718309 0.28264589917674193 0.639865475364185
0 0.7339578015154379 0.25718490779421804 0.7310162197999689 0.1716855826960974 0.5602405848545597 0.1775610733461874 0.5631821665700287 0.26306039844430806
0 0.6256511055809878 0.7405356913108859 0.5566130650363283 0.7390015122098264 0.5546493076995599 0.8273705680404395 0.6236873482442193 0.8289047471414991
0 0.5431391140625 6.661338147750939e-17 0.48234491308481464 -0.0013509814546963414 0.48044204440012395 0.08427815938145977 0.5412362453778093 0.08562914083615618
0 0.7274288235172369 0.8215422161680447 0.7245212690711438 0.737073212596709 0.6261390783349265 0.7404596805790131 0.6290466327810197 0.8249286841503489
0 0.555539603125 0.3852957468750001 0.2841304471953885 0.37926443276032473 0.27140569893360766 0.9518781483589562 0.5428148548632191 0.9579094624736315
0 0.4305093763209051 0.21142563714795354 0.429941475 0.1949165625 0.38263455649159495 0.19654388941454645 0.3832024578125 0.2130529640625
0 0.4571428955629628 0.21028198092745903 0.45657480625 0.193772925 0.4342810856870372 0.19454006907254104 0.434849175 0.21104912500000003
0 0.45652240720480003 0.196165831614897 0.2853105075204666 0.19470728280471788 0.28353135312500005 0.4035535015625 0.4547432528093334 0.4050120503726792
0 0.3057204250000001 0.8052616546875001 0.27986699135014315 0.8046871336732135 0.27901107343827125 0.8432034218402948 0.3048645070881282 0.8437779428545815
0 0.34442266250000014 0.8036586968749999 0.31661370489802365 0.8030407200885745 0.3157059765625001 0.8438884984375001 0.3435149341644766 0.8445064752239256
0 0.3753270625000001 0.8028671921875 0.35141267758976386 0.8023357619010583 0.3505529890625001 0.8410217812499997 0.37446737397273633 0.8415532115364416
0 0.4505978939189522 0.8388548735431772 0.4474591236977261 0.7612546631364436 0.27791751182110236 0.7681122755040879 0.28105628204232846 0.8457124859108216