0 0.7151593951987666 0.03323662507352919 0.5474460418879008 0.032527454730811575 0.5470009482727475 0.13778868498553318 0.7147143015836133 0.1384978553282508
0 0.7275799605911623 0.6086131254300651 0.724865839991812 0.4431573332354198 0.5787326775173393 0.4455544873105916 0.5814467981166895 0.6110102795052369
0 0.4603420770861496 0.6943928015993904 0.29252377640811583 0.6936844283739965 0.29206220313650305 0.8030341882232387 0.4598805038145368 0.8037425614486328
0 0.44493018066575135 0.14447363281972717 0.4446040826848624 0.030914576740867904 0.2775618335415703 0.03139425790456955 0.2778879315224593 0.1449533139834288
0 0.7342657277428716 0.6260584773219537 0.5653476418260378 0.6253437230508101 0.564660089016782 0.7878332795251193 0.7335781749336158 0.7885480337962629
0 0.7380029125 0.9946979203125002 0.7372262230615992 0.8898449120170353 0.5696949519572466 0.8910858851754014 0.5704716413956474 0.9959388934708663
0 0.464089603125 0.9967269078125 0.4633498581881395 0.8968613750553949 0.29586461953911214 0.8981020068716878 0.2966043644759727 0.9979675396287929
0 0.7175344585953005 0.14770683186780287 0.5534139563503545 0.14701189597733177 0.5530720978291723 0.22774738965731706 0.7171926000741184 0.22844232554778815
0 0.7249573092783892 0.3316928275889981 0.5564299978320301 0.33097898337521137 0.5560187649950918 0.4280645421696498 0.724546076441451 0.4287783863834365
0 0.5385781891904273 0.42786459438218916 0.5340105987148441 0.14966832675219469 0.46758570614354805 0.15075892983337552 0.47215329661913125 0.42895519746337
0 0.447833971195012 0.15474111680786684 0.27958199565648817 0.15402967054660466 0.2792233250250823 0.23885272126392348 0.4474753005636061 0.2395641675251857
0 0.45741003419132653 0.5799205831687433 0.290645212860535 0.5792154236619914 0.2902001192388028 0.6844766554725783 0.45696494056959436 0.6851818149793301
0 0.7221383997393193 0.23765806302003328 0.5548879719165747 0.23695206823312379 0.5545299179122215 0.3217751951486563 0.7217803457349661 0.32248118993556585
0 0.6380078708358388 0.8811008124119555 0.6366124220260623 0.7959445748134082 0.5681439955577001 0.7970665617273085 0.5695394443674766 0.8822227993258556
0 0.527750869536365 0.14175156055059443 0.5259379732972757 0.031212610239998318 0.4656443461986238 0.03220145706277953 0.46745724243771314 0.14274040737337562
0 0.7364379772296835 0.7977578985265927 0.6417671175284961 0.7973567239627559 0.6414120081864716 0.8811569190096508 0.736082867887659 0.8815580935734875
0 0.5625475095613967 0.9958548802879733 0.5534547686521866 0.4415121803935194 0.2842831259234005 0.4459273337055506 0.2933758668326105 1.0002700336000043
0 0.4219074172590296 0.24914406996946528 0.375624146875 0.24894857187500005 0.3755549654715125 0.26532694943370244 0.4218382358555421 0.26552244752816767
0 0.44828752284404916 0.2490303502310584 0.42678598437500004 0.24894057187500004 0.426717597468451 0.26531894820644164 0.4482191359375001 0.2654087265625
0 0.45397447343749997 0.4501219921875001 0.4477719195262062 0.24421078372301253 0.27824269862754 0.2493174223562608 0.28444525253883374 0.4552286308207485
0 0.322295496875 0.8859826921874999 0.3216839129901142 0.8487628238872744 0.29604382656292183 0.8491841328381676 0.29665541044780763 0.8864040011383931
0 0.360670225 0.888076278125 0.3600222118602166 0.8486184625488737 0.33244272996868707 0.8490713985868471 0.3330907431084705 0.8885292141629734
0 0.3912704796875 0.886552009375 0.3906550181324271 0.849094580993652 0.3669347142978704 0.8494843283873115 0.3675501758529433 0.8869417567686595
0 0.4619067256862451 0.8881454050382505 0.46177192615433943 0.8111136182003518 0.29503111751263056 0.8114054014222802 0.2951659170445362 0.8884371882601789