0 0.13040152381747488 0.29068881727118373 0.029771157891698957 0.28893172856426375 0.026976969222406895 0.44895792823713493 0.12760733514818284 0.4507150169440549
0 0.5800015625 0.28576875000000007 0.42222499999999996 0.28576875000000007 0.42222499999999996 0.42551875 0.5800015625 0.42551875
0 0.763152283852512 0.5447654675236064 0.658615236633462 0.5429409011376141 0.6558207258682187 0.7030501227385015 0.7603577730872687 0.7048746891244939
0 0.13270325841682856 0.5487065334828378 0.024132476802799736 0.5475812945710096 0.022480591739074452 0.7069665154516099 0.1310513733531033 0.7080917543634382
0 0.7520885116732816 0.2828545650574158 0.5967465336977182 0.2801428324383767 0.5939360954136046 0.4411391780836832 0.749278073389168 0.44385091070272226
0 0.9592886532505233 0.2818764441005723 0.8508435808692962 0.2799831946095576 0.8480300967494767 0.4411391808994278 0.9564751691307037 0.4430324303904424
0 0.95471634053626 0.5438044211948213 0.8540860706940597 0.5420476927924118 0.8512754100855615 0.7030501192802452 0.9519056799277618 0.7048068476826547
0 0.21641798215434943 0.28972772948858194 0.13923441856569402 0.28838080234987074 0.1365004160290724 0.445048563041657 0.2136839796177278 0.4463954901803683
0 0.4080326097142592 0.28583692044834513 0.31521714349778956 0.2842177024588307 0.31241135862133657 0.4450485684061663 0.40522682483780625 0.4466677863956806
0 0.4048265625 0.463634375 0.13899531250000002 0.463634375 0.13899531250000002 0.52715625 0.4048265625 0.52715625
0 0.223641895437316 0.5477649739387985 0.14255084126013895 0.546349405142841 0.13974714570629185 0.7069594925526524 0.2208381998834689 0.70837506134861
0 0.6497745303049723 0.5455498849578708 0.5491443909979278 0.5437935088741593 0.546364761371629 0.7030501277216147 0.6469949006786735 0.7048065038053262
0 0.3063789318749273 0.28681512125717756 0.22528863734155552 0.2853992481407458 0.22250108825441495 0.4450485654977525 0.30359138278778675 0.4464644386141843
0 0.8393656249999999 0.3756781250000001 0.7581359375 0.3756781250000001 0.7581359375 0.44115625000000014 0.8393656249999999 0.44115625000000014
0 0.13115468750000003 0.46949687500000004 0.02562968750000006 0.46949687500000004 0.025629687500000064 0.52715625 0.13115468750000003 0.52715625
0 0.8410364829439345 0.2819104889169778 0.7609232071474162 0.2805130220922509 0.759348707311086 0.370775157405669 0.839461983107604 0.3721726242303959
0 0.9568031250000001 0.44962500000000005 0.41828750000000003 0.449625 0.41828750000000003 0.7070390625 0.9568031250000001 0.7070390625
0 0.2481328125000001 0.5726984375000002 0.2324750889816764 0.5724249620358746 0.2317031254765046 0.6166234102179307 0.2473608489948283 0.6168968856820561
0 0.2483578125000001 0.547475 0.23270008274066178 0.5472017032031503 0.23234218750000007 0.5677062499999999 0.2479999172593384 0.5679795467968496
0 0.425015625 0.54486875 0.23053750000000012 0.54486875 0.23053750000000012 0.7070953125 0.425015625 0.7070953125
0 0.8400343749999999 0.6775984375000002 0.8045234375 0.6775984375000002 0.8045234375 0.7021187500000001 0.8400343749999999 0.7021187500000001
0 0.8425203124999999 0.6409437500000001 0.804875 0.6409437500000001 0.804875 0.6673187500000002 0.8425203124999999 0.6673187500000002
0 0.8414515625 0.6116640625000002 0.8057078125 0.6116640625000002 0.8057078125 0.6343453125000001 0.8414515625 0.6343453125000001
0 0.8436843750000002 0.5441515625000002 0.7697077091767575 0.5435403844803713 0.7683929160625121 0.7026822510322591 0.8423695818857547 0.703293429051888