0 0.7612775054829651 0.8755859861225067 0.588198309927909 0.8737511158234728 0.5870327066720062 0.9836998538755335 0.7601119022270624 0.9855347241745674
0 0.7708905459508868 0.38436009846590263 0.6182329790084642 0.38298678632508265 0.616703978636209 0.5529506785420191 0.7693615455786316 0.5543239906828391
0 0.49001220405630697 0.1766513878313268 0.3169037893360744 0.17482029697577242 0.31569561019365483 0.289039629898486 0.4888040249138874 0.29087072075404036
0 0.4795373430958117 0.8640589468873916 0.3064485197083936 0.8622289546573466 0.3051957736124391 0.9807192652673695 0.47828459699985715 0.9825492574974145
0 0.7759067611074948 0.19675980329703718 0.6028445612786182 0.1949277340319881 0.6010478141167486 0.3646533128086782 0.7741100139456252 0.36648538207372733
0 0.7784844659901843 0.014999757544095011 0.60447589375 0.013432796875000074 0.6038099387478765 0.08738607558917606 0.7778185109880608 0.088953036258271
0 0.49241819011358234 0.00864182149830583 0.31841023722332734 0.007075786500694821 0.3177915784184129 0.07581725929339664 0.49179953130866794 0.07738329429100764
0 0.7631769729697757 0.7816560549558083 0.5933140430421899 0.7798584591116401 0.5924216010279123 0.8641893257118711 0.7622845309554982 0.8659869215560393
0 0.7692346991765686 0.5724759360085092 0.595201798289942 0.5706334499322832 0.5941281747793479 0.6720430705637173 0.7681610756659745 0.6738855566399433
0 0.5749114526719598 0.5703181222958534 0.5055208571838974 0.569692862099378 0.5029133560462986 0.8590700808855718 0.572303951534361 0.8596953410820471
0 0.4813574459437112 0.7658634873898482 0.3073327192769256 0.7640212318201753 0.306394780218361 0.8526216361201099 0.48041950688514656 0.8544638916897828
0 0.48883338709187074 0.3004790174063271 0.3157897174111548 0.2986468600174878 0.3146255985508843 0.408595601731956 0.48766926823160023 0.41042775912079527
0 0.7671713113787255 0.6834839624879424 0.5941971887854414 0.6816490211899746 0.5932572888966778 0.7702504161035086 0.7662314114899621 0.7720853574014764
0 0.6752405918654723 0.09843328751938804 0.6037152936888718 0.0977910578477825 0.6029283439145167 0.18543387434992384 0.6744536420911171 0.1860761040215294
0 0.5658165545564373 0.8691481177546118 0.5028310062293339 0.8685817109327525 0.5018030253784957 0.9828951956243139 0.5647885737055992 0.9834616024461733
0 0.7778568720799127 0.09962986620073264 0.6805806080847712 0.09860074756616054 0.6796545770464696 0.1861327742182402 0.7769308410416111 0.18716189285281232
0 0.6023937720387826 0.013386527087637646 0.32098718065203424 0.007133052650711344 0.3089343014281541 0.5495130836236057 0.5903408928149025 0.555766558060532
0 0.4542788799572084 0.7383463952117109 0.4062712171875001 0.7378380734375001 0.40609007452454476 0.7549458117197444 0.45409773729425307 0.7554541334939552
0 0.48182913455493137 0.7388732766718948 0.4597018453125 0.7386396281249998 0.4595211998200687 0.7557473530156049 0.48164848906250013 0.7559810015624999
0 0.48638457812500013 0.5459897984375 0.3091872328125001 0.5431633671875 0.30581523477535955 0.7545639100382288 0.48301258008785963 0.7573903412882288
0 0.3454998148047691 0.08856259595785464 0.3187149531110287 0.0883208952982743 0.31836878518125966 0.12668264465291973 0.34515364687500005 0.12692434531250005
0 0.3855588110853277 0.08696595090623754 0.3567479703125 0.08670621875000004 0.3563813982896723 0.12736829284376255 0.3851922390625 0.12762802500000006
0 0.41752674175177173 0.0890373899658509 0.3927473765624999 0.08881380312500005 0.3923986394982281 0.1274631397216492 0.4171780046874999 0.12768672656250005
0 0.49130009020259113 0.08803883650556929 0.31786344414605977 0.08645142182320423 0.3171243570684687 0.16720208219263497 0.4905610031250001 0.16878949687500006