0 0.533525 0.5423531250000001 0.45813378291779083 0.5410365795249686 0.45647812547634087 0.635846847722616 0.5318693425585501 0.6371633931976475
0 0.4453515625000001 0.5438421875 0.3577152720879142 0.5423126757389046 0.3560640625000001 0.6369218750000001 0.44370035291208587 0.6384513867610955
0 0.4481 0.38614218750000007 0.3653602110207565 0.38469766715480175 0.363317215246849 0.5017171607053685 0.4460570042260924 0.5031616810505669
0 0.3618875000000001 0.3876203125 0.2791460619394257 0.3861772322042897 0.27755781250000006 0.4772421875000001 0.36029925056057444 0.47868526779571036
0 0.5756228403961029 0.6148070214403241 0.5754546875 0.5859828125 0.542642784603897 0.5861742285596758 0.5428109375 0.6149984374999999
0 0.583884577395819 0.5767542074649643 0.5837296783766319 0.5502265625532726 0.5394951009808129 0.5504848550883084 0.53965 0.5770124999999999
0 0.18205904168596507 0.6400654129731134 0.18199062500000002 0.5457296875 0.07898954597863936 0.5458043887061668 0.07905796266460444 0.6401401141792802
0 0.22535937500000003 0.5695375000000001 0.1863986539213854 0.5688570395781165 0.18516406250000006 0.6395453125 0.2241247835786147 0.6402257729218837
0 0.22542853106403213 0.5652050733407407 0.22531093749999997 0.5449968749999999 0.18778553143596785 0.5452152391592592 0.18790312499999998 0.5654234375
0 0.2893468750000001 0.515271875 0.2446072216241681 0.5144909298800369 0.24242184773436476 0.6396890620240696 0.2871615011101968 0.6404700071440328
0 0.2731719897533612 0.5405421314151383 0.2727859375 0.38881875 0.07257401028749497 0.3893281788364078 0.07296006254085616 0.5410515602515461
0 0.6629373472735406 0.4992753214628013 0.6626468749999999 0.3827015625 0.4495741846312626 0.3832324856627384 0.44986465690480326 0.49980624462553963
0 0.72295 0.5117843750000002 0.6758035064758505 0.5109615761530316 0.6736343482153583 0.6352546597638636 0.7207808417395077 0.6360774586108322
0 0.85379375 0.5413406250000001 0.7341788989007494 0.5408395268350988 0.7337828125000001 0.6353875000000001 0.8533976635992506 0.6358885981649014
0 0.8035515625000003 0.5045875000000002 0.773200267409445 0.5032866016631384 0.7699619371293119 0.5788401750269945 0.800313232219867 0.5801410733638562
0 0.7773593750000001 0.5038203125 0.7560382947933143 0.5034492195181589 0.7555109375 0.5337484375000001 0.7768320177066858 0.5341195304818411
0 0.7755828582348295 0.5600862151947626 0.7754609374463672 0.5392765533458534 0.7397718292115376 0.5394856506510909 0.73989375 0.5602953125
0 0.7656377747775871 0.5781259657201968 0.7655452941135312 0.5624546968292659 0.7389668943359441 0.5626115436090691 0.739059375 0.5782828125000001
0 0.7571484374999999 0.5871765625 0.7432790397440028 0.5869348262883282 0.7428390625000001 0.612178125 0.7567084602559973 0.6124198612116719
0 0.805003125 0.3833828125000001 0.7355235413181672 0.3821694707716178 0.7339625 0.4715593750000001 0.8034420836818329 0.4727727167283825
0 0.8583843750000002 0.3813343750000001 0.8115674285789535 0.3805176408200639 0.8099671875000001 0.47224687500000007 0.8567841339210467 0.47306360917993623
0 0.9537984375 0.3803468750000002 0.8612245385081915 0.38025663603424714 0.8611093750000002 0.49840000000000007 0.9536832739918089 0.4984902389657531
0 0.9462671874999999 0.5041046875000001 0.8587060909018206 0.5031295593804106 0.8572484375 0.6340187500000001 0.9448095340981795 0.6349938781195895
0 0.6641361923227093 0.5445682162161309 0.5863380164391705 0.5434584151480516 0.5850312500000001 0.6350640625000001 0.6628294258835389 0.6361738635680794
0 0.858404535863077 0.5354383225482766 0.8508161470980087 0.37372360521702425 0.22689706045027297 0.4030007215213568 0.23448544921534126 0.5647154388526092
0 0.3241828125000001 0.592875 0.30029403035556607 0.5924592588724942 0.29984687500000007 0.618153125 0.3237356571444341 0.6185688661275058
0 0.3535625000000001 0.5455281249999999 0.29894186452973115 0.5451300806380208 0.29826718750000003 0.6377109375000001 0.352887822970269 0.6381089818619792
0 0.8663421874999999 0.360109375 0.866235819479775 0.3315491492904873 0.8121155069797752 0.3317507117904873 0.812221875 0.3603109375
0 0.6551562500000001 0.36180156249999995 0.6296984375000001 0.3328703125 0.600079676487447 0.35893309458995076 0.625537488987447 0.38786434458995067
0 0.44764687500000006 0.3643921875 0.44722990653560285 0.3300157803683219 0.3740611565356028 0.33090328036832184 0.374478125 0.36527968749999995
0 0.2210203125 0.3681609375 0.22067262316923872 0.3399383538523251 0.15941324816923874 0.34069304135232514 0.15976093750000003 0.36891562499999997