0 0.4422112146030586 0.4925896615671487 0.43755683124999994 0.4140469453125 0.3299942510219413 0.42042102437035134 0.33464863437500003 0.498963740625
0 0.43577646709200113 0.597899068263476 0.43036612031250004 0.506599465625 0.3216989422829989 0.5130390020490239 0.3271092890625 0.6043386046875
0 0.6009279483727963 0.5829981712296416 0.595819890625 0.49679969687499986 0.4641681172522036 0.5046012834578584 0.4692761749999999 0.5907997578125
0 0.5938743007354239 0.6734916849127004 0.5887663390624999 0.5872948390624999 0.48434427895207594 0.5934828135247995 0.48945224062500003 0.679679659375
0 0.3945054640625 0.37198002500000005 0.3645123552238396 0.36998048431810593 0.3620114750000001 0.40749368593750007 0.39200458383866044 0.40949322661939414
0 0.43250786874999997 0.36173187656250005 0.40490445444051304 0.3598916495073796 0.40162109375000005 0.4091420750000001 0.429224508059487 0.4109823020551205
0 0.4115702734375001 0.7829282687500001 0.31364974984093 0.7754906458879506 0.3048648911429389 0.8911482934164953 0.40278541473950896 0.8985859162785449
0 0.3917941488265312 0.7790709548314632 0.389388853125 0.7384816015624999 0.31104421211096883 0.7431242482935368 0.31344950781250003 0.7837136015625001
0 0.4151047000000002 0.7374557250000001 0.39407701169409226 0.7360538791692786 0.39130787031250025 0.7775910015625002 0.4123355586184081 0.7789928473932217
0 0.45310982337672023 0.7155944596319376 0.4503477593749999 0.6689846374999999 0.3141927984982797 0.6770530809930622 0.31695486249999993 0.7236629031249999
0 0.5818218578125002 0.6808075906250001 0.4244784055255538 0.6695647428848683 0.40868749085384576 0.8905583102304695 0.5660309431407922 0.9018011579706012
0 0.6131254640625001 0.2716042859375 0.4925397014962856 0.2624587827168524 0.4745498453487841 0.49965956540372947 0.5951356079149985 0.5088050686243771
0 0.4845986570432613 0.2631287768084299 0.48168819687499986 0.214014765625 0.3462232007692385 0.22204232162907006 0.3491336609374999 0.27115633281249996
0 0.4591928578854736 0.07807154882401346 0.3608836898619689 0.07224582016171763 0.3528347546875 0.20807159687500004 0.45114392271100473 0.21389732553729587
0 0.4968429299997418 0.16116615098996015 0.49437683125 0.129152190625 0.41197416167596623 0.13549983140718624 0.41444026042570803 0.1675137917721464
0 0.4948238364747198 0.17880244127041528 0.49350765 0.156591790625 0.4594308072752803 0.15861115872958476 0.46074699375000006 0.18082180937500003
0 0.4562262296874999 0.16014001250000004 0.4345726680751943 0.15869644160370672 0.43192786875 0.198368428125 0.4535814303623056 0.19981199902129335
0 0.43129857968750007 0.17155810625000006 0.41499338245418366 0.17047109248349118 0.413022621875 0.20003248437500004 0.4293278191083164 0.20111949814150892
0 0.4057125282102418 0.1958969099955983 0.404856284375 0.18144778437500003 0.3768820061647583 0.1831055181294018 0.37773825000000005 0.19755464375000004
0 0.6257900868847546 0.19469683504730345 0.6215007656249999 0.12231452343750002 0.5202596412402454 0.12831399620269662 0.5245489624999999 0.2006963078125
0 0.6299459221370876 0.11500501090387494 0.6270555187500001 0.06622944843749996 0.5257906888004126 0.07223032659612505 0.5286810921875 0.12100588906250002
0 0.6320859359375001 6.995247116848336e-17 0.504536503125 6.214232093713895e-17 0.504536503125 0.06850795468750007 0.6320859359375001 0.06850795468750007
0 0.5029703109375 5.323030364608609e-17 0.36215169375 4.460765020613467e-17 0.36215169375 0.07850659375000005 0.5029703109375 0.07850659375000005
0 0.4460844930998231 0.35749899399780205 0.44090679371844316 0.27702367294731217 0.33849858499362 0.2836125117620101 0.343676284375 0.3640878328125
0 0.6246742707906829 0.07885294305034872 0.450921256014832 0.06885441116235838 0.4130827245068346 0.7264068396446416 0.5868357392826855 0.736405371532632
0 0.3727151191021091 0.6607344211101037 0.37124021875 0.6358454765625 0.3417165746478909 0.6375950257648962 0.343191475 0.6624839703125
0 0.4260512060768189 0.6588686239948853 0.4226801263336655 0.6019816992652707 0.31922389213184643 0.6081124440203853 0.32259497187499997 0.66499936875
0 0.67798535625 0.08289887031250003 0.6513849546906785 0.05542617877992204 0.6195427671906785 0.08625733971742204 0.64614316875 0.11373003125000003
0 0.6632467765624999 0.30397755937499993 0.6345530046875 0.27854456562499996 0.6057120621405654 0.3110832212876556 0.6344058340155653 0.33651621503765555
0 0.6540538180901093 0.530532949535069 0.618586228125 0.4963208984375 0.5775177647223906 0.5388965223399311 0.6129853546874999 0.5731085734375001
0 0.6296116350168466 0.7610539902843226 0.6001689625 0.7341993562499999 0.5660238852956534 0.7716350675281773 0.5954665578125 0.7984897015625001