0 0.43846551218463087 0.5227394676454628 0.4376725937499999 0.4436713296875 0.33399768312786904 0.44471101204203717 0.33479060156249996 0.52377915
0 0.43155056836418176 0.6280799212809923 0.43062823281249996 0.53616959375 0.32649719101081814 0.5372145662190075 0.3274195265625 0.62912489375
0 0.5971249865260456 0.6212866859140241 0.5962548515625 0.5345115843750001 0.4688545400364544 0.535789087523476 0.469724675 0.6225641890625001
0 0.5902151839865752 0.711727557056822 0.5893438691850214 0.6249508878239671 0.4891999789484462 0.6259564213921451 0.4900712937500001 0.712733090625
0 0.39450410312500006 0.39934045000000007 0.3643743714137787 0.3973791328556626 0.3620319015625 0.433364128125 0.39216163327372133 0.4353254452693374
0 0.43253170625 0.3909363578125 0.4048024328973523 0.38913214249152234 0.401689471875 0.43697573749999996 0.42941874522764767 0.43877995282097765
0 0.4122737953125001 0.8124680375000002 0.31140657336531524 0.8083803609581734 0.3070216652543076 0.9165820484266656 0.4078888872014924 0.9206697249684923
0 0.39040204677967016 0.8076421931742594 0.3899914984375 0.766781371875 0.3136310422828298 0.7675486021382407 0.314041590625 0.8084094234375
0 0.4157360296875002 0.7670229140625 0.3946125156676683 0.7656481711099141 0.3919791015625001 0.80611170625 0.41310261558233197 0.8074864492025858
0 0.45137522967029237 0.7469902926841249 0.4509042625000001 0.7000686828125 0.3169797312672077 0.7014129260658752 0.3174506984375 0.7483345359375001
0 0.5825467390625002 0.7184268484375 0.42444812439669055 0.7073778850059507 0.4095629291767121 0.920368792061445 0.5676615438425218 0.9314177554929944
0 0.6132038500000001 0.3094399640625001 0.49201219326335266 0.30043600938848314 0.4748415599616642 0.5315497335672733 0.5960332166983117 0.5405536882412902
0 0.48201747906138015 0.2946138113998052 0.48152196718750007 0.24516791718750003 0.3484177975011199 0.2465017932876949 0.348913309375 0.29594768750000006
0 0.45864716562499996 0.10765952656250004 0.3597071229139489 0.1022110677709718 0.35251351562500005 0.23284173593750004 0.45145355833605116 0.2382901947290283
0 0.4962834594815404 0.18980542500384096 0.4938506102549896 0.15756423522154422 0.4117492121335046 0.1637594260400998 0.4141820613600554 0.19600061582239653
0 0.4934861662004443 0.21050205004563707 0.493260501299482 0.1881412882266241 0.4602764725990377 0.18847416318098706 0.46050213749999996 0.21083492500000003
0 0.4559425015625 0.18986081406250008 0.4341903752033768 0.188444301060759 0.43167869999999997 0.22701385625000006 0.4534308263591232 0.22843036925174115
0 0.4310046984375001 0.20008393437500005 0.41462348814707983 0.19901842787921742 0.41275469375 0.22774947187500003 0.42913590404042024 0.22881497837078268
0 0.4046938377395487 0.2232474901504943 0.40454820937484337 0.20870166404685828 0.37728176694779464 0.208974647333864 0.3774273953125 0.22352047343750003
0 0.6220719187194087 0.232945344123429 0.6213399012873988 0.16007726480278225 0.5236779153804901 0.16105835661685328 0.5244099328125 0.2339264359375
0 0.6273003430932883 0.15318688888156007 0.6268079906091766 0.10408665310949075 0.5279217584533883 0.1050782345404307 0.5284141109375 0.15417847031250004
0 0.635354445023318 0.09803988612491053 0.6337289967519639 0.004421277384089446 0.502529014228646 0.00669923032167892 0.5041544625 0.1003178390625
0 0.5048692903636665 0.10108150095500905 0.5034637890625 0.010927601562499998 0.3602203893238335 0.013160769357490925 0.36162589062499995 0.10331466874999998
0 0.44324963579734417 0.3874038634979413 0.4420233133625797 0.30634980262158107 0.3423781103777356 0.30785740318613974 0.34360443281249997 0.3889114640625
0 0.624005680678523 0.11129216713246488 0.4489577859489121 0.10217626254685722 0.4147841180111797 0.7583951349046714 0.5898320127407907 0.767511039490279
0 0.37190217996921293 0.6879685204682924 0.3716504507303602 0.6629147558262117 0.3433643738861473 0.6631989619204194 0.34361610312500007 0.6882527265625
0 0.4231525187500001 0.6324597687500002 0.32300508639664177 0.6324477596336853 0.3229982140625001 0.68975810625 0.4231456464158585 0.6897701153663149
0 0.6778235937499998 0.12332528281250008 0.6495716078124998 0.0959024296875001 0.6194590807807207 0.12692541210171288 0.6477110667182207 0.15434826522671288
0 0.6634372921875 0.344396090625 0.6377089697305875 0.31481478679520586 0.6054838322305874 0.34284258210770585 0.6312121546875 0.37242388593750003
0 0.6547089795606139 0.571133906032715 0.6190463499999999 0.5351560296875 0.5779034063768859 0.575938468967285 0.6135660359374999 0.6119163453124999
0 0.6306799746943995 0.8011300589493402 0.6010020515625001 0.7728988703125002 0.5667236065556007 0.8089339473006604 0.5964015296875002 0.8371651359375003