0 0.5561079250000001 0.4604741359375 0.553078681219617 0.35823712012720654 0.4727168890625001 0.360618209375 0.4757461328428832 0.46285522518529343
0 0.4620437281250001 0.45873592500000004 0.45901546544488864 0.3565320506513164 0.3656013328124999 0.3592998765625 0.3686295954926113 0.4615037509111836
0 0.46702277812500004 0.62694755625 0.46328844112156997 0.5009136952169 0.3750935796875 0.5035268765625001 0.37882791669093 0.6295607375956
0 0.375050246875 0.6252248390624999 0.3721361585695295 0.5268743741066626 0.28394296249999995 0.5294875062500001 0.28685705080547047 0.6278379712058375
0 0.6004904928658694 0.38326491697538895 0.565068334375 0.3830025312500001 0.5648406196341307 0.41374409552461133 0.6002627781250001 0.4140064812500001
0 0.6097626595578881 0.42386636832076735 0.5621912343750001 0.42351398749999997 0.5619816623171119 0.4518062238667328 0.6095530874999999 0.4521586046875002
0 0.18135532486706302 0.3556569599350073 0.07147293234524457 0.3554007861346468 0.07123836060318162 0.4560172590121396 0.18112075312500006 0.4562734328125
0 0.22706864218749997 0.4309544203125001 0.224817626860222 0.35498262271575637 0.1832882109375 0.3562131234375 0.18553922626477798 0.4321849210342436
0 0.2274956103230766 0.43557656887147606 0.18717053125000005 0.4352778640624999 0.18701088342692346 0.4568302826910238 0.22733596250000004 0.4571289875
0 0.29602043281250007 0.48894422187500003 0.29204413577131977 0.3547442295895495 0.24435481406249998 0.35615724687500006 0.24833111110368028 0.49035723916045065
0 0.2806668882823777 0.46196974210890984 0.06709101515094111 0.461090163746871 0.06642455968106348 0.6229163466379612 0.28000043281250003 0.623795925
0 0.6960145666327475 0.5065071352057784 0.46743740085457725 0.506300629960715 0.4673249451593299 0.6307759385049367 0.6959021109375001 0.6309824437500001
0 0.7585426171875 0.49340008593749995 0.7545938296970758 0.3601285101164754 0.7043423203125 0.36161744375 0.7082911078029243 0.4948890195710246
0 0.8988535352714534 0.3630731479452217 0.7684937281249999 0.3615777531250001 0.7673495441409137 0.46132104599227086 0.8977093512873671 0.4628164408124924
0 0.8446069250000001 0.501212690625 0.8401473247823669 0.4201804944219303 0.80781462266988 0.42195992200915955 0.8122742228875133 0.5029921182122292
0 0.8166809624999999 0.5019856171875 0.815714092092428 0.46935376298526243 0.7929890359374998 0.4700270984375 0.793955906345072 0.5026589526397376
0 0.8143583510652916 0.44196991677348596 0.7759861734374999 0.4416856781250001 0.7758217739347082 0.4638795879140143 0.8141939515625 0.46416382656250016
0 0.8034402133132377 0.4227099187488477 0.7748627781249999 0.422498234375 0.7747389851242621 0.43921031562615226 0.8033164203124998 0.439422
0 0.7940416671875001 0.4130424078125 0.7932377853036096 0.38591140738738994 0.7784540125000001 0.3863494453125 0.7792578943838906 0.4134804457376101
0 0.847727740625 0.6304974328124999 0.8448723761509443 0.5341289139788478 0.7708136656250001 0.5363232468750001 0.7736690300990557 0.6326917657086523
0 0.9046926531249999 0.6327723203125 0.9017731848449285 0.5342402411782367 0.8518679625000001 0.5357189140624999 0.8547874307800715 0.6342509931967634
0 1 0.5079099875000002 0.9060769125 0.5079099875000002 0.9060769125 0.6339710656250002 1 0.6339710656250002
0 0.9968309125000001 0.5019686906249999 0.9877251367704669 0.35772124865560145 0.8963152196489389 0.3634915985030561 0.9054209953784721 0.5077390404724547
0 0.6950090899097858 0.45825992936385535 0.6934544381343997 0.36034302027795184 0.6098396421875 0.36167059375 0.6113942939628861 0.45958750283590344
0 0.9035859042269854 0.4684420158571673 0.23775354389461495 0.43615468856643363 0.22939536931314536 0.6085177664867026 0.8952277296455158 0.6408050937774363
0 0.3321711734375 0.40623022187500013 0.3313486529615107 0.378470186542224 0.305883271875 0.37922471718749995 0.3067057923509892 0.40698475252027605
0 0.364122284375 0.4567808515625 0.3621850122145923 0.3572298789724381 0.30394377812500006 0.358363259375 0.30588105028540774 0.45791423196506187
0 0.9150508208983255 0.657030382394365 0.8846066490233255 0.6264082089568649 0.8557273578124999 0.6551196296875 0.8861715296874999 0.6857418031250001
0 0.6910579340339862 0.6563351532613412 0.6619541449714863 0.6252296845113412 0.6323044078125001 0.6529714203125 0.661408196875 0.6840768890625
0 0.4673100975105549 0.6857600960592529 0.4667926838992603 0.6480069205320842 0.38876909843749996 0.649076246875 0.3892865120487946 0.6868294224021686
0 0.22546309964750755 0.6749914485409088 0.2250310009423114 0.6439264250954794 0.15970702500000003 0.6448350484375001 0.16013912370519617 0.6759000718829294