0 0.532375 0.3614328125000001 0.45695312499999996 0.3614328125000001 0.45695312499999996 0.4544890625 0.532375 0.4544890625
0 0.6327812500000001 0.3609406250000001 0.545109375 0.3609406250000001 0.545109375 0.4535125 0.6327812500000001 0.4535125
0 0.6278875 0.4961171875 0.5451140624999999 0.4961171875 0.5451140624999999 0.6112109375 0.6278875 0.6112109375
0 0.71408125 0.52109375 0.6313093750000001 0.52109375 0.6313093750000001 0.610234375 0.71408125 0.610234375
0 0.44639843749999997 0.38178125000000007 0.4142578125 0.38178125000000007 0.4142578125 0.41060937500000005 0.44639843749999997 0.41060937500000005
0 0.450221875 0.41978906250000003 0.40660625 0.41978906250000003 0.40660625 0.4463203125 0.450221875 0.4463203125
0 0.911446875 0.45219375000000006 0.9105670957088454 0.3579085901614584 0.8075842832088455 0.35886952766145835 0.8084640625 0.4531546875
0 0.8036515625 0.3593125000000001 0.764675 0.3593125000000001 0.764675 0.42909375000000016 0.8036515625 0.42909375000000016
0 0.8022078125000001 0.43342500000000017 0.7651515625 0.43342500000000017 0.7651515625 0.4536359375000002 0.8022078125000001 0.4536359375000002
0 0.7463875 0.3588359375000001 0.7016296875 0.3588359375000001 0.7016296875 0.4829921875000001 0.7463875 0.48299218750000017
0 0.9205906249999998 0.6085921875 0.9198628507363658 0.4572210479227687 0.7191100022127518 0.45818624351365045 0.7198377764763857 0.6095573830908817
0 0.5424249103908074 0.6114523251418549 0.5413547491607106 0.49534591213787466 0.3295345262699031 0.4972982744960198 0.3306046875 0.6134046875
0 0.31520625 0.3607609375 0.26804375 0.3607609375 0.26804375 0.48395781250000003 0.3152062500000001 0.48395781250000003
0 0.25505 0.360278125 0.13666875000000006 0.360278125 0.13666875000000006 0.45411718749999996 0.25505000000000005 0.45411718749999996
0 0.21961298960254044 0.41660176227003226 0.18833263307089304 0.4162760439742897 0.1875505594620593 0.4913824829986419 0.2188309159937067 0.4917082012943845
0 0.2350937500000001 0.4618015625 0.2137656250000001 0.4618015625 0.2137656250000001 0.4916046875 0.2350937500000001 0.4916046875
0 0.2502500000000001 0.43534375000000003 0.21504687500000008 0.43534375000000003 0.21504687500000008 0.45615625 0.2502500000000001 0.45615625
0 0.2507703125000001 0.41735937500000003 0.22455937500000006 0.41735937500000003 0.22455937500000006 0.43303125 0.2507703125000001 0.43303125
0 0.24639843750000007 0.3834375 0.2325234375000001 0.3834375 0.2325234375000001 0.408359375 0.24639843750000007 0.408359375
0 0.2577296875000001 0.524121875 0.18822343750000003 0.524121875 0.18822343750000006 0.6118953125 0.2577296875000001 0.6118953125
0 0.18170781250000007 0.5229921875 0.13487031250000003 0.5229921875 0.13487031250000006 0.6136328125 0.1817078125000001 0.6136328125
0 0.13010312500000007 0.4965390625 0.04033448225385354 0.49587912135601364 0.039465625000000074 0.6140656250000001 0.1292342677461466 0.6147255661439865
0 0.1326043936415709 0.3609415007477023 0.04657051582374696 0.35979932094470807 0.0448333096821761 0.49065313269700583 0.13086718750000004 0.4917953125
0 0.403826127736466 0.36093985540035434 0.32647580400265164 0.3605452451316053 0.3260099844069215 0.45185380799667946 0.40336030814073587 0.4522484182654285
0 0.7610194863326489 0.6081273672923818 0.7588844451005372 0.44364485607173326 0.13512972126012157 0.45174141323298195 0.13726476249223324 0.6162239244536305
0 0.6893328125 0.3800390625000001 0.6654328125 0.3800390625000001 0.6654328125 0.4051796875 0.6893328125 0.4051796875
0 0.6905718750000001 0.36049062500000006 0.6359453125 0.36049062500000006 0.6359453125 0.4526703125 0.6905718750000001 0.4526703125
0 0.1828662716044755 0.6365093546421223 0.15644127160447555 0.6078906046421222 0.12728437499999998 0.6348125 0.15370937499999995 0.66343125
0 0.3935196259142493 0.6374538496014681 0.3675555634142493 0.6083741621014681 0.3384609375 0.6343515625000002 0.36442500000000005 0.6634312500000002
0 0.6193244703100014 0.666893055763376 0.6191078125 0.6325046875000001 0.545946875 0.632965625 0.5461635328100014 0.667353993263376
0 0.8339664479131038 0.6583496341744596 0.8337828125000002 0.6301187500000001 0.7725296875000001 0.6305171875000001 0.7727133229131036 0.6587480716744596