0 0.47944116065398273 0.4897671704419597 0.3722289921875001 0.4832438062500001 0.3672904205902542 0.5644097437152606 0.47450258905673676 0.5709331079072204
0 0.47722355718620185 0.38117987991833463 0.369458746875 0.3746207203125 0.3637160685991115 0.4689710139886734 0.47148087891031326 0.475530173594508
0 0.6473711788751823 0.39682016949399446 0.5156901031250001 0.3888076578125001 0.510269936749818 0.4778850117560059 0.6419510125000001 0.4858975234375002
0 0.6443948980777557 0.3035364336704641 0.5407667296875001 0.2972304046875 0.5353461566097444 0.38630770851703594 0.6389743250000002 0.39261373750000006
0 0.42802327343749996 0.6142227484375 0.42725339630587866 0.5769235158920692 0.3961429406585678 0.5775656531888089 0.39691281779018917 0.6148648857342396
0 0.466796209375 0.624846959375 0.4657758572551557 0.5753398122635763 0.4371423421875 0.5759299546874999 0.43816269430734434 0.6254371017989235
0 0.46564950464344446 0.07926048517156878 0.36160252812500004 0.07886182500000004 0.3611755953565556 0.19028771326593133 0.46522257187500005 0.19068637343750008
0 0.4427403089834406 0.19451539935409937 0.363884396875 0.18971700468750002 0.3613320393593319 0.23166196626513655 0.44018795146777245 0.2364603609317359
0 0.46670675625000013 0.23756002187499997 0.4658452535878694 0.19570656076093684 0.444034084375 0.19615551718750004 0.44489558703713084 0.23800897830156317
0 0.5027877254476739 0.2600257851377484 0.36464789687500004 0.2516189187500001 0.3617165997736542 0.2997853651283565 0.49985642834632815 0.3081922315161048
0 0.6362519140625 0.29621824375000005 0.6306406472180828 0.07554071277153487 0.46736523651545925 0.07969239008332092 0.4729765033598765 0.30036992106178606
0 0.6491076828125001 0.7180341218749999 0.6419770275403729 0.4788766127124653 0.5167972186157688 0.48260893986204045 0.523927873887896 0.7217664490245751
0 0.5136612575263135 0.726422490425901 0.37634742187500014 0.7180668921875001 0.37325890028618663 0.7688228923865992 0.5105727359375001 0.7771784906250001
0 0.48072525000000005 0.9172644140624999 0.4792875364376409 0.7820071774379515 0.377165640625 0.7830926796875 0.3786033541873592 0.9183499163120483
0 0.5217311695788156 0.8303552888130333 0.4388438562500001 0.8253070937500002 0.4367542413586848 0.859616893999467 0.5196415546875002 0.8646650890625003
0 0.5214478464573962 0.8134301076661192 0.48735589375000005 0.8113555171875 0.48595917384933907 0.8343079549286123 0.5200511265567352 0.8363825454072316
0 0.4817011390625 0.8326648640625003 0.4808782398355545 0.7927595881020747 0.4584179671875 0.7932227484375001 0.4592408664144455 0.8331280243979254
0 0.4564918171875 0.8208557437499999 0.45587978349347863 0.7911304539788022 0.43896539062499995 0.791478715625 0.4395774243190214 0.8212040053961978
0 0.43055205695653764 0.7956881102731123 0.4023949828125001 0.793975 0.4014865196002 0.8089067101341015 0.4296435937442376 0.8106198204072138
0 0.6552017636224983 0.7971193230527075 0.55421896875 0.7909744375 0.5496672426275018 0.8657758347597925 0.6506500375000001 0.8719207203125
0 0.6567873411352985 0.8793310837144611 0.5546934187500001 0.8731191437500001 0.5516266353324815 0.9235220694047761 0.6537205577177799 0.9297340093692371
0 0.6557953984375001 0.9271886265625 0.5272487234375002 0.9271886265625 0.5272487234375002 1 0.6557953984375001 1
0 0.5223776687500001 0.9166524781250001 0.3806225718750001 0.9166524781250001 0.3806225718750001 1 0.5223776687500001 1
0 0.4780320031066919 0.6290599224291281 0.3751341343750001 0.6222731984375001 0.36964783333941525 0.7054545219270868 0.47254570207110713 0.7122412459187148
0 0.6609733869270145 0.9158374742241359 0.6210150723343768 0.23983132260310502 0.44669416679586726 0.2501353258534869 0.4866524813885049 0.9261414774745177
0 0.4181158386709952 0.31650089547004384 0.38884180468750007 0.31471835625 0.3872757762282966 0.3404367078118319 0.4165498102117918 0.34221924703187573
0 0.4717053635667767 0.3184238487519805 0.3676802046875 0.3120925687500001 0.3641023561769324 0.3708778790887255 0.46812751505620903 0.37720915909070596
0 0.7076148509323776 0.938763234289949 0.7065335071823775 0.8802387967899492 0.675703015625 0.8808084453125001 0.676784359375 0.9393328828125
0 0.7029033592994605 0.7103358993074875 0.7018581905494605 0.6536836493074875 0.6705309937500001 0.6542616 0.6715761625000001 0.7109138500000001
0 0.7025377966234624 0.48543014037221 0.7004083044359624 0.4062750731847099 0.6633196703125 0.4072728609375 0.6654491625000001 0.4864279281250001
0 0.6881938218595203 0.24039250115543295 0.6863986265470203 0.17412031678043297 0.6559526015625 0.1749450453125 0.6577477968750001 0.2412172296875