0 0.5292015625000002 0.5486093750000001 0.4537796897524153 0.5481699259219476 0.4532375 0.6412250000000002 0.5286593727475849 0.6416644490780526
0 0.6296018974891375 0.5501687519462923 0.5419284600418801 0.5496593678684486 0.5413906250000001 0.6422296875 0.6290640624472575 0.6427390715778436
0 0.625625 0.3924421875000001 0.5428515673173487 0.39196011035336886 0.5421812548173488 0.5070538603533687 0.6249546875 0.5075359374999999
0 0.7118140689947093 0.39391919646636725 0.6290406250000001 0.39343750000000016 0.628521865960321 0.48257967835449317 0.7112953099550302 0.4830613748208602
0 0.4429697382077397 0.5919875057649455 0.410828125 0.5918000000000001 0.41065994929226024 0.6206281192350545 0.44280156249999997 0.6208156249999999
0 0.4470015625000001 0.5562984375 0.4033843726836907 0.5560441473055584 0.40322968518369073 0.5825769598055583 0.44684687500000014 0.58283125
0 0.9082609375 0.5531093750000002 0.8052828125 0.5515468750000003 0.8038522619327017 0.64582874068837 0.9068303869327018 0.6473912406883701
0 0.8003312570594325 0.57558159990675 0.7613546875000001 0.5753546875000001 0.7609484304405678 0.6451371500932501 0.7999250000000002 0.6453640625000001
0 0.7990281250000002 0.5510296875 0.7619730072750581 0.5508156225146188 0.7618562500000002 0.5710265625000002 0.7989113677249422 0.5712406274853814
0 0.743378125 0.5213500000000001 0.6986203084036504 0.5210897670366534 0.6978984334036504 0.6452460170366534 0.74265625 0.6455062500000001
0 0.9183140625 0.39676406250000007 0.7175662990470306 0.3946299815304173 0.7159571689855817 0.5459969003797875 0.9167049324385511 0.5481309813493703
0 0.54016339781908 0.3917024016735202 0.32835468749999996 0.38851875 0.3266096303261699 0.5046176035574692 0.5384183406452498 0.5078012552309895
0 0.31220469001550855 0.5178761303970401 0.2650406250000001 0.5176015625000001 0.26432342840413864 0.6407984374470481 0.3114874934196471 0.6410730053440881
0 0.25172319950848343 0.5472514448737532 0.13334068703564345 0.5467556220130714 0.13294717502716008 0.6407104271393183 0.25132968750000007 0.6412062500000001
0 0.21640772549096318 0.58467075097419 0.215186227012585 0.509482038547101 0.1845883988903722 0.509979123804801 0.18580989736875037 0.5851678362318901
0 0.23213594267164792 0.5097616112686266 0.2108078125 0.5096375 0.21063436982835215 0.5394430762313733 0.23196250000000007 0.5395671875
0 0.24708663862476515 0.5453000040766688 0.21188281250000007 0.5450953125000002 0.211761798875235 0.5659078084233314 0.24696562500000008 0.5661125000000001
0 0.24747032321190487 0.5684265625619445 0.22125937672889476 0.5682749909744369 0.22116874101698997 0.5839484284124925 0.2473796875000001 0.5841000000000001
0 0.24295625000000007 0.5930734375000001 0.22908125707681998 0.5929925362873446 0.2289359375000001 0.6179156250000001 0.2428109304231802 0.6179965262126557
0 0.25547187500000007 0.3896046875 0.185963747797761 0.389201560674819 0.1854546874474446 0.47697500906173856 0.2549628146496837 0.47737813588691963
0 0.17945937817006105 0.38742445593124425 0.13262343750000002 0.3871515625 0.13209530932993901 0.4777927315687557 0.17893125000000004 0.478065625
0 0.12717343750000001 0.50421875 0.12699183872920544 0.38602612933233227 0.03721875000000001 0.3861640625000001 0.03740034877079458 0.5043566831676679
0 0.12888627779852738 0.6398299861739082 0.1279109375 0.5089656249999999 0.04187107821786583 0.5096068854721767 0.0428464185163932 0.6404712466460849
0 0.40017396142435147 0.550097941820335 0.3228209776818817 0.550042910199071 0.3227560167141651 0.6413526801871471 0.4001090004566348 0.641407711808411
0 0.757453837327864 0.39121109775167684 0.13386387577444908 0.3867519558479108 0.1326806916491608 0.5522146747122701 0.7562706532025757 0.5566738166160362
0 0.6858712910981868 0.5988312556947325 0.6619728536510976 0.5986921841024224 0.6618265625 0.6238312500000001 0.6857249999470894 0.6239703215923103
0 0.6873854698739922 0.5513469861922684 0.6327602178195292 0.5510296742430703 0.6322247479455372 0.6432108130508019 0.6868500000000001 0.6435281250000001
0 0.17928125 0.3661265625 0.1517515625 0.3374625 0.12369765759780582 0.3644061767768743 0.15122734509780583 0.3930702392768743
0 0.388725 0.36780781250000005 0.36246875 0.33868906249999997 0.3336672308308513 0.36465926684204625 0.3599234808308513 0.3937780168420463
0 0.6169703125 0.371096875 0.6165432784372691 0.33583304980566975 0.543405357151754 0.3367187275077945 0.5438323912144848 0.3719825527021248
0 0.8316312499999998 0.37473125 0.8312745758342646 0.34572298450002253 0.770041530789346 0.34647588181671474 0.7703982049550813 0.3754841473166922