0 0.586609775 0.7453240546874998 0.5863654672608695 0.7251696103681569 0.5648350890625001 0.725430596875 0.5650793968016307 0.745585041194343
0 0.5911152984375 0.8576276687499998 0.5857799179147769 0.7242675876596392 0.5359975578124999 0.726259246875 0.541332938335223 0.8596193279653607
0 0.5648911572789922 0.8572400731830416 0.5601487903546392 0.7249101535751021 0.44180178463814695 0.7291514085170603 0.4465441515625 0.8614813281249999
0 0.5855477802947139 0.7176044226671884 0.5821018593749999 0.6090269562499999 0.43819583418648883 0.6135940989457469 0.4416417551062028 0.7221715653629354
0 0.4950454525703618 0.7502053317410491 0.478099618270448 0.35139367775644104 0.22779144203404647 0.3620294774780294 0.24473727633396022 0.7608411314626374
0 0.4242589921875001 0.6270213062500001 0.4232051247102184 0.5403650166638049 0.2358450087614477 0.5426435902524159 0.23689887623872935 0.6292998798386111
0 0.58184651875 0.6023826390625 0.5810152578148331 0.5340449883761372 0.4907193593749999 0.53514335 0.49155062031016683 0.6034810006863627
0 0.5770483015625001 0.528200165625 0.5724103119669548 0.40429048290688235 0.48448321377797726 0.40758162979404444 0.48912120337352266 0.5314913125121621
0 0.5729559500000001 0.4077276703125 0.5712459837662586 0.35001632795957865 0.48486282209179254 0.3525758298461206 0.4865727883255341 0.410287172199042
0 0.5703035249999999 0.34299167656249996 0.5675662401895534 0.23129508950840888 0.3676909890625 0.23619331875 0.3704282738729465 0.347889905804091
0 0.50021855625 0.09053400781250001 0.49983451701688686 0.05891605813490212 0.4341399640625 0.059714 0.43452400329561314 0.0913319496775979
0 0.5403013359375 0.1471651265625 0.5397983444590435 0.10585588935527439 0.42112148437499997 0.107300928125 0.42162447585345636 0.14861016533222562
0 0.5676817547793613 0.23364562403565511 0.5643450759571105 0.10238748771116901 0.5149382120775152 0.10364344670157655 0.5182748908997661 0.2349015830260627
0 0.52939470625 0.9054022265624999 0.5290718183208439 0.878918699027856 0.465407446875 0.879694896875 0.46573033480415604 0.9061784244096438
0 0.4343758694388753 0.9245887273831128 0.4295243984375001 0.7596312328125 0.24182409448003908 0.7651515796386282 0.24667556548141426 0.9301090742092409
0 0.3801001781250001 0.75541369375 0.3757334846853752 0.6341050623330894 0.2382699109375 0.639053278125 0.2426366043771248 0.7603619095419106
0 0.4105261546875001 0.2289498156250001 0.4062936588154562 0.04618173650043106 0.22255336501060774 0.05043674666841067 0.22678586088265157 0.2332048257929797
0 0.5131409578125 0.23489492187500005 0.5121812496852536 0.15594113715731373 0.4242298672285081 0.15701021391972741 0.42518957535575447 0.2359639986374137
0 0.3663205171875 0.33771125156250004 0.36510920248048473 0.2380564295605804 0.22694735097911525 0.2397358012087365 0.22815866568613047 0.33939062321065616
0 0.4177069749999999 0.4372326453124999 0.41659441740807335 0.3458372828788098 0.22937955937500004 0.348116253125 0.2304921169669266 0.43951161555869006