0 0.2668445421875 0.4440945187499999 0.266579048984134 0.4222144922585446 0.24703589999999997 0.4224516296874999 0.247301393203366 0.4443316561789551
0 0.26996305007394455 0.4239875475576425 0.13800605000000005 0.41508700000000004 0.1347657889885555 0.4631261930673575 0.2667227890625 0.47202674062499994
0 0.27240184498025644 0.44811924760473654 0.13899744375000006 0.44084540781249987 0.13273303158224367 0.5557366039577633 0.2661374328125 0.5630104437499999
0 0.3793982382721313 0.42667467462211545 0.27393843125000006 0.42498985156250013 0.27170475116208104 0.564804812947761 0.37716455818421235 0.5664896360073762
0 0.6341909365862264 0.5383319704974908 0.24803328398463015 0.5113396678267084 0.2311522351367267 0.7528435615873346 0.6173098877383228 0.779835864258117
0 0.45189674062499996 0.7679078140625 0.44963177390890763 0.5819758028820988 0.36561121006007796 0.5829993156133211 0.36787617677617024 0.7689313267937222
0 0.453154234375 0.5210201109374999 0.45204696107260167 0.43007641698046284 0.38578780312499994 0.43088314687499996 0.3868950764273983 0.521826840832037
0 0.5824647134621301 0.44559583370872274 0.45785198750000006 0.43751625937500005 0.4523494327029047 0.5223831502160321 0.5769621586650348 0.5304627245497547
0 0.6306011451999012 0.4448456635786802 0.574685551059849 0.44469670530370287 0.5744553558599479 0.5311068182875227 0.6303709500000001 0.5312557765625001
0 0.7460139874999999 0.648265221875 0.7435697160287925 0.4477042149864744 0.6359418547277778 0.4490158942354291 0.6383861261989852 0.6495769011239547
0 0.91561353125 0.588554259375 0.9148185460325531 0.5233008663982497 0.8841622835167149 0.5236743531153458 0.8849572687341618 0.5889277460920961
0 0.8697669625 0.5999056296874999 0.8683400035086125 0.4828170075646126 0.82828721631937 0.4833051308662074 0.8297141753107574 0.6003937529890948
0 0.8721846049939626 0.4612455875326983 0.744389690625 0.45448677656250014 0.7418651909704106 0.5022197607523646 0.869660105339373 0.5089785717225628
0 0.11956738281249998 0.536367075 0.11879996920166609 0.47333774817579444 0.09312361250976628 0.47365037067384125 0.09389102612060017 0.5366796974980468
0 0.23691657004158667 0.5697765960413677 0.07692240977033146 0.5680824643806587 0.07494929597874485 0.7544237574017912 0.23494345625000004 0.7561178890625001
0 0.35882931479550384 0.6228007371758756 0.24212534687500006 0.6223857046875 0.24162681020449622 0.7625704112616243 0.358330778125 0.76298544375
0 0.9297095376997844 0.6071411419497914 0.7520278390625001 0.606931184375 0.751810747871128 0.7906498793567286 0.9294924465084125 0.79085983693152
0 0.8214767906249998 0.5955663343750002 0.8203914675279975 0.5063617429683951 0.7438407156250001 0.5072931109375001 0.7449260387220022 0.5964977023441052
0 0.7459000359375001 0.78461451875 0.7442083606609757 0.6457089625832049 0.6475846062499999 0.6468857046875001 0.6492762815265243 0.7857912608542952
0 0.640722 0.7793641484375 0.6384571735280602 0.5933363042755992 0.549843296875 0.5944151484375 0.5521081233469397 0.7804429925994006