0 0.5786582484375 0.23319805156250012 0.55744889375 0.23319805156250012 0.55744889375 0.2522321421875001 0.5786582484375 0.2522321421875001
0 0.5781878868047208 0.2518156338622036 0.5747646249667515 0.12657097798920808 0.5277866343339432 0.1278550085247771 0.5312098961719124 0.2530996643977727
0 0.5518895905127021 0.12781660620940097 0.437857925 0.12512175312500007 0.434907655121751 0.24996128143771887 0.5489393206344532 0.25265613452211977
0 0.5844083961166744 0.25949870293366406 0.4427031031250001 0.256728896875 0.4407005398208259 0.359181492378836 0.5824058328125001 0.36195129843750007
0 0.5012564687500001 0.605996753125 0.4907921763985336 0.22367897919492358 0.25429475207730823 0.2301520713638446 0.2647590444287746 0.612469845293921
0 0.43653601562500005 0.34677435000000006 0.25584128125 0.34677435 0.25584128125000005 0.42861201250000003 0.43653601562500005 0.42861201250000003
0 0.585949471875 0.3682272734375001 0.4977101484375 0.3682272734375001 0.4977101484375 0.432766234375 0.585949471875 0.432766234375
0 0.586662223226744 0.552265122325416 0.5828612932212713 0.4351259752194089 0.4998413781249999 0.4378198046874999 0.5036423081304726 0.554958951793507
0 0.5898511570918179 0.5521867754275884 0.5058204597574643 0.5507224470866798 0.5048714522984725 0.6051813797773499 0.5889021496328263 0.6066457081182585
0 0.592772559375 0.7109383109375 0.5888564280151789 0.6065882694170905 0.40083360038673266 0.6136445396486071 0.40474973174655365 0.7179945811690166
0 0.5408862562500002 0.8524918828124999 0.4774776328125002 0.8524918828124999 0.4774776328125002 0.88235065 0.5408862562500002 0.88235065
0 0.5754456109375001 0.798553571875 0.46158180625000017 0.798553571875 0.46158180625000017 0.8375665578125 0.5754456109375001 0.8375665578125
0 0.599050109375 0.8403019484375001 0.5934354817894849 0.7139267388631501 0.54685695827812 0.7159961404798145 0.552471585863635 0.8423713500541645
0 0.514427296875 0.08269642812500005 0.45315646875000004 0.08269642812500004 0.45315646875000004 0.10770616875000005 0.514427296875 0.10770616875000005
0 0.4291482214140772 0.06524649184425327 0.24881098443947272 0.06451831276687266 0.24818007865039565 0.2207653271726194 0.42851731562500006 0.22149350625000003
0 0.38743646942974685 0.22611035284880648 0.25259877343750003 0.22441071406250002 0.25116836338275317 0.3378896471511936 0.386006059375 0.33958928593750004
0 0.4514906086105812 0.7228830094940001 0.2723142500000001 0.7209155843749999 0.2704198599467501 0.8934405299251198 0.4495962185573313 0.8954079550441199
0 0.5458798828125001 0.7160259734375 0.459391884375 0.7160259734375 0.4593918843750001 0.7905892859375 0.5458798828125002 0.7905892859375
0 0.401585040625 0.6206266234375 0.2667829125000001 0.6206266234375 0.2667829125000001 0.7147418828125 0.401585040625 0.7147418828125
0 0.443100096875 0.5260600656250001 0.26233725468750013 0.5260600656250001 0.26233725468750013 0.6123733765625 0.443100096875 0.6123733765625