0 0.5467417862807049 0.2741420415427898 0.5263786671874999 0.2732370140625001 0.5255329855942951 0.2922648506447104 0.5458961046875 0.2931698781250001
0 0.5528763828125001 0.16814264062500006 0.5058542321214426 0.165363483589061 0.4984336059398352 0.29091731089038575 0.5454557566308925 0.2936964679263248
0 0.5285789785133743 0.16774175636313557 0.4163944812499999 0.16009462343750003 0.40788751579798266 0.2848929827379086 0.5200720130613571 0.29254011566354415
0 0.5464515123132927 0.30038387123890314 0.4095412453125 0.2916138171875001 0.4029806048742072 0.39403268813609704 0.539890871875 0.40280274218750006
0 0.4602852653692516 0.26536978072042927 0.22385956049546096 0.25080944935345617 0.20062287637620946 0.628118817070527 0.4370485812500001 0.6426791484375001
0 0.39173169278706615 0.3810159596492271 0.21467538437500006 0.37314678906250004 0.21103934940043398 0.45495756222577305 0.3880956578125001 0.4628267328125001
0 0.5400073071475276 0.40909422114944005 0.45463732500000004 0.4053 0.45176986941497244 0.46981775541306003 0.5371398515625001 0.4736119765625001
0 0.5336610140625 0.4790314562500001 0.45058255156250004 0.4748268765625001 0.4447246154319763 0.5905740768341363 0.5278030779319762 0.5947786565216363
0 0.527647131809284 0.5924633557973935 0.4461154051648576 0.5879970680065258 0.4431272452305737 0.6425456887716324 0.5246589718750001 0.6470119765625
0 0.5240161272243584 0.6527288981694861 0.3357482014636233 0.6436135367517095 0.33066474375000005 0.7486068546874999 0.5189326695107352 0.7577222161052765
0 0.45344019645058664 0.8903085481036591 0.39135906718750013 0.8875493874999998 0.3900324472994136 0.9173983425213408 0.4521135765625002 0.920157503125
0 0.4923870801855883 0.8380124216214189 0.3802577562500001 0.8330288953124999 0.37852441512691193 0.8720290643160812 0.4906537390625001 0.8770125906250001
0 0.5195430179324033 0.7564987903005335 0.4728726199558729 0.7544231086646789 0.4673446659039911 0.8787156837594525 0.5140150638805215 0.880791365395307
0 0.4956230850746355 0.12112073621229277 0.435464165625 0.11844700625000004 0.4343529868003646 0.14344852785020734 0.4945119062500001 0.14612225781250007
0 0.4060556283838066 0.09963186659034139 0.22874863648865112 0.09104091573072602 0.22118050185484456 0.2472381991403847 0.3984874937500001 0.25582915000000006
0 0.351954586024305 0.2583217386301896 0.22212245100378394 0.2509103469345787 0.21564670091697896 0.36435199111688915 0.3454788359375 0.3717633828125
0 0.3710551183293326 0.7555008041448059 0.19789135312500006 0.7471579359375001 0.1895461856094081 0.9203694253621254 0.36270995081374063 0.9287122935694313
0 0.4685766034534452 0.7542907335576541 0.3854036187500001 0.75059415625 0.38209078248405504 0.825132968004846 0.4652637671875001 0.8288295453125002
0 0.3318924444872419 0.6526594936758103 0.20127459062500005 0.6468542562499999 0.19709306488775816 0.7409385938241896 0.32771091875 0.74674383125
0 0.38216028329972357 0.5601713973806288 0.20523484843750003 0.5523080453125 0.20139996201277652 0.6385929963693712 0.37832539687500005 0.6464563484375