0 0.26176747815889884 0.4399175439201767 0.2434437500000001 0.43959687500000005 0.24310127184110136 0.4591668310798235 0.26142500000000013 0.4594875000000001
0 0.2625845632161198 0.44045442430320475 0.14136562500000008 0.4349609375 0.13931543678388042 0.48020026319679526 0.2605343750000001 0.48569375
0 0.2618757490487001 0.4637507634101571 0.14159236374991785 0.4587968990461837 0.1371626717270987 0.5663530033696241 0.2574460570258809 0.5713068677335975
0 0.3673359375000001 0.44435 0.2686822734536248 0.4398524387732022 0.26269407113885895 0.5712032019118387 0.3613477351852343 0.5757007631386366
0 0.6010612873753385 0.5401225508871095 0.23856553947111925 0.5228038011689368 0.22769787980577352 0.7502729015638867 0.5901936277099927 0.7675916512820594
0 0.4289970549198383 0.5891123641173427 0.35021875047578566 0.5877374727385144 0.34724669555594734 0.7580297961211717 0.4260250000000001 0.7594046875
0 0.4355000469734088 0.44569870257126487 0.3733750000000001 0.4446140625000001 0.37194214052659136 0.5266841099287352 0.43406718750000006 0.52776875
0 0.5527122975263861 0.45305289295032863 0.4407953125 0.4493343750000001 0.43813909137515994 0.5292791981328897 0.5500560764015461 0.5329977160832182
0 0.6025630676514455 0.455320375331819 0.5501995302580216 0.45362946724879494 0.5476636379163549 0.5321602252430971 0.6000271753097788 0.5338511333261212
0 0.7084590992184512 0.45808743492667653 0.6075463717114166 0.4563267904614481 0.6043544599929654 0.6392737305347718 0.7052671875000001 0.6410343750000002
0 0.8670732297414274 0.5217750229859617 0.8383296879757124 0.5212734102406145 0.837287708234285 0.5809811997546529 0.86603125 0.5814828125000001
0 0.8245882101448994 0.48522237498957327 0.7870344027286775 0.48456716072231387 0.7851524425837784 0.5924322857327408 0.8227062500000002 0.5930875000000001
0 0.8278606972868898 0.4629279355924999 0.7085428855195417 0.4592632270561068 0.7071637443905086 0.5041661436183452 0.8264815561578567 0.5078308521547383
0 0.12170711541932935 0.4912562473035667 0.09763278522884913 0.49083593702387696 0.09662254480951987 0.5487000022203103 0.12069687500000008 0.5491203125000002
0 0.2296828125000001 0.5823125 0.07994884292048479 0.5762918651918418 0.07309103042048475 0.746846552691842 0.2228250000000001 0.7528671875
0 0.3425620623516996 0.6308872868730483 0.23327968750000005 0.6272609374999999 0.2291035626483005 0.7531111506269517 0.33838593750000007 0.7567375000000001
0 0.8788782971469363 0.6078713365875549 0.7120578125000001 0.6021328125000002 0.7063267549711212 0.7687362422181874 0.8731472396180575 0.7744747663057421
0 0.7789213391726391 0.510084983222963 0.7071468750000001 0.5088312500000001 0.7057505358273611 0.5887697042770371 0.7775250000000001 0.5900234375000001
0 0.7035623138372903 0.6433735920993827 0.6129671875000001 0.6417921875000001 0.61077518616271 0.7673670329006175 0.7013703125000001 0.7689484375000001
0 0.605817793618088 0.5960568879250956 0.5227328125 0.5946062500000001 0.5197618938819121 0.7647649870749046 0.602846875 0.7662156250000001