0 0.26933593750000007 0.4337546875 0.2510156250000001 0.4337546875 0.2510156250000001 0.45321875 0.26933593750000007 0.45321875
0 0.2701392702485799 0.4342740102286067 0.14891168385134726 0.4309558412757803 0.14767553860276741 0.4761177685471737 0.26890312500000013 0.4794359375000001
0 0.26984982280701797 0.4579672152132389 0.14954332173360096 0.45511436486875584 0.146986643083132 0.562931118524216 0.26729314415654903 0.565783968868699
0 0.374940625 0.4356234375 0.2762647657798598 0.43284998916107875 0.27255595764087215 0.5648047923789422 0.37123181686101236 0.5675782407178633
0 0.6099736849952727 0.5259127854730592 0.24701250404294858 0.517027067497611 0.24143904872902194 0.7446899224652526 0.604400229681346 0.7535756404407008
0 0.43910156250000004 0.57935 0.3603328125000001 0.57935 0.3603328125000001 0.749184375 0.43910156250000015 0.749184375
0 0.4431 0.435746875 0.3809812500000001 0.435746875 0.3809812500000001 0.5174562500000001 0.4431 0.5174562500000001
0 0.5603822496849915 0.4406598340519282 0.4484562500000001 0.438896875 0.4471966466993214 0.5188660373471203 0.5591226463843129 0.5206289963990486
0 0.6102584691349761 0.44141918330145147 0.5578917306658433 0.4406422131467214 0.556726743952885 0.5191607432937372 0.6090934824220178 0.5199377134484673
0 0.7182234628713965 0.44314633590646524 0.6167333757861165 0.44199386397138546 0.6146755379147201 0.6232131530649202 0.716165625 0.624365625
0 0.8758250000000001 0.5015578125000002 0.8470859374999999 0.5015578125000002 0.8470859374999999 0.5610984375000002 0.8758250000000001 0.5610984375000002
0 0.8327203125 0.4660593750000002 0.7951703125 0.4660593750000002 0.7951703125 0.5737062500000002 0.8327203125 0.5737062500000002
0 0.8354924726077197 0.4434775969638399 0.7160100933636399 0.4425906050531552 0.7156766403017608 0.487508450097277 0.8351590195458407 0.48839544200796176
0 0.13022968750000005 0.4883640625 0.10615781250000005 0.4883640625 0.10615781250000007 0.5460890625 0.13022968750000008 0.5460890625
0 0.23975000000000013 0.5767312500000001 0.0899920793436316 0.5733278478805912 0.08611395434363157 0.7439747228805913 0.2358718750000001 0.7473781250000001
0 0.35342104989832934 0.6232965383522117 0.24412968750000008 0.621578125 0.24216020010167089 0.7468378366477885 0.35145156250000015 0.7485562500000001
0 0.8884401756711936 0.5871693359707097 0.722275 0.585321875 0.7204218212843262 0.752001318691716 0.8865869969555199 0.7538487796624258
0 0.7875046875 0.4921718750000001 0.7157375 0.49217187500000004 0.7157375 0.5716953125 0.7875046875 0.5716953125000002
0 0.7145015625000001 0.6272703125 0.623915625 0.6272703125 0.6239156250000001 0.7523203125 0.7145015625000002 0.7523203125
0 0.6159718750000001 0.582203125 0.5328953125 0.582203125 0.5328953125000001 0.7518796875 0.6159718750000002 0.7518796875