0 0.277246875 0.45008281249999993 0.2769043574431462 0.4305137474971813 0.2585859101599214 0.43083437547853365 0.25892842771677516 0.4504034404813522
0 0.27773970785811397 0.4310215079734821 0.15642812500000008 0.4297640625 0.15595872964188615 0.475048804526518 0.2772703125000001 0.4763062500000001
0 0.27784750909919864 0.4543318718481738 0.15748629249127494 0.4535781659352637 0.15681222428644498 0.5612218341357662 0.27717344089436863 0.5619755400486764
0 0.38254375000000007 0.4312609375 0.28380378971542114 0.4307469028633301 0.2831213165132103 0.5618419149001591 0.38186127679778925 0.562355949536829
0 0.6194233347769924 0.5188193196094215 0.2566159044826391 0.5141590519411728 0.25369095711728895 0.7418697142705224 0.6164983874116421 0.746529981938771
0 0.452178125 0.7440749999999999 0.44920607921338906 0.5737831999315252 0.37044374999999996 0.5751578125 0.373415795786611 0.7454496125684748
0 0.45213281250000004 0.5123 0.45069991985702834 0.4302296221479554 0.3885875 0.4313140625 0.3900203926429716 0.5133844403520447
0 0.5682372959402434 0.5133780528052163 0.5680304646875483 0.4333871899082361 0.4561171875 0.4336765624999999 0.4563240187526952 0.5136674253969802
0 0.6181676508236293 0.5125887219046155 0.6179628808263697 0.43401532364843887 0.5655822602853194 0.4341518326930098 0.5657870302825792 0.5127252309491863
0 0.7270640625000001 0.6160328125000001 0.7249583739768419 0.43365971872993 0.6237434620183695 0.43482835097758005 0.6258491505415277 0.6172014447476502
0 0.8856203125000001 0.5509078125 0.8845767535029887 0.49119774838722563 0.8558390625 0.49169999999999997 0.8568826214970112 0.5514100641127744
0 0.842734375 0.5640171875000001 0.8408508520297338 0.4561506608885858 0.8033046879762731 0.4568062772754454 0.8051882109465394 0.5646728038868598
0 0.843530878377879 0.4786806778593028 0.8433436298159996 0.4337552085053454 0.7239965803323789 0.4342526448972568 0.7241838288942584 0.4791781142512142
0 0.1397625 0.5445734375 0.13875062908914595 0.4867072655809873 0.11467963382696231 0.48712818058354185 0.11569150473781638 0.5449943525025545
0 0.2498156250000001 0.57394375 0.09999447471790313 0.573153781191929 0.09909447471790313 0.7438428436919289 0.2489156250000001 0.7446328125
0 0.36451875 0.7444671875 0.3643000248988818 0.6185460452929352 0.254978125 0.6187359375 0.25519685010111826 0.7446570797070649
0 0.8995888811478373 0.7430931393349446 0.8990611075716533 0.5763913969360054 0.7324921874999999 0.5769187499999999 0.7330199610761838 0.7436204923989391
0 0.7974828125 0.56253125 0.796089646586006 0.4825946253925456 0.7243281249999999 0.4838453125 0.7257212909139938 0.5637819371074545
0 0.7276328125000001 0.7440046875 0.7254408113650836 0.6184298536929187 0.6348640624999999 0.6200109375 0.6370560636349164 0.7455857713070813
0 0.6290968749999999 0.7447125 0.6261259395546348 0.5745512321972615 0.5430562504761597 0.5760015897721992 0.5460271859215249 0.7461628575749377