0 0.6989462965699367 0.7406744440334185 0.693159259254373 0.4802577776404312 0.5608675923811911 0.4831975926044162 0.5666546296967547 0.7436142589974036
0 0.37126111066488315 0.25187814875801984 0.36915462932188314 0.157086480289826 0.1795712966057905 0.16129944288204176 0.18167777794879053 0.25609111135023566
0 0.6032055559496519 0.37178555525044577 0.600913889311971 0.2686605549600919 0.494663888289964 0.27102166605740224 0.49695555492764487 0.3741466663477562
0 0.2697551409706619 0.514406251098381 0.2688984816390438 0.36520783162791703 0.2148274558915093 0.36551829368871624 0.21568411522312742 0.5147167131591803
0 0.6960865613925268 0.42330090235209566 0.6948788140625 0.26544355625 0.6174840818955435 0.2660356939201235 0.6186918292255703 0.4238930400222192
0 0.6581694198892561 0.46765578766645205 0.6576899253918727 0.4283804996790369 0.61917259375 0.428850740625 0.6196520882473835 0.4681260286124151
0 0.6974368515625 0.4663975921875 0.6969644097206473 0.4278368264527807 0.6634043703124999 0.42824799999999985 0.6638768121543526 0.4668087657347192
0 0.6063032593750001 0.46766074062499996 0.6056481713373749 0.3759386207027299 0.3779735775873748 0.37756469414023003 0.378628665625 0.4692868140625001
0 0.658341221875 0.2466291484375 0.6573513704386591 0.20208581562219652 0.6075830375 0.20319177812500003 0.6085728889363409 0.2477351109403035
0 0.7528363785542126 0.24522155126175718 0.750365877967447 0.15058153475817754 0.6593756103507343 0.15295676162142038 0.6618461109374999 0.247596778125
0 0.6582313909858586 0.24678396321039592 0.6570088067719031 0.15300619987589542 0.37503449644263326 0.1566823095237644 0.3762570806565887 0.2504600728582648
0 0.7039412968826221 0.14672033315549446 0.7006185062282254 -0.00280525903135227 0.5743818390331035 6.532580032470036e-13 0.5777046296875 0.1495255921875
0 0.5718109265685776 0.14798907527349023 0.5684591125561148 -0.0028425919151217074 0.4405424453125 0 0.44389425932496274 0.15083166718861193
0 0.438843815625 0.149273075 0.43546636020757684 -0.0027124076478001217 0.313408025 -1.3877787807814458e-18 0.31678548041742316 0.15198548264780012
0 0.308428815625 0.15217118593749998 0.30498571755262255 -0.002768185955466992 0.18041738281249997 -6.938893903907229e-19 0.18386048088487744 0.15493937189296697
0 0.7043859250170342 0.9053932601415452 0.7008558890625001 0.7465415921874998 0.5663908890454656 0.7495297023584545 0.5699209249999998 0.9083813703124998
0 0.6645245922017026 0.7433886678266076 0.6620198515625001 0.6306753328125001 0.5657798515482975 0.6328139993608924 0.5682845921874999 0.745527334375
0 0.3742190375000001 0.4702268890625 0.37221222244946583 0.37992022186223406 0.2601555546875 0.3824103703125 0.26216236973803425 0.47271703751276595
0 0.41823340625000005 0.373623259375 0.4159483330939063 0.2707949265562465 0.25840833281250003 0.2742958140624999 0.2606934059685938 0.37712414688125345
0 0.492726334375 0.3726248515625 0.49044125936202365 0.26979651816606337 0.422552925 0.27130514843750003 0.4248380000129764 0.3741334818339367