0 0.7096314054466222 0.7923949887112076 0.7080433561398352 0.5426895649581105 0.5813474944097476 0.5434953114748229 0.5829355437165347 0.7932007352279201
0 0.40406099918710703 0.3214385718949479 0.4027635487446184 0.2306236783529962 0.22055477622278263 0.23322685106303812 0.22185222666527124 0.3240417446049898
0 0.6243543192802197 0.43806555258139374 0.6229407465422556 0.33926777006043846 0.5204306278644445 0.3407344579296493 0.5218442006024085 0.43953224045060457
0 0.3024407745632525 0.5721672262575896 0.3021256296686167 0.4291057960757768 0.25021629526150574 0.42922014528717184 0.2505314401561415 0.5722815754689847
0 0.7129499109374999 0.33690133750000006 0.6388561113335489 0.3362939713432629 0.6376116778682992 0.4881048728429621 0.7117054774722502 0.4887122389996993
0 0.6748740525108936 0.4929996271759573 0.6379973968749999 0.4928657203125001 0.6378607598424044 0.5304942381348174 0.6747374154782981 0.5306281449982746
0 0.7124805766355252 0.49274143492870415 0.6803486921875 0.4926261156250001 0.6802167385167085 0.529392901116935 0.7123486229647337 0.5295082204206392
0 0.6253318877832759 0.5299454470027667 0.6252626913872728 0.4420170308169281 0.4070408595335241 0.44218876328918766 0.4071100559295272 0.5301171794750263
0 0.6785972349064907 0.3185980252479089 0.6779883671875 0.27592271875 0.6299923275935092 0.2766074997520911 0.6306011953124999 0.31928280625
0 0.7686677185104026 0.31882846073918514 0.7679093944451741 0.22789204343661865 0.6808413087472717 0.22861810925993348 0.6815996328125001 0.3195545265625
0 0.678594998282043 0.3186800609268752 0.6780227546875001 0.22890553749999998 0.40773961035252293 0.23062838483078624 0.4083118539470658 0.32040290825766143
0 0.7234351984013648 0.22419940590667356 0.7224673765625 0.07184569999999998 0.6015703508166378 0.07261369432658585 0.6025381726555026 0.22496740023325942
0 0.5969283543359902 0.22442041200245733 0.5959543140625 0.0712552125 0.47344999253900955 0.07203426768504267 0.4744240328124999 0.2251994671875
0 0.4696167507858676 0.224598004988131 0.46864303593749995 0.0714784171875 0.3517507804641323 0.07222175594936898 0.3527244953125 0.22534134374999998
0 0.3447277937875739 0.2264012778885617 0.34375395781250007 0.07326239531249999 0.22445471714992613 0.07402103929893829 0.225428553125 0.227159921875
0 0.7123421648766184 0.9510492238051482 0.711369115625 0.7978224593749998 0.5825935569983816 0.798640234007352 0.5835666062499999 0.9518669984375002
0 0.6766412020510317 0.795257738482767 0.6759483375000002 0.6865316531250001 0.5837787948239684 0.687119009954733 0.584471659375 0.7958450953125
0 0.4035611088428735 0.530630768121956 0.40232348740534035 0.44411293307308713 0.29432460824996687 0.44565783682613114 0.29556222968750007 0.532175671875
0 0.4472558711356284 0.43842166699285307 0.445848065625 0.33990926562499996 0.2942015069893716 0.34207639238214693 0.2956093125 0.44058879375000004
0 0.5178069592609729 0.4385585105531429 0.517177340625 0.3395177484375 0.45215986261402713 0.3399310753843571 0.45278948124999996 0.4389718375