0 0.4112655909928987 0.558274008675119 0.2832923397794226 0.5574650567263587 0.28168734665819717 0.8113691213784922 0.40966059787167336 0.8121780733272523
0 0.780565958886476 0.27389472273706056 0.5916537552438107 0.25998863688121576 0.5849272632459697 0.351367076455772 0.7738394668886349 0.3652731623116167
0 0.47849972391802414 0.3647328239355332 0.36928631845082466 0.3566941924737488 0.3619691909752426 0.45610519466298677 0.47118259644244215 0.46414382612477123
0 0.7452405015625001 0.6144346953125 0.7438687525181694 0.4683305940812625 0.6917200547113435 0.46882021022329246 0.6930918037556741 0.61492431145453
0 0.35368780156249996 0.506314659375 0.35315339422842695 0.3486535318542591 0.27834651093749996 0.348907096875 0.278880918271573 0.5065682243957408
0 0.35415295 0.5492110750000001 0.35401718492840806 0.5090162342875895 0.3167910984375 0.509141971875 0.31692686350909194 0.5493368125874106
0 0.3112724382484299 0.5069254195027504 0.2788209562500001 0.50671795625 0.27857628859538275 0.5449889651354465 0.3110277705938125 0.5451964283881969
0 0.5933045226128237 0.4762724481854891 0.36695556749975256 0.46006882148941974 0.3605922380334186 0.5489583647232392 0.5869411931464897 0.5651619914193086
0 0.36465283789478975 0.293077531063086 0.3136463921875 0.28932297500000004 0.31048559427989303 0.33226308939892046 0.3614920399871827 0.3360176454620064
0 0.3100001796875 0.33323824375 0.3092088954843014 0.2381357180329859 0.22208076891294376 0.23886065262005823 0.22287205311614233 0.33396317833707234
0 0.592064552642637 0.2608811783461996 0.3136116734375 0.24176534062500005 0.3074177583485744 0.3319896622172872 0.5858706375537114 0.35110549993848683
0 0.39084986278993 0.08102127445323729 0.2687369406250001 0.08024659531250003 0.2677137918975701 0.24152585835926277 0.3898267140625 0.24230053750000002
0 0.5202107165676886 0.08800807283642637 0.3964742883665227 0.08722229507986223 0.395444276486334 0.24941827224343593 0.5191807046875 0.25020405000000007
0 0.6430839146494856 0.09581734047031769 0.5250160690617455 0.09506877125631565 0.5239901356622599 0.256883796410998 0.64205798125 0.257632365625
0 0.7716144411412189 0.10511414323580537 0.6511153281250001 0.10434892500000006 0.6500867057337809 0.2663263583266948 0.7705858187499999 0.2670915765625001
0 0.4100132759111704 0.8160257211542328 0.27994260311509167 0.8152008609374372 0.2789112397039214 0.9778346382207044 0.40898191250000016 0.9786594984375
0 0.40879935772046017 0.7053455578712651 0.31570290162131276 0.7047558933984949 0.31497164390085286 0.82020714646473 0.4080681000000002 0.8207968109375002
0 0.7061806588219912 0.4843470578998087 0.5919789718749999 0.47594182656250006 0.5855717427405087 0.5629967030376914 0.6997734296875 0.5714019343750001
0 0.7070215344772727 0.37963967394444625 0.5480332140625 0.3679379218750001 0.5407375668896848 0.4670617696083066 0.6997258873044574 0.4787635216777527
0 0.5416850111091087 0.36368910651986486 0.4760136180601403 0.3632722231950701 0.4753532319510317 0.46730247136270525 0.541024625 0.46771935468750003