0 0.4679502835150622 0.43737257789358364 0.46506372519064276 0.31349562108719414 0.2196949968916014 0.3192131585815222 0.22258155521602077 0.44309011538791176
0 0.7660960591191515 0.6032723984533299 0.6773623789182829 0.6006899423812769 0.67206625949278 0.7826656098452383 0.7607999396936485 0.7852480659172911
0 0.6629737809118292 0.3909237374406758 0.5664400627082036 0.3881149047988416 0.5633990208296786 0.49262917004009993 0.6599327390333042 0.4954380026819341
0 0.57076216920588 0.7565499674572902 0.5687921743419843 0.7060822705782861 0.42781125513610424 0.7115854281209958 0.4297812499999999 0.7620531249999999
0 0.6689878916021893 0.3751347710059313 0.666596875 0.30273281249999995 0.5151574208978107 0.3077339789940686 0.5175484375 0.38013593749999997
0 0.5144159722914878 0.38054964483418435 0.5132265625 0.3445203125 0.47487777770851214 0.3457862926658156 0.4760671875 0.38181562499999994
0 0.5146687818361995 0.3391284026046534 0.5139390625 0.30771562499999994 0.47726684961340177 0.30856752110359725 0.4779965689496012 0.33998029870825064
0 0.5628610733960179 0.3916317762184427 0.47655454494955124 0.38929416064224426 0.47064359536292333 0.6075308732301916 0.5569501238093899 0.6098684888063901
0 0.7257609375 0.33517656250000016 0.6840636418309747 0.33396310849858074 0.6826422796874029 0.3828046447116927 0.7243395753564282 0.38401809871311204
0 0.7745152650794552 0.3294379768286537 0.7713141067628759 0.24511706256204097 0.6799160291834208 0.24858689823338728 0.6831171875000001 0.33290781250000007
0 0.7717703125 0.33377968750000003 0.6841829511801159 0.33166387538745207 0.6776928613399081 0.6003313248559298 0.7652802226597923 0.6024471369684778
0 0.9288579405956714 0.40393862448492557 0.9261062499999998 0.285734375 0.7717779969043285 0.28932700051507443 0.7745296875 0.40753125
0 0.9276374996051556 0.5292929538973639 0.9248499991541828 0.4095171511561674 0.7696578120490271 0.4131288847588035 0.7724453125 0.5329046875000001
0 0.9254468730009426 0.6483918073074981 0.9227859019867422 0.5341031622063819 0.7678812164857998 0.5377097923988837 0.7705421875 0.6519984375000001
0 0.9219442585922811 0.7730092965847 0.9192296874999999 0.6563671875 0.7642026164077188 0.6599750784153 0.7669171875 0.7766171875000001
0 0.2184688019527529 0.4435510288286559 0.2155375 0.31764375 0.06001244804724707 0.3212645961713442 0.06294374999999999 0.4471718750000001
0 0.32602679109369415 0.4391915158472073 0.32392805141377806 0.3490749653244337 0.21353407282008394 0.35164594947722644 0.21563281250000005 0.4417625
0 0.5571796875000001 0.6098062500000001 0.47264449116315765 0.6073469528477005 0.4694593750000001 0.71683125 0.5539945713368426 0.7192905471522997
0 0.6597812500000002 0.5641937500000002 0.5635263933414382 0.5613933643180915 0.5590827670799322 0.7141296861785736 0.6553376237384942 0.7169300718604823
0 0.6626780154976437 0.5579521187121397 0.6611984366540092 0.49438277615244414 0.5614641711563654 0.4967040949403043 0.5629437499999999 0.5602734374999999