0 0.4042137944322171 0.1644411678273109 0.27131116915713016 0.16127547265840422 0.2650293505955493 0.42499959446771174 0.3979319758706362 0.4281652896366183
0 0.7723318190166604 0.7358980408213246 0.7683534382589452 0.6407643142895328 0.571895487518308 0.6489799551502483 0.5758738682760233 0.7441136816820401
0 0.4615190635279259 0.6316058709139337 0.4571915635338101 0.5281090271289547 0.34368843820517697 0.5328549184646582 0.34801593819929283 0.6363517622496372
0 0.7464561406250001 0.3810343265625001 0.6923224373245062 0.3788923546739696 0.686321253924582 0.5305592758706879 0.7404549572250759 0.5327012477592185
0 0.33651189375000007 0.48044016875000006 0.2588428189825863 0.47783299796892365 0.2533507078125001 0.641446059375 0.3310197825799138 0.6440532301560763
0 0.3383390000000001 0.4359033296875 0.299687060709666 0.43460742916995027 0.29828959687500006 0.4762886281250001 0.3369415361653342 0.47758452864254985
0 0.2934382086842913 0.43864126567234285 0.25973439865356857 0.4378380815167727 0.2587878578125001 0.47755753125 0.29249166784322284 0.4783607154055701
0 0.583602580774206 0.5210740214807237 0.5806325499042508 0.42874434739398587 0.3458503220813505 0.43629674559367837 0.34882035295130576 0.5286264196804161
0 0.3411496962824952 0.7022773025176721 0.33927960462497997 0.6575733641304793 0.2862661489674848 0.6597910663003074 0.28813624062500004 0.7044950046875
0 0.2857260500000001 0.6587638203125 0.19527744074100079 0.6552812354300316 0.19147767898073248 0.7539674637146369 0.2819262882397318 0.7574500485971053
0 0.5761943983593423 0.7432072703980069 0.5727298231818898 0.6492877972083647 0.28314447326004755 0.6599702486853578 0.2866090484375 0.753889721875
0 0.36576087500000015 0.755841921875 0.2389394741363314 0.752821623329152 0.23495400156250015 0.9201703828125 0.3617754024261689 0.9231906813583478
0 0.5003209421875001 0.7518927921875 0.3718134606405291 0.7488324586002173 0.3678055937500001 0.917128125 0.4963130752969711 0.9201884585872827
0 0.6281396218750002 0.7482225578125001 0.5055191996832604 0.7453024135427567 0.5015204687508857 0.913214006212811 0.6241408909426255 0.9161341504825543
0 0.7618892125000002 0.7426281250000002 0.6367421799602212 0.7396478107634777 0.6327395218750003 0.907724309375 0.7578865544147793 0.9107046236115226
0 0.408527840625 5.134781488891349e-17 0.27344026758635864 -0.0032184993150416756 0.2696183854542672 0.1571943922618171 0.40470595849290864 0.16041289157685884
0 0.4028289718750001 0.15560156562500008 0.30614456575308535 0.1532979007242808 0.3032905064593451 0.27308226162063065 0.39997491258125983 0.2753859265213499
0 0.7016900265173227 0.5148657158725375 0.6978984616397004 0.42423348308543696 0.5791914194973775 0.42919954690039946 0.582982984375 0.5198317796875
0 0.6992636608032609 0.6236483699032737 0.6949473031250001 0.5204475265624999 0.5296507438842393 0.5273610269717264 0.5339671015625 0.6305618703125
0 0.5298174500000001 0.5266939218750001 0.4616139100496433 0.5250693697562572 0.4590422453125001 0.6330355203125001 0.5272457852628569 0.6346600724312431