0 0.5012784891777324 0.7959001641906297 0.48807196919316614 0.5412030730412092 0.36078338492342177 0.547803223927814 0.3739899049079881 0.8025003150772345
0 0.84360885938228 0.2576178267441484 0.6508770543709419 0.2461966823619512 0.6454766408871121 0.3373286568572985 0.8382084458984502 0.3487498012394957
0 0.5483831288117545 0.3526792748767866 0.4348454858804745 0.34595111765388287 0.4289703103293251 0.445094696168107 0.5425079532606051 0.4518228533910107
0 0.8244518640624999 0.598055615625 0.8145290776676365 0.45118655670305435 0.7627408316077624 0.454685480895725 0.7726636180026258 0.6015545398176706
0 0.4279543484374999 0.4956237281250001 0.41805551495575904 0.3348845906158623 0.34371918749999997 0.33946246093750004 0.3536180209817409 0.5002015984466378
0 0.430910453125 0.5384625687500001 0.4283401176647197 0.49669312759429163 0.39134604531249995 0.4989696046875 0.39391638077278035 0.5407390458432084
0 0.38768498122313766 0.5347600688811072 0.38564478074195235 0.49541335135507153 0.353365196875 0.49708710781250004 0.3554053973561853 0.5364338253385357
0 0.6687813380794174 0.46242509113661623 0.4385346359685043 0.4492432595579593 0.43345898626086476 0.5378994982058888 0.6637056883717779 0.5510813297845457
0 0.42837253388856694 0.2825794178610447 0.3754367875 0.27944248593750004 0.37289909267393295 0.32226610245145537 0.42583483906249997 0.32540303437500007
0 0.37435501718749997 0.3233605624999999 0.3679220874865054 0.22661956320049903 0.2813855931061594 0.2323739299007627 0.28781852280715403 0.3291149292002636
0 0.6551722822998088 0.24728706122754276 0.37263756406250004 0.23193863906250006 0.3677486190391097 0.3219346458056093 0.6502833372764185 0.33728306797065205
0 0.44862156562500005 0.23138922343749996 0.4399909744162622 0.06494210775493595 0.31852839999999993 0.0712401671875 0.3271589912087377 0.23768728287006402
0 0.577995996875 0.23744790937500002 0.5693140812559992 0.07001095702773183 0.44623504218750004 0.0763928328125 0.4549169578065008 0.24382978515976822
0 0.7008847796875 0.24311904375 0.6922355221029941 0.07631194166942307 0.5747932624999998 0.08240154062500002 0.5834425200845057 0.24920864270557694
0 0.8295218765625002 0.25074198281250004 0.8208586620997005 0.08366571237850721 0.7010013265625 0.0898805375 0.7096645410252995 0.2569568079339929
0 0.5105132031249999 0.9666487578124998 0.5017944564861162 0.7985015058443456 0.37241473125 0.8052100843750001 0.38113347788888374 0.9733573363431542
0 0.5004257828124999 0.8089770484375002 0.4942347730702557 0.6895789904587865 0.4016344328125 0.6943804890625 0.4078254425547443 0.8137785470412137
0 0.781783942194291 0.46889647496628595 0.6636655921875001 0.4618968687500001 0.658520695305709 0.5487170000337144 0.7766390453125 0.5557166062500002
0 0.7770674013652611 0.36432551770376437 0.6135912187500001 0.3546380406250001 0.6077329455097392 0.45349640573373584 0.7712091281250002 0.46318388281250017
0 0.6124065953125 0.45440689375000004 0.6068692573865759 0.3476153569645177 0.5415483640625 0.351002365625 0.5470857019884241 0.45779390241048235