0 0.7768170529118211 0.6033004527851229 0.5004360046646831 0.5812187973597959 0.48975026743863054 0.7149648956003509 0.7661313156857685 0.737046551025678
0 0.25877638599344016 0.3742250732168186 0.2567783591960696 0.17529780252106403 0.16047110588024965 0.17626511319814292 0.16246913267762025 0.3751923838938975
0 0.3882293172810461 0.6177325899243186 0.38706564877859534 0.5017448176305379 0.2822920776258114 0.5027959776125657 0.28345574612826213 0.6187837499063463
0 0.525677736137794 0.23151951497425544 0.3695017203125 0.22150746875000005 0.3659950541479295 0.2762072911584522 0.5221710699732235 0.28621933738270766
0 0.4483178470238157 0.6378989963426877 0.28277266875 0.6262899562500002 0.27727762650765014 0.7046493847961175 0.4428228047814658 0.7162584248888051
0 0.48941129305706427 0.6404445023254213 0.44674267343750007 0.6374505968750002 0.44400652673420654 0.6764456836736604 0.4866751463537707 0.6794395891240816
0 0.4901435898066646 0.6859120373617411 0.4475824109375 0.682512053125 0.44487289924823886 0.7164298608632116 0.48743407811740347 0.7198298450999527
0 0.4857596234375001 0.62660439375 0.4797539205504885 0.38699428279804393 0.38673368588410456 0.38932578663011064 0.39273938877111625 0.6289358975820667
0 0.2628591203125 0.666709040625 0.26231012863191966 0.6119615069111455 0.21705460156249998 0.6124153156250001 0.21760359324308035 0.6671628493388545
0 0.2704500927800399 0.6707629552178365 0.16771463906250006 0.6640671062500001 0.16175958676224275 0.7554364013039029 0.2644950404797827 0.7621322502717393
0 0.2629254214959996 0.662014424622029 0.25733578939726065 0.37087218977849096 0.16216356425260797 0.3726993988224239 0.16775319635134703 0.663841633665962
0 0.17302783472834132 0.5797234657699609 0.0008612671875000699 0.5659673578125 -0.009336060414557857 0.6935934928184839 0.16283050712628339 0.7073496007759448
0 0.17011628271935725 0.44338489743042986 5.551115123125783e-17 0.4297924484375 -0.010333018656857141 0.5591153338195701 0.15978326406250004 0.5727077828125
0 0.1665884215174154 0.31381395608910395 3.608224830031759e-17 0.300503396875 -0.009859644954915304 0.42390187047339606 0.15672877656250006 0.43721242968750007
0 0.16546028346620917 0.17847789650448656 1.9428902930940238e-17 0.16525747656250003 -0.010062799104101522 0.29119852832442883 0.15539748436210765 0.3044189482664153
0 0.9446510254324598 0.6163075951136693 0.7708780421874999 0.6024248578125 0.76001737456754 0.738369993948831 0.9337903578125 0.7522527312500003
0 0.7756299901906327 0.6048203903291973 0.6522546640625001 0.59496409375 0.6444816363718677 0.6922622846708029 0.7678569625000002 0.70211858125
0 0.48075335781249995 0.39012780937499997 0.47952471349991416 0.2677650034007374 0.3877742984842868 0.26868626885136837 0.38900294279687264 0.3910490748256309
0 0.384032015625 0.4293446328125 0.3823277993863515 0.2595259378253746 0.277853759375 0.2605743875 0.2795579756136485 0.43039308248712543
0 0.3909444304878697 0.43660139250367597 0.2801987187500001 0.4277532328125 0.2747149332705757 0.4963896212970217 0.38546064500844535 0.5052377809881976