0 0.9904621203792281 0.46206657217394875 0.9866065687500001 0.33194170468749995 0.9565383874332719 0.33283261376355117 0.9603939390624999 0.46295748124999986
0 0.9269371780184483 0.3957259170853191 0.9214674937500001 0.21112407499999994 0.8447421922940517 0.21339741728968087 0.8502118765625 0.397999259375
0 0.8446298884524351 0.4034118172700025 0.8368614687499999 0.21603251874999999 0.6694231474850648 0.22297422022999744 0.6771915671875 0.41035351875000003
0 0.6729898027051285 0.4124698474876591 0.6659058390625001 0.22884740625000002 0.5585760722948716 0.23298807751234102 0.5656600359375001 0.4166105187500001
0 0.5533408858566667 0.4213056833310769 0.545325025 0.23406637031249997 0.47247338601833333 0.23718520573142307 0.48048924687500005 0.42442451874999987
0 0.47358286057538435 0.4243969098085073 0.460696196875 0.23916274062500004 0.27435122536211576 0.25212668237899283 0.28723788906250003 0.43736085156250015
0 0.27763576618259933 0.4410077259462681 0.267525740625 0.2548858140625 0.09016497444240071 0.26451993967873194 0.100275 0.4506418515625
0 0.08103744007856721 0.5313904871751156 0.077039753125 0.39646859375 0.04705994273393276 0.39735688469988434 0.05105762968749998 0.532278778125
0 0.18880407023189247 0.5066046340213648 0.18743546875 0.4604143328125 0.15362064534685188 0.4614162534800058 0.15498924682874435 0.5076065546888706
0 0.15057357971517077 0.5081967629467441 0.1481545296875 0.46505729687499997 0.09894712184732926 0.4678166073657558 0.101366171875 0.5109560734375
0 0.1907436272799135 0.5628369107147466 0.1879531108501324 0.5130872953174006 0.10338753200771889 0.5178306814776541 0.10617804843750003 0.5675802968750001
0 0.1955480360577157 0.649123816425233 0.19094095660160054 0.5670105947100954 0.10448293304388483 0.5718614454723624 0.10909001250000001 0.6539746671875
0 0.3124938709780146 0.6419107396648703 0.308372975 0.50283051875 0.20100423995948535 0.5060118150226296 0.2051251359375 0.6450920359375
0 0.307909705772318 0.4993048412305727 0.30650767968750003 0.4519864453125 0.2695548123763418 0.45308134472474465 0.2709568384611598 0.5003997406428174
0 0.26505356594512375 0.5012273725982207 0.2637277531250001 0.4564811859375001 0.23165535965757517 0.45743147899271797 0.2329811724776989 0.5021776656534386
0 0.22780133287554388 0.5035960765588532 0.2264568390625 0.4582194437499999 0.1971706671244561 0.45908718281614674 0.1985151609375 0.504463815625
0 0.5562508445644989 0.4864859809499114 0.5533814453125001 0.43534014843750013 0.4973452538730013 0.43848390811258886 0.5002146531250002 0.48962974062500014
0 0.49721854365628626 0.49083177587169685 0.4938617531249999 0.44007988906250006 0.31860367821871366 0.4516716678783032 0.32196046874999995 0.5024235546875
0 0.5636316950879035 0.6200327652776817 0.5537313989775324 0.4866378602114808 0.3191997648271289 0.5040443168087989 0.3291000609375 0.6374392218749999
0 0.6292798153568416 0.5738339041306371 0.6272306671874999 0.5373013703124999 0.5632172971431582 0.5408919474318629 0.5652664453124999 0.57742448125
0 0.6297680861661388 0.6149916545495703 0.6277768640624999 0.5795042968749999 0.5627524685213611 0.5831528642004294 0.564743690625 0.6186402218749999
0 0.7493864969479977 0.6051330906337208 0.7414415796875 0.47086296250000004 0.5580845116475721 0.48171241021374545 0.5660294289080698 0.6159825383474662
0 0.9356824123817148 0.4558372343152672 0.9341835796875 0.4052516296875 0.892350240743285 0.4064911359972327 0.8938490734374998 0.4570767406249999
0 0.8885972835945362 0.4565737795470316 0.8872065296875 0.409635853125 0.8512991226554639 0.4106997767029683 0.8526898765625001 0.4576377031249999
0 0.939779779004524 0.5058029019955357 0.9371836046874998 0.45952818593750006 0.8523677397454756 0.4642866542544642 0.8549639140624998 0.5105613703124998
0 0.9449841271408637 0.5917209820188816 0.9404561109375003 0.5110039625 0.8536841072341368 0.5158716476686184 0.8582121234375002 0.5965886671875
0 0.8500060455461984 0.6005583645131743 0.8402153578125 0.41331811093750004 0.7436671888288015 0.41836656048682574 0.7534578765624999 0.6056068140625
0 0.7424925518672816 0.46696425327735414 0.7400134629354898 0.42277811493018563 0.5573781954432082 0.43302497259033146 0.559857284375 0.47721111093749996