0 0.5933344908263546 0.08731961682239134 0.46682293281250004 0.07982263593750004 0.46512492323614546 0.10847654880260879 0.59163648125 0.1159735296875001
0 0.7181420039136325 0.15353548237667414 0.5366406937499999 0.14277984843750008 0.5323077179613673 0.21589880981082596 0.7138090281249999 0.22665444375000007
0 0.7267615753915003 0.23518018354655004 0.5395329421875 0.22187950468750003 0.5282162698484761 0.38118002738309814 0.7154449030524764 0.39448070624214815
0 0.723559883532077 0.39862440971042035 0.5428644062500001 0.3863056328125 0.5359000305726431 0.48846116313987736 0.7165955078547201 0.5007799400377977
0 0.7269063959275228 0.5142013657782845 0.5428210499999999 0.5008762984375 0.5378049317274207 0.5701737994411047 0.7218902776549436 0.5834988667818892
0 0.7366452635138407 0.5958880616800457 0.544557815625 0.5819884859375001 0.5320323958611592 0.7550855617574544 0.7241198437499999 0.7689851375000001
0 0.7398531475995129 0.7813219207154778 0.546983871875 0.765155378125 0.5328659212345579 0.9335846448960103 0.7257351969590708 0.9497511874864882
0 0.6062596019301829 0.9590248855053802 0.4751563609375 0.9512558046875 0.4734632480698173 0.97982708480712 0.6045664890625002 0.9875961656250002
0 0.5363926221739193 0.8512091487752638 0.49010784531249996 0.848466346875 0.48819824345108087 0.8806908746622364 0.5344830203125002 0.8834336765625
0 0.533674453125 0.9347203890624998 0.5321999166570697 0.8849548191225146 0.4908983437499999 0.8861785703124999 0.49237288021793013 0.9359441402524851
0 0.4854897171874999 0.9288702640625001 0.48299898530181284 0.8448081020016428 0.4353706531250001 0.8462193125 0.43786138501068717 0.9302814745608574
0 0.43371775 0.9254658265624999 0.4311158364875296 0.8376512395741905 0.3525053484375 0.8399804390624999 0.35510726194997033 0.9277950260508092
0 0.49216045493877614 0.7342300245115561 0.3524658984375001 0.725951828125 0.34640223724872393 0.828276105175944 0.48609679375 0.8365543015625001
0 0.5349491113313273 0.7371069025199353 0.48739455625000006 0.7342888546874999 0.48530754491867273 0.7695071693550646 0.5328621 0.7723252171874999
0 0.5337456418702146 0.7780401374105367 0.4889487046875002 0.7753855046875 0.4871373190672858 0.8059526438394636 0.5319342562500002 0.8086072765625001
0 0.5349046912026425 0.8137729301799836 0.4896702156250002 0.8110923687500001 0.48801627598485775 0.8390026010700167 0.5332507515625001 0.8416831625000002
0 0.5290250375000001 0.5527312859375 0.5273423288678419 0.49593987087148905 0.47837726875 0.4973906875 0.4800599773821581 0.554182102566011
0 0.529736434375 0.723128753125 0.5277812829195071 0.5535426524925535 0.47905624218750004 0.5541044015625001 0.48101139364299295 0.7236905021949466
0 0.4809594125 0.7195701109375 0.47543370517917144 0.4854952312202829 0.3474311563633666 0.4885169336000115 0.3529568636841952 0.7225918133172287
0 0.42572508593749986 0.4869368124999999 0.4238416884167645 0.4233721346742163 0.388868465625 0.4244083781249999 0.3907518631457353 0.4879730559507835
0 0.38536240781250003 0.4862113468749999 0.3834521567460517 0.42174041395823475 0.3494778953124999 0.42274705937499996 0.3513881463789482 0.4872179922917651
0 0.4818914687500001 0.49226486718749995 0.47778578916569237 0.30521387006756096 0.3490834328125 0.308038825 0.3531891123968077 0.4950898221199389
0 0.528546035545421 0.13564414097522437 0.47756932968750004 0.13262329843750004 0.47520669257957915 0.17249279027477576 0.5261833984375001 0.1755136328125001
0 0.5277064701164994 0.18060946116824614 0.4805779781249999 0.17781666093750007 0.4785501970710005 0.21203545758175396 0.5256786890624999 0.2148282578125001
0 0.47523374843750005 0.21116439531250003 0.4727420904533541 0.12707098138195927 0.4284404437499999 0.1283836234375 0.43093210173414587 0.21247703736804074
0 0.4257826515625 0.20756739999999999 0.42317422631255175 0.11953304442427752 0.345898875 0.12182268437499999 0.34850730024994825 0.2098570399507224
0 0.5333431751234851 0.22613401865930763 0.34754102500000006 0.2109359484375001 0.340038981048839 0.3026512699292069 0.525841131172324 0.3178493401510144
0 0.5293246359375 0.49540740781250003 0.5240577566463064 0.31765018823479774 0.48175562656249993 0.318903584375 0.4870225058536935 0.49666080395270223