0 0.5020787858754744 0.9364615531478304 0.501867475 0.9079345875000001 0.3779081688120257 0.9088528046646696 0.37811947968750004 0.9373797703124997
0 0.4384565745620515 0.8785769285652509 0.4379173703125 0.8057843640625002 0.26158298325044854 0.8070905448722492 0.2621221875 0.8798831093749999
0 0.44599296875000005 0.6413607843750001 0.2652348072403244 0.6410888357886889 0.2649956965453125 0.8000203831591388 0.44575385805498835 0.8002923317454501
0 0.4495793593750001 0.535430765625 0.2736986353609089 0.5351785491382046 0.27355254440096677 0.6370536649682592 0.44943326841505804 0.6373058814550547
0 0.45519834687500005 0.454430953125 0.2760985466458039 0.45407772092098053 0.27596215645952843 0.5232318207940985 0.45506195668872457 0.5235850529981179
0 0.4633999296875001 0.27081181406250004 0.28035033925925 0.2693976708617014 0.27901554218750013 0.44217653593749995 0.4620651326157502 0.4435906791382986
0 0.47206100625 0.09314082343750006 0.29777479614923386 0.08518603313833635 0.289862728125 0.25853621562500007 0.4641489382257662 0.26649100592416375
0 0.5486871666043884 0.07206868639507534 0.5484764765625 0.0436255625 0.41996427558311167 0.04457750579242467 0.42017496562500006 0.07302062968750002
0 0.5274962913862731 0.1750805571866637 0.5272586499885122 0.14299899063665916 0.4829313461022392 0.14332734126249544 0.48316898750000004 0.17540890781250001
0 0.52930668125 0.09205707812500005 0.48834801422019164 0.09067141720915775 0.48674634218928636 0.1380151436972 0.5277050092190947 0.13940080461304233
0 0.5831298874999999 0.09462941875000007 0.5358952259432902 0.09303067823571139 0.5331529875000001 0.17404989531250004 0.5803876490567098 0.17564863582678872
0 0.6651572781250001 0.09435561406250009 0.5871950527946839 0.09171566438565418 0.5843752849934707 0.17498822621721039 0.662337510323787 0.1776281758940563
0 0.6595078976660025 0.2875555329684026 0.6587533390567561 0.18569023516206645 0.5252045492032538 0.1866794865686639 0.5259591078125001 0.28854478437500003
0 0.5231242865943103 0.2882256489233145 0.5228645921874999 0.2531668890625 0.47742216184318964 0.25350349951418555 0.47768185625 0.288562259375
0 0.523976661675548 0.2475393239932397 0.5237512656192563 0.21711087578708707 0.4808194695687084 0.21742888929384735 0.4810448656250001 0.2478573375
0 0.5253998725707633 0.21214853166528966 0.5251940578124998 0.18436348906249997 0.4817029414917366 0.18468564489721032 0.48190875625 0.21247068749999998
0 0.5174769343750001 0.47083710625000014 0.4689166318790778 0.46919295921589754 0.4670902593750001 0.5231353375000001 0.5156505618709224 0.5247794845341026
0 0.5258592828125 0.3014373875000001 0.47766942033031023 0.2993233223416652 0.4703330171875001 0.4665557546875 0.5185228796696899 0.4686698198458349
0 0.6541048515625001 0.303463196875 0.5274362626231947 0.29688669478580976 0.5157679955199648 0.5216266719482017 0.6424365844592701 0.5282031740373919
0 0.6021421578124999 0.5294106546875 0.5674564237642401 0.5282366611481117 0.5653811875000001 0.5895496843750001 0.6000669215482599 0.5907236779143885
0 0.6412342828125002 0.5274678734375 0.6075408845012042 0.5263268040184602 0.6054324187500001 0.5885853968750002 0.6391258170612959 0.58972646629404
0 0.6386974730913919 0.5299294027738372 0.5112120916968992 0.5252227514428013 0.5047545718750002 0.7001325375 0.6322399532694928 0.7048391888310359
0 0.49518010499408566 0.8847585159779404 0.4948861109317563 0.8450694429746164 0.44627323406267055 0.8454295394966758 0.4465672281249999 0.8851186124999998
0 0.49480347190724416 0.840105683871062 0.494551125 0.8060387953124998 0.4494846077802559 0.8063726208164379 0.4497369546875 0.8404395093750001
0 0.5448099859375001 0.8063357015625001 0.5008745538243897 0.8048480898593009 0.49812492807394515 0.8860561061953666 0.5420603601870554 0.8875437178985658
0 0.6264962015625002 0.8063934843750001 0.5498596028420051 0.8037991108045937 0.5470311531250002 0.8873502109375002 0.6236677518454952 0.8899445845079066
0 0.6328450078125001 0.7067900609375 0.45258745390965627 0.7060924765309431 0.45223270079125594 0.7977615688460674 0.6324902546940997 0.7984591532526244
0 0.5069514781250002 0.5278028609375002 0.46499904042442664 0.5263823055962044 0.45910432718266414 0.7004674558531483 0.5010567648832377 0.7018880111944441