0 0.09334531250000005 0.4158421875 0.06517031250000005 0.4158421875 0.06517031250000006 0.537090625 0.09334531250000007 0.537090625
0 0.19470156250000004 0.29934531249999996 0.12280468750000004 0.29934531249999996 0.12280468750000004 0.4705078125 0.19470156250000004 0.4705078125
0 0.3603376345713133 0.3025584292827976 0.20215468750000004 0.29949687500000005 0.19885573863133538 0.46994541390557903 0.35703868570264863 0.4730069681883765
0 0.462650628405059 0.30311185618037084 0.3620702105786058 0.302511075321498 0.36105551967354677 0.472386719141127 0.4616359375 0.4729874999999999
0 0.5432730347164605 0.30172074525220716 0.4749996062659358 0.3010628591825626 0.4733218840494753 0.4751718014303554 0.5415953124999999 0.4758296875
0 0.7255184410250046 0.3039750494098564 0.5549875 0.30139531250000007 0.55235375656677 0.4754963010043558 0.7228846975917745 0.4780760379142121
0 0.9018984375000001 0.30858125000000014 0.7356630363825799 0.3051028008755406 0.7320359375000001 0.47844218750000006 0.8982713386174203 0.4819206366244596
0 0.94665 0.42847812500000015 0.91855625 0.42847812500000015 0.91855625 0.5542250000000002 0.94665 0.5542250000000002
0 0.84865625 0.4941250000000002 0.8169703125 0.4941250000000002 0.8169703125 0.5365906250000002 0.84865625 0.5365906250000002
0 0.89895625 0.49640625000000016 0.8538765625 0.49640625000000016 0.8538765625 0.5369109375000002 0.89895625 0.5369109375000002
0 0.896021875 0.5434500000000002 0.817946875 0.5434500000000002 0.817946875 0.5901593750000002 0.896021875 0.5901593750000002
0 0.8956921875000001 0.5940796875000002 0.8166453125 0.5940796875000002 0.8166453125 0.6711734375000001 0.8956921875000001 0.6711734375000001
0 0.8055312499999999 0.5401750000000001 0.7049171875 0.540175 0.7049171875 0.6679015625000001 0.8055312499999999 0.6679015625000002
0 0.73988125 0.4924875000000001 0.7052515625 0.4924875 0.7052515625 0.5359343750000001 0.73988125 0.5359343750000002
0 0.7754859374999999 0.49445000000000017 0.7454296874999999 0.49445000000000017 0.7454296874999999 0.5356046875000001 0.7754859374999999 0.5356046875000001
0 0.80781875 0.4941203125000002 0.780375 0.4941203125000002 0.780375 0.5359343750000002 0.80781875 0.5359343750000002
0 0.5249359375 0.48987187499999996 0.4736515625 0.48987187499999996 0.4736515625 0.5378921875 0.5249359375 0.5378921875
0 0.6930241547425874 0.4941430010127289 0.5295093750000002 0.4911812500000002 0.5286457003477767 0.5388637087619417 0.692160480090364 0.5418254597746703
0 0.6912031250000001 0.5418125000000001 0.47429483785902005 0.5384242790197339 0.47233546285902 0.6638602165197339 0.68924375 0.6672484375000002
0 0.466465625 0.5891796874999999 0.4073375 0.5891796874999999 0.4073375 0.623478125 0.466465625 0.623478125
0 0.4680984375 0.6287078125 0.407996875 0.6287078125 0.407996875 0.6620265625 0.4680984375 0.6620265625
0 0.4694523565192692 0.5343079004889121 0.29659319333740936 0.5329785937911534 0.2956234375000001 0.6590828125 0.46848260068185993 0.6604121191977586
0 0.15548593750000003 0.4817046875 0.11628281250000005 0.4817046875 0.11628281250000005 0.52809375 0.15548593750000003 0.52809375
0 0.19403750000000003 0.483340625 0.16039062500000006 0.483340625 0.16039062500000006 0.5264578125 0.19403750000000003 0.5264578125
0 0.19337656250000007 0.5326625 0.11498125000000003 0.5326625 0.11498125000000006 0.5761093749999999 0.19337656250000007 0.5761093749999999
0 0.1927234375000001 0.5810125 0.11334531250000009 0.5810125 0.11334531250000009 0.6567968750000001 0.1927234375000001 0.6567968750000001
0 0.29425652882888015 0.4859776912199044 0.203766770547682 0.48430860998428793 0.2005618042188019 0.6580668562643835 0.2910515625 0.6597359375
0 0.46875 0.48791406249999997 0.29856562500000006 0.48791406249999997 0.29856562500000006 0.5294 0.46875 0.5294