0 0.5471215765624999 0.07381222187500003 0.5462594540239863 0.044715594645587 0.4206692843749999 0.04843678593749998 0.42153140691351343 0.077533413166913
0 0.48304096718750006 0.18047449218749997 0.4808410061296689 0.1062258133801726 0.30305860312500005 0.11149344062500002 0.3052585641828312 0.18574211943232738
0 0.4930483875 0.3479728437499999 0.4824873701828759 0.1822087756084499 0.306855484375 0.1933984828125 0.31741650169212415 0.35916255095405003
0 0.4978470968749999 0.4559438109375001 0.49414836649296745 0.35208254305772735 0.31731117961076916 0.35838010796470965 0.32100990999280166 0.4622413758444823
0 0.5044493546874999 0.5383955906250001 0.5016982822405078 0.4678986261595842 0.320997286798422 0.4749502990007407 0.32374835924541395 0.5454472634661566
0 0.5147877421874999 0.725477646875 0.5069020426545996 0.5494081221290903 0.325002471875 0.5575549343749999 0.3328881714079004 0.7336244591209097
0 0.5255337984375 0.9064702750000002 0.5158638813061404 0.7345562723169643 0.33803931875 0.74455865 0.34770923588135955 0.9164726526830359
0 0.6039567031249999 0.95411880625 0.6030970672793207 0.9251060876400341 0.47286458906250006 0.9289648265625002 0.47372422490817934 0.9579775451724661
0 0.58125770625 0.853503321875 0.5802881541713836 0.8207809129781858 0.53596853125 0.8220940859375 0.5369380833286164 0.8548164948343142
0 0.5838960203125 0.90541610625 0.5818003726599942 0.858264029318845 0.5400165593749999 0.8601210874999998 0.5421122070275057 0.9072731644311547
0 0.6387275265625001 0.9007584468750001 0.6351139059722161 0.8194519938396965 0.5869294609375001 0.8215935249999999 0.5905430815277841 0.9028999780353036
0 0.7223398203124999 0.8979402734375 0.7186610014007893 0.8151668518865881 0.639132653125 0.8187014453125 0.6428114720367106 0.9014748668634119
0 0.7148259859375 0.804970990625 0.7117473119196128 0.7010657640702499 0.5783632265625 0.7050178859374999 0.5814419005803872 0.80892311249225
0 0.5755898921875 0.7412395218750001 0.5745302643977068 0.7054770708870067 0.529152759375 0.7068215890624998 0.5302123871647931 0.7425840400504932
0 0.5768830468749999 0.7780028312499999 0.5759633599626516 0.7469634179367928 0.5330218640625 0.7482357593749999 0.5339415509748483 0.779275172688207
0 0.5787067375 0.8113685546875 0.5778669911693701 0.7830270975614106 0.5342847671875 0.7843184218749999 0.53512451351813 0.8126598790010894
0 0.5677495703125002 0.519300609375 0.5653641651713867 0.46562898736342123 0.5158273828125 0.467830621875 0.5182127879536135 0.5215022438865788
0 0.5781210031249999 0.6918642062499999 0.5689092218928116 0.5227717105758304 0.5197416499999999 0.5254502499999999 0.5289534312321883 0.6945427456741695
0 0.7088167375000001 0.6849522578125 0.6947081345023121 0.4593770375481497 0.5654549361745661 0.467461179322457 0.5795635391722541 0.6930363995868073
0 0.653413834375 0.4563264765625 0.6506778809827091 0.39476750947694106 0.6152963078125 0.39634002343749997 0.618032261204791 0.45789899052305894
0 0.69328068125 0.45683293906249994 0.6905007330462137 0.3942840871489257 0.6561297859375 0.3958116843749999 0.6589097341412863 0.45836053628857415
0 0.6907672749098689 0.4565069721312508 0.682329140625 0.2788842640625 0.5522736998358996 0.2850626704486444 0.5607118341207684 0.4626853785173952
0 0.5406853765624999 0.13823255625 0.5394858060017438 0.097747066007206 0.49100132656250006 0.09918364375000001 0.4922008971232562 0.139669133992794
0 0.540765340625 0.17807775312500002 0.5397357850728899 0.14333026269508484 0.4947136203125 0.144664253125 0.49574317586461014 0.17941174355491518
0 0.59198824375 0.17587688125 0.5883621425607763 0.09428957849996072 0.5435432265624999 0.0962815296875 0.5471693277517236 0.17786883243753926
0 0.6752486015625001 0.1727348265625 0.6715554739554817 0.08963945302775271 0.5933778484374999 0.09311401406249999 0.5970709760445183 0.17620938759724725
0 0.6827935843749999 0.27414493437500004 0.6789704062489428 0.18070543875244344 0.4976665442739976 0.18812368255453174 0.5014897224000547 0.2815631781770883
0 0.556405734375 0.461561959375 0.5485698507996966 0.285254584419136 0.5057737984374999 0.28715663125 0.5136096820128032 0.46346400620586403