0 0.6324428185527508 0.3436811239527451 0.6249987137990927 0.1558964793772854 0.529847550955473 0.15966843434858574 0.537291655709131 0.3474530789240454
0 0.6506865083477256 0.7859020167784414 0.5506149516549882 0.7830410492963213 0.548577438780504 0.8543096276375319 0.6486489954732414 0.857170595119652
0 0.48640882668070307 0.5601941377702958 0.37720533034387715 0.5570723768905607 0.37470888962640886 0.6444013124649869 0.4839123859632347 0.647523073344722
0 0.3676074564636823 0.1417871751990078 0.3650254091796776 0.0515056870172619 0.3108158228289764 0.053056079218618546 0.31339787011298115 0.14333756740036446
0 0.4828572085336568 0.463651694867547 0.32517186058730163 0.4591433601004341 0.3225602921114189 0.550486639842947 0.4802456400577741 0.5549949746100599
0 0.4704613532960519 0.15790111468977824 0.3140567943397404 0.15342951822411643 0.31156008708721117 0.2407577017204463 0.46796464604352267 0.24522929818610817
0 0.47645838597872103 0.4577624196170623 0.47381573136194116 0.3911178693145271 0.4147217963053925 0.3934611195816826 0.4173644509221724 0.46010566988421786
0 0.5261594140625 0.251528475 0.5197375540722352 0.048658045620652686 0.36769528438247695 0.05347094108075915 0.37411714437274174 0.2563413704601064
0 0.6581164635363987 0.8730451837178718 0.5016805478692593 0.8675293453258215 0.49826115464536064 0.9645075147329495 0.6546970703125001 0.9700233531249998
0 0.5487679890625 0.86445325625 0.528055693147859 0.2537014153228222 0.4804571624999999 0.25531561406250003 0.501169458414641 0.8660674549896779
0 0.6242927828125 0.152409109375 0.620879844592132 0.05886545717910319 0.5561658860031125 0.06122654462304049 0.5595788242234805 0.15477019681893728
0 0.573093561911094 0.14870216590549573 0.5694537290617216 0.05718015008170561 0.5256053798518521 0.05892400002216268 0.5292452127012243 0.1504460158459528
0 0.4907478031250001 0.8616937124999999 0.4889173418867013 0.8155340964927094 0.45102200395662767 0.8170368374856647 0.4528524651949265 0.8631964534929553
0 0.4496484768320476 0.8167063513929815 0.39212800937500003 0.8150636765624999 0.3908778544179525 0.8588395329820182 0.44839832187500017 0.8604822078124998
0 0.390775880231213 0.8138595455239652 0.33754351562500007 0.8123377515625 0.3362671353937871 0.8569855419760346 0.3894995000000001 0.8585073359374998
0 0.4901407296875 0.8111064062500001 0.4834578936663159 0.6424960472846755 0.33187295468750005 0.6485040843750001 0.3385557907086842 0.8171144433403248
0 0.49678351346759325 0.8750529165509973 0.3395438359375001 0.8705561046875001 0.33703191934490695 0.9583901006365029 0.4942715968750001 0.9628869124999999
0 0.6547058192224252 0.8617012337753186 0.55312908125 0.8587971062499999 0.551384819840075 0.9198055787246815 0.6529615578125002 0.9227097062500003
0 0.6496657911898475 0.7136205026003545 0.5479176500000003 0.7107102656250002 0.5459483587629438 0.7795609209251779 0.6476964999527911 0.7824711579005321
0 0.6450480531250001 0.7080947125000001 0.6392709298938292 0.5623331931392368 0.5427863515625 0.5661572703125 0.548563474793671 0.7119187896732633
0 0.6358220113214677 0.3485247551673277 0.5349761703125 0.345641265625 0.5332823121160325 0.40488148545767244 0.634128153125 0.4077649750000001
0 0.6378556331925951 0.4117490621294677 0.5368869234375 0.4088620578125 0.5351420449324049 0.4698866050580322 0.6361107546875 0.4727736093749999
0 0.6409473995108708 0.4791666813682983 0.5395570921874999 0.4762669640624999 0.5373860311358635 0.5521793803532349 0.6387763384592343 0.5550790976590333
0 0.4716297877780649 0.2588503223697135 0.3183519828125 0.2544673578125001 0.3171138600636092 0.29776607372741287 0.47039166502917407 0.30214903828462625
0 0.47588775689321927 0.3086015973180806 0.32071007500000004 0.30262585468750003 0.31495489985128267 0.4520758550769344 0.4701325817445019 0.45805159770751497
0 0.375324009375 0.6426314281249998 0.37182699856248147 0.5543977379425996 0.3277200781249999 0.5561458499999998 0.33121708893751844 0.6443795401824001
0 0.675297178125 0.1345115640625 0.6723192156435528 0.05942247887536447 0.6368324889607914 0.06082984907287412 0.6398104514422387 0.13591893426000967
0 0.6999018578124999 0.9633616171874998 0.6972620237887087 0.8967291448444685 0.6664337609374998 0.8979504937499998 0.669073594961291 0.9645829660930311