0 0.8704717376925795 0.6298596004617233 0.8688521787951906 0.5370767402734146 0.69201913297205 0.5401634260269467 0.6936386918694387 0.6329462862152554
0 0.26491635324859536 0.636516350064381 0.26274793044032596 0.5433607138998149 0.1934206639600379 0.5449744737544012 0.1955890867683073 0.6381301099189673
0 0.47621479234820274 0.48042256113413384 0.47386189122010347 0.37935292504739604 0.3889117701517974 0.3813305638658662 0.3912646712798966 0.48240019995260397
0 0.9623076682333869 0.3781549478742518 0.9613874778929248 0.32541478098095394 0.8761490129218915 0.32690198924597236 0.8770692032623536 0.3796421561392702
0 0.5699648248373015 0.4787866268581314 0.5665207683328582 0.3308201695406638 0.4776656057310026 0.33288835584626486 0.4811096622354459 0.4808548131637324
0 0.8668397900784675 0.47360385076984474 0.8634299866147959 0.3271139420786868 0.7784805601674062 0.32909128544059646 0.7818903636310777 0.4755811941317544
0 0.6363654712512952 0.4776314647688107 0.6353589868275642 0.4200083107384119 0.5735238159429874 0.42108836505652925 0.5745303003667185 0.47871151908692805
0 0.9662465816313055 0.5297403620392936 0.9648468764628676 0.3815962582242514 0.7772546646001137 0.38336867968242044 0.7786543697685516 0.5315127834974627
0 0.18154723079385773 0.6384045677828316 0.17752627017449676 0.49294898119375363 0.082055601880639 0.4955881634109218 0.08607656249999998 0.6410437499999999
0 0.7743276385223968 0.5333379707826571 0.773784378583073 0.48694972747886817 0.18253469505369646 0.4938739445718907 0.18307795499302024 0.5402621878756796
0 0.9676625 0.6278875 0.9667610415365685 0.5648034142207373 0.8791766665365686 0.5660549767207372 0.880078125 0.6291390625
0 0.9664999825048625 0.5780678294538057 0.9660609375000002 0.53515 0.8791748380117232 0.5360388359094059 0.8796138830165855 0.5789566653632118
0 0.2255171875 0.48312499999999997 0.22487168105289795 0.4461728264943301 0.18234999999999998 0.4469156249999999 0.18299550644710205 0.4838677985056698
0 0.22484062500000004 0.44194062499999986 0.22359885264698395 0.38866529431484953 0.1810155894485477 0.38965784974831147 0.18225736180156377 0.4429331804334618
0 0.22463906250000004 0.3846609375 0.22349726734426595 0.335612433079674 0.1800656621998499 0.33662347300730733 0.18120745735558402 0.38567197742763343
0 0.3860671875 0.4816859375000001 0.3834881028984799 0.3338740299791932 0.22896093702444564 0.33657028524513766 0.23154002162596582 0.4843821927659445
0 0.17037968750000002 0.48361406249999994 0.1669462379038503 0.33605411912574973 0.08150468749999998 0.33804218750000004 0.08493813709614968 0.4856021308742502
0 0.1913796875 0.6393421874999999 0.1891669598660191 0.5442780137424372 0.1298203125 0.545659375 0.1320330401339809 0.6407235487575627
0 0.33519531249999995 0.63711875 0.33299094128533513 0.5423653046140547 0.266015625 0.5439234374999999 0.2682199962146648 0.6386768828859453
0 0.4755812500000001 0.6349609375 0.4739397168909285 0.5408779196045256 0.3382546602462515 0.5432453129755157 0.33989619335532306 0.6373283308709902
0 0.6897484375 0.63218125 0.6875500175666068 0.5377213236179718 0.6299234375 0.5390625000000001 0.6321218574333932 0.6335224263820283
0 0.62833125 0.6326734375 0.6261325808493102 0.5382028029511001 0.56677027615473 0.5395843758458844 0.5689689453054197 0.6340550103947843
0 0.5628671875000001 0.6332359375000001 0.5606806413749459 0.5392599744655453 0.4868359375 0.540978125 0.48902248362505424 0.6349540880344546
0 0.7687421875000001 0.4754203125 0.7653349408438744 0.3290088733908665 0.7232156250000001 0.32998906250000004 0.7266228716561257 0.47640050160913355
0 0.72054375 0.4759421875000001 0.7193224287463902 0.32894244206851403 0.5734420346086818 0.33015446339088017 0.5746633558622916 0.47715420882236625
0 0.47328281250000004 0.37485 0.4725324276714044 0.33184093017053673 0.38953125 0.33328906250000007 0.3902816348285956 0.3762981323294633
0 0.970621875 0.6779203125000001 0.9700172559087292 0.6433167894513024 0.8992593749999997 0.6445531250000001 0.8998639940912705 0.6791566480486976
0 0.15749531249999998 0.6840796874999999 0.1569713086253496 0.654018807137366 0.09413903527167744 0.6551140629746284 0.09466303914632786 0.6851749433372623