0 0.3132777088753813 0.4460986206672827 0.3127385609367247 0.35334085905936885 0.1335930864960848 0.35438212947803843 0.13413223443474137 0.44713989108595226
0 0.810975337536072 0.3544047810807298 0.7416856752859728 0.3527929300946509 0.7394826441545043 0.4474960287956338 0.8087723064046035 0.4491078797817128
0 0.6082111148107845 0.5078789436312007 0.5233076835615058 0.5059031315043858 0.5209113986339594 0.6088748714985075 0.605814829883238 0.6108506836253225
0 0.11774887989654617 0.6044970806203395 0.032844697902908684 0.6025188131798878 0.03160585263625613 0.6556881379289247 0.11651003462989362 0.6576664053693764
0 0.518367363434803 0.5084023796476588 0.4295602983468509 0.5063358571236792 0.4260707749352887 0.6562951869352728 0.5148778400232409 0.6583617094592523
0 0.21758768706862833 0.5101524289244392 0.13268427045627706 0.508175643169382 0.12921817710623484 0.657045173902832 0.21412159371858608 0.6590219596578892
0 0.42466984297489285 0.5665280461994134 0.4243355210047782 0.5089199964425078 0.3614479035940908 0.5092849578018539 0.3617822255642054 0.5668930075587595
0 0.22340468750000006 0.4537562500000001 0.03216765837720378 0.45333863229620786 0.03184417524234326 0.6014692146932595 0.22308120436513956 0.6018868323970518
0 0.920546875 0.35231093750000014 0.8262779507720259 0.34944985494581055 0.8217723321789615 0.497904088511274 0.9160412564069356 0.5007651710654637
0 0.8185951524350493 0.4979444154719827 0.8185623625384739 0.45174381824841225 0.22728439760342473 0.4521634652764296 0.22731718750000005 0.49836406250000004
0 0.12663437500000005 0.35497656250000004 0.03783975722848082 0.35474207525015733 0.037673171843340056 0.4178239085260297 0.1264677896148593 0.41805839577587245
0 0.12423819957121832 0.4474285075864852 0.1239891657131988 0.4046899932614367 0.03610096614198051 0.4052021106749515 0.03635 0.44794062500000004
0 0.8163938966118833 0.5452593907697568 0.8161796875 0.5083171874999999 0.7727982908881168 0.5085687342302431 0.7730125000000001 0.5455109375
0 0.8152203125000002 0.5494968750000001 0.7726600303507695 0.5485073926469417 0.7713984375 0.6027718750000001 0.8139587196492307 0.6037613573530585
0 0.8136046875 0.6067593750000002 0.7701950414672326 0.605748846256298 0.76902972469985 0.6558077769926929 0.8124393707326174 0.656818305736395
0 0.7679125176746474 0.6550124467688128 0.7670515534497402 0.5072406341563372 0.6090843482750928 0.5081609998875246 0.6099453125000001 0.6559328125000001
0 0.9144390625 0.50821875 0.8290438163955566 0.5062308517401739 0.8255625 0.6557796875000002 0.9109577461044435 0.6577675857598264
0 0.8746046875 0.35244218750000006 0.815290172902456 0.35106157416946343 0.8130453125000001 0.4475062500000001 0.872359827097544 0.44888686333053673
0 0.73843125 0.3529468750000001 0.6714922498629459 0.3513884785932526 0.66925 0.4477015625 0.7361890001370541 0.4492599589067475
0 0.6667579641734429 0.44713252448686214 0.6662109284128539 0.3530750000528506 0.5283404642394108 0.3538768505659884 0.5288875 0.447934375
0 0.37458906250000007 0.3538140625 0.3169921550653343 0.3524726205821575 0.3147609011288342 0.44827499915290936 0.3723578085635 0.4496164410707519
0 0.43771250000000006 0.3540250000000001 0.3783823608694499 0.3526441757127983 0.3761515633458843 0.44849527615472995 0.4354817024764344 0.4498761004419317
0 0.5176343750000001 0.354140625 0.44382970430680346 0.3524221731719339 0.4416015625 0.4481171875 0.5154062331931966 0.44983563932806614
0 0.27285312500000003 0.5097015625000001 0.23075661882714935 0.5087214646844993 0.22732500000000008 0.6561140625 0.26942150617285077 0.6570941603155008
0 0.4247477971838043 0.5129494375757327 0.2790282886370074 0.5071009672062293 0.273077724669245 0.6553642227542318 0.41879723321604184 0.6612126931237353
0 0.6042696221759221 0.6564442550544778 0.6040187408305705 0.6134453034369497 0.5200163061546486 0.613935423382472 0.5202671875 0.656934375
0 0.10919366344655727 0.3393363273488253 0.10899218749999999 0.30474375 0.037429774053442694 0.3051605476511746 0.03763124999999999 0.339753125
0 0.9140206732782261 0.33814332940967323 0.91384530338248 0.30809062505320456 0.850313692604254 0.3084613581435313 0.8504890625 0.3385140625