0 0.2888021009385685 0.4299407433847315 0.283986833473293 0.3340946290238301 0.08879208844512954 0.34390112886364294 0.09360735591040506 0.43974724322454434
0 0.802408459521787 0.3123588923771747 0.7311285467644735 0.3064828230795036 0.722424675525156 0.41206550959331345 0.7937045882824696 0.41794157889098466
0 0.582303823240734 0.4810710922894804 0.49496178131056734 0.4738701544758944 0.4854104807607539 0.5897203554782535 0.5727525226909205 0.5969212932918395
0 0.06799847910442886 0.6588350707683139 0.06657881189925115 0.6039930016260386 -0.0014014324216576669 0.6057527697196164 0.00001823478352003527 0.6605948388618916
0 0.4889274409464249 0.4857635502381329 0.3975696203072992 0.4782316642685001 0.3839551877516654 0.6433675800983178 0.47531300839079116 0.6508994660679506
0 0.17632131400599693 0.5014707669362961 0.08897944608470887 0.494268844754846 0.07549072730761722 0.6578543243217637 0.16283259522890528 0.6650562465032138
0 0.3933429133467997 0.5501083615873033 0.39035287908667005 0.49058218274028736 0.31976382478667775 0.494127911608414 0.3227538590468074 0.5536540904554299
0 0.1914141415796174 0.5965539310927437 0.1858457546875 0.44250440156249987 -0.005568386892117414 0.4494233970322562 0 0.6034729265625
0 0.9163951187500002 0.3049154046875001 0.819528790601097 0.2962469561066548 0.8048173565728884 0.460641147619344 0.9016836847217917 0.4693095962001893
0 0.8064516108041774 0.4607072841644727 0.8042944693800903 0.41293247420039947 0.1850071320134129 0.4408947072234268 0.1871642734375 0.4886695171875
0 0.093590367368635 0.40969757825397524 0.0913868453125 0.34434462500000007 -0.0016432585011091807 0.3474813445425916 0.0005602635550258167 0.41283429779656683
0 0.0858975071160533 0.4403739419050524 0.08367822014051514 0.3962125495661645 -0.0022192869755381763 0.4005292435986121 0 0.4446906359375
0 0.8002739019947598 0.509991349388614 0.7983566734374999 0.471819084375 0.7493004714427403 0.47428296623638594 0.7512177 0.5124552312499999
0 0.7948245671875 0.5146474750000002 0.7510417024428175 0.5110387583137019 0.7460153078125 0.5720216437500002 0.7897981725571825 0.5756303604362986
0 0.7896204546875002 0.5742155843750002 0.7449640434881234 0.5705335362761866 0.7402890035809617 0.627233095560864 0.7849454147803385 0.6309151436596776
0 0.7550538398527531 0.6256606760807666 0.7473805709937572 0.47296913893790526 0.5673255170785043 0.48201751754463873 0.5749987859375001 0.6347090546875
0 0.9004503968750003 0.4671795812500001 0.8126025201778442 0.45993628227572386 0.7990260703125001 0.624593615625 0.8868739470096563 0.6318369145992764
0 0.8686548937500002 0.3071731953125002 0.8076367854976546 0.30214224551845315 0.7988441921875 0.40878362187500017 0.8598623004398455 0.4138145716690472
0 0.7271449265625001 0.31398549843750007 0.65828339819014 0.3083075348329976 0.6494344390730513 0.4156264420595345 0.7182959674454115 0.421304405664037
0 0.6569858495641548 0.41464257637275515 0.6521027688788701 0.3174534729270705 0.4987058568147152 0.3251606074918153 0.5035889374999999 0.42234971093749996
0 0.34907367656250005 0.3316872656250001 0.2898226411438215 0.3268011843346693 0.2810987726246572 0.43259112353191737 0.3403498080433357 0.4374772048222481
0 0.4146434828125001 0.32899163125 0.3536092753544297 0.3239595107424162 0.34486773077086974 0.42998504109545366 0.4059019382289401 0.4350171616030375
0 0.49767207812500003 0.32542128437500006 0.42174772841451363 0.3191607368828615 0.41289099349406 0.42657016716639584 0.48881534320454634 0.4328307146585343
0 0.2337763109375001 0.4983460671875001 0.19047077596893672 0.4947752616618727 0.17746002812500009 0.652565259375 0.22076556309356343 0.6561360649006274
0 0.39067983307629933 0.501854100599538 0.2411794488777194 0.48702106182716476 0.2250521253876462 0.649566383447393 0.3745525095862261 0.6643994222197663
0 0.5736901599468444 0.6352703121193468 0.5714570121940153 0.5908398633090857 0.479531895997171 0.5954601715022388 0.48176504375 0.6398906203125
0 0.07794623410017969 0.3287136050437844 0.07615003589107797 0.29296933501370337 -0.0017961982091017153 0.296886239344919 2.7755575615628915e-18 0.33263050937500005
0 0.9137156480527592 0.2903348821540007 0.9121548375978303 0.25928168230704973 0.8428964176700712 0.262762781403049 0.844457228125 0.29381598124999997