0 0.9151780513169634 0.5850616988950743 0.7240651629537358 0.5798977284575277 0.7214913118285046 0.6751531387486844 0.9126042001917319 0.680317109186231
0 0.2900830524842634 0.659366666271027 0.28079653289198026 0.5560121450282943 0.21027868217771073 0.5623482529642575 0.2195652017699939 0.6657027742069903
0 0.49678882432734817 0.5084183238957238 0.48659087717736477 0.39492333295575965 0.4001819162976517 0.402687499541776 0.41037986344763516 0.5161824904817401
0 0.9913146015210778 0.3714167841271386 0.8982239321805249 0.36886525965216016 0.8967399053054678 0.42300899077181164 0.9898305746460206 0.42556051524679006
0 0.593139660433167 0.5110222906089629 0.5785623741988941 0.3487814010704748 0.48818124532547136 0.3569021133613923 0.5027585315597443 0.5191430028998804
0 0.8982503611631044 0.5192659873420422 0.8838954446265788 0.35950138549847954 0.7974871392487456 0.3672652080063964 0.8118420557852712 0.5270298098499591
0 0.6628790656556631 0.4538191492864013 0.5931886590083922 0.45193670754465937 0.5915906909286944 0.5110955345160877 0.6612810975759653 0.5129779762578296
0 1.0062201371352977 0.4302829439778015 0.8122690223726158 0.4223065472710186 0.8060016245312385 0.5747022771577548 0.9999527392939204 0.5826786738645378
0 0.19666616746988805 0.6558386826482774 0.1941180854996463 0.5044515580748172 0.0939814578125 0.5061370140625001 0.09652953978274179 0.6575241386359603
0 0.808550457779379 0.5290169072902053 0.19557266875000007 0.5093233296875 0.1940497886814621 0.5567241461466224 0.807027577710841 0.5764177237493276
0 1.0027681124064876 0.6187872870864537 0.9174291531250003 0.6150711687500001 0.9146160620043433 0.6796725207160856 0.9999550212858306 0.6833886390525392
0 1.0011837620162738 0.5871494292679014 0.9152846734375 0.5848275093750002 0.9140983501009057 0.6287153685921643 0.9999974386796794 0.6310372884850655
0 0.24005751800315306 0.46190980660962194 0.19213140468750006 0.4606137187499999 0.19110546283141952 0.4985505031159353 0.2390315761470725 0.49984659097555734
0 0.235510396875 0.45743787187499996 0.23014506887049357 0.3977449402622455 0.18683074382410939 0.4016381241768047 0.1921960718286158 0.46133105578955924
0 0.231373846875 0.398491353125 0.22639284609296523 0.34305608438924773 0.1822153853056056 0.34702554231284993 0.18719638608764042 0.40246081104860226
0 0.4082304557508755 0.35395560396836523 0.23252197187500007 0.34920668125000004 0.2284205614366246 0.5009574366566347 0.40412904531250005 0.505706359375
0 0.18233204687500001 0.4978267593750001 0.1678084751338162 0.3361698113377746 0.08089946406250001 0.343977884375 0.09542303580368386 0.5056348324122254
0 0.21462207968749997 0.659021828125 0.20522082743558653 0.5543889276212985 0.14485498268574692 0.5598127907767791 0.15425623493766033 0.6644456912804806
0 0.36244705156249996 0.663310825 0.35299822639567296 0.5581346347026385 0.2848725609375 0.5642549125 0.29432138610432695 0.6694311027973616
0 0.5093571285506158 0.5709202411975138 0.35915573437500004 0.566862309375 0.3565461933243842 0.6634525728649864 0.5067475875 0.6675105046875001
0 0.7269218656249999 0.674444371875 0.7175942895488007 0.5706285203531246 0.6589780264357501 0.5758950345267746 0.6683056025119494 0.6797108860486498
0 0.66376109375 0.6721421578125 0.6544148793326312 0.5681188413575935 0.5940330808483459 0.5735439830928615 0.6033792952657147 0.6775672995477678
0 0.5964411578125001 0.6697272234375 0.5869941394509647 0.5645743985563204 0.5118811359375 0.5713226140625001 0.5213281542990353 0.6764754389436797
0 0.7974484453124999 0.5167593796875001 0.7834710924550958 0.3611883288066212 0.7406284031249999 0.36503755 0.754605755982404 0.5206086008808788
0 0.7478909953125001 0.5150922109374999 0.7344121929253965 0.3465512358301528 0.586093429844371 0.35841279825789757 0.5995722322314746 0.5269537733652447
0 0.48773354468429914 0.35561197829938435 0.39751393437500004 0.3531734546875001 0.3963204756270603 0.3973286076803174 0.48654008593635945 0.39976713129220165
0 1.0009600707802102 0.6983124402757344 0.9433444812499999 0.6967553421875002 0.942384377995037 0.7322809879143539 0.9999999675252473 0.7338380860025879
0 0.18365981278572768 0.6726424675277164 0.1156494109375001 0.670804859375 0.11481553565177247 0.7016668215347837 0.1828259375000001 0.7035044296875