0 0.3276186064260636 0.4250637960969449 0.32113082505695534 0.3253488558079298 0.12024338531218652 0.33841925213055146 0.1267311666812948 0.43813419241956647
0 0.8605879589110318 0.2946956713715664 0.785995315151809 0.29130751648684367 0.7810738174106382 0.39965779569759435 0.855666461169861 0.40304595058231707
0 0.637700223314781 0.47351781410963956 0.5462989157114511 0.4693653750589687 0.540907505283387 0.5880382699378612 0.632308812886717 0.5921907089885321
0 0.10729765971337837 0.6663476887424955 0.10497651455692114 0.6093024803096068 0.008661162250466481 0.6132215108406567 0.010982307406923717 0.6702667192735454
0 0.5405592688780534 0.4798394468790006 0.44495555631754263 0.4754962297959624 0.4372378719156577 0.645379352624906 0.5328415844761685 0.6497225697079442
0 0.21534999892150938 0.5010006982051465 0.12394881665395374 0.49684722002458 0.1162981288456145 0.6652077796427849 0.20769931111317014 0.6693612578233513
0 0.4420672414436305 0.5483221062711798 0.43803850089384416 0.4863931596525017 0.36593357082173605 0.49108389107103684 0.3699623113715226 0.553012837689715
0 0.23116268155939662 0.5998240120535466 0.22299740937500007 0.43957342343750005 0.004204773128103456 0.4507215973214535 0.012370045312499998 0.6109721859375001
0 0.9791017656250001 0.2852410531250001 0.8776920371949819 0.27991926656587124 0.8688250973347073 0.4488839466117674 0.9702348257647253 0.4542057331708963
0 0.8694229509095986 0.4489719448236976 0.8664424599513392 0.39927062153878934 0.22317499029174054 0.43784611109009175 0.22615548125 0.48754743437500003
0 0.12405259452775538 0.40696646622282523 0.12075394218749999 0.338984071875 0.021053744468697882 0.3438217404167461 0.024352396808953285 0.4118041347645714
0 0.11813959952330097 0.43894264084520646 0.11514966897082841 0.3929986725325413 0.017925910072527425 0.3993257769998349 0.020915840624999998 0.4452697453125
0 0.8651077869461747 0.5002957279634651 0.8625244750000002 0.4605826453125001 0.8123803896163256 0.46384448766153497 0.8149637015625 0.5035575703124999
0 0.8604980109374999 0.5051626875000002 0.8146803758729957 0.5030821721007142 0.8118431312500001 0.5655646890625002 0.8576607663145044 0.5676452044617861
0 0.8573757125000002 0.5671715968750001 0.8106438517980095 0.5650481743335549 0.8080082299946078 0.6230524144580273 0.8547400906965985 0.6251758369994724
0 0.8197765309373946 0.6214211003263468 0.8094387037504539 0.4625661586010641 0.6256842446880595 0.4745243754622172 0.636022071875 0.6333793171875
0 0.9687531906250001 0.45418133125000015 0.8768224989259477 0.4500041536164293 0.8691254125740704 0.6194004624323683 0.9610561042731229 0.6235776400659392
0 0.92943138125 0.28832618906250007 0.865577406002115 0.2854249388514186 0.8605968827448717 0.3950418921134341 0.9244508579927567 0.39794314232451555
0 0.7822047296875001 0.29759562031250014 0.7101427873967479 0.2943210984234689 0.7051378000000001 0.40446515156250007 0.7771997422907524 0.4077396734515313
0 0.7107045362254246 0.4034730111490785 0.7041254924779118 0.30236087349862395 0.5468099203149872 0.31259689516204536 0.5533889640625 0.4137090328125
0 0.38884099218750007 0.32184232968750004 0.32683616521838055 0.31902422999079555 0.32189256401268185 0.4277950934638425 0.3838973909818013 0.4306131931605471
0 0.4570774765625002 0.3180264265625001 0.39320666518889535 0.31512457626530155 0.38825556426328095 0.4241001611246875 0.45212637563688585 0.4270020114218861
0 0.5434767265625 0.31303130625000003 0.46402369779712105 0.3094206987125273 0.459021396875 0.41949856093750004 0.538474425640379 0.4231091684749728
0 0.27511114843750006 0.49688697500000006 0.22979294071736728 0.4948276389539646 0.22237413750000007 0.6580874750000001 0.26769234522013285 0.6601468110460356
0 0.4385383121173538 0.49607952288582285 0.28218424328753394 0.48733888352427457 0.272849542123963 0.6543196326277637 0.4292036109537828 0.663060271989312
0 0.6336440520775958 0.6340504541403787 0.6306355509756966 0.5878265636250829 0.5360401848356007 0.5939833422972041 0.5390486859375 0.6402072328124999
0 0.10530805292175738 0.3229956470631757 0.10288809990533787 0.28580855792033993 0.022480121983580514 0.2910411139821643 0.024900075 0.328228203125
0 0.975021753449175 0.2701713132250974 0.9729190344306238 0.23786465007922297 0.9015923262939488 0.2425070368541256 0.9036950453125 0.27481370000000005