0 0.4625682067232858 0.34691922153866994 0.44607407294887463 0.09734572588403251 0.19964587706585896 0.11363198904679209 0.2161400108402701 0.36320548470142955
0 0.5455437805107942 0.4672490914587411 0.5377793052402401 0.3478575293126001 0.44538059687500003 0.35386655937499994 0.453145072145554 0.47325812152114094
0 0.545641071875 0.4672111843750001 0.543397591979526 0.43355899223729805 0.5295402220743446 0.43448281707043857 0.5317837019698186 0.4681350092081404
0 0.5680292741963736 0.6517144203446235 0.5605067699692164 0.5382011804895543 0.46908207389784284 0.5442598804574309 0.476604578125 0.6577731203125
0 0.61689128125 0.7468386250000001 0.6107565770159419 0.654747584097416 0.5097056879534418 0.6614791544099159 0.5158403921875 0.7535701953125
0 0.6492573046875001 0.46022630781250007 0.6464968226745035 0.4184723415116762 0.5737663336120036 0.42328077588667623 0.5765268156250001 0.46503474218750007
0 0.6461265183318017 0.41450192565900357 0.642364968875252 0.3581466832707762 0.5696827802309501 0.3629980091742725 0.5734443296874999 0.4193532515625
0 0.6421446328125 0.3541774390625 0.6382100756250473 0.29552475281616514 0.5655943734375 0.30039598125000005 0.5695289306249527 0.35904866749633496
0 0.6391185828124999 0.2915294984375 0.6319688278887203 0.1833308868101573 0.5859964984375 0.18636873437499996 0.5931462533612796 0.2945673460023427
0 0.760407378125 0.32713659687499996 0.7502872901863115 0.17533528805026957 0.6346482198738115 0.18304455992526958 0.6447683078125 0.33484586875
0 0.7499833171875001 0.17150000468750004 0.7438475582022592 0.07735332356226388 0.6048336098061083 0.08641318709384041 0.6109693687913492 0.1805598682190766
0 0.6634199078125002 0.13939291250000002 0.6596282773298053 0.08294746881704355 0.6359881624835311 0.08453545491861447 0.6397797929662259 0.14098089860157093
0 0.5905072468750001 0.2946301046875 0.5766607306175892 0.0883915509774194 0.42468289715212365 0.09859509199334344 0.43852941340953466 0.304833645703424