0 0.40852899184642577 0.20847523909451188 0.15236764398863006 0.19344300746451318 0.13753592285087968 0.4461874948575292 0.3936972707086754 0.4612197264875279
0 0.5232941359375001 0.4496196140625 0.40029596791626104 0.4431790356635562 0.395327740625 0.53805915625 0.518325908646239 0.5444997346489437
0 0.5185280903296711 0.5300995421252747 0.4840891312500001 0.5283464578124999 0.48336448310782903 0.5425820125622253 0.5178034421875 0.544335096875
0 0.7128621453125 0.47062887656250013 0.5956010852479693 0.4646197088684275 0.5907891475407673 0.558518389224374 0.708050207605298 0.5645275569184467
0 0.8114797078124999 0.5094275203125 0.7164780712201775 0.5045641818592197 0.7111640155963534 0.6083702373200318 0.8061656521886759 0.6132335757733122
0 0.5158035578125002 0.5760517671875001 0.4729474345420751 0.5735358379011891 0.46855236875000006 0.6484010109375001 0.5114084920204252 0.6509169402238111
0 0.46889543593750016 0.5735814984375002 0.41105261500698875 0.5701491289554408 0.40659979038645255 0.6451888175748942 0.464442611316964 0.6486211870569536
0 0.4067921296875001 0.5704690375 0.34662059340070617 0.5670245080049838 0.34233445000000007 0.641897965625 0.402505986286794 0.6453424951200162
0 0.3408337656250001 0.5957295234375 0.22958557140753305 0.5899718966503164 0.22714155937500005 0.6371948125 0.3383897535924671 0.6429524392871836
0 0.3827021687500001 0.64802808125 0.22602578472663648 0.6399478779242332 0.219899457683245 0.7587383006159824 0.3765758417066087 0.7668185039417492
0 0.22409282968750013 0.61575109375 0.12746101586819977 0.6101689688031035 0.11918730000000007 0.75339474375 0.2158191138193004 0.7589768686968966
0 0.1835927281250001 0.6458415671875001 0.1255482366224736 0.6428467112946901 0.12429522007676494 0.6671319226180542 0.18233971157929144 0.6701267785108642
0 0.3500654015625001 0.4369011062500001 0.13763112967873348 0.4258289038175098 0.12949402750137384 0.5819495480010739 0.34192829938514047 0.5930217504335642