0 0.7813450416180414 0.3907464094199226 0.7812078575879673 0.1521009000205599 0.5455699261211826 0.1522363551613597 0.5457071101512566 0.3908818645607224
0 0.5626965797932846 0.510560806723613 0.5625109718749999 0.396405 0.474164282360825 0.396548644424219 0.4743498902791097 0.510704451147832
0 0.4875060887437397 0.5106620164024742 0.48747569375 0.4784946296875 0.47422446594376033 0.478507150785026 0.4742548609375 0.5106745375000001
0 0.5520734718750001 0.68771148125 0.5520079136727929 0.5791614944790874 0.4646005997266913 0.5792142836735639 0.46466615792889854 0.6877642704444764
0 0.5208002781250001 0.7814023140624999 0.5207958054719107 0.6933405535355542 0.4241662210969106 0.6933454613480542 0.42417069375 0.7814072218749999
0 0.44471291718750006 0.5105627781250001 0.44469091063907146 0.47063701393884794 0.37514493720157144 0.4706753467513479 0.37516694375000004 0.5106011109375002
0 0.44474819375 0.4668775 0.4447438777796318 0.4129797105905597 0.3752493715649271 0.41298527549837616 0.37525368753529526 0.46688306490781645
0 0.44467152812500005 0.353129721875 0.37521362017699134 0.353122312226286 0.37520763906250004 0.4091891671875 0.4446655470105087 0.409196576836214
0 0.4180212642210706 0.34935084302255764 0.41801125 0.24586851874999996 0.37405193786255364 0.2458727727931223 0.37406195208362425 0.34935509706567996
0 0.37148291718750004 0.2457916671875001 0.26090305625000004 0.24579166718750006 0.2609030562500001 0.3909516671875001 0.3714829171875001 0.3909516671875001
0 0.3938135184081707 0.24208216175479652 0.39378712935020627 0.15206310378918558 0.2609226390670355 0.15210205297188908 0.260949028125 0.24212111093750005
0 0.36392793660237077 0.20605478758306478 0.36391416671054067 0.1520922980431492 0.3413074801081699 0.1520980667100844 0.34132125 0.20606055625000003
0 0.5659743017343343 0.152068082744082 0.42064088993373144 0.15202914364346773 0.4205880562500002 0.34922166718750003 0.565921468050603 0.34926060628811434