0 0.273716267203281 0.21675585514470358 0.18836270156249998 0.21106733281250004 0.18742779745244237 0.2250951232764483 0.2727813630932234 0.23078364560865183
0 0.2791338463830232 0.2352489143729708 0.18929127812500002 0.229259409375 0.1858391176794769 0.28104181218952917 0.27568168593750003 0.28703131718749997
0 0.31363593553793667 0.5505435815908318 0.2486137468750001 0.5462218765625 0.24725322071206354 0.5666916652841683 0.3122754093750001 0.5710133703125001
0 0.31802825521713646 0.5739152748372527 0.24981480000000006 0.5693850265625 0.24659166822036357 0.6179167939127473 0.3148051234375 0.6224470421875
0 0.24689449942582695 0.546109176125986 0.1845145109375001 0.5419497140625 0.18241425708846343 0.5734474916418616 0.24479424557679033 0.5776069537053475
0 0.24930610943484854 0.5804746332896402 0.18629057812500008 0.5762592203125 0.18379548491676317 0.6135579677987574 0.24681101622661164 0.6177733807758975
0 0.49662545444968903 0.6488850082589342 0.43114649375000014 0.6445488703125001 0.4288598877378111 0.6790783495535658 0.49433884843750003 0.6834144875
0 0.49631453869354836 0.5922273886915808 0.40881534375000006 0.5864532015625 0.4052590738064518 0.6403431691209193 0.4927582687500001 0.6461173562500001
0 0.36485768554565906 0.13902314884101954 0.18397582031249998 0.12694162343749998 0.1774647593783934 0.22442375479691087 0.3583466246115525 0.23650528020043043
0 0.31026834730037783 0.3982130380008705 0.176576103125 0.38930865468750003 0.17266140881164405 0.44808468101009613 0.30635365298702183 0.45698906432346664
0 0.3168110808736443 0.46172234515287885 0.17985727187500006 0.4525883546875001 0.17410623475135592 0.5388186220346212 0.31106004375000007 0.5479526124999999
0 0.438126921697848 0.5883881772927377 0.29344856530680963 0.5787354666199155 0.2857600977052563 0.6939730297730702 0.4304384540962947 0.7036257404458924
0 0.2917617483239159 0.6247033403768422 0.18842441406250007 0.61782534375 0.184351833133789 0.6790131691546347 0.2876891673952048 0.6858911657814769
0 0.8035047432058778 0.5826488253056599 0.6472152155469346 0.5722295245048443 0.6391649635700356 0.6929833162474286 0.7954544912289789 0.7034026170482441
0 0.7919982703125 0.6128896859375 0.7893114245467192 0.5612921432384059 0.7484669602981191 0.5634190425068833 0.7511538060638999 0.6150165852059775
0 0.700183174963801 0.7076304241836724 0.6929313507025743 0.5705059649992454 0.49477703599963296 0.580985351939958 0.5020288602608598 0.7181098111243849