0 0.2888185546875 0.2075978109375 0.2888164390561231 0.19224412024954476 0.19760127343749997 0.19225668906249999 0.19760338906887687 0.2076103797504552
0 0.2901572109375 0.21201272656249998 0.19802426093750006 0.21201272656249998 0.19802426093750006 0.2686896265625 0.2901572109375 0.2686896265625
0 0.32080463593749997 0.57548010625 0.3208009107954102 0.5530762555434351 0.2523371667806709 0.5530876391746598 0.2523408919227607 0.5754914898812247
0 0.32191002906798916 0.5782261595456091 0.2528961338168271 0.5782085812522457 0.25288260474883795 0.6313248685816368 0.3218965000000001 0.6313424468750001
0 0.24716806406250008 0.5530913078124999 0.1827310859375001 0.5530913078124999 0.1827310859375001 0.5875663484375 0.24716806406250008 0.5875663484375
0 0.24806688593749998 0.6311748500000001 0.24806669036578305 0.5903482722233167 0.18355581875 0.59034858125 0.18355601432171692 0.6311751590266834
0 0.5152889465271813 0.6469451422689132 0.44776968288067165 0.6469150062618861 0.4477528160409904 0.684704903055473 0.5152720796875 0.6847350390625001
0 0.5147565125 0.6442080187500001 0.5147527649724635 0.5852552512092449 0.4253476730644549 0.5852609345394398 0.4253514205919915 0.644213702080195
0 0.38542569354746936 0.10092943519361115 0.19554421562500002 0.10090548593750001 0.19553075803816294 0.20760385126606834 0.38541223596063234 0.2076278005221795
0 0.3180433546875 0.4516554421875001 0.3180368804728217 0.3873244862067706 0.17902187968750002 0.38733847656250003 0.1790283539021783 0.45166943254322955
0 0.3202293834389355 0.45605840070057246 0.18054890468750004 0.456054575 0.18054631968606466 0.5504357821119277 0.32022679843750007 0.5504396078125
0 0.4450987859374999 0.7113285984375 0.4450437979371135 0.5852353745159438 0.29523777875090396 0.5853007034304143 0.2952927667512904 0.7113939273519706
0 0.29034423437500007 0.7024458203124999 0.2903369133938357 0.6354756684772889 0.18453553125 0.635487234375 0.18454285223116426 0.7024573862102111
0 0.8434196078125 0.5524735656250002 0.6785484171875 0.552473565625 0.6785484171875 0.6846410578125001 0.8434196078125 0.6846410578125002
0 0.8414213296874999 0.5862622375000001 0.8402444894435537 0.5338282718974992 0.7956383201198332 0.5348294232425337 0.7968151603637794 0.5872633888450346
0 0.7386018992012636 0.7021906386151714 0.7350990168921465 0.5515872417504957 0.5186729474139521 0.5566210926847354 0.5221758297230693 0.7072244895494111