0 0.21379564843750004 0.18361208281250002 0.1998334280525315 0.18361015882701592 0.19982203899003143 0.26625974320201595 0.21378425937499998 0.26626166718750005
0 0.2693396296875 0.18360638906250004 0.2177990734375 0.18360638906250004 0.2177990734375 0.26624444375 0.2693396296875 0.26624444375
0 0.5483272218749999 0.22610458281250007 0.527953796875 0.22610458281250007 0.527953796875 0.2879147218750001 0.5483272218749999 0.2879147218750001
0 0.5991270375 0.2877787500000001 0.5989735217864202 0.2259850033001542 0.5506706514739202 0.2261050033001542 0.5508241671875 0.28789875000000004
0 0.5593181484375 0.16280652812500007 0.5279674078125 0.16280652812500004 0.5279674078125 0.22070722187500008 0.5593181484375 0.22070722187500008
0 0.5989746296875 0.22064333281250006 0.5989743515625 0.16280250000000002 0.5618482406205165 0.162802678519207 0.5618485187455164 0.22064351133170704
0 0.6476809916879366 0.4626966051998166 0.6476538620112459 0.4019134356676884 0.6132883328233094 0.40192877421787176 0.6133154625 0.46271194375
0 0.610826668039244 0.46291423212259647 0.6108215734375 0.3827679171875 0.5572159299353042 0.38277132469794006 0.5572210245370482 0.4629176396330366
0 0.2138058779055232 0.3548798530932617 0.21379698169527642 0.1835913493013434 0.11676092656249996 0.18359638906249998 0.11676982277274672 0.35488489285441827
0 0.4357367593750001 0.16278541718750003 0.3772359269174198 0.1627795296380638 0.37722333441601885 0.28790320335922337 0.4357241668735992 0.2879090909086596
0 0.525556019058588 0.2878968169809415 0.5255309264542912 0.16276584945064862 0.43970296364570327 0.16278306059470718 0.43972805625 0.287914028125
0 0.6719231833980974 0.2635026094156185 0.5572582687956751 0.2634526054436162 0.5571995291475778 0.39814943977799777 0.6718644437500001 0.3981994437500001
0 0.6637970375768619 0.1627890188049223 0.602896203125 0.16278236093750006 0.6028858327356381 0.2576423702575778 0.6637866671875001 0.25764902812500007
0 0.6475954625000001 0.6122991671875 0.5274056484375 0.6122991671875 0.5274056484375002 0.761206528125 0.6475954625000002 0.761206528125
0 0.5581378703125 0.7205484718750002 0.5112151661803737 0.7205419412503751 0.5112095177428737 0.761126108437875 0.558132221875 0.7611326390625001
0 0.6649259171953225 0.6651473640696774 0.66477101875 0.46837083281250014 0.527266205512209 0.46847907377832465 0.5274211039575315 0.6652556050355021