0 0.2029381328174043 0.3034860465439603 0.18605441093750003 0.30323591718750004 0.18548923280759572 0.34138541908103975 0.2023729546875 0.34163554843749994
0 0.22281279687500005 0.30371901093750003 0.2054922000004605 0.3034624093439184 0.20491097656250007 0.34269496718750003 0.22223157343703961 0.3429515687810817
0 0.23977969340784364 0.2433919692956624 0.20644423882135365 0.24290843127703407 0.20503629973753923 0.33997275213887435 0.2383717543240292 0.3404562901575027
0 0.20422731718750003 0.2429337140625 0.17026664380091877 0.24243251810316072 0.16883480106206633 0.3394531398560102 0.20279547444864762 0.3399543358153495
0 0.27519461093750003 0.30451165156250004 0.25796537501797123 0.3042564034744427 0.25738848281250004 0.3431966046875 0.2746177187320288 0.34345185277555734
0 0.27616686250000005 0.2439313640625 0.2426519979422514 0.24346969294234944 0.24131548907776196 0.3404931185336818 0.2748303536355106 0.3409547896538324
0 0.29439909062499997 0.3046732125 0.27747217969917237 0.30442244296211607 0.2770431890625 0.3333792546875 0.29397009998832757 0.33363002422538396
0 0.31175039544278077 0.24439609940205442 0.27831463559959124 0.24392664917086568 0.27695101203181055 0.3410483185188113 0.3103867718750001 0.34151776875000006
0 0.3471943031299621 0.3054869324775621 0.3300946343750001 0.3052336046875 0.32966124062003804 0.3344877565849379 0.34676090937500004 0.33474108437500005
0 0.34801807656249995 0.24539624687500003 0.31441005022013957 0.24499616196252974 0.3132601488408554 0.3415904464295014 0.3468681751832158 0.3419905313419717
0 0.3668159843793798 0.3057493778293656 0.349508675 0.3054929734375 0.34907483749562024 0.3347770268581344 0.36638214687500004 0.33503343125
0 0.38376675213815636 0.24551955044452384 0.3504162824016475 0.2450157244800569 0.34894908807599123 0.34213580841053315 0.3822995578125 0.3426396343750001
0 0.20383334687500004 0.2201803609375 0.17063316874647202 0.21966280106491748 0.17036554218397204 0.2368303791899175 0.20356572031250003 0.23734793906250004
0 0.2390282178210486 0.22087649601896037 0.20741485156250006 0.22033809531249998 0.2071230749056145 0.23747039512031423 0.23873644116416304 0.23800879582677462
0 0.2759044796875 0.2212680203125 0.24325683330440384 0.22075588145839142 0.24298784111690383 0.2379035002083914 0.2756354875 0.2384156390625
0 0.3115648453125 0.22184782812499995 0.278674653125 0.22134893593749996 0.278415590691873 0.23842800317406193 0.311305782879373 0.23892689536156198
0 0.3478217421875001 0.21962024062500002 0.3145415989020419 0.21918682648380855 0.31428200096927256 0.2391203163681533 0.34756214425473075 0.23955373050934478
0 0.3846463515625 0.22303519062500005 0.3514772734375 0.22218325312500004 0.3510363042498899 0.23935181470910388 0.3842053823748899 0.2402037522091039
0 0.4208790235826275 0.22344404974204898 0.3866362578995822 0.22290707059147966 0.38636671759201835 0.24009545785802344 0.42060948327506364 0.24063243700859277
0 0.42018765937499997 0.30701691875000003 0.4019418109526954 0.30674660991180647 0.40136927499999986 0.34539279062500006 0.4196151234223045 0.3456630994631936
0 0.4211766453125 0.24620426875000007 0.386738267908724 0.24568726288178372 0.38528349830072955 0.342591201261624 0.41972187570450553 0.34310820712984036
0 0.4936604046875 0.19499088281250007 0.4266089085977017 0.1939975265509845 0.4262803984375 0.21617194531250003 0.4933318945272983 0.2171653015740156
0 0.4917758578125001 0.2935992250000001 0.4654224754915256 0.2931103477627912 0.46448619984606976 0.34358115753782553 0.4908395821670443 0.3440700347750344
0 0.17852768595371227 0.39083634734317185 0.14939977812500005 0.3904048234375 0.14894972342128782 0.4207835620318282 0.17807763125000003 0.42121508593750007
0 0.1771288184585031 0.36878921313451307 0.09597125010657129 0.3675099922840489 0.09514358281250004 0.42001966249999995 0.17630115116443185 0.4212988833504642
0 0.1769320304434541 0.49416927657369925 0.14782903906250006 0.4937381203125 0.14748573830654604 0.5169108765513009 0.17658872968750008 0.5173420328125001
0 0.17828180156250004 0.4351347859375001 0.09269938100817207 0.43350413729939774 0.09205530280186607 0.4673077235741852 0.17763772335619404 0.46893837221228757
0 0.1756047859375 0.4726166468749999 0.09198079690839656 0.4714259726081635 0.09134310608354655 0.516212571282966 0.17496709511265002 0.5174032455498024
0 0.22003127968750008 0.47330306406249995 0.1981874250117779 0.4729794507674957 0.19763725781250005 0.5101156640625 0.21948111248822225 0.5104392773575042
0 0.22540356875000006 0.5135193671875 0.19622416719336055 0.5130870792919173 0.19577236406250006 0.5435837578125 0.2249517656191396 0.5440160457080827
0 0.17668313125000004 0.5201663093749999 0.14744724837153078 0.5197331859133744 0.14710535156250004 0.542811259375 0.1763412344409693 0.5432443828366255
0 0.17484203281991517 0.5201772479428303 0.09138688219792653 0.5189408766006537 0.09072806656551143 0.5634109770953234 0.17418321718750007 0.5646473484375
0 0.1755700516310159 0.593280485938515 0.14644214375000006 0.5928489609375 0.14610236243148422 0.615784176561485 0.17523027031250007 0.6162157015625
0 0.1740845085397003 0.5710858420752958 0.09971241936884334 0.5699840282648263 0.09904080312500006 0.6153179156250002 0.17341289229585705 0.6164197294354696
0 0.22395201250000013 0.5940039 0.19559154595491973 0.5935837452988693 0.1952593203125001 0.6160089953125001 0.2236197868575805 0.6164291500136309
0 0.2715557708664231 0.5725153256168627 0.19707479575641668 0.571504734229711 0.19646067244111368 0.6167658594907147 0.27094164755112005 0.6177764508778664
0 0.2723669359375001 0.5143330875000001 0.1980926179571347 0.5131185360674404 0.19724303626499928 0.5650736028191069 0.27151735424536466 0.5662881542516665
0 0.34630980625 0.37046151093750007 0.32910548751480423 0.3702066318132155 0.32853024375000006 0.40903553593749997 0.34573456248519585 0.40929041506178454
0 0.29387529219253616 0.37019810591006175 0.2764732984375 0.36994029843750004 0.2759055609324639 0.40826255658993815 0.2933075546875 0.4085203640624999
0 0.3104698046875001 0.3722499937500001 0.27639425017140706 0.37174007916519314 0.2749091678996323 0.4709821942576715 0.3089847224157253 0.47149210884247844
0 0.3463473476377106 0.372802559528976 0.31247105901312344 0.3722533217093215 0.31086199218750005 0.4714985125 0.3447382808120872 0.47204775031965446
0 0.3658446656807722 0.3706422392753812 0.3485577140916501 0.37036283473904724 0.34821775468750005 0.39139635781250015 0.3655047062766221 0.3916757623488341
0 0.36548679688374536 0.3935629140626296 0.34818447187500007 0.3933065828125001 0.34794704061625475 0.40933316093737054 0.3652493656250001 0.4095894921875002
0 0.3823698906250001 0.37333179531250005 0.3485230025572058 0.3728116493235547 0.34699850000000004 0.472013928125 0.38084538806779433 0.4725340741139454
0 0.41925933438028923 0.37158544339297683 0.40100684218750005 0.37131503593750004 0.40043339530721084 0.4100226769195233 0.4186858875 0.410293084375
0 0.4193048893328181 0.37391492445870195 0.3843428638178412 0.37339216639668155 0.38286041019855277 0.4725385689639004 0.41782243571352956 0.47306132702592085
0 0.43883859999999997 0.37370148906250006 0.42134192188209074 0.3734422792088746 0.4207654734375 0.41235257812500004 0.4382621515554092 0.41261178797862563
0 0.4553963328125 0.3763293703125001 0.421313449499254 0.3758411389692198 0.41972281250000015 0.4868817265625001 0.45380569581324626 0.48736995790578047
0 0.491524079695179 0.3745202291691705 0.47417524218750007 0.37426320937500007 0.4736020171798212 0.4129559005183297 0.4909508546875001 0.4132129203125001
0 0.49123618138868236 0.3767661148363307 0.45757043865531094 0.37627352894603905 0.4559442119541287 0.48741786098470835 0.48960995468750007 0.48791044687500007
0 0.6301962843750599 0.3228917562459638 0.6077594078125002 0.32255935781250006 0.6074218906249402 0.34534175000403644 0.6298587671875 0.3456741484375001