0 0.12628262072236568 0.38947196268564427 0.048505989495640986 0.3894046859231018 0.04846718750000005 0.4342625000000001 0.12624381872672474 0.43432977676254253
0 0.12787343750000005 0.41257968749999996 0.10033593750000006 0.41257968749999996 0.10033593750000006 0.43422656249999997 0.12787343750000005 0.43422656249999997
0 0.12785000000000005 0.4371734375 0.10037968750000004 0.4371734375 0.10037968750000004 0.4586140625 0.12785000000000005 0.4586140625
0 0.09904727430198942 0.45938124673242087 0.0990265625 0.4370421874999999 0.048465225698010574 0.43708906576757905 0.0484859375 0.45942812499999997
0 0.07198906250000006 0.5661765625 0.04501093750000006 0.5661765625 0.04501093750000007 0.5963015625 0.07198906250000006 0.5963015625
0 0.19479218750000005 0.4125 0.16721250000000004 0.4125 0.16721250000000004 0.43419375000000004 0.19479218750000005 0.43419375000000004
0 0.19471250000000004 0.4370375 0.16614531250000003 0.4370375 0.16614531250000003 0.45941406249999994 0.19471250000000004 0.45941406249999994
0 0.22565937500000008 0.43707812500000004 0.19495000000000004 0.43707812500000004 0.19495000000000004 0.4594171875 0.22565937500000008 0.4594171875
0 0.22554218750000002 0.43420781249999996 0.22553125000000002 0.39165937500000003 0.14794997942056015 0.3916793180389651 0.14796091692056018 0.4342277555389649
0 0.16594843750000005 0.412571875 0.14612343750000006 0.412571875 0.14612343750000006 0.43430156249999996 0.16594843750000005 0.43430156249999996
0 0.16592968750000003 0.4370375 0.14620000000000005 0.4370375 0.14620000000000005 0.4593984375 0.16592968750000003 0.4593984375
0 0.13814531250000006 0.4607546875 0.04197656250000005 0.4607546875 0.04197656250000006 0.563675 0.1381453125000001 0.563675
0 0.09214375000000008 0.600325 0.043629687500000076 0.600325 0.043629687500000076 0.636815625 0.0921437500000001 0.636815625
0 0.12384293582323402 0.6109140546547179 0.10763971794289891 0.6108795658402686 0.10758115711966496 0.6383920736855507 0.12378437500000009 0.6384265625000001
0 0.12416760332222654 0.6042301243484693 0.09259105153949118 0.6039631673591289 0.09163048928325164 0.7175816341377144 0.12320704106598701 0.7178485911270548
0 0.14215491042860068 0.6228154014193038 0.1420635609109024 0.6017782374900552 0.1258195879823017 0.6018487735707514 0.1259109375 0.6228859375
0 0.2255843750000001 0.4607859375 0.14783437500000005 0.4607859375 0.14783437500000005 0.47917343749999997 0.2255843750000001 0.47917343749999997
0 0.15733691990607665 0.6987015746526587 0.1573125 0.6039718749999999 0.1259152930130523 0.6039799687324672 0.12593971291912895 0.6987096683851259
0 0.2591312500000001 0.4820953125 0.2274765625000001 0.4820953125 0.2274765625000001 0.5770671875 0.2591312500000001 0.5770671875
0 0.2927281250000001 0.4821625 0.26150156250000006 0.4821625 0.26150156250000006 0.5768140625 0.2927281250000001 0.5768140625
0 0.3281125000000001 0.4819234375 0.2951625000000001 0.4819234375 0.2951625000000001 0.5768718749999999 0.3281125000000001 0.5768718749999999
0 0.3619312500000001 0.46884375 0.3299390625000001 0.46884375 0.3299390625000001 0.5749515625 0.3619312500000001 0.5749515625
0 0.39553281250000005 0.44243750000000004 0.3646343750000001 0.44243750000000004 0.3646343750000001 0.46564375 0.39553281250000005 0.46564375
0 0.3614452164408789 0.44240781688589575 0.3314055546330336 0.4424046867762983 0.33140292447113023 0.46764635056392334 0.3614425862789755 0.46764948067352086
0 0.531065625 0.4425484375 0.50019375 0.4425484375 0.50019375 0.46573593750000003 0.531065625 0.46573593750000003
0 0.531653203589961 0.46755485408610314 0.3640344562419177 0.4675448399718829 0.3640268571923382 0.5947396315968482 0.5316456045403817 0.5947496457110685
0 0.19146562500000008 0.6108875 0.17511875000000007 0.6108875 0.17511875000000007 0.6382765625 0.19146562500000008 0.6382765625
0 0.1572487382166881 0.7166155914786095 0.157217325206121 0.6975734171354473 0.1259404619894329 0.6976250131568379 0.125971875 0.7166671875000001
0 0.19100356168030588 0.7005876611615572 0.16025901058279043 0.7005270045194845 0.16022726687488403 0.7166166859855687 0.19097181797239945 0.7166773426276414
0 0.1917172715542122 0.6040826350294155 0.15975777205835326 0.6040606722534475 0.15969362550414115 0.697404599724032 0.19165312500000006 0.6974265624999999
0 0.2101015625000001 0.6109078125 0.19359687500000008 0.6109078125 0.19359687500000008 0.638446875 0.2101015625000001 0.638446875
0 0.22514688522658935 0.6040621614981275 0.19362655221302286 0.6040486038991506 0.1935859750930595 0.6983871616443118 0.22510630810662596 0.6984007192432887
0 0.224849690814538 0.7166666603451385 0.22483950094222496 0.7005140144169222 0.19428199762768697 0.7005332915717836 0.19429218750000002 0.7166859375
0 0.2592656250000001 0.6108328125 0.24305937500000008 0.6108328125 0.24305937500000008 0.6387859375 0.2592656250000001 0.6387859375
0 0.2593063776538686 0.698007818434232 0.2592857358855163 0.6040181064625941 0.22780278614188135 0.6040250206635426 0.22782342791023366 0.6980147326351804
0 0.25876406250000017 0.7005375 0.22805790123391784 0.7005322375901858 0.22805477623391784 0.7187666125901858 0.2587609375000001 0.7187718750000001
0 0.2776890625000001 0.6116828125 0.2614015625000001 0.6116828125 0.2614015625000001 0.6390281250000001 0.2776890625000001 0.6390281250000001
0 0.29281406250000014 0.6040515625000002 0.26140608520375114 0.6040369890344482 0.26136233484432575 0.6983254951307944 0.29277031214057475 0.6983400685963465
0 0.32750000000000007 0.6108328125 0.3107203125000001 0.6108328125 0.3107203125000001 0.63851875 0.32750000000000007 0.63851875
0 0.3275004262716163 0.6983593312822721 0.3274565273115207 0.6040695295803857 0.29555298738530766 0.6040843830661377 0.2955968863454033 0.698374184768024
0 0.5255328125000001 0.6279609374999999 0.50066875 0.6279609374999999 0.50066875 0.6515765625000001 0.5255328125000001 0.6515765625000001
0 0.5255743092257075 0.6042283039589548 0.5045156855579366 0.6042109384089264 0.5044976263322293 0.6261107594499717 0.5255562500000002 0.6261281250000001
0 0.56535625 0.7203375000000001 0.565297349223741 0.6042695405993778 0.5267847349534324 0.6042890845190606 0.5268436357296914 0.720357043919683
0 0.585015625 0.6002265625 0.5676375 0.6002265625 0.5676375 0.6385109375 0.585015625 0.6385109375
0 0.6002984375000001 0.6040625000000002 0.5683770568375653 0.6040559173671991 0.5683578077285882 0.6974012631666335 0.600279188391023 0.6974078457994345
0 0.6341921875 0.60026875 0.6180640625 0.60026875 0.6180640625 0.6383828125 0.6341921875 0.6383828125
0 0.63431591103734 0.6040524072598524 0.6029580758001526 0.604048112607278 0.6029452897628127 0.6974066428474257 0.6343031250000002 0.6974109375000002
0 0.65266875 0.6002562499999999 0.636428125 0.6002562499999999 0.636428125 0.638521875 0.65266875 0.638521875
0 0.6677921983440007 0.6951076450214697 0.6677781246677249 0.6040712881600819 0.6363734263237242 0.6040761431386122 0.6363875 0.6951125
0 0.7020078125 0.600165625 0.6855171875 0.600165625 0.6855171875 0.6384421875 0.7020078125 0.6384421875
0 0.7020875 0.604090625 0.6705921874999999 0.604090625 0.6705921874999999 0.697403125 0.7020875 0.697403125
0 0.7203875 0.60016875 0.7040437500000001 0.60016875 0.7040437500000001 0.6384078125 0.7203875 0.6384078125
0 0.73555625 0.6040562500000001 0.704042473183403 0.6040437963159262 0.7040052152522811 0.6983241810645574 0.7355189920688783 0.6983366347486313
0 0.7698437499999999 0.6002265625000002 0.7535296875 0.6002265625000002 0.7535296875 0.6384078125000002 0.7698437499999999 0.6384078125000002
0 0.769696875 0.6973812500000001 0.7696892025355102 0.6040610644102988 0.7382999927717357 0.604063645123097 0.7383076652362256 0.6973838307127982
0 0.78806875 0.6002531250000002 0.77190625 0.6002531250000002 0.77190625 0.6383843750000001 0.78806875 0.6383843750000001
0 0.8032000202359789 0.6040777073452721 0.7718545292293333 0.6040609788135661 0.7718046875000001 0.6974531250000001 0.8031501785066458 0.6974698535317061
0 0.5999984375 0.7006359375 0.56946875 0.7006359375 0.56946875 0.7180187499999999 0.5999984375 0.7180187499999999
0 0.63368125 0.7006281249999999 0.60264375 0.7006281249999999 0.60264375 0.7184828125 0.63368125 0.7184828125
0 0.6679390625 0.7005765625 0.636971875 0.7005765625 0.636971875 0.7185359375 0.6679390625 0.7185359375
0 0.7020875 0.7005265625 0.6701359375 0.7005265625 0.6701359375 0.7186078124999999 0.7020875 0.7186078124999999
0 0.735996875 0.7005734375000001 0.7047234375 0.7005734375 0.7047234375 0.718503125 0.735996875 0.7185031250000001
0 0.7697234374999999 0.7006046875000002 0.7394375 0.7006046875000002 0.7394375 0.7185468750000001 0.7697234374999999 0.7185468750000001
0 0.8054203125000001 0.7005562500000002 0.7725296875 0.7005562500000002 0.7725296875 0.7184859375000002 0.8054203125000001 0.7184859375000002
0 0.7755171875 0.41258750000000016 0.7480390625 0.41258750000000016 0.7480390625 0.4411796875000002 0.7755171875 0.4411796875000002
0 0.7739031250000001 0.3924078125000001 0.7038914948792805 0.39240432812085707 0.703889060817744 0.4413119265726033 0.7739006909384638 0.4413154109517463
0 0.75233125 0.4438656250000001 0.7038921874999999 0.44386562500000004 0.7038921874999999 0.4795718750000001 0.75233125 0.47957187500000015
0 0.77430625 0.4438875000000002 0.753621875 0.4438875000000002 0.753621875 0.4788906250000002 0.77430625 0.4788906250000002
0 0.39611093750000004 0.6040734375000001 0.37034963205919824 0.6040336712412506 0.3703152570591982 0.6263024212412505 0.39607656250000006 0.6263421874999999
0 0.39495625000000006 0.6278515625 0.3692937500000001 0.6278515625 0.3692937500000001 0.651615625 0.39495625000000006 0.651615625
0 0.3615560991407265 0.7203139754491179 0.36135041496894504 0.6062221080517862 0.3301005658282185 0.6062784451026684 0.33030624999999997 0.7203703125
0 0.39559375 0.7203437499999998 0.395575 0.6534015624999999 0.3601126258695798 0.6534114952425616 0.36013137586957983 0.7203536827425615
0 0.3287703125000001 0.7018484375 0.2951468750000001 0.7018484375 0.2951468750000001 0.7186078124999999 0.3287703125000001 0.7186078124999999
0 0.29324843750000007 0.70069375 0.2619796875000001 0.70069375 0.2619796875000001 0.7185125 0.29324843750000007 0.7185125
0 0.4972250000000001 0.6037734375 0.3980140625000001 0.6037734375 0.3980140625000001 0.7399140625 0.49722500000000014 0.7399140625
0 0.5330421875 0.6533625 0.499996875 0.6533625 0.499996875 0.7203703124999999 0.5330421875 0.7203703124999999
0 0.8213062499999999 0.41265937500000016 0.7939109375 0.41265937500000016 0.7939109375 0.4341218750000002 0.8213062499999999 0.4341218750000002
0 0.8896455371429468 0.43331239448436804 0.8895859374999999 0.3925875 0.8755076116983693 0.3926081032011056 0.8755672113413162 0.43333299768547373
0 0.5658218749999999 0.5390171875 0.54925 0.5390171875 0.54925 0.57575 0.5658218749999999 0.57575
0 0.5654204036838323 0.5735767323231127 0.5653935574377724 0.4703718665147133 0.5337403946522027 0.4703801003183237 0.5337672408982626 0.573584966126723
0 0.584975 0.5407875 0.56820625 0.5407875 0.56820625 0.5774359375 0.584975 0.5774359375
0 0.6001468802827252 0.575129953192487 0.6000858444972452 0.48179577391594125 0.568181241466226 0.4818166378965486 0.568242277251706 0.5751508171730945
0 0.5643520486274489 0.44482679644830164 0.5343046875 0.44476093750000006 0.5342587859236744 0.46570298525121573 0.5643061470511233 0.4657688441995173
0 0.6342921875 0.54079375 0.618046875 0.54079375 0.618046875 0.5775234375 0.6342921875 0.5775234375
0 0.6343265625000002 0.48178750000000015 0.6029750422675335 0.48178234335860665 0.6029596867265448 0.575141473313286 0.6343112069590114 0.5751466299546796
0 0.6526156249999999 0.5408703125 0.636434375 0.5408703125 0.636434375 0.5775484375 0.6526156249999999 0.5775484375
0 0.6678518609749482 0.48187734912148816 0.6364094219110092 0.4818661953651689 0.6363763109360612 0.575206033743681 0.6678187500000001 0.5752171875000002
0 0.700825 0.5407390624999999 0.6857203125 0.5407390624999999 0.6857203125 0.5682859375 0.700825 0.5682859375
0 0.7017680971525593 0.4819735091906157 0.6706365301500431 0.48189609282086926 0.6704045194654308 0.5751949157566381 0.701536086467947 0.5752723321263845
0 0.7315703124999999 0.5678062500000001 0.704059375 0.5678062500000001 0.704059375 0.5776359375000001 0.7315703124999999 0.5776359375000002
0 0.8741562500000001 0.3924687500000001 0.7956218749999999 0.3924687500000001 0.7956218749999999 0.43432031250000014 0.8741562500000001 0.43432031250000014
0 0.821328125 0.43710312500000015 0.7938 0.43710312500000015 0.7938 0.4585968750000002 0.821328125 0.4585968750000002
0 0.8741351994647903 0.47881162314967884 0.8741214243743098 0.4370205814612391 0.7955750998148106 0.4370464717641368 0.7955888749052911 0.4788375134525765
0 0.8214218750000001 0.5028484375000002 0.7938031249999999 0.5028484375000002 0.7938031249999999 0.5245734375000002 0.8214218750000001 0.5245734375000002
0 0.8214203124999999 0.5273515625000001 0.7939093749999999 0.5273515625000001 0.7939093749999999 0.5558421875000001 0.8214203124999999 0.5558421875000001
0 0.8742281249999999 0.5271828125000002 0.7954859375 0.5271828125000002 0.7954859375 0.5761250000000002 0.8742281249999999 0.5761250000000002
0 0.850278125 0.6037031250000002 0.8061109375 0.6037031250000002 0.8061109375 0.6361109375000001 0.850278125 0.6361109375000001
0 0.8895828124999999 0.4379078125000002 0.8757766951060553 0.4378650249460933 0.875650379774178 0.4786227720318415 0.8894564971681227 0.4786655595857484
0 0.8895828124999999 0.5283062500000002 0.87574375 0.5283062500000002 0.87574375 0.5743390625000002 0.8895828124999999 0.5743390625000002
0 0.8744290950367544 0.5243647727651092 0.874348428045048 0.48236589385722456 0.7955647253050087 0.4825172132367127 0.7956453922967153 0.5245160921445973
0 0.8894578125000001 0.48282812500000016 0.87556875 0.48282812500000016 0.87556875 0.5234000000000002 0.8894578125000001 0.5234000000000002
0 0.19218281250000008 0.5656234375 0.1592703125000001 0.5656234375 0.1592703125000001 0.5763421875 0.19218281250000008 0.5763421875
0 0.1904640625000001 0.53823125 0.17527968750000006 0.53823125 0.17527968750000006 0.5608578125 0.1904640625000001 0.5608578125
0 0.18943437500000004 0.5042421874999999 0.17507343750000004 0.5042421874999999 0.17507343750000004 0.5269625 0.18943437500000004 0.5269625
0 0.17208281250000002 0.5627781250000001 0.17201396645224737 0.48201701693744264 0.14616293930306856 0.48203905404282993 0.1462317853508212 0.5628001621053873