0 0.6826199328125 0.18469092812500004 0.6823721271294773 0.15123706152089078 0.643578153125 0.1515244234375 0.6438259588080227 0.18497829004160926
0 0.643959796875 0.185387975 0.6437100870972517 0.15167723938725725 0.6042606984375 0.15196945781249996 0.6045104082152483 0.18568019342524272
0 0.60380574375 0.18517333593750002 0.6035575491315187 0.15166708068130147 0.5642570953124999 0.1519581953125 0.5645052899309813 0.1854644505686985
0 0.5645101359375001 0.18556581562500002 0.5642611910622841 0.1519581659281281 0.5244108109375001 0.152253353125 0.5246597558127161 0.1858610028218719
0 0.5250204953125001 0.1860645140625 0.5247700348798918 0.15225238241507721 0.48524876250000004 0.15254513281249998 0.48549922293260817 0.18635726445992276
0 0.4870746625 0.2090104984375 0.48693136894260103 0.18966586272087965 0.4581453828125001 0.1898790921875 0.45828867636989906 0.20922372790412033
0 0.48766846875000003 0.22161874374999999 0.48758840320385516 0.21080994678226142 0.4598671171875 0.21101529062500002 0.4599471827336449 0.22182408759273858
0 0.4844572078124999 0.24260557968749996 0.4843142648795271 0.2233082631742656 0.45677601406249996 0.22351225000000002 0.45691895699547275 0.24280956651323438
0 0.5768893031250001 0.2602694828125 0.5766281647931295 0.22501583902033429 0.5372377250000001 0.2253076203125 0.5374988633318708 0.26056126410466574
0 0.6162760140625 0.2599760390625 0.6160192579914943 0.2253138720090298 0.5767364859375 0.22560485468749997 0.5769932420085058 0.2602670217409702
0 0.6552117125000001 0.26004084062500005 0.6549532151564377 0.22514377200858307 0.6154183546875 0.22543662343749996 0.6156768520310624 0.26033369205391693
0 0.4204518031250001 0.24266901875000008 0.4169105096861313 0.18954963836149194 0.3795882874999999 0.19203778750000006 0.38312958093886873 0.2451571678885082
0 0.3784790531250001 0.21127001875 0.3783272222513511 0.19077285080739742 0.3401993234375 0.19105527968749997 0.34035115431114893 0.21155244763010259
0 0.38063930156250003 0.24278647343750004 0.3804188340995559 0.21302341515405931 0.341802928125 0.21330945937500007 0.34202339558794415 0.2430725176584408
0 0.4230980859374999 0.3018576953125 0.42286866899557546 0.2708863366267845 0.38043964062499996 0.271200625 0.3806690575669245 0.30217198368571546
0 0.42759572031250015 0.441266515625 0.4258794102046461 0.41552186400719027 0.40751779218750006 0.41674597187500007 0.40923410229535406 0.4424906234928098
0 0.43241497812500007 0.507141728125 0.4307217957368211 0.48174398740046975 0.411971509375 0.48299400625000005 0.4136646917631789 0.5083917469745304
0 0.43675292812500005 0.5730475484374999 0.4340547863799779 0.5325754222621681 0.41553164374999996 0.5338102984375 0.4182297854950221 0.5742824246128319
0 0.4177540531250001 0.6272267765625 0.4175875761176385 0.6047523895711049 0.38505033750000006 0.6049934062500001 0.38521681450736156 0.6274677932413952
0 0.7906456078125 0.7310577703125001 0.7897380970198296 0.6631428861236335 0.7191589291466396 0.6640859983345665 0.7200664399393102 0.732000882523433
0 0.30108502187499997 0.6986393265625 0.2949753007623393 0.690949326413566 0.2794770265625 0.7032627375 0.2855867476751607 0.710952737648934
0 0.29159482031250006 0.6919106609375001 0.2853821978386771 0.6842458204337678 0.2697102484375001 0.6969484859375 0.27592287091132306 0.7046133264412322
0 0.2819972968750001 0.6852706703125001 0.2758534230486903 0.6775952288466002 0.2599483109375 0.6903266140625 0.26609218476380975 0.6980020555284
0 0.2726291671875001 0.6784718078125 0.26634727096382377 0.6706698491886228 0.25047364843750003 0.6834508 0.25675554466117634 0.6912527586238773
0 0.263084571875 0.6717638265625002 0.24452446539811484 0.6586998348554978 0.23478417688589928 0.6725379324260439 0.2533442833627845 0.6856019241330463
0 0.25490551875000006 0.7265558187500001 0.24867238375194933 0.7188586950684004 0.233453265625 0.7311831453125002 0.23968640062305072 0.7388802689940998
0 0.24504786093750014 0.7196642515625001 0.23856702521838233 0.7122619319334493 0.2243741 0.7246880390625 0.2308549357191178 0.7320903586915508
0 0.23578547343750006 0.712727715625 0.22914536970322263 0.7052683739859611 0.21475653281249993 0.7180769265625 0.22139663654677735 0.7255362682015389
0 0.2264779281250001 0.7068376375000001 0.2202102927260828 0.6991261817193627 0.20517815468750006 0.7113438437500001 0.21144579008641734 0.7190552995306374
0 0.21793851406250003 0.6996929421875 0.2115481641662563 0.6915986646959275 0.19535696292504431 0.7043814536822904 0.20174731282128805 0.712475731173863
0 0.31816846875000004 0.7058745234375 0.3088382870026564 0.6942390878379688 0.2885817855169545 0.7104822992596839 0.29791196726429814 0.7221177348592149
0 0.35456283750000006 0.7313727234375001 0.34066484000726815 0.7141048864372505 0.3127356984375 0.7365836218749999 0.32663369593023195 0.7538514588752496
0 0.28104189218750003 0.7752055796875001 0.2627235746483564 0.7522416999202536 0.21365585625000003 0.791383084375 0.23197417378914365 0.8143469641422467
0 0.3299655406250001 0.7512115875 0.32310336108367305 0.7424966689501915 0.28390245305875805 0.7733637008693738 0.2907646326000851 0.7820786194191823
0 0.3371232150143465 0.7193864378989838 0.24227568364633867 0.6493507300720401 0.20259636706343365 0.7030873929977247 0.2974438984314415 0.7731231008246684
0 0.36428693593750006 0.6483458968750001 0.358019363706847 0.6405880012864366 0.34210720781250004 0.6534433671875001 0.3483747800431531 0.6612012627760636
0 0.3546978609375001 0.6417058437500002 0.3482331281387394 0.6337780841319198 0.33247090596427026 0.6466314701554123 0.33893563876303096 0.6545592297734928
0 0.34457511250000006 0.6350714343750001 0.33804446872531924 0.6272810995789516 0.3229701578125 0.6399179062500001 0.3295008015871808 0.6477082410460485
0 0.33583930312500004 0.6283777406250001 0.32948846967957657 0.6204218387595314 0.31338119375000006 0.6332795421875 0.31973202719542354 0.6412354440529687
0 0.32608119375 0.6216611984375 0.3071742653747551 0.608492140309594 0.2975449328125001 0.6223170546875001 0.31645186118774504 0.6354861128154061
0 0.4255228395369842 0.6444321538564398 0.36477339092364425 0.5686300349988211 0.31187830238624625 0.611021296766008 0.3726277509995863 0.6868234156236267
0 0.6718497750000001 0.6818674171875 0.6473051320763135 0.3136977863458913 0.40194290468750005 0.33005526875 0.4264875476111866 0.6982248995916087
0 0.6878239859375 0.326178315625 0.6873390851989486 0.24284311703002195 0.4105859896030104 0.24445345435102697 0.41107089034156186 0.327788652946005
0 0.31023423437500003 0.6103861359375 0.2849454286188199 0.578506363737425 0.19225334614390127 0.6520348712227618 0.2175421519000814 0.6839146434228368