0 0.2469945359375001 0.38736138593749997 0.2325717281250001 0.38736138593749997 0.2325717281250001 0.3969570953125 0.2469945359375001 0.3969570953125
0 0.24732596250000008 0.3982392734375 0.2328151078125001 0.3982392734375 0.2328151078125001 0.407712871875 0.24732596250000008 0.407712871875
0 0.2475228828125001 0.40917986875 0.2330565828125001 0.40917986875 0.2330565828125001 0.418653465625 0.2475228828125001 0.418653465625
0 0.24785856250000005 0.4399224421875 0.2474101921024648 0.41974580921612353 0.23329835000000004 0.42005940624999993 0.23374672039753533 0.44023603922137644
0 0.284282984375 0.43993729375000007 0.283153508230949 0.38667930909043374 0.2481126875 0.38742244218750005 0.24924216364405102 0.4406804268470664
0 0.32561162343750005 0.3874834984375 0.28491723437500005 0.3874834984375 0.28491723437500005 0.43994884531249995 0.32561162343750005 0.43994884531249995
0 0.3357591484375001 0.40911881250000004 0.3212928500000001 0.40911881250000004 0.3212928500000001 0.418592409375 0.3357591484375001 0.418592409375
0 0.3361885578125 0.4399207921875 0.3357415452592679 0.4198052161813404 0.32162970312500005 0.4201188125 0.32207671567823215 0.4402343885061596
0 0.21044279375000002 0.48017326718750003 0.21003794340194384 0.4619550316691309 0.19761833437500004 0.4622310234375 0.19802318472305622 0.48044925895586915
0 0.8286704315121524 0.5230668958381142 0.8285888604257872 0.3352133866560042 0.15976953814657013 0.3355038061373222 0.15985110923293547 0.5233573153194321
0 0.41502863906250004 0.6018564359374999 0.34460065937500006 0.6018564359374999 0.34460065937500006 0.6523036296875 0.41502863906250004 0.6523036296875
0 0.08972699062500007 0.49011221093749996 0.04140458437500005 0.49011221093749996 0.04140458437500006 0.5349917484375 0.08972699062500007 0.5349917484375
0 0.09034103437500006 0.538219471875 0.05835647187500007 0.538219471875 0.05835647187500007 0.5471039609374999 0.09034103437500006 0.5471039609374999
0 0.2121186656250001 0.52406105625 0.09164250156250006 0.52406105625 0.09164250156250006 0.546899340625 0.2121186656250001 0.546899340625
0 0.34127635366003367 0.5463133041581243 0.34111820843793456 0.5230460183777941 0.2129016875 0.5239174921875001 0.2130598327220991 0.5471847779678304
0 0.41251707030606105 0.5471620230530251 0.41250883766732827 0.5238596731422998 0.34277633554825565 0.5238843093914369 0.34278456818698844 0.5471866593021623
0 0.7725118812499999 0.582341584375 0.7713592411390631 0.5304727651718195 0.7469653468749999 0.5310148515625001 0.7481179869859368 0.5828836707656806
0 0.8449756875000001 0.5358135312500002 0.7740868359374999 0.5358135312500002 0.7740868359374999 0.6015049500000001 0.8449756875000001 0.6015049500000001
0 0.5933154375 0.6018531359375 0.559514778125 0.6018531359375 0.559514778125 0.6257046203125001 0.5933154375 0.6257046203125001
0 0.593807553125 0.601726071875 0.5242660796874999 0.601726071875 0.5242660796874999 0.6520825078125 0.593807553125 0.6520825078125
0 0.6440890718750001 0.5743795375000001 0.6429841207563028 0.5246566838655171 0.6165103956426028 0.5252449882374967 0.6176153467613001 0.5749678418719797
0 0.644568353125 0.5762953796875 0.617752109375 0.5762953796875 0.617752109375 0.601219471875 0.644568353125 0.601219471875
0 0.8925206453125 0.5027409234375002 0.8449393468749999 0.5027409234375002 0.8449393468749999 0.5366963703125002 0.8925206453125 0.5366963703125002
0 0.463982434375 0.599655115625 0.46272792959163966 0.4981936539061943 0.038568597363219256 0.5034381073387908 0.039823102146579546 0.6048995690575965
0 0.465070003125 0.6029224421875 0.41706824375 0.6029224421875 0.41706824375 0.6470363031249999 0.465070003125 0.6470363031249999