0 0.4814919014810444 0.7923730088863862 0.467726184375 0.7919651359375 0.4668391594564557 0.8219022379886137 0.4806048765625001 0.8223101109374997
0 0.5160203727601753 0.7946078238005476 0.500448753125 0.79380040625 0.49973220692732473 0.8076195074494524 0.5153038265625 0.808426925
0 0.5155536852082616 0.8095382338512074 0.5000863328125 0.8087362218750002 0.49932912885423864 0.823339420836293 0.5147964812500001 0.8241414328125002
0 0.4933940137309518 0.724413655205916 0.478067271875 0.7239595296875001 0.47748796126904824 0.743511269794084 0.4928147031250001 0.7439653953125
0 0.5052502868707417 0.7253797711521841 0.4941663328125001 0.7250513578125001 0.4935916881292585 0.744445622597816 0.5046756421875 0.7447740359374999
0 0.5341582545031096 0.7534255216786037 0.5162881734375002 0.7528960375 0.5152798814343909 0.7869258736338965 0.5331499625000002 0.7874553578125001
0 0.5152064710014839 0.750332768215034 0.47766234531250007 0.7483860359375001 0.47577538056101626 0.7847775020974661 0.51331950625 0.786724234375
0 0.532945377214906 0.7951488670729722 0.517650321875 0.7946956796875 0.5167888087225944 0.8237717126145279 0.5320838640625002 0.8242249000000001
0 0.5361040922915176 0.695889784613875 0.47904004999999994 0.6934380734374999 0.47688792851627254 0.7435291088528064 0.5339519708077901 0.7459808200291815
0 0.4978444892750408 0.788687051841839 0.4835589807594046 0.7885584335464937 0.48324718367186403 0.8231894317046548 0.4975326921875002 0.8233180500000001
0 0.5264680747632963 0.8277272315701667 0.46677850625 0.8256393953124999 0.4633959752367038 0.922343251242333 0.52308554375 0.9244310874999998
0 0.5159335062499999 0.6914033468749999 0.5106804203124999 0.6730949625 0.489696127799911 0.6791158264740376 0.4949492137374111 0.6974242108490375
0 0.5330545714478647 0.6737251182327361 0.5285879390625 0.6644738515625002 0.5102477004271353 0.6733287583297642 0.5147143328124999 0.6825800250000001
0 0.5364340000000001 0.6759994078125 0.5238213944766242 0.6754594696219951 0.5231794606025044 0.6904546280841038 0.5357920661258804 0.6909945662746086
0 0.5119045185104033 0.6765807353270252 0.4890996796875 0.594256740625 0.4615092346145967 0.6018996599854748 0.4843140734375 0.6842236546875
0 0.48290758187911137 0.5917673456664387 0.4656571359375 0.5668743953125002 0.44028239885388726 0.5844587123227256 0.4575328447954986 0.6093516626766642
0 0.5061478373894811 0.5690266307631036 0.486615296875 0.5410381484375 0.46671668136051886 0.5549249504868964 0.4862492218749999 0.5829134328125
0 0.6498013904556108 0.7022470087881127 0.5789548140625 0.7001478515625001 0.5742819673568893 0.8578564724618877 0.6451285437500001 0.8599556296875003
0 0.6479515854203454 0.864557176902933 0.5726184078125 0.8606510125 0.5710997723921547 0.889938984034567 0.6464329500000001 0.8938451484375