0 0.23101250000000007 0.3325765625 0.21513125 0.3325765625 0.21513125000000005 0.3684609375 0.23101250000000012 0.3684609375
0 0.24970625000000007 0.33251875000000003 0.2334140625 0.33251875000000003 0.23341406250000002 0.369421875 0.2497062500000001 0.369421875
0 0.2648500107642978 0.3668504020541363 0.26482175109600914 0.27554969373955834 0.23346573312557464 0.27555939914801636 0.23349399279386335 0.36686010746259434
0 0.23138642287975997 0.36687400722435776 0.23138125 0.2756140625 0.19943701891782065 0.27561587319215974 0.19944219179758055 0.3668758179165175
0 0.29897812500000004 0.332534375 0.282771875 0.332534375 0.282771875 0.3691625 0.2989781250000001 0.3691625
0 0.29912904211082075 0.36682449462057126 0.29910229108198017 0.2755499842164179 0.2675920290062561 0.27555921934598293 0.2676187800350967 0.36683372975013623
0 0.317040625 0.33241875 0.30111875 0.33241875 0.30111875 0.35965625 0.317040625 0.35965625
0 0.3325890625 0.36684531249999996 0.3325183282864268 0.27549128973449893 0.30106817752422127 0.27551564117096095 0.30113891173779445 0.366869663936462
0 0.36670156249999997 0.3324484375 0.35061718750000004 0.33244843749999997 0.35061718750000004 0.359965625 0.36670156249999997 0.35996562500000007
0 0.36681087665823314 0.36684071512018546 0.3667795878929025 0.2759265141371921 0.33526089873466935 0.27593736151700665 0.3352921875 0.36685156250000006
0 0.38515781250000003 0.3324218750000001 0.368878125 0.3324218750000001 0.368878125 0.35996718750000006 0.38515781250000003 0.35996718750000006
0 0.40025950077726746 0.2755444644137533 0.3688890791192478 0.27553529981496333 0.3688623908419804 0.3668892729012101 0.4002328125 0.36689843750000006
0 0.2306937500000001 0.25422187500000004 0.1994644745961623 0.25419770139543 0.19945197459616226 0.27034613889543 0.2306812500000001 0.27037031250000004
0 0.2638013605013792 0.25438619321083755 0.23406406250000006 0.2543203125 0.23402835962476357 0.27043591032699865 0.2637656576261427 0.2705017910378362
0 0.2984859375 0.25424062500000005 0.26777634881110285 0.2542138511650489 0.2677622863111028 0.2703435386650489 0.298471875 0.2703703125
0 0.3320296875 0.2542890625 0.3010921875 0.254278125 0.3010865079253197 0.2703432076669433 0.3320240079253197 0.27035414516694334
0 0.366139942874432 0.27042489368657835 0.3660952707601679 0.25167154011848464 0.33478782870929036 0.2517461171600541 0.3348325008235545 0.2704994707281478
0 0.40077343749999994 0.25438750000000004 0.36956875000000006 0.25404843750000006 0.3693932487284751 0.27020021581163084 0.40059793622847506 0.2705392783116308
0 0.43485301189762576 0.25426719958725014 0.40264299678655674 0.2542392893850539 0.4026289870725518 0.2704073234475628 0.43483900218362076 0.270435233649759
0 0.4353671875 0.3328703125000001 0.4182046875 0.3328703125000001 0.4182046875 0.3692218750000001 0.4353671875 0.3692218750000001
0 0.43545000000000006 0.2756671875000001 0.40305630499702644 0.27566078540324346 0.403038290548997 0.3668113189399431 0.4354319855519706 0.36681772103669974
0 0.5029015625000001 0.22649531250000007 0.43983125 0.22649531250000007 0.43983125 0.24735312500000012 0.5029015625000001 0.24735312500000012
0 0.5025031249999999 0.3192546875000001 0.4777128813156102 0.3191859385574744 0.47758126202127194 0.3666466595568472 0.5023715057056617 0.3667154084993729
0 0.2092734375000001 0.4150625 0.18187500000000006 0.4150625 0.18187500000000006 0.4436375 0.2092734375000001 0.4436375
0 0.20765075385492535 0.39434845449341777 0.1313108454281947 0.39427614802824396 0.13126406250000006 0.44366874999999995 0.2076039709267307 0.44374105646517376
0 0.20921250000000008 0.5122609375 0.18183750000000004 0.5122609375 0.18183750000000004 0.5340578125000001 0.20921250000000008 0.5340578125000001
0 0.20965937500000006 0.45672500000000005 0.12915335716060766 0.4563838529130336 0.12901860991825606 0.48818234778816566 0.2095246277576485 0.4885234948751321
0 0.20779239833908666 0.5339443488411781 0.20766348526695425 0.4918223280599596 0.12892368665740242 0.49206330864801284 0.12905259972953484 0.5341853294292314
0 0.2494531250000001 0.4920375 0.2289062500000001 0.4920375 0.2289062500000001 0.52696875 0.2494531250000001 0.52696875
0 0.2550656250000001 0.5297828124999999 0.22761875000000006 0.5297828124999999 0.22761875000000006 0.5584687500000001 0.2550656250000001 0.5584687500000001
0 0.2093406250000001 0.5367124999999999 0.18184062500000003 0.5367124999999999 0.18184062500000006 0.5584203125 0.2093406250000001 0.5584203125
0 0.2076093750000001 0.5367484375 0.12910937500000005 0.5367484375 0.12910937500000008 0.578578125 0.2076093750000001 0.578578125
0 0.2093125000000001 0.6054859375 0.18191406250000008 0.6054859375 0.18191406250000008 0.627059375 0.2093125000000001 0.627059375
0 0.20760625000000008 0.584634375 0.1376500000000001 0.584634375 0.1376500000000001 0.6272765625 0.20760625000000008 0.6272765625
0 0.2548218750000001 0.6054921875 0.22814531250000009 0.6054921875 0.22814531250000009 0.6265859375 0.2548218750000001 0.6265859375
0 0.29933800136119026 0.6271936861084023 0.29929135745494645 0.5846217928796921 0.2292354276319469 0.5846985496780082 0.22928207153819075 0.6272704429067184
0 0.29925799486310334 0.5786351461535931 0.29924216172651674 0.5298142784557205 0.22931986577217622 0.5298369550142188 0.2293356989087628 0.5786578227120914
0 0.3667750000000001 0.39356406250000003 0.3505921875000001 0.3935640625 0.3505921875000001 0.43008749999999996 0.3667750000000001 0.43008749999999996
0 0.3174609375000001 0.394046875 0.3010921875000001 0.394046875 0.3010921875000001 0.43009375 0.3174609375000001 0.43009375
0 0.33309531250000013 0.3957453125 0.30104292201108523 0.39574052454137976 0.30102897749497537 0.4890903445746422 0.3330813679838902 0.48909513253326253
0 0.36684291791446916 0.39576510408846727 0.33497737265472016 0.3957205601018362 0.3348468750000001 0.48907500000000004 0.36671242025974904 0.4891195439866311
0 0.3851484615236471 0.39346186054069776 0.368887599877702 0.3934399473700294 0.36886093750000004 0.413225 0.3851217991459452 0.4132469131706683
0 0.3851312500000001 0.415021875 0.3688562500000001 0.415021875 0.3688562500000001 0.430096875 0.3851312500000001 0.430096875
0 0.40072656250000016 0.3957609375000001 0.3688890713610698 0.39574334183415544 0.36883750000000015 0.4890562500000001 0.40067499113893046 0.48907384566584466
0 0.43539374999999997 0.3936046875000001 0.41822499999999996 0.3936046875000001 0.41822499999999996 0.4300140625 0.43539374999999997 0.4300140625
0 0.43546588868019864 0.3957931223246326 0.4025828171744948 0.3957914678582167 0.40257812500002377 0.48904999952830985 0.4354611965057276 0.48905165399472583
0 0.45383593749999995 0.3953218750000001 0.43737812500000006 0.3953218750000001 0.43737812500000006 0.431921875 0.45383593749999995 0.431921875
0 0.4694949172728478 0.5020092946777801 0.4694437500000001 0.3975625 0.43738477022715233 0.39757820532222 0.4374359375 0.502025
0 0.5033937500000001 0.39535781250000007 0.48707500000000004 0.39535781250000007 0.48707500000000004 0.431753125 0.5033937500000001 0.431753125
0 0.5031734375 0.5020187499999998 0.5031542935970401 0.397473895935983 0.471487539771955 0.39747969464571103 0.47150668367491483 0.5020245487097279
0 0.6330843749999999 0.3448734375000001 0.6119796875 0.3448734375000001 0.6119796875 0.36630312500000006 0.6330843749999999 0.36630312500000006