0 0.44212968750000003 0.2801171875000001 0.41550937499999996 0.2801171875000001 0.41550937499999996 0.30220468750000007 0.44212968750000003 0.30220468750000007
0 0.44232812499999996 0.3051781250000001 0.41511250000000005 0.3051781250000001 0.41511250000000005 0.3268078125000001 0.44232812499999996 0.3268078125000001
0 0.50923125 0.3050015625000001 0.48181250000000003 0.3050015625000001 0.48181250000000003 0.3265421875000001 0.50923125 0.3265421875000001
0 0.5095468750000001 0.2799421875000001 0.4815953125 0.2799421875000001 0.4815953125 0.3016765625000001 0.5095468750000001 0.3016765625000001
0 0.44232812499999996 0.37038281250000005 0.422921875 0.37038281250000005 0.422921875 0.39188750000000006 0.44232812499999996 0.39188750000000006
0 0.421465625 0.37073750000000005 0.39391406250000005 0.37073750000000005 0.39391406250000005 0.3921515625000001 0.421465625 0.3921515625000001
0 0.421465625 0.3952671875000001 0.39391406250000005 0.3952671875000001 0.39391406250000005 0.41675625 0.421465625 0.41675625
0 0.4425265625 0.3956187500000001 0.42305312500000003 0.3956187500000001 0.42305312500000003 0.416225 0.4425265625 0.416225
0 0.4881609375 0.3943843750000001 0.4612671875 0.3943843750000001 0.4612671875 0.4164890625 0.4881609375 0.4164890625
0 0.4885578125 0.37020625000000007 0.46060625 0.37020625000000007 0.46060625 0.39188593750000006 0.4885578125 0.39188593750000006
0 0.4426234375 0.46067187499999995 0.41494687499999994 0.46067187499999995 0.41494687499999994 0.48279843749999996 0.4426234375 0.48279843749999996
0 0.442525 0.4855578125 0.415121875 0.4855578125 0.415121875 0.50723125 0.442525 0.50723125
0 0.504034375 0.4966765625 0.483484375 0.4966765625 0.483484375 0.5270718750000001 0.504034375 0.5270718750000001
0 0.440740625 0.26007187500000006 0.3630765625 0.26007187500000006 0.3630765625 0.3017203125000001 0.440740625 0.3017203125000001
0 0.36043125 0.260071875 0.346415625 0.260071875 0.346415625 0.3010140625 0.36043125 0.3010140625
0 0.36096093749999997 0.30542500000000006 0.3472923904512111 0.30518786399951187 0.346576501940294 0.34645176223939406 0.3602450489890829 0.34668889823988225
0 0.44080470634502555 0.30447861763410916 0.3629749301208451 0.30443277011912623 0.36294992602563025 0.3468791957538442 0.44077970224981067 0.3469250432688271
0 0.4408793607838833 0.39207465999016455 0.44071900905079914 0.349857612040955 0.3628802732669158 0.3501532645507904 0.36304062499999995 0.39237031249999993
0 0.36077499999999996 0.39138281249999995 0.36065478444787624 0.3502359307627454 0.34676467516966814 0.3502765123836468 0.34688489072179185 0.39142339412090144
0 0.3608847145876832 0.3956062929978209 0.34701250000000006 0.3955921875 0.3469706250847531 0.43677455607165444 0.36084283967243624 0.4367886615694753
0 0.4411088803871854 0.39496083986640074 0.3630761247525836 0.3946685669369822 0.36291880686539824 0.4366702270705816 0.4409515625000001 0.4369625000000001
0 0.36062490185645857 0.4406114430453768 0.34707254554032385 0.44057723374530583 0.34696875000000005 0.481696875 0.36052110631613477 0.481731084300071
0 0.4413008736966407 0.4405957651236025 0.36315634324878154 0.44036384879078805 0.363030008462227 0.4829325305853355 0.4411745389100862 0.48316444691814997
0 0.3608875000000001 0.4859796875 0.3469203125000001 0.4859796875 0.3469203125000001 0.5270828125 0.3608875000000001 0.5270828125
0 0.44109675228944056 0.5270827086424059 0.44105360590949216 0.4849407764191279 0.36287509669434787 0.48502081830340915 0.3629182430742963 0.527162750526687
0 0.44277187500000004 0.5510671874999999 0.41481406249999997 0.5510671874999999 0.41481406249999997 0.5729890625 0.44277187500000004 0.5729890625
0 0.4425203125 0.5756828125 0.4146875 0.5756828125 0.4146875 0.5973625 0.4425203125 0.5973625
0 0.44118547694644833 0.5306953811681175 0.36311302277252194 0.5306454417991464 0.36308593750000007 0.5729890625 0.44115839167392645 0.5730390018689712
0 0.441147251229974 0.6179553148375412 0.4410191285178081 0.5750763930086557 0.36279062728783407 0.5753101406711144 0.36291874999999996 0.6181890624999999
0 0.4412463066646767 0.6630117884286095 0.440959110568161 0.6197066244614375 0.3626315539034843 0.620226086032828 0.36291875 0.66353125
0 0.44277187500000004 0.6409281250000001 0.41481406249999997 0.6409281250000001 0.41481406249999997 0.6633078125 0.44277187500000004 0.6633078125
0 0.44226406249999994 0.6658375000000001 0.414940625 0.6658375000000001 0.414940625 0.6874296875 0.44226406249999994 0.6874296875
0 0.44099141747879 0.6658597905000047 0.36282035543028235 0.6657248355260635 0.3627468750000001 0.7082875 0.44091793704850774 0.7084224549739411
0 0.4412316023922303 0.7110964371787964 0.36317343750000014 0.71049375 0.36284077539024884 0.7535791095860791 0.44089894028247895 0.7541817967648756
0 0.4423484375000002 0.73131875 0.4226437500000002 0.73131875 0.4226437500000002 0.7536921875 0.4423484375000002 0.7536921875
0 0.42173281250000016 0.7317921875 0.39347500000000013 0.7317921875 0.39347500000000013 0.7535406250000001 0.42173281250000016 0.7535406250000001
0 0.4216500000000002 0.756234375 0.39398125000000006 0.756234375 0.39398125000000006 0.777725 0.4216500000000002 0.777725
0 0.44235000000000013 0.7563875 0.42251718750000017 0.7563875 0.42251718750000017 0.777953125 0.44235000000000013 0.777953125
0 0.4412229374359888 0.7566701268203824 0.36295625000000015 0.7560687500000001 0.36261195909916355 0.800876776198457 0.4408786465351522 0.8014781530188392
0 0.44082500000000013 0.8020765624999997 0.3630406250000001 0.8016828124999998 0.3628109588346634 0.8470528166380686 0.4405953338346634 0.8474465666380686
0 0.4426421875000002 0.82459375 0.4149406250000002 0.82459375 0.4149406250000002 0.8464546875 0.4426421875000002 0.8464546875
0 0.4423046875000002 0.8488109375 0.4148140625000002 0.8488109375 0.4148140625000002 0.8711640624999999 0.4423046875000002 0.8711640624999999
0 0.44123650816473237 0.8493392256808725 0.3630406250000001 0.8488156250000001 0.362753375121701 0.8917142665470982 0.4409492582864333 0.8922378672279706
0 0.540329084550405 0.8492362379426732 0.46254792913079246 0.8487760952616193 0.4622938445803876 0.8917257948189464 0.5400750000000001 0.8921859375000002
0 0.5096375000000002 0.8491734375 0.48134218750000024 0.8491734375 0.48134218750000024 0.8707625 0.5096375000000002 0.8707625
0 0.4803453125000002 0.8492875 0.46055781250000016 0.8492875 0.46055781250000016 0.8709312499999999 0.4803453125000002 0.8709312499999999
0 0.48059687500000015 0.8249984375 0.46089375000000016 0.8249984375 0.46089375000000016 0.846353125 0.48059687500000015 0.846353125
0 0.5093859375000002 0.8248875 0.4815937500000002 0.8248875 0.4815937500000002 0.8467499999999999 0.5093859375000002 0.8467499999999999
0 0.5402586136386922 0.8017532685928856 0.4621032359202893 0.801640182033486 0.46203720047241753 0.8472780137848476 0.5401925781908204 0.8473911003442473
0 0.5409321875887885 0.7563938116815373 0.4624751074822363 0.7556260448341134 0.46203517462887367 0.8005822020758548 0.5404922547354258 0.8013499689232788
0 0.4883000000000002 0.7555562499999999 0.46064218750000013 0.7555562499999999 0.46064218750000013 0.7774328125000001 0.4883000000000002 0.7774328125000001
0 0.4886781250000002 0.731565625 0.46081093750000013 0.731565625 0.46081093750000013 0.7531890625 0.4886781250000002 0.7531890625
0 0.540446875 0.7533828125 0.5402437499999999 0.710625 0.4618972550706649 0.7109971923749614 0.462100380070665 0.7537550048749615
0 0.5402669597001528 0.6657817326680632 0.4621783983187421 0.66543139609957 0.46198643861858946 0.7082184134315068 0.5400750000000001 0.70856875
0 0.48842656250000005 0.6647703125 0.46097968749999996 0.6647703125 0.46097968749999996 0.68731875 0.48842656250000005 0.68731875
0 0.4883 0.6415078125 0.4605578125 0.6415078125 0.4605578125 0.6627390625 0.4883 0.6627390625
0 0.5405269996132155 0.6631434055499497 0.5404953124999999 0.6208437499999999 0.4623108259926195 0.6209023188144134 0.4623425131058351 0.6632019743643631
0 0.540446875 0.6180265625000001 0.5402437499999999 0.57505625 0.4622937628020224 0.5754247274493924 0.46249688780202247 0.6183950399493925
0 0.5093859375 0.57483125 0.481678125 0.57483125 0.481678125 0.5969921874999999 0.5093859375 0.5969921874999999
0 0.4803453125 0.57573125 0.4605578125 0.57573125 0.4605578125 0.597328125 0.4803453125 0.597328125
0 0.48034375 0.5514921875 0.460978125 0.5514921875 0.460978125 0.5727484375 0.48034375 0.5727484375
0 0.5096390625 0.5513796875 0.48159375000000004 0.5513796875 0.48159375000000004 0.572746875 0.5096390625 0.572746875
0 0.5403814375091829 0.5305782019732226 0.4624093750000001 0.530465625 0.4623479854012572 0.5729847431960153 0.54032004791044 0.5730973201692379
0 0.48163750000000005 0.52793125 0.4812290218623817 0.48517094472792693 0.4604810498943781 0.48536914473830856 0.4608895280319965 0.5281294500103816
0 0.538015625 0.48456875000000005 0.5053453125 0.48456875000000005 0.5053453125 0.5265828124999999 0.538015625 0.5265828124999999
0 0.5562781668067374 0.5272501024212256 0.5562296875 0.48608281249999996 0.5426913190011546 0.48609875551496246 0.542739798307892 0.5272660454361882
0 0.5564823464152461 0.4818935819360733 0.556355164831137 0.44058891669699074 0.542599380915891 0.4406312722609174 0.5427265625000001 0.48193593749999997
0 0.5406356430540427 0.4405062915821622 0.46245224316260963 0.44015825122157215 0.46220910044758207 0.49477756056678784 0.5403925003390151 0.4951256009273779
0 0.48211250000000005 0.46071249999999997 0.4609375 0.46071249999999997 0.4609375 0.48240625000000004 0.48211250000000005 0.48240625000000004
0 0.556320423477566 0.2602322763699186 0.5425416843579753 0.26020140458506236 0.5424508142989307 0.30075865915222616 0.5562295534185214 0.3007895309370824
0 0.5406984375 0.2595437500000001 0.46249531250000003 0.2595437500000001 0.46249531250000003 0.3019937500000001 0.5406984375 0.3019937500000001
0 0.4807234375 0.28027812500000004 0.4612234375 0.28027812500000004 0.4612234375 0.3022437500000001 0.4807234375 0.3022437500000001
0 0.480471875 0.3047921875000001 0.4609203125 0.3047921875000001 0.4609203125 0.3266562500000001 0.480471875 0.3266562500000001
0 0.5404093750000001 0.3045687500000001 0.4625421875 0.3045687500000001 0.4625421875 0.3467937500000001 0.5404093750000001 0.3467937500000001
0 0.5563560762489149 0.34649035002412604 0.5563249064077695 0.30560536154916346 0.5427544079404033 0.30561570740707533 0.5427855777815487 0.3465006958820379
0 0.5563580632085614 0.35055681434609054 0.5426422288078935 0.3505176511133475 0.5425263530993322 0.3910998992672571 0.5562421875000001 0.39113906250000013
0 0.5405718749999998 0.3919453125 0.5401168746748287 0.34921078773963776 0.462080064668255 0.35004165632019213 0.4625350649934261 0.39277618108055434
0 0.5404673717167146 0.43696729447089855 0.540405378645141 0.3951434965308811 0.46199360081014584 0.3952597219143936 0.46205559388171935 0.4370835198544111
0 0.5563573037073037 0.43662256812175604 0.5562699868955965 0.39571464183693583 0.5426328125000002 0.39574375000000006 0.5427201293117074 0.4366516762848203