0 0.8307662171875002 0.33239572031250003 0.8299261542175422 0.29459291875504967 0.796508971875 0.2953355234375 0.7973490348449581 0.33313832499495044
0 0.8314864484375001 0.371722284375 0.8306319899467303 0.33327167635234617 0.7969582203124996 0.33401998281249995 0.7978126788032694 0.3724705908351537
0 0.8326823953125002 0.4117076703125001 0.8318311119291331 0.37339993891338 0.7983616 0.37414370625000004 0.7992128833833673 0.4124514376491201
0 0.8335678671875 0.4515539546875 0.8327044312372387 0.41269930325101234 0.7991336343750001 0.4134453203125001 0.7999970703252615 0.4522999717489878
0 0.8344364484375 0.49071610468749993 0.8335804607961494 0.4521966175137659 0.7998054062499999 0.4529471734374999 0.8006613938913503 0.49146666061123395
0 0.7979788671875001 0.5200188812500001 0.7973519152814396 0.49180603909778825 0.778028490625 0.4922354484375 0.7786554425310606 0.5204482905897118
0 0.7768334093750001 0.5195498 0.7762244959261215 0.49214875487698195 0.7654275515625 0.4923886875000001 0.7660364650113786 0.5197897326230181
0 0.7644526640625001 0.5233797437500001 0.7638534089204984 0.4964132336262524 0.7445772531249999 0.49684159218749996 0.7451765082670017 0.5238081023112476
0 0.7602779656249999 0.4430596718750001 0.7594258344034359 0.40471372835551395 0.7242108484374999 0.40549628281250005 0.725062979659064 0.4438422263319862
0 0.7588115609375001 0.4035958453125 0.7579614328678317 0.36534004685503085 0.723337275 0.366109471875 0.7241874030696684 0.40436527033246916
0 0.757833896875 0.364920984375 0.7569783204560594 0.326420053550566 0.72211951875 0.32719469375 0.7229750951689407 0.365695624574434
0 0.7984283928066394 0.561207996751983 0.7464094593749999 0.5608226718749999 0.7461319681308605 0.598284043873017 0.7981509015624999 0.5986693687500001
0 0.8002979734375 0.6379828578125001 0.7994641821315092 0.6004622490429109 0.7789894906249999 0.6009172421875 0.7798232819309907 0.6384378509570892
0 0.778040240625 0.6376980734375 0.7772017055761778 0.5999639866413756 0.7474712843749999 0.6006246624999999 0.7483098194238221 0.6383587492961242
0 0.7191191453125 0.6025072062500001 0.7181966684821134 0.560995796816259 0.6872592718750001 0.5616832953124999 0.6881817487053866 0.603194704746241
0 0.5731957535876173 0.5656315113151428 0.5479924921875 0.5654448203125001 0.5478559729748826 0.5838748964973574 0.573059234375 0.5840615875000001
0 0.5069495067661675 0.5647135032293649 0.48210461718750014 0.5645294656250001 0.48196520729633285 0.5833496592706353 0.5068100968750001 0.5835336968750001
0 0.4561264218313538 0.5643927703426128 0.4162004500000001 0.5640970218750001 0.41606272973114644 0.5826892249698872 0.45598870156250015 0.5829849734375
0 0.38584883593749997 0.61766908125 0.38514058465812734 0.5857977146332188 0.36269084218750003 0.586296596875 0.36339909346687266 0.6181679634917812
0 0.3164450019092883 0.2891047103758041 0.31587971544477406 0.21917005507501724 0.24802165937500004 0.21971855625 0.2485869458395143 0.2896532115507868
0 0.30259906404690146 0.712673938003937 0.2947457740271987 0.7070521031281164 0.2830467849802974 0.7233947307491795 0.2909000750000001 0.7290165656250001
0 0.3096449319469713 0.7219864199653517 0.30183674474138883 0.7162064449514214 0.2896829159194176 0.7326250921735696 0.2974911031250001 0.7384050671875
0 0.3164551276325053 0.730929254171604 0.30860899065538333 0.7253077915449391 0.2965428645853781 0.742149045185835 0.30438900156250004 0.7477705078125001
0 0.3236178176868402 0.7399607596383705 0.31563115112827206 0.73423997840986 0.30354516625393185 0.7511129765839896 0.3115318328125 0.7568337578125002
0 0.33651646895869386 0.7614534848369255 0.322822259375 0.7435361484375 0.3091935362686846 0.7539525734247542 0.3228877458523785 0.7718699098241798
0 0.27531640038577887 0.7593209783212224 0.26724750594917895 0.7542439459154103 0.2563288915009002 0.771596828531688 0.2643977859375001 0.7766738609375002
0 0.2821603687954944 0.7687946489063224 0.2742717014856362 0.7635522194466 0.2632602811276418 0.7801219096027778 0.27114894843750004 0.7853643390625001
0 0.2903560030829132 0.779440542282569 0.2827280396379143 0.7732335569474674 0.2704038678050012 0.7883791271648983 0.2780318312500001 0.7945861125
0 0.296430813719983 0.78747078009498 0.2884807340773849 0.781909611779216 0.27708520473240195 0.798200319184236 0.28503528437500003 0.8037614874999999
0 0.30450447371090356 0.796306380637394 0.2962852859375 0.7903166421875001 0.2840182747265965 0.8071495756126061 0.29223746250000004 0.8131393140625001
0 0.2989690237441058 0.6992421403621585 0.2871475984375001 0.690496796875 0.2715604059433943 0.7115666190128417 0.28338183125 0.7203119625000001
0 0.27803521222107525 0.6682459801043266 0.26039860303317475 0.6554668422762313 0.23902341268709953 0.684966944984405 0.25666002187500003 0.6977460828125002
0 0.24211416391052473 0.7483042247319975 0.21867827433964546 0.7314440315066922 0.18146711199162074 0.7831680348996948 0.20490300156250002 0.800028228125
0 0.25038115791281707 0.6878678727130005 0.2415506750000001 0.6813902156250001 0.21170600302468306 0.7220751210369997 0.22053648593750003 0.7285527781250001
0 0.3453794698247498 0.7651622739950646 0.2738822271967628 0.6727643341756787 0.22090257682101147 0.7137598252511873 0.2923998194489985 0.8061577650705732
0 0.35104115688856485 0.6467536247889298 0.343131018750635 0.6409427844070603 0.33085615404957014 0.6576522221181305 0.3387662921875 0.6634630625000001
0 0.35811460660552563 0.6563762750620095 0.35010777031250007 0.6501827203125001 0.33761681214447453 0.6663306452504909 0.34562364843750004 0.6725242000000001
0 0.36464549838965976 0.6653967537765025 0.35658831003841274 0.6595905979808556 0.34477460539875293 0.6759844473293531 0.35283179374999996 0.681790603125
0 0.3720220347856829 0.6741038037262194 0.36391891257473985 0.668207824554526 0.3516379059140571 0.6850861911408067 0.35974102812500014 0.6909821703125002
0 0.38477136279461344 0.6958610894487544 0.37096032187500005 0.6775995875 0.3573398231428866 0.6879006714887457 0.3711508640625 0.7061621734375001
0 0.422611125671623 0.6359928597720239 0.34574797958197634 0.5791434031319189 0.30460179360915624 0.6347749867982708 0.3814649396988029 0.6916244434383758
0 0.6615681560185023 0.33822231774600947 0.30063303281250003 0.3355487234375 0.29880875804399787 0.5818257431914906 0.65974388125 0.5844993375
0 0.7428453778349204 0.5730401310764137 0.7384213857614166 0.29717857708074713 0.6551468093749999 0.29851405156249994 0.6595708014485038 0.5743756055581666
0 0.41508196163785926 0.716523198608962 0.3826824328124999 0.6927717718750002 0.3119190420543153 0.7893007317699301 0.34431857087967466 0.8130521585038919