0 0.48217902063660834 0.7644813228412147 0.48174835156250007 0.7354111468750002 0.46842960592589167 0.7356084615337855 0.46886027499999994 0.7646786375
0 0.45067363906100877 0.7503237285361496 0.45007936718749997 0.7369526156250001 0.4349108656264913 0.7376267714638506 0.43550513750000003 0.750997884375
0 0.4508440130226076 0.7655358487853132 0.4502160218750001 0.75140605625 0.4351427963523924 0.7520759777771869 0.4357707874999999 0.7662057703125
0 0.4730039613197343 0.6885707024560476 0.47272201875000003 0.6695396765625 0.45789293243026563 0.6697593678564526 0.4581748749999999 0.6887903937500001
0 0.45741783555672144 0.6893290109626449 0.4571386031250001 0.670480825 0.44641454413077863 0.6706396999748551 0.4466937765625 0.6894878859375
0 0.43583797828044846 0.7303233885071782 0.43534819531249996 0.6972630453125002 0.4180583529695515 0.697519191180322 0.4185481359375 0.7305795343750001
0 0.47432888451905725 0.7283876751610989 0.4727639187500001 0.6931759499999999 0.4361696811059428 0.6948023607764011 0.43773464687499997 0.7300140859375002
0 0.4338511275351575 0.7659435592935857 0.4334326406250001 0.7376957000000001 0.4186342130898426 0.7379149360189143 0.41905270000000006 0.7661627953125
0 0.4731561905681108 0.6890926654360523 0.47221825468750006 0.64000229375 0.4172379841746439 0.6410527638660033 0.41817592005525467 0.6901431355520556
0 0.46630161984522245 0.7653549889839208 0.46587292812500003 0.7320027234375 0.4520479629672776 0.7321804219535792 0.4524766546875 0.7655326875000001
0 0.48379103475530244 0.8621984357947505 0.4821827125000001 0.7679987828125 0.4244253398957255 0.768984906060584 0.42603366215102784 0.8631845590428344
0 0.46199776588785435 0.6257922524882307 0.4416113835850674 0.6200076097896347 0.4365714218750001 0.6377695687500001 0.456957804177787 0.6435542114485961
0 0.44229217195703596 0.6203621417189702 0.4247200843750001 0.6116239078125 0.4202837263581086 0.620545169528825 0.4378558139401445 0.6292834034352951
0 0.4296114296276109 0.6367991555930873 0.429157615439848 0.6223365754789781 0.4169188733122372 0.6227206089483908 0.41737268750000006 0.6371831890624999
0 0.4903387979793011 0.5516550300932122 0.46381094451390786 0.5439404766520821 0.4407223262221069 0.62333476530887 0.4672501796875001 0.6310493187499999
0 0.5111506854768049 0.5343295081115959 0.4866700701222384 0.5174360865558951 0.4698975690017518 0.5417414735440098 0.49437818435631825 0.5586348950997106
0 0.4860540869830398 0.5060065191485232 0.467015493010276 0.49245453087049446 0.44779054665223617 0.5194628148469713 0.46682914062499997 0.533014803125
0 0.37777324563922854 0.7989087310735105 0.375504659375 0.6457790671874999 0.3069584621732714 0.6467945658014895 0.3092270484374999 0.7999242296875001
0 0.3805938627078649 0.8294545344404469 0.37933437343750004 0.801116021875 0.3062210716671352 0.8043655014970532 0.30748056093750004 0.8327040140625002