0 0.35144415953331587 0.7887716879949801 0.35034902656250005 0.7723446968750001 0.31197142484168416 0.77490320419252 0.3130665578125 0.7913301953125
0 0.3524708732901758 0.7697081097923315 0.351347403125 0.752856059375 0.3118830235848242 0.7554870183326686 0.31300649375 0.7723390687500002
0 0.35076979742972203 0.7697938332299745 0.3486396109375 0.7373028140625 0.251697735382778 0.7436585480200257 0.25382792187500003 0.7761495671875002
0 0.34968565480612046 0.8051900141419125 0.3475084246353952 0.7721739502447094 0.2520240682667748 0.7784706251652971 0.2542012984375 0.8114866890625002
0 0.35219546630102827 0.7184456266951748 0.35107792187500003 0.7016824671874999 0.3119051821364718 0.7042939842423251 0.3130227265625 0.72105714375
0 0.3496011539038994 0.734362394843722 0.3474385161729169 0.701779588963918 0.2522269732065174 0.7080991206826959 0.2543896109375 0.7406819265625
0 0.3422992323440054 0.700043687234899 0.34120129843749997 0.683574675 0.3118046629684945 0.6855344502651012 0.312902596875 0.7020034625000001
0 0.35085290062399205 0.6994658367717521 0.3486704546875 0.6669225109375 0.251600021251008 0.6734323241657478 0.2537824671875 0.7059756499999998
0 0.3426318659027131 0.6485945652181075 0.3415227265625 0.6319574687499999 0.31182430284728685 0.6339373629068923 0.31293344218749997 0.6505744593749999
0 0.3496197554069578 0.6640511066076933 0.3474591309643392 0.6314735659692101 0.25217703805738145 0.637792914049017 0.25433766250000006 0.6703704546875
0 0.3426469586950668 0.6296211546878816 0.34152435 0.6127820343749999 0.3117832350549332 0.6147647765621184 0.31290584374999997 0.631603896875
0 0.3508804461035111 0.6290856249378673 0.34872541746396984 0.5966361095077002 0.25170698386045876 0.6030792720698328 0.25386201250000007 0.6355287875
0 0.24843668906250013 0.7794830093750001 0.23166093834559393 0.7794556482222419 0.23160669157401087 0.8127155888876632 0.2483824422909171 0.8127429500404213
0 0.24850910461010328 0.77701073344534 0.24837915965576562 0.7456306876397154 0.23163141910816232 0.7457000401318755 0.23176136406249997 0.7770800859375001
0 0.2484366890625001 0.7090511906250001 0.23167971006468807 0.7090341559196423 0.23164648317307218 0.7417193308773422 0.24840346217088421 0.7417363655827
0 0.2484272842538664 0.6748657336236843 0.2317295645897898 0.674841409944942 0.2316820731326338 0.7074433467831497 0.2483797927967104 0.707467670461892
0 0.24857280597377804 0.6720736904446312 0.24849350625 0.638789284375 0.22900640737423322 0.6388357121692906 0.2290857070980113 0.6721201182389216
0 0.24826136406250007 0.6034592 0.23147889687500006 0.6034592 0.23147889687500006 0.6363148265625 0.24826136406250007 0.6363148265625
0 0.24848982332854636 0.6016178747951368 0.24846015071079677 0.567371295764546 0.23165002147952046 0.5673858607387163 0.23167969409727007 0.6016324397693071
0 0.3523230958802217 0.5777277025467338 0.35113961093750007 0.5599754328125 0.3121882681822783 0.5625721896407663 0.31337175312499993 0.580324459375
0 0.34959660635591117 0.5936169392950447 0.34735195400319874 0.5601113802063615 0.25197775077228757 0.5665008252863168 0.254222403125 0.6000063843750001
0 0.2245227265625001 0.49825097500000004 0.2028522734375001 0.49825097500000004 0.2028522734375001 0.56522326875 0.2245227265625001 0.56522326875
0 0.34989850417854573 0.516156157036561 0.3482357961335058 0.49050758294122876 0.2976343700799601 0.4937878977796678 0.299297078125 0.5194364718750001
0 0.43034387518652917 0.8180636556390809 0.42845454531249993 0.7897237015624999 0.3968769045009707 0.7918288771734191 0.3987662343749999 0.82016883125
0 0.4285066479535196 0.7935382229798834 0.3771908352936121 0.7935251764568767 0.37717045468750016 0.8736880953125 0.4284862673474076 0.8737011418355068
0 0.5223977265625002 0.783524134375 0.49975162343750024 0.783524134375 0.49975162343750024 0.8134754328125 0.5223977265625002 0.8134754328125
0 0.4747614361345834 0.7879552804939626 0.4417136120082298 0.787949158987166 0.4416980515625001 0.8719544359375 0.4747458756888537 0.8719605574442968
0 0.5225349338689095 0.868340905264288 0.5222851086216747 0.7867276795917754 0.47851304028077796 0.7868616697349798 0.4787628655280128 0.8684748954074925
0 0.5164493306499958 0.7634596549073667 0.5150324671875001 0.742206709375 0.4773233959125044 0.7447206482176334 0.47874025937500003 0.7659735937500001
0 0.5496524109497714 0.7625837797974636 0.547759740625 0.7341937234374998 0.5160634984252286 0.7363068061400362 0.51795616875 0.7646968625
0 0.5477094156250002 0.781703571875 0.5251558437500001 0.781703571875 0.5251558437500001 0.8117785718749999 0.5477094156250002 0.8117785718749999
0 0.5686525968750001 0.7821060609375001 0.5252684812115286 0.7820016584616993 0.5250669439951968 0.8657498055891157 0.5684510596586685 0.8658542080649164
0 0.6190227265625002 0.776978571875 0.5966087656250002 0.776978571875 0.5966087656250002 0.8069387453125 0.6190227265625002 0.8069387453125
0 0.6192553849536848 0.853571872097809 0.619016928456046 0.7802901057675713 0.5747288360239522 0.7804342177880276 0.5749672925215911 0.8537159841182655
0 0.6185308437500001 0.729728896875 0.5966152593750003 0.729728896875 0.5966152593750003 0.7589058453125 0.6185308437500001 0.7589058453125
0 0.6192450724922844 0.7590031656328284 0.6191623374999999 0.6834968609375 0.574928567517199 0.6835453294810607 0.5750113025094835 0.7590516341763893
0 0.5687358160401195 0.7608116105890843 0.5687120784879931 0.6876166893365416 0.5179880027454267 0.6876331394586457 0.5180117402975531 0.7608280607111884
0 0.4154925508484064 0.643763159554343 0.4143766234375 0.6270242421875001 0.3753142679015936 0.6296283982581571 0.37643019531250005 0.6463673156250002
0 0.4155118667260013 0.695190443783906 0.4143831171875 0.6782591999999998 0.3758030692114986 0.6808312030910939 0.37693181875 0.697762446875
0 0.4779048104605934 0.6893932018408604 0.4746972666115778 0.6553497044625418 0.3774830426627957 0.6645091301995205 0.3806905865118113 0.6985526275778391
0 0.4774783483645276 0.6560099725214618 0.47564935 0.6230043296875001 0.3768804172604724 0.6284775821660382 0.378709415625 0.6614832249999999
0 0.3968585041649702 0.6266691904956441 0.39682142812500004 0.6091329000000001 0.37627293324470956 0.6091763445824047 0.3763100092846797 0.6267126350780485
0 0.41438636406249996 0.6079521640625 0.3987240265625001 0.6079521640625 0.3987240265625001 0.6259054109375 0.41438636406249996 0.6259054109375
0 0.47781127652530564 0.6206543115518222 0.4756444812499999 0.5877189390625 0.3778010625927745 0.5941559896024617 0.37996785786808024 0.627091362091784
0 0.41548424041030774 0.5734958551347802 0.41430032499999997 0.5557371203125001 0.3752884877146923 0.5583379089277198 0.376472403125 0.57609664375
0 0.47782993437067744 0.5855861188105136 0.47556095234616647 0.5515770529004962 0.37657192735048906 0.5581813012774827 0.378840909375 0.5921903671875001
0 0.4174173579612658 0.5534676312649532 0.41628246718749995 0.5364442640625 0.37712160297623426 0.5390549874850468 0.37825649375000003 0.5560783546875001
0 0.4904484754414897 0.5485395860514031 0.48825674985517065 0.5153790551503883 0.3796930558870322 0.5225545079959878 0.3818847814733512 0.5557150388970025
0 0.4172324439136208 0.5018468408193253 0.41610714218750006 0.48496731562499995 0.3771685295238792 0.4875632232431747 0.37829383125 0.5044427484375
0 0.4912876600227086 0.5130860720915049 0.4891103890625 0.48032932968750003 0.3783211056022914 0.48769325759599524 0.3804983765625 0.5204500000000001
0 0.3495624696113258 0.3765870704273335 0.34810714218749994 0.35475714374999995 0.32438720538867416 0.35633847176016636 0.3258425328125 0.37816839843749994