0 0.08822350262973114 0.5522248436196351 0.03993329531250006 0.5500786124999999 0.038655375495268984 0.5788318126303647 0.08694558281250006 0.5809780437499998
0 0.1090554532292638 0.5566883278539033 0.09193837812500007 0.5559275687499999 0.09160491864573632 0.5634304049585965 0.10872199375000006 0.5641911640624999
0 0.1092741587433845 0.5474329353940786 0.09187444062500005 0.5466596140625 0.0915115068816156 0.5548256177309213 0.10891122500000006 0.5555989390624999
0 0.10966146989324108 0.538798266827398 0.09274057656250007 0.5380462265624999 0.09239332698175906 0.5458593362976021 0.10931422031250007 0.5466113765625001
0 0.12609757804587166 0.5247992098601706 0.09293447187500006 0.5233252937499999 0.09232437976662851 0.5370523635773294 0.1254874859375001 0.5385262796875
0 0.12584398210941355 0.5092196759756962 0.09300876093750006 0.5077603328125001 0.09238548507808657 0.5217840396493039 0.12522070625000006 0.5232433828125
0 0.11094845028713347 0.49940869463189497 0.0933466828125001 0.4986263937500001 0.09298579502536668 0.5067463678681052 0.11058756250000006 0.50752866875
0 0.15495526902273787 0.5690524999448234 0.13701293125000008 0.5682550624999999 0.13664666378976226 0.5764960781801766 0.15458900156250008 0.5772935156250001
0 0.15736400035025078 0.4851397798990842 0.09334277500000007 0.4818912781250001 0.09133613043504238 0.5214380762569577 0.15535735578529308 0.5246865780310419
0 0.15544262283560012 0.5255424098350769 0.11089857204269644 0.524778082507633 0.1101893210820964 0.5661123507975563 0.15473337187500008 0.5668766781250001
0 0.15462648109429145 0.5675154324531801 0.08916084050112494 0.5662084928385223 0.08714861721933355 0.667002351010342 0.15261425781250004 0.668309290625
0 0.6956605751488172 0.5037531586789348 0.35314616321509473 0.48853441104082657 0.34458853781801047 0.6811330466270956 0.6871029497517329 0.6963517942652039
0 0.42867621169558917 0.4780546519730177 0.4163014781250001 0.4775046640625 0.4157904164294111 0.4890035574019825 0.42816515000000016 0.4895535453125002
0 0.5581502106730155 0.4147338229383576 0.4175380950483123 0.408711155851575 0.41408334577543443 0.48936970748866643 0.5546954614001376 0.495392374575449
0 0.5546285426842748 0.48337751866343864 0.542445809375 0.4828360640625001 0.5419330807532253 0.4943724625865616 0.5541158140625001 0.4949139171875001