0 0.2298035140625001 0.3984159625 0.18631309843750005 0.3984159625 0.18631309843750005 0.4802141515625 0.2298035140625001 0.4802141515625
0 0.27428434531250007 0.39831650625 0.2325527156250001 0.39831650625 0.2325527156250001 0.4782039046875 0.27428434531250007 0.4782039046875
0 0.3241741218750001 0.397654621875 0.28181789062500007 0.397654621875 0.28181789062500007 0.47906581406250004 0.3241741218750001 0.47906581406250004
0 0.37049680468750007 0.3976549406250001 0.3276182109375001 0.39765494062500006 0.3276182109375001 0.4786418890625 0.37049680468750007 0.4786418890625
0 0.4174952078125 0.39679562187500006 0.3730750796875001 0.39679562187500006 0.3730750796875001 0.47985788749999997 0.4174952078125 0.47985788749999997
0 0.46293130937500004 0.3967721578125001 0.41942492031249995 0.3967721578125001 0.41942492031249995 0.47986120000000004 0.46293130937500004 0.47986120000000004
0 0.5093482421875 0.3963596375000001 0.4662220453125 0.3963596375000001 0.4662220453125 0.4796119984375 0.5093482421875 0.4796119984375
0 0.554939296875 0.3961113843750001 0.5115670921875 0.3961113843750001 0.5115670921875 0.4798831375 0.554939296875 0.4798831375
0 0.601841853125 0.3968725828125001 0.5582268375 0.3968725828125001 0.5582268375 0.47932505000000003 0.601841853125 0.47932505000000003
0 0.646928115625 0.3950849375000001 0.604297125 0.3950849375000001 0.604297125 0.479165896875 0.646928115625 0.479165896875
0 0.693955271875 0.3965544781250001 0.6506773156250001 0.3965544781250001 0.6506773156250001 0.47809390625 0.693955271875 0.47809390625
0 0.7392827468750001 0.3941580171875001 0.6964073484375 0.3941580171875001 0.6964073484375 0.4782407875 0.7392827468750001 0.47824078750000004
0 0.7858913734375 0.39260669843750007 0.7429137375 0.39260669843750007 0.7429137375 0.47810077031250015 0.7858913734375 0.47810077031250015
0 0.8323386578124999 0.3940006625000001 0.7885399359374999 0.3940006625000001 0.7885399359374999 0.47731551406250017 0.8323386578124999 0.47731551406250017
0 0.83261341875 0.4939602890625002 0.7888897765625 0.4939602890625002 0.7888897765625 0.5756292156250001 0.83261341875 0.5756292156250001
0 0.7860415328125 0.4958963203125002 0.7431565499999999 0.4958963203125002 0.7431565499999999 0.5759647843750002 0.7860415328125 0.5759647843750002
0 0.7399952078124999 0.4946463500000002 0.6962667734375 0.4946463500000001 0.6962667734375 0.5759255359375001 0.7399952078124999 0.5759255359375002
0 0.6939345046875001 0.49657859374999996 0.650533546875 0.49657859374999996 0.650533546875 0.57665088125 0.6939345046875001 0.57665088125
0 0.6471166140625 0.49547970625 0.6042220453125 0.49547970625 0.6042220453125 0.5761265171875001 0.6471166140625 0.5761265171875001
0 0.601174121875 0.49620500468750006 0.55791054375 0.49620500468750006 0.55791054375 0.5773369781250001 0.601174121875 0.5773369781250001
0 0.554998403125 0.49601669531250003 0.5115990421875 0.49601669531250003 0.5115990421875 0.5779691640625 0.554998403125 0.5779691640625
0 0.5088115015625 0.49679332656249997 0.466060703125 0.49679332656249997 0.466060703125 0.5780173468750001 0.5088115015625 0.5780173468750001
0 0.46276517500000003 0.49626539999999997 0.4193642171875 0.49626539999999997 0.4193642171875 0.57845909375 0.46276517500000003 0.57845909375
0 0.416963259375 0.496941734375 0.3738226843750001 0.496941734375 0.3738226843750001 0.5786031484375 0.416963259375 0.5786031484375
0 0.3700143765625001 0.496856596875 0.3271261984375001 0.496856596875 0.3271261984375001 0.5786615078125 0.3700143765625001 0.5786615078125
0 0.3248578281250001 0.498299715625 0.2808162937500001 0.498299715625 0.2808162937500001 0.57909879375 0.3248578281250001 0.57909879375
0 0.2750782750000001 0.49779944374999996 0.2318019171875001 0.49779944374999996 0.2318019171875001 0.5797525968749999 0.2750782750000001 0.5797525968749999
0 0.22938178906250012 0.49813793593750005 0.20671725312500006 0.49813793593750005 0.20671725312500006 0.58003425625 0.22938178906250012 0.58003425625
0 0.6001560237953505 0.59324289792454 0.6000511187499998 0.5790807359374999 0.5583152230796493 0.5793898911379599 0.5584201281250001 0.593552053125
0 0.6469342270320924 0.593145595195283 0.6468274765625 0.5787342453125002 0.6047558698429076 0.5790458860547172 0.6048626203125 0.5934572359375001
0 0.6928902428916264 0.592557574485768 0.6927779546874999 0.5773986625 0.6498797242958736 0.5777164270767321 0.6499920125 0.5928753390625001
0 0.7399921130923696 0.5924562776589799 0.7398865812500001 0.5782094546875 0.6975574072201304 0.57852300359102 0.6976629390624999 0.5927698265625
0 0.786112654586145 0.5921146429751388 0.7860015968750002 0.5771218546875 0.7427787188513552 0.5774420242123612 0.7428897765625 0.5924348125000001
0 0.8315573010825842 0.5919026158705493 0.8314520765625 0.577697325 0.7888851911049157 0.5780126356919507 0.7889904156249999 0.5922179265625
0 0.830264697393986 0.3916326375284068 0.8301613421874998 0.37767972968749997 0.7898774760435139 0.37797812965909316 0.78998083125 0.39193103749999997
0 0.7854425570222257 0.3919454857382057 0.7853370609374999 0.37770345624999996 0.7426804461027741 0.3780194298867942 0.7427859421874998 0.39226145937499995
0 0.7380459531551364 0.392978680939437 0.7379376999999999 0.3783644656249999 0.6978102765323635 0.3786617049980629 0.6979185296875 0.3932759203124999
0 0.6935439310728446 0.3926262148945598 0.6934408953125 0.3787164343750001 0.6504480829896553 0.3790349007304403 0.6505511187499999 0.39294468125000004
0 0.647602419340551 0.3937125290470287 0.6474920124999999 0.37880759687499993 0.604539752534449 0.37912576157797123 0.604650159375 0.39403069375
0 0.6008183242111027 0.39356227296562235 0.6007140578125 0.37948636718749995 0.5585426992263972 0.3797987489093776 0.5586469656249999 0.39387465468749994