0 0.8055015624999999 0.3302718750000001 0.7745703125000001 0.3302718750000001 0.7745703125000001 0.36432343750000007 0.8055015624999999 0.36432343750000007
0 0.8053593749999999 0.3660578125000001 0.774190625 0.3660578125000001 0.774190625 0.4007015625000002 0.8053593749999999 0.4007015625000002
0 0.80564375 0.4031687500000002 0.7746640625000001 0.4031687500000002 0.7746640625000001 0.43768593750000023 0.80564375 0.43768593750000023
0 0.80564375 0.4395234375000002 0.7745703125000001 0.4395234375000002 0.7745703125000001 0.4745437500000002 0.80564375 0.4745437500000002
0 0.8056421874999999 0.47606406250000016 0.7743796875 0.47606406250000016 0.7743796875 0.5107687500000002 0.8056421874999999 0.5107687500000002
0 0.7713109375 0.5125609375000002 0.753425 0.5125609375000002 0.753425 0.5381281250000002 0.7713109375 0.5381281250000002
0 0.7517578125 0.5127890625000002 0.7417640624999999 0.5127890625000002 0.7417640624999999 0.5378390625000001 0.7517578125 0.5378390625000001
0 0.740225 0.5170515625000001 0.7223828125 0.5170515625000001 0.7223828125 0.5414671875000001 0.740225 0.5414671875000001
0 0.7380140625 0.43268281250000007 0.70541875 0.43268281249999996 0.70541875 0.4671875000000001 0.7380140625 0.4671875000000002
0 0.73746875 0.3962500000000001 0.7054203125 0.3962500000000001 0.7054203125 0.43068750000000006 0.73746875 0.43068750000000017
0 0.737359375 0.36025625000000006 0.70509375 0.36025625000000006 0.70509375 0.3949140625000001 0.737359375 0.3949140625000001
0 0.769853125 0.5762312500000001 0.7227625 0.57623125 0.7227625 0.6108906250000001 0.769853125 0.6108906250000002
0 0.77103125 0.6131015625000001 0.7520796875 0.6131015625000001 0.7520796875 0.6472468750000002 0.77103125 0.6472468750000002
0 0.7504453125 0.6130468750000001 0.7229265625 0.613046875 0.7229265625 0.6471359375000001 0.7504453125 0.6471359375000001
0 0.6966578125 0.5774328125 0.668021875 0.5774328125 0.668021875 0.6149828125 0.6966578125 0.6149828125
0 0.561909375 0.5818671875 0.5391015625 0.5818671875 0.5391015625 0.5989187499999999 0.561909375 0.5989187499999999
0 0.5006296875 0.581471875 0.4781640625 0.581471875 0.4781640625 0.598884375 0.5006296875 0.598884375
0 0.4536234375 0.5815234375 0.4172015625 0.5815234375 0.4172015625 0.5987250000000001 0.4536234375 0.5987250000000001
0 0.3880203125000001 0.602428125 0.3672406250000001 0.602428125 0.3672406250000001 0.63129375 0.3880203125000001 0.63129375
0 0.33146718750000004 0.2640734375 0.2683078125 0.2640734375 0.2683078125 0.32850625 0.33146718750000004 0.32850625
0 0.30900047305532397 0.7198234922273334 0.30189928471003097 0.7146098970533409 0.29078787415470714 0.7297442173260076 0.29788906250000013 0.7349578125
0 0.31533043561139495 0.7283847493988118 0.308270707436688 0.7230312898095397 0.2967340218252931 0.738244977910728 0.3037937500000001 0.7435984375
0 0.32151530113582666 0.7367428967081384 0.31444177508839694 0.7314706940804923 0.3029092864525703 0.7469434223723539 0.30998281250000004 0.752215625
0 0.3278847866953883 0.7449242118205548 0.3206630098855242 0.7396189802528494 0.309182910690136 0.7552463309322949 0.31640468750000006 0.7605515625000002
0 0.33935837282015024 0.7573121871491773 0.3269715595752684 0.7480584120674801 0.31422099925511826 0.765125912418303 0.32660781250000004 0.7743796875000001
0 0.2827973829863611 0.7631800426784403 0.27549657964142626 0.7584461252390531 0.2650898216550652 0.7744957700606129 0.272390625 0.7792296875000001
0 0.289730081185504 0.7732674432305128 0.28286687765524887 0.767724027781749 0.2715946089697449 0.7816800220512362 0.2784578125 0.7872234375
0 0.2961340016245058 0.7812683098949991 0.28915186763452294 0.7757084906589189 0.27765380351001717 0.7901479932639199 0.2846359375 0.7957078125000001
0 0.30197106329182755 0.7894595920398292 0.29485004882719223 0.7841053216782451 0.2838055480353647 0.798794167138416 0.29092656250000004 0.8041484375
0 0.30904257387522716 0.7971838042893612 0.3016109375000001 0.7916328125000001 0.28996523862477297 0.807224008210639 0.29739687500000006 0.812775
0 0.30589766618934383 0.7074470699320226 0.29520937500000005 0.699346875 0.2804242088106563 0.7188560550679775 0.29111250000000005 0.7269562500000001
0 0.28714838169833357 0.6790062871059718 0.2712093366899412 0.6671388238427735 0.2509156424916076 0.6943950367368016 0.26685468749999997 0.7062625
0 0.2524090046513486 0.7536656127586673 0.23127399683303232 0.7378780346088304 0.19573374218168374 0.7854561718501631 0.21686875 0.80124375
0 0.2611967138157329 0.6972360613774603 0.25321250000000006 0.691234375 0.22481734868426714 0.7290092511225398 0.2328015625 0.7350109375
0 0.3476765498151565 0.7685585565866037 0.28351435232595384 0.6832400723818066 0.23330723339039244 0.7209974131331353 0.2974694308795951 0.8063158973379323
0 0.3551737740909034 0.6585012761544526 0.3480217317676898 0.6531176986690013 0.3363682701767864 0.6685992350145487 0.34352031250000004 0.6739828125
0 0.36152471310866086 0.6673462282906758 0.3542859375 0.66161875 0.34243934939133924 0.6765912717093245 0.34967812500000006 0.6823187500000002
0 0.3675879743325419 0.6760578603450282 0.36037924328897875 0.6704838342014214 0.34894751895643694 0.6852681613563933 0.35615625000000006 0.6908421875000001
0 0.374019789962514 0.6836640942179806 0.36669306497217374 0.6781996719418085 0.3550326500096598 0.693834015223828 0.362359375 0.6992984375000001
0 0.38528209862426965 0.6956930541418295 0.37274457203921574 0.6866461647633063 0.36006559841494623 0.7042171731214768 0.37260312500000015 0.7132640625000001
0 0.42152454427062463 0.6481653710696691 0.3520290296420356 0.5955092945264117 0.3125868514088473 0.6475650999401733 0.3820823660374363 0.7002211764834307
0 0.642096875 0.37087343750000007 0.3149828125000001 0.3708734375 0.3149828125000001 0.5987296875 0.642096875 0.5987296875
0 0.72078125 0.33420312500000005 0.6437234375 0.3341812500000001 0.6436511596158211 0.5887904224326221 0.7207089721158211 0.5888122974326222
0 0.41284144672198997 0.7228036106382347 0.38354687500000006 0.7007968750000002 0.31624976389083687 0.7903803589150297 0.34554433561282677 0.8123870945532643