0 0.2411453125000001 0.39647031250000003 0.2276906250000001 0.39647031250000003 0.2276906250000001 0.40555624999999995 0.2411453125000001 0.40555624999999995
0 0.24123281250000012 0.40677031250000006 0.22769218750000011 0.40677031250000006 0.22769218750000011 0.41574062500000003 0.24123281250000012 0.41574062500000003
0 0.24118906250000008 0.4171296875 0.2276906250000001 0.4171296875 0.2276906250000001 0.42610000000000003 0.24118906250000008 0.42610000000000003
0 0.24105937500000008 0.42743125 0.2276906250000001 0.42743125 0.2276906250000001 0.4462390625 0.24105937500000008 0.4462390625
0 0.2755812500000001 0.39646875000000004 0.2424046875000001 0.39646875000000004 0.2424046875000001 0.446253125 0.2755812500000001 0.446253125
0 0.31541875 0.3965984375 0.2769174683669531 0.39648450965693 0.27677016757867423 0.446263992718053 0.3152714492117212 0.446377920561123
0 0.32473906250000006 0.417071875 0.31124062500000005 0.417071875 0.31124062500000005 0.42604218749999995 0.32473906250000006 0.42604218749999995
0 0.3246968750000001 0.42748749999999996 0.31132812500000007 0.42748749999999996 0.31132812500000007 0.44623749999999995 0.3246968750000001 0.44623749999999995
0 0.2047843750000001 0.4673625 0.19301875000000004 0.4673625 0.19301875000000004 0.4843515625 0.2047843750000001 0.4843515625
0 0.7898277016017782 0.5249662249499429 0.7897504660253942 0.3470941498123898 0.15936657858506809 0.3473678749761179 0.15944381416145212 0.525239950113671
0 0.39487968750000013 0.5995703125 0.3292546875000001 0.5995703125 0.3292546875000001 0.6473375 0.39487968750000013 0.6473375
0 0.08932812500000006 0.4937625 0.044517187500000055 0.4937625 0.04451718750000006 0.5362578124999999 0.08932812500000006 0.5362578124999999
0 0.08965468750000007 0.5393140625 0.05955625000000007 0.5393140625 0.05955625000000007 0.5477265625000001 0.08965468750000007 0.5477265625000001
0 0.2049671875000001 0.5259078125000001 0.09137187500000007 0.5259078125000001 0.09137187500000007 0.5475328125 0.2049671875000001 0.5475328125
0 0.3274594760050809 0.5471644722383238 0.32734385737533267 0.5251359984434518 0.20596094387025174 0.5257730887051282 0.20607656249999998 0.5478015625
0 0.39503592049175223 0.5477814274248161 0.395028125 0.5257171875 0.3291671752955661 0.5257404567579471 0.3291749707873183 0.5478046966827631
0 0.73484375 0.5324921875000002 0.711734375 0.5324921875 0.711734375 0.5810921875000001 0.73484375 0.5810921875000001
0 0.8030546875000001 0.5370359375000001 0.7373140625 0.5370359375000001 0.7373140625 0.5992375000000002 0.8030546875000001 0.5992375000000002
0 0.5642546875 0.5995671875 0.5327515625 0.5995671875 0.5327515625 0.6221515625 0.5642546875 0.6221515625
0 0.564165625 0.599446875 0.49937812499999995 0.599446875 0.49937812499999995 0.6471281249999999 0.564165625 0.6471281249999999
0 0.6134109375000001 0.5266203125 0.58833125 0.5266203125 0.58833125 0.573553125 0.6134109375000001 0.573553125
0 0.6133 0.5753671875 0.5884328125 0.5753671875 0.5884328125 0.5989671875 0.6133 0.5989671875
0 0.8494375 0.5057203125000002 0.8050984375000001 0.5057203125000002 0.8050984375000001 0.5378718750000002 0.8494375 0.5378718750000002
0 0.4437268771751735 0.597468802104135 0.44253967033427866 0.5014238622302634 0.03969725749410581 0.5064033777461718 0.040884464335000634 0.6024483176200435
0 0.4423734375 0.6005796875 0.3978500000000001 0.6005796875 0.3978500000000001 0.64235 0.4423734375 0.64235