0 0.33964648125 0.45360384687499994 0.3373695018335898 0.4228646273837384 0.3148908546875 0.42452971249999993 0.3171678341039102 0.45526893199126145
0 0.3649767171875 0.4556832203125 0.3626595074839653 0.42440086924191733 0.34064677968749996 0.426031440625 0.3429639893910347 0.45731379169558267
0 0.3698026078125 0.5245022031250001 0.3674709152236477 0.4930243496887674 0.345548828125 0.4946482078125 0.34788052071385234 0.5261260612487326
0 0.3442414562500001 0.5229317609375 0.34186697671867466 0.4908763020674554 0.3197477078125 0.4925147671875 0.3221221873438254 0.5245702260575447
0 0.43340269712440127 0.4408935283866587 0.4083336312500001 0.4390365609375001 0.40687067475059885 0.4587864778633416 0.4319397406250001 0.46064344531250007
0 0.430621353125 0.43919733124999993 0.4282809582864398 0.4076020087658899 0.4064876734375 0.40921632656249995 0.4088280682760602 0.44081164904660997
0 0.4559380734375 0.4410726453124999 0.45359683629388786 0.40946595171301003 0.43172722343749986 0.4110859234375 0.434068460581112 0.4426926170369899
0 0.458464687421041 0.4428842799211906 0.4343098734375001 0.4410950343750001 0.4328418516414592 0.4609133278913096 0.4569966656250001 0.46270257343750015
0 0.4607465171875 0.50967768125 0.45844850430828854 0.4786545082565068 0.43595236406250004 0.4803208890625001 0.4382503769417115 0.5113440620559933
0 0.43546165312499996 0.5082108500000001 0.4330877894785948 0.47616368206822396 0.41102417499999994 0.4777980234375 0.4133980386464051 0.5098451913692761
0 0.5255040484375 0.46787632500000004 0.5231461257642477 0.4360443671645401 0.5006277234375001 0.437712396875 0.5029856461107524 0.4695443547104601
0 0.55063641875 0.4696372515624999 0.5483044252089018 0.4381553387576739 0.5262471718749999 0.43978920937499993 0.5285791654160982 0.4712711221798259
0 0.5772884909137449 0.5135249257510898 0.5428981171875 0.5109774921875 0.5413489387737551 0.5318914133114103 0.5757393125 0.5344388468750001
0 0.3387684008029751 0.44844114838999466 0.33277204853957754 0.3674903770151152 0.29038605730621 0.37063007945589305 0.29638240956960754 0.4515808508307724
0 0.33297164358855036 0.35515304382213747 0.28974468392303654 0.3522515115945403 0.28878590283448624 0.3665354099599029 0.33201286250000006 0.36943694218750006
0 0.37872611906795695 0.3589306582135922 0.33568482812500006 0.35626062968750005 0.33481946703867893 0.3702103901200505 0.3778607579816358 0.37288041864614274
0 0.38555245937500005 0.45554769531250006 0.37902506424886495 0.3691452175425072 0.33586586510874195 0.3724057391546891 0.34239326023487704 0.458808216924682
0 0.431772718853901 0.4556223663596916 0.42605473810739686 0.3742803401959514 0.3830540270469433 0.37730309792065714 0.38877200779344745 0.45864512408439734
0 0.42619222271224266 0.36254140100413446 0.38266372669174115 0.35950351480593923 0.3816761602294986 0.3736539075518049 0.42520465625000015 0.3766917937500001
0 0.4717695984726699 0.36610174323255296 0.42848689999999995 0.36285185156250005 0.42743192248001993 0.3769022503230215 0.4707146209526899 0.38015214199307434
0 0.4782142437500001 0.4626625578125 0.47146693668980666 0.3760676772850331 0.42876384529228584 0.37939502029103434 0.43551115235247934 0.4659899008185012
0 0.5187989941690969 0.3694895875552211 0.4755189124264594 0.3664669310890584 0.47455480106986253 0.3802716154088374 0.5178348828125001 0.3832942718750001
0 0.5254341197336257 0.46282373986245207 0.5192078231852455 0.3811654214787975 0.4759073381427547 0.3844670038025552 0.482133634691135 0.4661253221862097
0 0.5648045096141079 0.3729561439096358 0.5218287484374999 0.36967172812500004 0.5207429155435802 0.3838795806584978 0.5637186767201883 0.3871639964431336
0 0.5709458734375 0.46957633750000005 0.5646324569674818 0.3831572248587828 0.5217345431929342 0.38629116580166256 0.5280479596629525 0.47271027844287977
0 0.6183160046875 0.4749031796875 0.6159389448087756 0.4428128652241668 0.59362885625 0.4444654640625 0.5960059161287243 0.47655577852583325
0 0.6433756109375002 0.47650202499999994 0.6410107971530563 0.4445770423936568 0.6189471828124999 0.446211384375 0.6213119965969437 0.4781363669813431
0 0.6179305900364269 0.46970006644021894 0.6118756511512832 0.38795840129246584 0.5687868055644947 0.3911501680149544 0.5748417444496385 0.47289183316270755
0 0.6638614984375001 0.47621114687500005 0.658357762268621 0.3902480383622341 0.614627009375 0.39304787343750003 0.6201307455438791 0.47901098195026603
0 0.7105847364963302 0.47659528205549595 0.70495992774789 0.39323426320655985 0.6608232703125 0.39621239687500004 0.6664480790609403 0.4795734157239361
0 0.7112484812500001 0.48178706718750003 0.7088662801551322 0.4496273462930347 0.6860902703125 0.4513144578125 0.688472471407368 0.4834741787069653
0 0.7360297124999999 0.483103071875 0.7337047067082348 0.4517154727530281 0.7117301421875 0.4533432171875 0.7140551479792651 0.4847308163094719
0 0.7570429328125 0.483282959375 0.7510049772790083 0.39677790948455527 0.7076491609375 0.39980409687500007 0.7136871164709917 0.48630914676544473
0 0.8034555978585306 0.4834632001989657 0.7976173151034616 0.40039714767498574 0.7537331187499999 0.40348154062499997 0.7595714015050689 0.48654759314898
0 0.8057016622925868 0.4681866251785699 0.7796934624999999 0.4662600921875001 0.7782080080199131 0.4863137310714302 0.8042162078124999 0.4882402640625001
0 0.8024889843749999 0.46701649375 0.8000910064665423 0.4346437911159763 0.777957425 0.436283315625 0.7803554029084576 0.4686560182590237
0 0.827366915625 0.46877456250000005 0.8250167297970107 0.4370470546928006 0.8031455281250001 0.43866714375000004 0.8054957139529894 0.4703946515571995
0 0.830674462547267 0.46990695327262805 0.805478028125 0.4680405500000001 0.8039829140152331 0.48822458266487223 0.8291793484375001 0.49009098593750017
0 0.8530084546875003 0.4901660703125 0.8461672547717416 0.4031500163034242 0.8006104562499999 0.4067316906249999 0.8074516561657583 0.4937477446340758
0 0.8993970259876537 0.4902463530833903 0.8937889437350692 0.4071736669252812 0.8475509718750001 0.4102951062500001 0.8531590541275845 0.4933677924081092
0 0.8996855421875001 0.4956126593749999 0.8973286978992743 0.463795248402611 0.8750806250000001 0.46544325312499996 0.8774374692882259 0.4972606640973888
0 0.9250842562500001 0.4971486828125002 0.9227379612665689 0.4654736970367919 0.899988984375 0.46715880624999995 0.902335279358431 0.49883379202570827
0 0.9463107062500002 0.4973363703125 0.9396854584839914 0.4105559425669386 0.8960477562500001 0.41388746093749995 0.9026730040160089 0.5006678886830613
0 0.9541663093749999 0.5993506015625 0.9474340820383338 0.5163123016245864 0.9038254945723001 0.519847813850532 0.9105577219089662 0.6028861137884456
0 0.9298030250000002 0.5663994281249999 0.9274039792043766 0.5340123029314644 0.9054325953125 0.5356398124999999 0.9078316411081235 0.5680269376935354
0 0.929235773144924 0.5161345022709458 0.9039658203125001 0.5142626531250001 0.9024741221675759 0.5344005696040544 0.9277440749999999 0.5362724187500001
0 0.9039591972274922 0.5146059266880834 0.8789994640625002 0.5127570562500001 0.8775141262100081 0.5328091029994169 0.9024738593750001 0.5346579734375002
0 0.9050764562500001 0.564310409375 0.9027126865282084 0.5323995129000134 0.8804630218749999 0.5340476359374999 0.8828267915967917 0.5659585324124865
0 0.9080545696815907 0.5959367609497861 0.9015528920045618 0.5090584791644599 0.85508121875 0.5125362625000001 0.8615828964270289 0.5994145442853261
0 0.860412171875 0.592835953125 0.8537190618860857 0.5089783728163717 0.8081325623168729 0.5126168686387338 0.8148256723057872 0.596474448947362
0 0.8321461828125001 0.5373310703125 0.8297924974276238 0.5055563062767969 0.8075285218749999 0.5072054890625 0.8098822072598761 0.538980253098203
0 0.807229665625 0.535872334375 0.8048628632762623 0.5039205122432946 0.7828564953125 0.5055506140624999 0.7852232976612377 0.5375024361942053
0 0.8113747171875 0.5891539828125 0.8047215424635782 0.5025847991527632 0.7612342646652843 0.505926963710962 0.767887439389206 0.5924961473706988
0 0.7652354406249999 0.5853557234375 0.7578832576487252 0.5019815078577832 0.7144813918455653 0.5058088117391787 0.7218335748218399 0.5891830273188954
0 0.7394339640625 0.5305930093750001 0.7370888100076455 0.49893342788283235 0.7141410625000001 0.5006332609375 0.7164862165548546 0.5322928424296678
0 0.7141333203124999 0.5285893765624998 0.7117804503981755 0.4968256283724017 0.6901732156249999 0.4984261640625 0.6925260855393243 0.5301899122525982
0 0.7184952953125002 0.5818854953125001 0.7121714106925146 0.4956456447617218 0.6691155549820371 0.49880288891264346 0.6754394396020228 0.5850427394634218
0 0.67210140625 0.5788374421875 0.6656306794216653 0.49570950310745576 0.6219373209458624 0.49911061938723245 0.628408047774197 0.5822385584672767
0 0.648090925 0.5452744437500001 0.6457302351235658 0.5134051199383558 0.6231768484375 0.5150757406250002 0.6255375383139341 0.5469450644366444
0 0.6477148724757036 0.49528110212001775 0.6224931515625001 0.4934128265625001 0.6210014540867965 0.5135507431924824 0.646223175 0.5154190187500001
0 0.6223919527862309 0.49383543151347553 0.5975846734375001 0.49199785625 0.5961247800262692 0.5117064278615246 0.6209320593750001 0.5135440031250001
0 0.6231632734375001 0.5436869718749999 0.6207857720785037 0.5115907156938423 0.5990401921874999 0.5132015 0.6014176935464963 0.5452977561811576
0 0.6258113269020236 0.5752586797989752 0.6194128355633894 0.488664469265523 0.5760587109374999 0.49186792812500013 0.5824572022761341 0.5784621386584523
0 0.5764959678413795 0.4901367353463482 0.5295238171875001 0.4866573187500001 0.5279443665336208 0.507979914653652 0.5749165171875001 0.5114593312500001
0 0.5802889473074493 0.5361173308220957 0.532106109375 0.5325482328125001 0.5296432308175508 0.5657971035529046 0.5778260687500001 0.5693662015625002
0 0.5801198711582003 0.5743206968477268 0.5367076328125001 0.5712274031250001 0.5357227944239209 0.5850489288801779 0.5791350327696211 0.5881422226029046
0 0.5339592339126722 0.5709421641912393 0.4908105637456993 0.5676279149214957 0.4897359313955271 0.5816187022927564 0.5328846015625001 0.5849329515624999
0 0.5456052225467846 0.5675151632858136 0.538514840830135 0.48076466500744336 0.48291097066100575 0.4853093382052508 0.4900013523776553 0.572059836483621
0 0.5297065712229123 0.4869282771499943 0.5041748234375001 0.48503703750000005 0.5025785287770878 0.5065870259750059 0.5281102765625 0.5084782656250002
0 0.34795071534081534 0.5572213240269489 0.30523201752589235 0.5537047275738797 0.3040721289672683 0.5677947516912625 0.3467908267821913 0.5713113481443318
0 0.34668006406249996 0.5549895796875 0.3410004739412121 0.46843979985988343 0.29730320312499997 0.4713073125 0.3029827932462879 0.5578570923276166
0 0.3440982250290911 0.47347210934419126 0.31854066875000003 0.47157895781250003 0.31707064528340895 0.4914242828433088 0.3426282015625 0.49331743437500003
0 0.3692019092882344 0.47502145561912074 0.3437410390625001 0.4731354656250001 0.34226712821176586 0.49303326625587945 0.3677279984375001 0.4949192562500001
0 0.3928942355101189 0.5564748224023413 0.3868744524269746 0.4752077418139904 0.34390168918695735 0.47839090911021176 0.3499214722701017 0.5596579896985625
0 0.39410441024252657 0.5606002255604358 0.35083375000000006 0.55751173125 0.3498453967953514 0.5713588332418856 0.39311605703787794 0.5744473275523214
0 0.4408109106603481 0.5638213785714654 0.3980472503959019 0.5608869659846673 0.3970882522355538 0.5748625983507017 0.4398519125 0.5777970109374999
0 0.4394871375 0.5617346671874998 0.4340171959680134 0.47556261929785953 0.39042342499999994 0.4783298203124999 0.39589336653198653 0.5645018682021401
0 0.48568661337251234 0.5634411258352368 0.4797432287759381 0.48157612342769607 0.4371648476629189 0.4846673063143025 0.44310823225949303 0.5665323087218431
0 0.4870094447341303 0.5676084921226574 0.4435525781250001 0.5641447546875 0.4424478216087665 0.5780052904412298 0.48590468821789673 0.5814690278763873