0 0.26029776718750003 0.6108827859375001 0.2572045790588646 0.5273667177473406 0.21408500937499997 0.5289637390624999 0.21717819750363537 0.6124798072526596
0 0.3044877140625 0.611636403125 0.3014681969260706 0.5301094678282342 0.26009241562499996 0.5316419046874999 0.2631119327614294 0.6131688399842657
0 0.3540714875 0.6130285000000001 0.3509947022655039 0.5299553147765419 0.308999646875 0.5315106875 0.31207643210949615 0.6145838727234582
0 0.4000874203125 0.6137100890625 0.39702525373265907 0.5310315833485503 0.3545122875 0.5326061375 0.357574454079841 0.6152846432139497
0 0.44680623281249987 0.615255803125 0.4436647526718251 0.5304358586725265 0.39962339843749994 0.5320670203125 0.4027648785781747 0.6168869647649734
0 0.49194232812499994 0.615947971875 0.4888016052673872 0.5311484241084689 0.4456661968749998 0.5327460312500001 0.44880691973261255 0.6175455790165313
0 0.538067078125 0.6170411640625 0.5349210675189474 0.5320988921943296 0.49216260937499995 0.5336825390625001 0.4953086199810525 0.6186248109306705
0 0.5833653734375 0.617958978125 0.5801997802605847 0.5324879542954981 0.5371974140625 0.534080634375 0.5403630072394152 0.6195516582045018
0 0.6299293343749999 0.6178930515624999 0.6268118311746235 0.533720449036292 0.5835687234375 0.5353220453125 0.5866862266378765 0.6194946478387079
0 0.6747828328125001 0.6203330515625 0.6716072726674807 0.5345929163800662 0.6293398 0.536158378125 0.6325153601450193 0.6218985133074337
0 0.721444503125 0.6195651156249999 0.7183612433358996 0.5363170948722091 0.6754523218749998 0.5379063140624999 0.6785355816641002 0.6211543348152907
0 0.7665600234375 0.622613615625 0.7633839310030577 0.5368591070164286 0.7208741328125 0.53843354375 0.7240502252469423 0.6241880523585713
0 0.8129171078124999 0.6248412 0.8096888817543224 0.5376790932108897 0.76707771875 0.5392572843749999 0.7703059448081775 0.6264193911641102
0 0.8590055265625001 0.6241398234375 0.8558559357659445 0.5391008638740044 0.8124306875 0.5407092062500001 0.8155802782965555 0.6257481658134958
0 0.8555997656250002 0.52481890625 0.852510889849032 0.44141928286967574 0.8091600828125 0.44302486874999997 0.8122489585884681 0.5264244921303243
0 0.8092650203125002 0.5222095953125 0.8062366428754645 0.44044341096142753 0.7637173421875 0.44201819999999997 0.7667457196245355 0.5237843843510724
0 0.7635696062500001 0.5227737921875001 0.7604950653745719 0.4397611885509418 0.71713950625 0.44136695000000004 0.7202140471254281 0.5243795536365583
0 0.7177427984375 0.5201757671875 0.7147132973188138 0.43837924343425366 0.671682421875 0.43997297968750004 0.6747119229936862 0.5217695034407465
0 0.6712753671875 0.5205784828125 0.6682256877285361 0.4382371341967225 0.6256968843749999 0.439812275 0.6287465638339639 0.5221536236157773
0 0.6256104062500001 0.5191814812499999 0.6225421683575822 0.4363390678267363 0.5796475015624999 0.43792775937500006 0.5827157394549178 0.5207701727982637
0 0.579747384375 0.518688853125 0.5766486914095474 0.4350241704559953 0.5336194 0.4366178484375 0.5367180929654525 0.5202825311065047
0 0.53383774375 0.5172372484375 0.5307670944840356 0.43432974887226683 0.4883808343749999 0.4358996109374999 0.49145148364096436 0.5188071105027331
0 0.4881157562499999 0.5170839859374998 0.4850081832477917 0.43317952615849553 0.4419773078124999 0.4347732625 0.44508488081470815 0.5186777222790043
0 0.44259224062499997 0.51573770625 0.4395047518644929 0.4323755435586543 0.39673203906249993 0.43395971875 0.39981952782300706 0.5173218814413457
0 0.395957378125 0.51513118125 0.3928650906915632 0.431639415713709 0.350342621875 0.433214321875 0.3534349093084367 0.516706087411291
0 0.3510467359375 0.5130324859375001 0.34798926792672163 0.4304808367416422 0.30432327968750006 0.4320980953125 0.3073807476982785 0.5146497445083578
0 0.3016152265625 0.512796790625 0.2985167436451199 0.4291377518557363 0.25560940625 0.43072691249999995 0.25870788916738013 0.5143859512692638
0 0.2562088765625 0.5117877593750001 0.2531517569399774 0.42924550892104224 0.23068048281249998 0.430077778125 0.23373760243502256 0.5126200285789578
0 0.6217571783384799 0.42276092323600967 0.579556965625 0.4218231406250001 0.5792446435365204 0.4358776330139905 0.6214448562500001 0.4368154156250001
0 0.6682420377493712 0.42354650225966095 0.6256954140625002 0.4226010218750001 0.625377596625629 0.43690280867783937 0.6679242203125 0.43784828906250023
0 0.7139538804443316 0.4248081519042063 0.670547384375 0.4238435625000002 0.6702130804931684 0.438887227783294 0.7136195765625 0.43985181718750005
0 0.7607006092904823 0.4256011370738217 0.7179065250000001 0.42465015781250004 0.7175923360220178 0.4387886676136786 0.7603864203125001 0.4397396468750002
0 0.8065667354249724 0.426620384609527 0.7628462078125 0.4256488171875 0.7625155677000275 0.440527620077973 0.8062360953125 0.4414991875000001
0 0.8516777060657377 0.4274991437146235 0.8086495593749999 0.4265429625000001 0.8083362861217622 0.4406402562853768 0.8513644328125001 0.44159643750000016
0 0.8577509755831514 0.6264782494989938 0.8170043499999998 0.6255727703125 0.8166966431668486 0.6394195989385063 0.8574432687500002 0.6403250781250001
0 0.8132290161786685 0.6255079042456615 0.7701098187500002 0.6245497000000002 0.7697957353838317 0.6386834535668389 0.8129149328125 0.6396416578125002
0 0.7661274054868868 0.6237839816564683 0.7255021750000001 0.6228811984375 0.7251798835756135 0.6373843074060319 0.7658051140625001 0.6382870906250002
0 0.721896762444472 0.6234782993737663 0.6784606109375001 0.6225130515625001 0.6781538547430281 0.636317080313734 0.7215900062500001 0.6372823281250002
0 0.6762707370903023 0.6217237275334889 0.6328236328125 0.6207582359375001 0.6324949300971977 0.6355498521540114 0.675942034375 0.6365153437500002
0 0.6297592729864052 0.6211833838475833 0.5871308046874999 0.620236084375 0.5868203848260949 0.6342049755274167 0.629448853125 0.635152275