0 0.5346071421875 0.5502462125 0.5027619046875 0.5502462125 0.5027619046875 0.6667992421875 0.5346071421875 0.6667992421875
0 0.49927529687499994 0.550242425 0.45092708281249994 0.550242425 0.45092708281249994 0.6679848484375001 0.49927529687499994 0.6679848484375001
0 0.5348392859375 0.3348787875000001 0.450928571875 0.3348787875000001 0.450928571875 0.5407727265625 0.5348392859375 0.5407727265625
0 0.677321428125 0.3348787875000001 0.5980595234375 0.3348787875000001 0.5980595234375 0.4881212125 0.677321428125 0.4881212125
0 0.677322321875 0.49876818125 0.5769095234375 0.49876818125 0.5769095234375 0.6667992421875 0.677322321875 0.6667992421875
0 0.2398020828125001 0.49736742500000003 0.2015431546875001 0.49736742500000003 0.2015431546875001 0.5721477265625 0.2398020828125001 0.5721477265625
0 0.23977113125000002 0.291359090625 0.15734196406250006 0.291359090625 0.15734196406250006 0.49107727343749996 0.23977113125000007 0.49107727343749996
0 0.22883168254276393 0.4907870736587568 0.22871125188521052 0.42661709384236673 0.20070444700053947 0.4266696554597754 0.20082487765809284 0.4908396352761654
0 0.1981419640625001 0.6160848484374999 0.15713985101942424 0.6159356985089148 0.1567887438171432 0.712456946187223 0.19779085686021902 0.712606096115808
0 0.1986848634030757 0.6091170434281329 0.1981480723446781 0.4984746002116177 0.1563774948791024 0.4986772536584848 0.1569142859375 0.609319696875
0 0.29142559531250006 0.28923863593750004 0.24346347812270458 0.28890131519725337 0.24293207557713675 0.36445905038673404 0.29089419276693224 0.3647963711269807
0 0.24054136875000012 0.5817030296875 0.20108368487181183 0.5816767031391785 0.2009961848718118 0.7128198859516786 0.2404538687500001 0.7128462124999999