0 0.408591784375 0.5109858578125 0.28865280695248663 0.5092089839788158 0.2881746343750001 0.54148563125 0.40811361179751343 0.5432625050836843
0 0.41248383906250013 0.4584949546875001 0.29035029669915113 0.45668556870873067 0.2896243234375001 0.5056887593750001 0.4117578658008491 0.5074981453537696
0 0.6305734859375001 0.4617274234375001 0.4170389697031685 0.4585639502371497 0.4157790078125001 0.5436114078125 0.6293135240468317 0.5467748810128504
0 0.6195369406250002 0.6107207906250001 0.45959932513681634 0.6083513447439809 0.4584091671875001 0.6886870156250001 0.6183467826756839 0.6910564615060194
0 0.45412863764752043 0.5891450357924024 0.2803719325277966 0.5841915053624895 0.2774693234375 0.6860073312499999 0.45122602855722393 0.6909608616799127
0 0.48473486093749996 0.20674751875000008 0.40671258202297117 0.20559163326762545 0.40613810468750006 0.24436885781250006 0.48416038360202884 0.2455247432948747
0 0.6966632203125 0.16512173125000013 0.4920542196514955 0.16204533314203298 0.4907982926621046 0.24557612375621213 0.6954072933231091 0.24865252186417924
0 0.5556503926589287 0.20686371525108962 0.49017674122642674 0.2062367946230268 0.48990416492152294 0.2347038208734978 0.555377816354025 0.23533074150156064
0 0.3670938734375 0.15998668593750004 0.2679675961848621 0.15833652743380716 0.2672757001882819 0.199899246550495 0.3664019774409198 0.20154940505418786
0 0.48675289375 0.16161911250000008 0.37251545148475745 0.1598399536681743 0.3718560812500001 0.20217724687500005 0.4860935235152426 0.2039564057068258
0 0.6912267078125001 0.2522938578125001 0.6141337115869386 0.25061462556458414 0.6130745225025194 0.2992416455545986 0.6901675187280809 0.3009208778025145
0 0.39919892656249995 0.20522204843749997 0.26429180327017315 0.20292145580671822 0.263609734375 0.24291808593750006 0.39851685766732686 0.2452186785682818