0 0.413605284375 0.38238893125 0.35656340241258666 0.3794312036645531 0.354186940625 0.4252629609375 0.4112288225874134 0.428220688522947
0 0.4174604895409099 0.31192465025315425 0.35994917898197454 0.30910628057930956 0.3565886535035646 0.3776807568886554 0.4140999640625 0.38049912656250007
0 0.3550239890625 0.32382111875 0.2616036096100194 0.31897709777135386 0.2580624171875 0.38727150468750005 0.3514827966399806 0.3921155256661462
0 0.2941207989662095 0.031624034385778224 0.24039522825616558 0.02913784829974203 0.23843364614763737 0.07152691920123275 0.2921592168576813 0.07401310528726894
0 0.5690002069147564 0.5720339988304918 0.47053882054195695 0.5669285928907273 0.46967250878210437 0.5836360316159791 0.5681338951549038 0.5887414375557436
0 0.40968059735404444 0.4622743788013056 0.25384759062500006 0.4544008453125 0.24933051817403035 0.5438027615739018 0.4051635249030747 0.5516762950627074
0 0.367334271875 0.019046962500000045 0.30815123906249997 0.01597821250000004 0.30731145845561636 0.03217398055295204 0.36649449126811634 0.03524273055295205
0 0.44066722280827414 0.022849410961254556 0.37146019354440407 0.01926089854327432 0.37061387812499996 0.035582696875000035 0.43982090738887003 0.03917120929298027
0 0.48408672187499996 0.4007022375000001 0.4172146171875001 0.39733525312500007 0.41555735676258543 0.43025031309742595 0.4824294614500853 0.433617297472426
0 0.3374711000000001 0.5908981109375001 0.24588371241052182 0.5856713173663508 0.23996557343750008 0.6893729234375001 0.3315529610269784 0.6945997170086493
0 0.4645809543167438 0.4650144233890704 0.41430993125000015 0.4624428656250001 0.41260280527375787 0.4958152325726036 0.4628738283405015 0.498386790336674
0 0.46309721093749995 0.5001750968750001 0.41181375212643345 0.49807949573039084 0.41051524094191827 0.5298566041835432 0.4617986997529847 0.5319522053281525
0 0.44747808281250007 0.5334148734374999 0.4107665555856658 0.5316542380657583 0.4093322598431516 0.5615611614683905 0.44604378706998576 0.5633217968401322
0 0.46698871580658424 0.6896330697950819 0.3373074718750001 0.680733846875 0.3340228816073515 0.7285975486318185 0.46370412553893575 0.7374967715519003