0 0.43038636406249997 0.5635833328125 0.3867196968750001 0.5635833328125 0.3867196968750001 0.6176287874999999 0.43038636406249997 0.6176287874999999
0 0.38499962187500003 0.6180265156250001 0.38489962187500004 0.563219696875 0.319600550154721 0.5633388409399349 0.319700550154721 0.6181456596899351
0 0.3990227265625001 0.6225454546875 0.3339545453125001 0.6225454546875 0.3339545453125001 0.7111060609375001 0.3990227265625001 0.7111060609375001
0 0.09999613086059483 0.74773899256995 0.099623484375 0.6963469703125 0.059245479108093746 0.6966397535324843 0.05961812559368858 0.7480317757899343
0 0.5751833328125 0.40524545468750006 0.5592651515625 0.40524545468750006 0.5592651515625 0.498982575 0.5751833328125 0.498982575
0 0.5481314768927168 0.5621872650404179 0.46282200269523893 0.5620744486831859 0.46262462099878665 0.7113305419812881 0.5479340951962645 0.71144335833852
0 0.05918510824918351 0.6849423744347523 0.05895418796198989 0.6276459980157142 0.02581818125 0.6277795453125 0.026049101537193614 0.6850759217315381
0 0.05930075781249999 0.623962121875 0.0591886359375 0.5579999999999999 0.025314491814368918 0.5580575789929908 0.025426613689368917 0.6240197008679909
0 0.4321056070328312 0.5591707988204098 0.4318184203561775 0.49543984405986324 0.4004567523858463 0.4955811671144536 0.40074393906249994 0.5593121218750001
0 0.6871422142820125 0.6243777768010664 0.5883151763305259 0.6241850559913049 0.5881456886110135 0.7110981885652385 0.6869727265625001 0.7112909093750001
0 0.49455413457410025 0.5581993746563857 0.49424242500000004 0.5102386359375 0.4624409419883998 0.5104453222186142 0.4627526515625 0.5584060609374999
0 0.5266208328125 0.5582227265624999 0.5264678417489767 0.5098278057086767 0.4962022734375 0.509923484375 0.49635526450102346 0.5583184052288231
0 0.5571246218750001 0.5575553031249999 0.5570454546875001 0.5227348484375 0.528556226345654 0.5227996210575623 0.5286353935331539 0.5576200757450622
0 0.7207658545513598 0.4959750719397807 0.675122399847017 0.49554915803168365 0.673967803125 0.619282575 0.7196112578293428 0.619708488908097