0 0.4712676376903794 0.11489112761577298 0.3445402609375 0.11301368593750005 0.34257125605962074 0.24592158175922715 0.4692986328125001 0.2477990234375001
0 0.4696816772993901 0.2516470998490751 0.3412140250000001 0.24974387500000006 0.33922417426311 0.384058773588425 0.46769182656249997 0.38596199843750006
0 0.9838744664665796 0.08158619009830406 0.7638385359375001 0.07506660781250009 0.7598335350959207 0.21023540365169618 0.9798694656250001 0.21675498593750014
0 0.6026999412473051 0.9233047293733179 0.3434181902052867 0.9194635203062822 0.3422250578125001 1.0000000000000002 0.6015068088545185 1.0038412090670359
0 0.3343040820716653 0.9161696882112749 0.1557594625000001 0.9135245828125 0.15447834524533247 0.999999999999005 0.3330229648169976 1.0026451053977798
0 0.754005238644299 0.2884578009426104 0.6851040086632616 0.2877296368435169 0.6840119403314626 0.3910646562134066 0.7529131703125002 0.3917928203125001
0 0.5444830375 0.6285565640625 0.4959359925366673 0.6275656513228219 0.4951442284741674 0.6663559544478219 0.5436912734375001 0.6673468671875
0 0.5476626841549634 0.5372431865719389 0.37866918750000006 0.5325430937500001 0.3763210674075367 0.6169705806155613 0.5453145640625001 0.6216706734375002
0 0.5485804521895031 0.39904527512456267 0.37070234375000005 0.39411771250000005 0.36701343411557097 0.5272821830448566 0.5448915425550739 0.5322097456694194
0 0.3638692312847298 0.39275722314992667 0.24969164062500004 0.39053221093750007 0.24786512809027025 0.48426059560007345 0.36204271875000005 0.4864856078125001
0 0.3314023008559947 0.49135448140727445 0.24803424062500007 0.48920494999999997 0.24696573508150538 0.5306461842177257 0.3303337953125 0.532795715625
0 0.3683423275856702 0.5314339563682637 0.24711763258743522 0.5292371378369688 0.24558003000176498 0.6140850220937051 0.366804725 0.6162818406250001
0 0.3633768508906545 0.6233940333609628 0.24645963281250002 0.619782046875 0.2451887272343456 0.6609202807015374 0.36210594531250007 0.6645322671875001
0 0.5475748278862669 0.49574912459901216 0.47846045176925067 0.4927571064797059 0.4768631059976757 0.5296551305034217 0.545977482114692 0.532647148622728
0 0.686171010499306 0.2889732742250361 0.4775740859375001 0.28275099531250003 0.47450276188912344 0.3857146778843838 0.6830996864509292 0.39193695679691987
0 0.5479302108074439 0.6293791016149466 0.24705542932326088 0.6195408977857059 0.24036790410773276 0.8240607189660409 0.5412426855919157 0.8338989227952815