0 0.6859916453125001 0.2003289359375 0.6830579698202459 0.06831354988016253 0.5572501390625001 0.07110927968750001 0.5601838145547543 0.2031246657448375
0 0.6903323484375001 0.3375421328125 0.6873676152019368 0.20412919268514265 0.5598321359375001 0.206963315625 0.5627968691730634 0.34037625575235736
0 0.269229640625 0.15756645468750002 0.2682345644739595 0.023231183988944297 0.049673746874999994 0.024850153124999986 0.050668823026040546 0.1591854238235557
0 0.6929019796875 0.9950320015624998 0.6919829429203058 0.8709620259449673 0.43266006875 0.8728829359374999 0.4335791055171942 0.9969529115550323
0 0.8793068249999999 0.9936512250000001 0.8783850023574443 0.8692052362482252 0.6992342359375 0.8705322796874999 0.7001560585800556 0.9949782684392747
0 0.347866721875 0.338210625 0.3446999399687895 0.23438908049137627 0.27633225174352055 0.23647444301479004 0.27949903364973105 0.3402959875234137
0 0.5374404671875002 0.6154189250000001 0.5368030750066308 0.5768769813571042 0.48824647343750005 0.5776799921875 0.4888838656183693 0.6162219358303959
0 0.6543317562500001 0.5697906546875 0.6538123874174154 0.4858918843559691 0.48670166718749985 0.4869263703125 0.4872210360200845 0.570825140644031
0 0.66149834375 0.481000440625 0.6607117083454125 0.3486348385372423 0.4832227484374999 0.3496896375 0.48400938384208747 0.4820552395877577
0 0.7813644203125001 0.44067792343750006 0.7813284870470742 0.3478342635206034 0.6659745980320433 0.3478789089160519 0.6660105312974691 0.4407225688329485
0 0.78232786875 0.4870046171875001 0.782170551818363 0.44582697876838784 0.6993858765625001 0.4461432531250001 0.6995431934941371 0.4873208915441123
0 0.7846730828124998 0.5686800265625 0.7841590657463042 0.48439999438262865 0.6639595843749999 0.48513308125000004 0.6644736014411955 0.5694131134298714
0 0.7853941609375 0.6164229265625 0.7850395323540159 0.5755356947722368 0.6683643140625 0.5765476578125 0.6687189426459841 0.6174348896027633
0 0.5546761296874999 0.48096708125000004 0.5543210668861176 0.44448557807908484 0.485213366582402 0.44515818122133943 0.4855684293837843 0.48163968439225463
0 0.5558418156250001 0.3380923984375 0.5552285937004817 0.23576625583728358 0.3471556059789247 0.2370131993331349 0.34776882790344305 0.3393393419333513
0 0.7892377015625001 0.7785450500000002 0.7877347094667475 0.5756410025839278 0.4887989315194757 0.5778553404303832 0.49030192361522823 0.7807593878464555