0 0.8558042647779607 0.36059743862515636 0.3738284213492273 0.12413737986248416 0.145605967567959 0.589322537246731 0.6275818109966924 0.8257825960094032
0 0.9897674725329161 0.6199153007103224 0.8653312700804262 0.5261387076435636 0.7419247350475102 0.6898921569332415 0.8663609375000002 0.7836687500000001
0 0.9891124999999998 0.4735609375000001 0.8364407114922999 0.46957074484472106 0.8332138350644305 0.5930367120541958 0.9858856235721305 0.5970269047094748
0 1.0012991422967672 0.4662805540183618 0.9490255814515762 0.24134106334587901 0.7921511629546254 0.27779702061615785 0.8444247237998164 0.5027365112886407
0 0.7175607463704996 0.042601871836757496 0.5376701412822197 0.007226284959072582 0.5189979955858367 0.10217717861442824 0.6988886006741166 0.13755276549211315
0 0.14667717565573288 0.23328192579350526 0.10059542734829778 0.2077292775478484 0.08156222210732562 0.24205383619891943 0.12764397041476072 0.26760648444457624
0 0.12592852221026787 0.2777122191945508 0.0722609375 0.24866093749999996 0.03520754833053539 0.31711113267427227 0.08887513304080326 0.34616241436882306
0 0.27176049417159015 0.23695928660575644 0.23835038943627573 0.2050084682883754 0.19175573522169742 0.25373123532210645 0.22516583995701184 0.28568205363948745
0 0.3194071939699425 0.2002708891747215 0.30088027441229104 0.17623250290448675 0.2547037597605012 0.2118217709522238 0.27323067931815276 0.2358601572224585
0 0.3256071599887947 0.13503925036395775 0.19742229030284097 0.05431480418087472 0.04125052761854271 0.30230482448909335 0.16943539730449642 0.3830292706721764
0 0.09632864004478964 0.6543459414696966 0.0721475532113076 0.5568327881399646 0.020309374999999984 0.5696874999999999 0.04449046183348202 0.6672006533297319
0 0.6160335631618834 0.14969995670131192 0.48164148956818914 -0.06793205942487764 0.07367386196422916 0.1839960181103945 0.20806593555792352 0.40162803423658405
0 0.5986468750000002 0.8702125 0.5544296875000001 0.8702125 0.5544296875000001 0.9358015625 0.5986468750000002 0.9358015625
0 1.1090263585788258 0.7421796448192584 0.8337123211325903 -0.0019461365124685327 -0.0711747454344798 0.332846875609229 0.20413929201175565 1.076972656940956