0 0.8665702583875156 0.37400170932477483 0.37231506986456464 0.1281462122011467 0.13781555908799206 0.5995719125145841 0.632070747610943 0.8454274096382122
0 1.0023788989337343 0.6421589352516645 0.874773012490723 0.5449078610536551 0.7485458713694887 0.7105340648644907 0.8761517578125 0.8077851390624999
0 1.0005912919132387 0.4925908210251596 0.8439590159445576 0.4910504964458733 0.8427222264346694 0.6168169475127694 0.9993545024033506 0.6183572720920557
0 1.0140000610213735 0.48487762350806884 0.960594042919146 0.2542737904339455 0.8007053987989451 0.2913027318370112 0.8541114169011725 0.5219065649111345
0 0.724230427883291 0.047934831300411804 0.5401745111406964 0.00901338167791137 0.5197654416097766 0.10552597406103852 0.7038213583523711 0.14444742368353897
0 0.1405818693724728 0.2343079232655243 0.09352570817976899 0.20751782939153834 0.07379816448864687 0.24216878956480453 0.12085432568135071 0.2689588834387905
0 0.1194009783842297 0.27885727254370024 0.06429233281250002 0.2487847484375 0.026398344695008992 0.31822642061278633 0.08150699026673866 0.34829894471898654
0 0.2682704912005481 0.23982557268976779 0.23409490910380373 0.20667301457427628 0.18645915877256874 0.2557787122556994 0.2206347408693131 0.28893127037119093
0 0.31687661087775265 0.20312323973652466 0.29803206389894754 0.17819353744867011 0.2508211976896515 0.21388058159859544 0.2696657446684566 0.23881028388645
0 0.3236564707180495 0.13590543780370784 0.19207773557588248 0.05226335472542367 0.03233698365985196 0.30355415612856307 0.16391571880201897 0.38719623920684726
0 0.08875443929720914 0.6633248893361124 0.06400478825595883 0.5631522641102674 0.011178914062500045 0.5762039531250001 0.03592856510375035 0.6763765783508451
0 0.6192587274813695 0.1564296205940711 0.4833791144735399 -0.06902001357382406 0.06701810352284568 0.18192283336553713 0.20289771653067543 0.4073724675334323
0 0.6024504796875 0.9540721578125 0.5958070125686781 0.8876810292992066 0.550600942256178 0.8922046011742065 0.5572444093749999 0.9585957296875
0 1.1183767452969975 0.7711275426773808 0.8455985492462341 0.003102538349225714 -0.07918648908680376 0.3315569416168545 0.19359170696395972 1.0995819459450096