0 1.0447049920733558 0.2719096678646241 0.6179134820382743 0.18328206687337795 0.5571613722782567 0.47583748270660087 0.9839528823133381 0.5644650836978469
0 0.9927989250000001 0.5427580640625002 0.9020504769268136 0.5176718497056566 0.8530752316143136 0.6948379793931565 0.9438236796875001 0.7199241937500002
0 0.9600696947593026 0.7532407176949882 0.8450756497766745 0.6409249008434382 0.6499219211961711 0.8407321699529653 0.764915966178799 0.9530479868045152
0 0.7867684037544739 0.1574995004149891 0.6849538358814593 -0.0991592922474813 0.04721325189162049 0.15382748954339182 0.149027819764635 0.4104862822058622
0 0.7833327359111106 0.233148097183466 0.2566917991310206 0.21912453340376986 0.24184089046356522 0.776835581431948 0.7684818272436553 0.790859145211644
0 0.2783183193868649 0.31320932848297933 0.0656007558598547 0.27734413446274564 0.011214990904094547 0.5999077711020822 0.22393255443110477 0.6357729651223158
0 0.7442084828125 0.9453790328125002 0.6753269111402356 0.8162203894011784 0.6499346642652355 0.8297623237761783 0.7188162359375001 0.9589209671875002
0 0.7149059267190783 0.9734562684755035 0.6768799972416435 0.8223462475023847 0.48202391834139063 0.8713806097954626 0.5200498478188254 1.0224906307685813
0 0.5288619102945518 0.8668010722672685 0.4063701608025692 0.846599237778541 0.3817953250854217 0.9956062312845603 0.5042870745774042 1.0158080657732875
0 0.43009979385532404 0.8540674508108627 0.2686332740141067 0.7868178770408416 0.21171053008532983 0.9234896334065255 0.37317704992654716 0.9907392071765464
0 0.30727776562500003 0.789485484375 0.2852409498495387 0.7708718161324507 0.19080633891203863 0.8826734286324507 0.21284315468749998 0.9012870968750001
0 0.36051535968459786 0.783077733784465 0.21615368278496722 0.5176421401854437 0.022952891583536462 0.6227176872061158 0.16731456848316703 0.888153280805137
0 0.9351899899624199 0.2203814227966882 0.7219651503370242 0.025084613880329475 0.6054442193600778 0.15230203723926333 0.8186690589854735 0.3475988461556221
0 0.9099535849732284 0.5449425312349941 0.7969311345533379 0.5017279899799327 0.7446062714551097 0.6385773946824387 0.8576287218750002 0.6817919359375002
0 0.8360877344991243 0.7972341089590771 0.8029601382517099 0.6228259575140946 0.28176328204524337 0.7218236183159533 0.3148908782926579 0.8962317697609358