0 0.8442586011780733 0.3198857118827695 0.36398710549916174 0.1050085590389305 0.13795884475410075 0.6102038737433527 0.6182303404330123 0.8250810265871916
0 0.790653815625 0.0699027687500001 0.6248243697485769 -0.040321143648921254 0.5355833295025949 0.09394003372488786 0.701412775379018 0.20416394612380923
0 0.5896167578125 6.486669115946347e-17 0.46973670156249997 5.752615480105511e-17 0.46973670156249997 0.11803312031250006 0.5896167578125 0.11803312031250009
0 0.501582983151797 0.10181637456594379 0.4484558654884229 -0.04642767627532833 0.23362934274546174 0.03056100479625836 0.2867564604088357 0.1788050556375305
0 0.13754752847161306 0.2877973403793922 0.04084352892572069 0.2722176241344082 0.010927193667641711 0.4579096627903406 0.10763119321353405 0.4734893790353246
0 0.29654586234853003 0.8605024758225852 0.2612171325511111 0.842691267620219 0.23679342176508106 0.8911359699226338 0.27212215156249997 0.9089471781250001
0 0.3779761078435253 0.8942646036296512 0.30627419134513045 0.8610306853278125 0.27976361250000004 0.9182270500000002 0.3514655289983949 0.9514609683018387
0 0.31058582837594717 0.7593117806550571 0.2586604521312511 0.7149995062419213 0.22759394510850123 0.7514034166060118 0.2795193213531973 0.7957156910191476
0 0.2576304572109898 0.7137349180199781 0.21914552224483574 0.6689495734782492 0.19532020529145414 0.689423140956212 0.23380514025760818 0.7342084854979409
0 0.41195403499592453 0.8093007323936675 0.15110921873069366 0.6664223244929406 0.0758713618897691 0.8037797127240344 0.336716178155 0.9466581206247613
0 0.7064174296875 0.90965686875 0.6858103168135542 0.8599101403720418 0.5897231668135542 0.8997133356845419 0.6103302796875 0.9494600640625
0 0.43018779790971584 0.7692586358063453 0.1562407444984796 0.372455916593828 -0.06147804989640515 0.5227659303837837 0.21246900351483103 0.9195686495963011
0 0.96036261875 0.37844110781249996 0.9573533258733399 0.33330171255897156 0.8902974164983398 0.33777210630897153 0.8933067093749999 0.3829115015624999
0 1.1398747983780289 0.6957999749933166 0.7088840633815113 -0.18453659461487654 -0.022436841395947503 0.17349980322400513 0.4085538936005702 1.0538363728321982