0 0.422751392028791 0.15721477464399003 0.19083773557187347 0.01209091548530361 -0.0948221140678314 0.46858663312217813 0.1370915423890861 0.6137104922808646
0 0.11955672231601769 0.7076411047377112 0.08124948672031859 0.5208832865822329 -0.01662278447483334 0.5409585701124655 0.021684451120865745 0.7277163882679438
0 0.335633374404346 0.8365931718920953 0.12778997229363184 0.6385585328837055 0.005606696774300657 0.7667936123229779 0.21345009888501482 0.9648282513313677
0 0.9527041140625 7.559937927006942e-17 0.2557609390625 3.292391784750224e-17 0.2557609390625 0.3049774578125001 0.9527041140625 0.3049774578125001
0 0.9043986597806709 0.4168004718588085 0.47003669571752466 0.06410166228575354 0.08777862751083157 0.5348669747239618 0.5221405915739779 0.8875657842970167
0 0.9942071572801033 0.2088260357322386 0.7644888454743863 0.20372118471853704 0.7568696006942831 0.5465872239862986 0.9865879125000001 0.5516920750000001
0 0.33707539375000006 0.8278599890624999 0.31083027522125073 0.8136994534198504 0.23318223750000006 0.9576122265624999 0.2594273560287494 0.9717727622051495
0 0.48053572027064595 0.8357585835047017 0.2689795703916028 0.8325141316124975 0.2666631130891749 0.9835599182485588 0.47821926296821815 0.9868043701407629
0 0.614209509375 0.9669998359375 0.6073764473371678 0.8352193756662716 0.47982533959224566 0.8418331379070576 0.4866584016300778 0.9736135981782861
0 0.8064687057400883 0.90598498480446 0.7444736784812724 0.7638527325922139 0.5694175057254693 0.8402084648971787 0.631412532984285 0.9823407171094247
0 0.8285036117553014 0.8591101546436345 0.727506716116894 0.747330656827676 0.7035633512365927 0.7689643693715416 0.8045602468749999 0.8807438671875001
0 1.017020036924906 0.5764695007872216 0.8188413979163366 0.4616331714271443 0.6524234721375126 0.7488286802113361 0.8506021111460822 0.8636650095714135
0 0.4063518618705664 0.10133911483665134 0.2917741510688724 -0.029340844485023075 0.047505690288334165 0.18482911089730492 0.1620834010900282 0.31550907021897934
0 0.23321312584123638 0.6556502857580779 0.1989639646996355 0.5029846361409044 0.07599610675794 0.5305713656536896 0.11024526789954088 0.6832370152708631
0 0.7323737102900781 0.6983050644733472 0.17698443497850638 0.6136064320795424 0.1482912279063844 0.8017546823140564 0.7036805032179562 0.8864533147078613