0 1.0450311365493987 0.755038942709185 0.9917020057686268 0.4601736988284161 0.592069364333393 0.5324509910547681 0.6453984951141648 0.8273162349355371
0 1.0180615564850348 0.47296547127358385 0.9703377874999999 0.300599928125 0.8805650547234217 0.32545578435893147 0.9282888237084569 0.49782132750751523
0 0.9885367402956786 0.2647203299336138 0.7887702426849389 0.06526423280100971 0.6785428068969674 0.17566320833764815 0.8783093045077074 0.37511930547025224
0 0.8172435817204624 0.8581564906118923 0.18177043848332627 0.5890944749227967 0.07551940013423386 0.8400391544940934 0.71099254337137 1.1091011701831888
0 0.8065731782380448 0.7784719660084143 0.7989407611522382 0.22170394352596587 0.2738020303190652 0.22890277258902722 0.28143444740487167 0.7856707950714756
0 0.30705057705375455 0.6830270620474089 0.2520341249752257 0.3601446303893805 0.04107216643362411 0.39609077469613907 0.09608861851215292 0.7189732063541675
0 0.7709673490475693 0.06995820047738639 0.7453936062499998 0.056181207812500134 0.6770041962862225 0.18313004367482955 0.7025779390837918 0.1969070363397158
0 0.7397663398557526 0.032878504712887516 0.5417347328125001 0.024077100000000073 0.5351771778171982 0.1716220881417966 0.7332087848604507 0.18042349285468406
0 0.5351103150185923 0.157035238868855 0.5342055056963868 0.017491702638550457 0.4114694374999999 0.01828753125 0.4123742468222053 0.15783106748030454
0 0.454851361135983 0.15415810856357434 0.40063745074942547 0.01518845167153846 0.24031853820726798 0.07773099046893381 0.29453244859382555 0.2167006473609697
0 0.3355716796875 0.21409721406250007 0.241134321875 0.10004873281250004 0.2193004433413126 0.1181281826826008 0.31373780115381256 0.23217666393260078
0 0.390240479897375 0.21905032659806895 0.19563188483371863 0.1122002292961937 0.05237443471137444 0.3731183922618903 0.24698302977503078 0.4799684895637656
0 0.9629995246180588 0.7986288125225675 0.846831659912499 0.6683214988910664 0.6346387558785073 0.8574896728049948 0.7508066205840671 0.9877969864364958
0 0.9368549252400941 0.4737371767220985 0.8845065015625 0.33631268437499995 0.7728817586427388 0.37883333870281305 0.8252301823203329 0.5162578310499116
0 0.8660791843005947 0.22132179031324473 0.3464647856001534 0.10861589649802801 0.309151438968154 0.2806437427566754 0.8287658376685954 0.39334963657189215