0 0.6150815235112007 0.15112821499937068 0.4798095526667506 -0.06572864953184002 0.07562772644286432 0.18639374618298515 0.21089969728731442 0.4032506107141958
0 0.7083640625000001 0.05550468750000011 0.536734375 0.009331250000000102 0.5129941967974625 0.09757504527939262 0.6846238842974625 0.14374848277939262
0 0.9336323905703253 0.22790621946668516 0.7415284538681396 0.0389090373280816 0.6323594218563373 0.1498726007956798 0.824463358558523 0.3388697829342834
0 0.40888702210080397 0.8284149295331185 0.16371119592768116 0.2121806738814938 -0.08545978935629445 0.3113161919334245 0.15971603681682833 0.9275504475850491
0 0.7717215976465586 0.2212929270664869 0.23006631417011741 0.21931873907092775 0.22820537234641436 0.7299028239293408 0.7698606558228556 0.7318770119249001
0 0.6256114467272618 0.7533046255328 0.31305655139219607 0.7029216049539919 0.2797594958085553 0.909482418564443 0.5923143911436209 0.9598654391432511
0 0.9398921874999999 0.271765625 0.9268346948570338 0.2472314603104037 0.8012690698570338 0.3140595853104037 0.8143265624999998 0.33859375
0 1.002117036319977 0.4664098128980937 0.9539894799468944 0.27551377509926833 0.807360910935629 0.3124808845393863 0.8554884673087113 0.5033769223382117
0 0.9970968386467665 0.47794584712262084 0.8518641284340276 0.4516295410147306 0.830114164787261 0.5716618188921098 0.975346875 0.597978125
0 0.9695390625000002 0.6058937500000003 0.8362653121587231 0.5526631171415538 0.7733084512534946 0.7102884639013107 0.9065822015947717 0.7635190967597574
0 0.8840593749999999 0.7623406250000002 0.7757515625 0.6716593750000003 0.7577467919745953 0.6931639011304965 0.8660546044745951 0.7838451511304965
0 0.8702861047171012 0.8039083235525059 0.7638210243457667 0.6185898178689315 0.5093469002294536 0.7647846513343388 0.6158119806007882 0.9501031570179131
0 0.343809977088409 0.1689621499243684 0.21915063719260566 0.06408356427394178 0.03653647793566415 0.2811398909531987 0.16119581783146752 0.3860184766036253
0 0.6714234375 0.13927968750000005 0.53873448501139 0.08952846897940953 0.4974795314957709 0.19955746384087675 0.630168483984381 0.24930868236146733
0 0.8793292510178254 0.6643973401429114 0.7834143714750857 0.16014096775028513 0.6142350281818322 0.1923206628845246 0.710149907724572 0.6965770352771508