0 0.46006321227331864 0.09833434975280872 0.2928492056753405 0.09759813217245489 0.2922599924966603 0.2314236464994878 0.4594739990946383 0.23215986407984163
0 0.5890546875 0.09829531250000005 0.46409981301683434 0.0982309553634658 0.4640235333839705 0.2463343742446297 0.5889784078671362 0.24639873138116397
0 0.8506267538797093 0.23155985733382534 0.46333001201196244 0.2308611996118531 0.46282376677479886 0.5114952279398282 0.8501205086425457 0.5121938856618005
0 0.4722109375 0.41385625 0.4178921875 0.41385625 0.4178921875 0.51175625 0.4722109375 0.51175625
0 0.49761249999999996 0.3730484375000001 0.4187765625 0.3730484375000001 0.4187765625 0.40973750000000003 0.49761249999999996 0.40973750000000003
0 0.5455796875000001 0.5035890625 0.28605468750000007 0.5035890625 0.28605468750000007 0.7493453125 0.5455796875000002 0.7493453125
0 0.6536033488390938 0.23215318869570503 0.4890560582946407 0.23202203139321248 0.48898020014581184 0.3271921257631179 0.653527490690265 0.3273232830656104
0 0.622173191941388 0.3744599541325981 0.47723072867937466 0.372340137485256 0.4751890625 0.5119390625 0.6201315257620134 0.5140588791473422
0 0.417709375 0.32624375 0.2931146620705556 0.32524140081353503 0.2917618932897726 0.4933942163967041 0.416356606219217 0.4943965655831691
0 0.4185056929685082 0.22861908050499574 0.29179123506647553 0.22840866826710587 0.29162499999999997 0.32851875 0.41833945790203275 0.3287291622378899
0 0.45989531250000004 0.14891250000000006 0.4371921875 0.14891250000000006 0.4371921875 0.19790000000000005 0.45989531250000004 0.19790000000000005
0 0.48623593749999994 0.2021421875000001 0.40182343749999994 0.2021421875000001 0.40182343749999994 0.3678781250000001 0.48623593749999994 0.3678781250000001
0 0.2751875000000001 0.5004203125 0.14975625000000004 0.5004203125 0.14975625000000006 0.701315625 0.2751875000000001 0.701315625
0 0.8554609375 0.47309375000000015 0.7853171875 0.47309375000000015 0.7853171875 0.5185296875000002 0.8554609375 0.5185296875000002