0 0.9215448365839747 0.4278167836565318 0.9153391847673278 0.25917194885800365 0.7804626370059873 0.2641350234439413 0.7866682888226341 0.4327798582424694
0 0.9273614609375 0.5578135328124998 0.9217894060567285 0.43096999517638057 0.7727995109375 0.43751490781250013 0.7783715658182715 0.5643584454486194
0 0.8049458421875 0.8257283953124999 0.7882951662466406 0.43521274652643205 0.5059625404529797 0.44725075082724686 0.5226132163938391 0.8377663996133146
0 0.6045901468750001 0.451995865625 0.6025651342291185 0.3973205120457653 0.5036450734375 0.40098421718750005 0.5056700860833817 0.45565957076673475
0 0.6467906703124999 0.4760362796875001 0.6432526833311423 0.39643157731058143 0.606345003125 0.39807191875 0.6098829901063575 0.4776766211269187
0 0.5165457858749136 0.5292084884597313 0.5068706461905543 0.26797970613592614 0.2588415453125 0.27716596875 0.26851668499685927 0.5383947510738052
0 0.7955450734375 0.6276766249999999 0.7893006481407301 0.461996034827682 0.693300802067738 0.465614224904629 0.699545227364508 0.631294815076947
0 0.649556651226476 0.6018113590597205 0.6475318148536726 0.45613179815414606 0.5060160170129295 0.4580987613507193 0.5080408533857328 0.6037783222562937
0 0.6903161437499999 0.39388621093750004 0.6889723389791997 0.2685765828041829 0.5172350729732673 0.27041827175355415 0.5185788777440675 0.3957278998868713
0 0.788580340794425 0.3908135068489834 0.7831031121483993 0.26278491125315195 0.682387840625 0.267093640625 0.6878650692710256 0.3951222362208314
0 0.8706494062499999 0.4297283375 0.8698030297102729 0.4068761658570267 0.8203384343750001 0.4087081874999998 0.8211848109147271 0.43156035914297314
0 0.8187227989671968 0.45677113396008034 0.8132635115442797 0.3724545588702352 0.6468125651745107 0.38323184147547407 0.6522718525974277 0.46754841656531926
0 0.5086699875 0.256959528125 0.5039938876571144 0.13070482065711048 0.30090139687500006 0.13822676406250003 0.3055774967178856 0.26448147153038953
0 0.5621205453125 0.8398640218749998 0.558968414760361 0.7689411056466356 0.5132617390624998 0.7709725140625 0.5164138696146389 0.8418954302908641