0 0.5134359374999999 0.7055015625000001 0.46194687500000003 0.7055015625000001 0.46194687500000003 0.71983125 0.5134359374999999 0.71983125
0 0.5155078125000002 0.73519375 0.4548843750000001 0.73519375 0.4548843750000001 0.7711078125 0.5155078125000002 0.7711078125
0 0.9091578124999999 0.6173828125000002 0.8513046875000001 0.6173828125000002 0.8513046875000001 0.7106265625000001 0.9091578124999999 0.7106265625000001
0 0.9057046874999999 0.5799750000000002 0.8507390625 0.5799750000000002 0.8507390625 0.6124921875000002 0.9057046874999999 0.6124921875000002
0 0.8523140625 0.5386124999999999 0.8514734374999999 0.4345171874999999 0.7795493235481332 0.4350980129650351 0.7803899485481331 0.5391933254650352
0 0.9054609375000002 0.5693359375000001 0.9030500000000001 0.4335484375000001 0.7442998703033417 0.4363670816374615 0.7467108078033416 0.5721545816374615
0 0.76991875 0.43702343750000017 0.716565625 0.43702343750000006 0.716565625 0.5368687500000001 0.76991875 0.5368687500000002
0 0.739809375 0.5413609375000001 0.71795 0.5413609375 0.71795 0.5727468750000001 0.739809375 0.5727468750000002
0 0.8498652223919103 0.7126645512574711 0.8471292228182016 0.5796725973856086 0.6503824837355687 0.5837202031135262 0.6531184833092778 0.7167121569853887
0 0.6485642728360655 0.7174048157476699 0.6462921875000001 0.5848640625 0.04429587091669472 0.5951838092175891 0.04656795625276032 0.727724562465259
0 0.6447171875000001 0.4401140625 0.585421875 0.4401140625 0.585421875 0.5264656249999999 0.6447171875000001 0.5264656249999999
0 0.6447171875000001 0.5293453125 0.612765625 0.5293453125 0.612765625 0.550928125 0.6447171875000001 0.550928125
0 0.64643125 0.55581875 0.6133375 0.55581875 0.6133375 0.5739484375 0.64643125 0.5739484375
0 0.5831234375000001 0.44270624999999997 0.5249828125 0.44270624999999997 0.5249828125 0.538259375 0.5831234375000001 0.538259375
0 0.5214875000000001 0.5389015624999999 0.519735867735855 0.44295434127407685 0.45071453801471434 0.4442144089082302 0.45246617027885944 0.5401616301341533
0 0.449346875 0.39365312500000005 0.3935390625000001 0.39365312500000005 0.3935390625000001 0.4296234375 0.449346875 0.4296234375
0 0.39245468750000007 0.51315625 0.3659296875000001 0.51315625 0.3659296875000001 0.549334375 0.39245468750000007 0.549334375
0 0.6102520997083588 0.5751144171603836 0.6074674418285688 0.44135258457467935 0.25172315462021 0.4487584799142958 0.25450781250000004 0.5825203125000001
0 0.3933147853661607 0.5503577278864323 0.3920640624999999 0.4463328125 0.2528847872477672 0.4480062068152657 0.254135510113928 0.552031122201698
0 0.09300000000000007 0.49810781249999997 0.044007812500000056 0.49810781249999997 0.04400781250000006 0.5845578125 0.09300000000000007 0.5845578125
0 0.18144843750000006 0.451078125 0.12945156250000006 0.451078125 0.12945156250000006 0.5504203125 0.1814484375000001 0.5504203125
0 0.12588437500000005 0.45216874999999995 0.04323906250000005 0.45216874999999995 0.04323906250000005 0.4921234375 0.12588437500000005 0.4921234375
0 0.12693125000000002 0.5840640625000001 0.12568552029357913 0.4978148643444033 0.0990203125 0.49820000000000003 0.10026604220642091 0.5844491981555968
0 0.18125801068295566 0.5838871183321274 0.1811515625 0.5541984375000001 0.13173124666755892 0.55437563307333 0.13183769485051458 0.5840643139054573