0 0.2917907086686372 0.49919156189606595 0.2906109687499999 0.4461032984375001 0.27586416945636266 0.44643100529143426 0.27704390937499995 0.49951926875000013
0 0.26129028765530204 0.5023930523422107 0.25989803437500003 0.43974164531250004 0.222938579532198 0.4405629664077894 0.2243308328125 0.5032143734375001
0 0.3919459517250299 0.9035564949134749 0.39018256562500003 0.8440422171874997 0.2937998873374701 0.8468980003990249 0.29556327343749994 0.9064122781249999
0 0.42992229540646854 0.8991237541738316 0.428659984375 0.8423197703125 0.39519628115603156 0.8430634083261683 0.3964585921875 0.8998673921875
0 0.578406951279607 0.8386384377195952 0.57561750625 0.7646712640625001 0.46846603934539316 0.7687121529054048 0.47125548437500014 0.8426793265625001
0 0.5805437385471374 0.8922243043598839 0.5734427122153327 0.7289891521317552 0.43375713616819533 0.7350657290218713 0.4408581625 0.89830088125
0 0.573900428125 0.7548024296874999 0.5716724531249999 0.6999351921875 0.46898344417451143 0.7041050493762544 0.4712114191745115 0.7589722868762543
0 0.46602151675739867 0.7269977350239598 0.46535523437500004 0.70451070625 0.4328945613676014 0.7054725040385401 0.43356084375000004 0.7279595328124999
0 0.42834513455917317 0.8386261954192966 0.4202804206922376 0.6372533841801036 0.2834421585901242 0.6427335749919181 0.2915068724570598 0.8441063862311109
0 0.4189546984375 0.632105478125 0.39452626104935723 0.01388313960849171 0.2581881287544456 0.019270404546822054 0.2826165661425884 0.6374927430633303
0 0.5683091299604965 0.6260585164188163 0.5665017859375001 0.5650606406249999 0.4771997653520036 0.5677066257686838 0.4790071093750001 0.6287045015625001
0 0.4760477412289787 0.6289567130149549 0.4753135046875001 0.5959160890624999 0.45310245564602136 0.596409668235045 0.45383669218749995 0.6294502921875
0 0.44884679886323064 0.6315011707900916 0.44808703124999993 0.5973116109375001 0.4294296214492693 0.5977262198349086 0.43018938906250004 0.6319157796875001
0 0.5642247742603085 0.5627615987821878 0.5624526249999999 0.5029515671874998 0.46369155073969137 0.505877821530312 0.46546370000000004 0.565687853125
0 0.5626003381029159 0.4975352922743184 0.5592012105971357 0.42658009747575687 0.4599944787442197 0.43133262238893844 0.46339360625000003 0.5022878171875
0 0.6112019440706202 0.4239053426349271 0.6099197921875 0.36620849062500005 0.5729024496793799 0.367031097990073 0.5741846015625001 0.42472795
0 0.4871355738755228 0.3687300510620288 0.48632708124999996 0.34144343125 0.44890001049947725 0.3425523817504712 0.4497085031250001 0.3698390015625
0 0.5648806465041638 0.5888802467825551 0.5506591191185659 0.22349378205240003 0.4124065627694204 0.2288748311771954 0.4266280901550183 0.5942612959073506
0 0.5556818859375 0.3662968562500001 0.5500726205708525 0.22339543077889185 0.44322252204377843 0.22758958458187104 0.44883178741042595 0.3704910100529793
0 0.49594346083258206 0.06014562078768519 0.49445015937500003 0.0097467078125 0.4054516398976421 0.01238370156916343 0.4069449413552242 0.06278261454434862
0 0.5463794195917899 0.1497191834703388 0.5447945343749999 0.09622930781249998 0.44218153197071 0.09926969309216119 0.44376641718750004 0.15275956875000002
0 0.5435975451816125 0.09289651618080633 0.541701071875 0.007555162499999999 0.5005833751308875 0.008468888506693657 0.5024798484374999 0.09381024218749998
0 0.49682188431590807 0.09377021092988856 0.4956131828124999 0.0663540203125 0.4066937984965919 0.07027422188261141 0.40790250000000006 0.09769041249999998
0 0.43987516537943155 0.15268530273559322 0.438558878125 0.10172423593749999 0.40800764868306844 0.10251335195190676 0.40932393593749994 0.15347441874999998