0 0.6768383328125 0.49708163125000004 0.6624982537015837 0.4964600428595237 0.6602466671875 0.5484042703125 0.6745867462984163 0.5490258587029764
0 0.7283041671875001 0.49579281250000007 0.6923640053946147 0.49423580436165304 0.6896913546875 0.555928159375 0.7256315164803853 0.557485167513347
0 0.6847894796875001 0.10080861093750008 0.5897402239405982 0.09935359245154606 0.5888533095612368 0.15729137982903468 0.6839025653081389 0.1587463983149887
0 0.5863127078125 0.10275836875000008 0.5537719211907175 0.10134804375391424 0.5513477754887233 0.15728097286432233 0.5838885621105059 0.15869129786040817
0 0.5099725000000002 0.15507065937500006 0.4040959275010187 0.15430271566728834 0.40357354218749997 0.22632409687500005 0.5094501146864815 0.22709204058271176
0 0.5430628125000001 0.10233902812500009 0.4070256614389766 0.09848957773759763 0.40252573754420784 0.25751405267019994 0.5385628886052313 0.26136350305760236
0 0.5046511453125 0.2375237500000001 0.40409778701253113 0.2359829866720629 0.40327906249999995 0.2894146187500001 0.5038324207999689 0.29095538207793725
0 0.539293125 0.26821513906250005 0.5072327466250356 0.2677232486765089 0.506896875 0.28961465312500007 0.5389572533749644 0.29010654351099124
0 0.6842261453125 0.1615380562500001 0.5509426880204683 0.15850613876174768 0.5464600458422237 0.355563627837383 0.6797435031342555 0.3585955453256354
0 0.6802465211673353 0.36280520146604456 0.5474447385105752 0.3593274787552922 0.5316119064082676 0.9639266669512854 0.6644136890650277 0.9674043896620376
0 0.4887951046875001 0.36269559062500006 0.40061227676142125 0.36134475727055293 0.39970260468749996 0.4207284375000002 0.4878854326135788 0.42207927085444724
0 0.5133050000000001 0.3630718750000001 0.4917080624241331 0.36213579326720613 0.49029552031250007 0.39472545156250016 0.511892457888367 0.3956615332952941
0 0.5364436453125 0.36170881875000005 0.5183008393910493 0.3609224161537713 0.5168429171875 0.3945576046875 0.5349857231089508 0.3953440072837287
0 0.4979398953125 0.42453350624999997 0.40056975051069743 0.4230429751513928 0.3996784135628716 0.481270279337199 0.4970485583646741 0.4827608104358062
0 0.4959741764376383 0.5553557053112276 0.4959101046875 0.4862446187500001 0.3979068657498617 0.4863354759387725 0.39797093750000007 0.5554465625
0 0.38328729218750013 0.5567810765625001 0.34729092794818167 0.5552204090080737 0.34482506770231824 0.6120947915898124 0.38082143194163665 0.6136554591442389
0 0.5007625000000002 0.6155713890625002 0.4637696688365506 0.615005202092491 0.46336310109080187 0.641569027774923 0.5003559322542515 0.6421352147449321
0 0.5360330203125001 0.39845072968750006 0.40197440677344387 0.39543364272243914 0.3939583239379856 0.7516132833428019 0.5280169374770417 0.7546303703078627
0 0.5017836189922991 0.6160310295978932 0.39759490209176396 0.6127703214215253 0.39321195416504995 0.7528177270850593 0.497400671065585 0.7560784352614273
0 0.5222547608179364 0.9158611119185404 0.4350684923425413 0.9145271586376168 0.4343178125000001 0.9635910765625001 0.5215040809753952 0.9649250298434235
0 0.4926929171875001 0.8268112843750002 0.39170248757816173 0.8252628655389241 0.3909040625000001 0.8773374656250003 0.49189449210933844 0.8788858844610763
0 0.4318739578125001 0.8815388187499998 0.3918903189794153 0.8798055909223329 0.38825552031250005 0.9636563546874999 0.42823915914558486 0.9653895825151668
0 0.5240392703125002 0.881902153125 0.436820335862247 0.881823816606461 0.4367963546875 0.9085241671875 0.5240152891377532 0.908602503706039
0 0.5262131250000002 0.8276209375000001 0.496495128608408 0.8264408460926413 0.4945016671875001 0.8766417703125 0.5242196635790922 0.8778218617198588