0 0.5343796875 0.7078796875 0.5340461104976735 0.6935480539176488 0.48247343750000005 0.6947484374999999 0.4828070145023265 0.709080071082351
0 0.5379453125 0.7591078124999999 0.5371084171585944 0.7231888939699123 0.4762765625000001 0.7246062499999999 0.4771134578414058 0.7605251685300876
0 0.9298343749999999 0.6894671875 0.9271105120647573 0.5958851677035292 0.869267234263336 0.5975687941180787 0.8719910971985787 0.6911508139145496
0 0.9235265624999999 0.5914109375 0.9227694076283404 0.5588893330125331 0.8676155877957452 0.5601734019886802 0.8683727426674046 0.5926950064761469
0 0.8679859375 0.5187734374999999 0.8641171875 0.4147 0.7922261705851361 0.4173724241878662 0.7960949205851361 0.5214458616878661
0 0.922028125 0.5482609375 0.9168250082487333 0.4124852582882469 0.7581343832487334 0.41856650828824693 0.7633375 0.5543421875
0 0.785540625 0.5189484375000001 0.7826359375 0.4191031250000001 0.7292914464182925 0.4206550163463153 0.7321961339182924 0.5205003288463154
0 0.7564750000000001 0.555528125 0.7555588364508475 0.5240146089462717 0.7337031250000001 0.5246500000000001 0.7346192885491527 0.5561635160537284
0 0.8692922139508499 0.6937730895545301 0.8640343750000001 0.5607374999999999 0.6683091590117732 0.5684729613733988 0.6735669979626231 0.7015085509279289
0 0.66866909402328 0.7023420336859811 0.6633109374999999 0.5698203125 0.06237557821494263 0.5941175045875078 0.06773373473822278 0.7266392257734889
0 0.6600359375 0.5114593749999999 0.6575133896522865 0.42476248022146235 0.5982265625000001 0.4264874999999999 0.6007491103477135 0.5131843947785375
0 0.6607468749999998 0.535921875 0.6602444256223561 0.5143376630797025 0.6281671875 0.5150843749999999 0.6286696368776438 0.5366685869202974
0 0.66313125 0.5589015625000001 0.6627091945138137 0.5407694424240883 0.6295109375 0.5415421874999999 0.6299329929861862 0.5596743075759119
0 0.5987859375000001 0.5246875 0.5959948238288126 0.42879549693944324 0.5378625013226425 0.43048754544094736 0.5406536149938299 0.526379548501504
0 0.5371671875 0.526765625 0.5326049496965367 0.4304576487316395 0.4636391452466756 0.4337246512416983 0.468201383050139 0.5300326275100588
0 0.46184843750000004 0.4191640625 0.4610114536918286 0.38318886675960556 0.4049937128218935 0.3844921520125009 0.40583069663006494 0.4204673477528953
0 0.40843749999999995 0.5401999999999999 0.407379869912217 0.503867111198029 0.38085937632287836 0.5046391079449933 0.3819170064106614 0.5409719967469643
0 0.6267303803158495 0.5609233152337607 0.6208305425476717 0.42719110867983917 0.2655564122318223 0.44286466844607847 0.27145625000000007 0.576596875
0 0.40907235290440075 0.541102244835618 0.40505 0.4372078124999999 0.26615953298310924 0.4425850638198228 0.2701818858875099 0.5464794961554409
0 0.11000255298264743 0.5821133345628572 0.10748543697430299 0.4956582234059521 0.05850156249999999 0.4970843749999999 0.06101867850834443 0.583539486156905
0 0.1974640625 0.5461953125 0.19456624484739748 0.4465536409385269 0.1425765625 0.448065625 0.14547438015260256 0.5477072965614731
0 0.140203125 0.4891937500000001 0.13927311760540015 0.44923365160636103 0.0563953125 0.4511625 0.057325319894599845 0.4911225983936391
0 0.143925 0.5811109374999999 0.14016387166229233 0.4947349497843604 0.11351562500000001 0.49589531249999996 0.11727675333770764 0.5822713002156396
0 0.19814218750000004 0.5796703125 0.19734321881791533 0.5499793925960684 0.1478609375 0.5513109375 0.1486599061820847 0.5810018574039315