0 0.9454796875 0.5556499999999999 0.94436875 0.3977078125 0.6877908107477764 0.3995125364873008 0.6889017482477764 0.5574547239873008
0 0.9849984375 0.6607156250000001 0.78053125 0.6607156250000001 0.78053125 0.7135078125000002 0.9849984375 0.7135078125000002
0 0.679056125582633 0.5210808765129445 0.6786389200786804 0.39904199006385316 0.16205779449604749 0.40080798855090877 0.16247499999999998 0.5228468750000002
0 0.12345625000000005 0.40049999999999997 0.09561562500000005 0.40049999999999997 0.09561562500000005 0.4304984375 0.12345625000000005 0.4304984375
0 0.12306562500000004 0.4334421875 0.09581093750000005 0.4334421875 0.09581093750000005 0.464615625 0.12306562500000004 0.464615625
0 0.15286875000000005 0.4003046875 0.12561562500000006 0.4003046875 0.12561562500000006 0.43069375 0.15286875000000005 0.43069375
0 0.15208281250000005 0.4336375 0.12561250000000004 0.4336375 0.12561250000000004 0.464028125 0.15208281250000005 0.464028125
0 0.15308125000000003 0.400559375 0.02646562500000004 0.400559375 0.026465625000000055 0.527175 0.15308125000000003 0.527175
0 0.08792656250000007 0.5315859374999999 0.027473437500000066 0.5315859374999999 0.027473437500000066 0.5865921875 0.08792656250000007 0.5865921875
0 0.08870312500000008 0.5904828125 0.027470312500000076 0.5904828125 0.027470312500000076 0.6488625 0.08870312500000009 0.6488625
0 0.15330937500000005 0.5321046875000001 0.09129843750000007 0.5321046875000001 0.09129843750000008 0.6491203125 0.15330937500000008 0.6491203125
0 0.9100187500000001 0.5594359375000002 0.88043125 0.5594359375000002 0.88043125 0.5812015625000002 0.9100187500000001 0.5812015625000002
0 0.910525 0.5859609375000001 0.8807703124999999 0.5859609375000001 0.8807703124999999 0.6087453125000002 0.910525 0.6087453125000002
0 0.8763512158839525 0.6473223726218101 0.876009375 0.5575671875 0.81896313723846 0.5577844533472723 0.8193049781224125 0.6475396384690825
0 0.96595625 0.5594375000000003 0.881109375 0.5594375000000003 0.881109375 0.6464937500000001 0.96595625 0.6464937500000001
0 0.7390578125 0.522321875 0.688559375 0.522321875 0.688559375 0.5757890625000001 0.7390578125 0.5757890625000002
0 0.7387640625 0.5796500000000001 0.687671875 0.57965 0.687671875 0.6467843750000001 0.7387640625 0.6467843750000002
0 0.8171828124999999 0.5220218750000002 0.7411375 0.5220218750000002 0.7411375 0.6464859375000002 0.8171828124999999 0.6464859375000002
0 0.8417515625 0.39929218750000006 0.763390625 0.39929218750000006 0.763390625 0.4843937500000002 0.8417515625 0.4843937500000002
0 0.8757375 0.3987281250000001 0.8448421875 0.3987281250000001 0.8448421875 0.4293421875000002 0.8757375 0.4293421875000002
0 0.761146875 0.3984500000000001 0.6884046875000001 0.3984500000000001 0.6884046875000001 0.48439531250000006 0.761146875 0.4843953125000001
0 0.910175 0.33974843750000006 0.8279890625 0.33974843750000006 0.8279890625 0.3858093750000001 0.910175 0.3858093750000001
0 0.6780078125 0.3995718750000001 0.56004375 0.3995718750000001 0.56004375 0.485234375 0.6780078125 0.485234375
0 0.5552703125 0.3984468750000001 0.495446875 0.3984468750000001 0.495446875 0.48523750000000004 0.5552703125 0.48523750000000004
0 0.2847968750000001 0.3998515625 0.19744687500000005 0.3998515625 0.19744687500000005 0.48664218750000005 0.2847968750000001 0.48664218750000005
0 0.3620343750000001 0.39957031249999997 0.2876046875000001 0.39957031249999997 0.2876046875000001 0.4860765625 0.3620343750000001 0.4860765625
0 0.4275796875 0.3998515625000001 0.36456406250000006 0.3998515625000001 0.36456406250000006 0.486359375 0.4275796875 0.486359375
0 0.49217656249999997 0.3995703125000001 0.43122812499999996 0.3995703125000001 0.43122812499999996 0.4849546875 0.49217656249999997 0.4849546875
0 0.4429609375 0.525534375 0.37125781250000006 0.525534375 0.37125781250000006 0.567759375 0.4429609375 0.567759375
0 0.539621875 0.5247359375 0.47482499999999994 0.5247359375 0.47482499999999994 0.6487609375 0.539621875 0.6487609375
0 0.47318125 0.5248390625 0.37123125000000007 0.5248390625 0.37123125000000007 0.64886875 0.47318125 0.64886875
0 0.6144890625 0.5240609375 0.54273125 0.5240609375 0.54273125 0.6479703125 0.6144890625 0.6479703125
0 0.2197015625000001 0.5256125 0.16298125000000005 0.5256125 0.16298125000000008 0.6498234375 0.2197015625000001 0.6498234375
0 0.2912609375000001 0.5256109375 0.22281406250000008 0.5256109375 0.22281406250000008 0.649103125 0.2912609375000001 0.649103125
0 0.3688640625000001 0.525371875 0.2938921875000001 0.525371875 0.2938921875000001 0.648628125 0.3688640625000001 0.648628125
0 0.8768874999999999 0.4331765625000002 0.84535 0.4331765625000002 0.84535 0.4852234375000002 0.8768874999999999 0.4852234375000002
0 0.6800312500000001 0.5245421875 0.6177984375000001 0.5245421875 0.6177984375000001 0.6474968750000001 0.6800312500000001 0.6474968750000001