0 0.9453758668402832 0.5802400368635893 0.94289375 0.42234375 0.6845687199594651 0.4264045985485428 0.6870508367997484 0.5843008854121321
0 0.9845588299869714 0.3163220846872348 0.9833312499999998 0.26356718749999997 0.7773302325130282 0.2683607278127652 0.7785578124999999 0.32111562499999996
0 0.6782566070365709 0.5865020100021432 0.6761609375000001 0.4631156250000001 0.15715120546342928 0.4719308024978569 0.15924687500000004 0.5953171875000001
0 0.1201421875000001 0.566628125 0.0923063019523636 0.5664657320850435 0.09212657166840035 0.597273428437955 0.11996245721603685 0.5974358213529115
0 0.1199515625000001 0.53251875 0.09270148433538963 0.5323603193129964 0.09251562500000007 0.5643281250000001 0.11976570316461055 0.5644865556870037
0 0.14955625000000006 0.5657484374999999 0.12230616813929514 0.5655901126889423 0.12212500000000008 0.5967718750000002 0.149375081860705 0.5969301998110577
0 0.14896562500000007 0.5324328125000001 0.1224998299821329 0.5322776916448826 0.12231718755367552 0.563439053342217 0.1487829825715427 0.5635941741973346
0 0.1500718750000001 0.46926875 0.023169179787863915 0.46908266104946755 0.022979687500000075 0.59830625 0.14988238271213625 0.5984923389505324
0 0.08679892452384011 0.46633003090488867 0.0855203125 0.4113624999999999 0.023468262976159872 0.41280590659511135 0.024746875 0.4677734375000001
0 0.08801702401908737 0.40741364041450867 0.08665937500000001 0.3490734375000001 0.02372828848091264 0.3505379220854915 0.0250859375 0.4088781250000001
0 0.1512671875000001 0.3473109375000001 0.08926671863330946 0.346950811397304 0.08857656250000005 0.4657703125000001 0.1505770313666907 0.4661304386026962
0 0.9080878323927477 0.41936806642671226 0.9075812499999998 0.39761718749999997 0.8773621676072523 0.39832099607328764 0.8778687500000002 0.420071875
0 0.9087781159581974 0.39282993722787996 0.9082484375 0.3700609375 0.8778328215418026 0.37076850027212005 0.8783625 0.3935375
0 0.8742953124999999 0.33259843750000007 0.8172663477535851 0.3320505131291288 0.8163924713147697 0.4230051617472815 0.8734214360611846 0.4235530861181528
0 0.9646829104954453 0.41807246944955373 0.9627354152781754 0.33105785321126796 0.8781851375042464 0.3329501934720427 0.8801326327215163 0.41996480971032846
0 0.736590625 0.40700937500000006 0.686100728252224 0.40671575188264397 0.68578125 0.46165156250000006 0.736271146747776 0.4619451856173562
0 0.7367093750000001 0.3360203125000001 0.6856258355871103 0.33572308015690966 0.6852265625000001 0.40434374999999995 0.7363101019128899 0.40464098234309037
0 0.8151265625 0.3344937500000001 0.7390941327291306 0.3340508630294427 0.73835625 0.4607265625000001 0.8143886797708696 0.4611694494705575
0 0.838753125 0.4960140625 0.7604054544179493 0.49555805934982083 0.759896865906165 0.5829406249470716 0.8382445364882157 0.5833966280972508
0 0.8731288777815662 0.580868399190628 0.8724171875 0.550275 0.8406320597184338 0.5510144133093718 0.8413437500000001 0.5816078124999999
0 0.7581468750000002 0.4978890625000001 0.685416993608657 0.4974659452916512 0.6849046784102251 0.585528124947119 0.7576345598015682 0.5859512421554679
0 0.9076727139201264 0.6390360068593248 0.9066015616543137 0.5930062136589817 0.8230772852341876 0.5949498942996568 0.8241484375000002 0.6409796875
0 0.6770074584701616 0.5845888509296324 0.6750140625000001 0.4989828125 0.5545581665298384 0.5017877115703676 0.5565515624999999 0.58739375
0 0.5522765625 0.5018375 0.49246012730302463 0.5014896674185609 0.49194532163846355 0.5900203034672024 0.5517617568354389 0.5903681360486416
0 0.2838293293724472 0.5934600328015248 0.28181093665422724 0.5067296511571238 0.19193785728178 0.508821180855599 0.19395625 0.5955515625000001
0 0.3590437500000001 0.5054953125000001 0.28462822007321165 0.5050625155951607 0.2841125000000001 0.5937359375000001 0.3585280299267885 0.5941687344048394
0 0.42459062500000017 0.5036890625000001 0.3615872178373542 0.5033226312972985 0.3610734375000001 0.5916609375000002 0.4240768446626461 0.5920273687027018
0 0.4891796875000002 0.5035906250000001 0.4282415608326586 0.5032360029068494 0.42773436590752734 0.5903921874470874 0.48867249257486894 0.5907468095402381
0 0.44142649128784495 0.4641277319193242 0.44044531249999996 0.42192968750000004 0.3675172587121549 0.4236253930806758 0.3684984374999999 0.4658234375
0 0.5375796875 0.33867968750000005 0.47279222087851397 0.3383025985867375 0.472059375 0.4642124999999999 0.536846841621486 0.46458958891326246
0 0.4707921875 0.3402984375 0.36897595425894536 0.3399901525790036 0.3686003764039614 0.46403099881834065 0.47041660964501614 0.464339283739337
0 0.6124406250000001 0.3377265625000001 0.540694946934394 0.3373094890644216 0.5399625000000002 0.46330625000000014 0.6117081780656062 0.46372332343557865
0 0.2176656250000001 0.3450625 0.16095177629181434 0.34473289690416775 0.16022031250000004 0.47059375000000003 0.2169341612081858 0.4709233530958323
0 0.2892203125000001 0.3441171875000001 0.22078502241551737 0.3437188850373393 0.22005468750000007 0.46920312500000005 0.2884899775844828 0.4696014274626609
0 0.3668203125000001 0.3427859375000001 0.29186113078573095 0.3423497747241919 0.29113125000000006 0.46778750000000013 0.3660904317142692 0.46822366277580824
0 0.87389375 0.4943656250000001 0.8423600672769931 0.49418102373518513 0.8420499909068312 0.5471484282997399 0.8735836736298381 0.5473330295645548
0 0.6779812500000002 0.33667500000000017 0.6157574130844339 0.33631284273541673 0.6150312500000001 0.46107812500000006 0.6772550869155664 0.46144028226458345