0 0.5409167490166514 0.6781722081095662 0.37415520766634025 0.6679946309215604 0.3566849625000002 0.9542479265624999 0.5234465038503113 0.9644255037505058
0 0.702740925 0.7626600843750001 0.6469845920446041 0.7593560055053759 0.6348570203125 0.9640087859375003 0.690613353267896 0.9673128648071245
0 0.5389823796875002 0.11610047968750008 0.41016599213841654 0.1080279714039983 0.3755083811105681 0.6610739512778122 0.5043247686596517 0.6691464595613139
0 0.44654266385712704 0.0795393837644233 0.44501677031250003 0.0501114421875 0.409844895517873 0.051935169360576704 0.4113707890625 0.08136311093750001
0 0.4827690091314779 0.07724697392610712 0.4812752296875 0.048438378124999994 0.444923214306022 0.05032329794889286 0.44641699374999994 0.07913189374999999
0 0.44482811053904586 0.11080131002756186 0.44333441718750005 0.08199436562499998 0.4078164707109543 0.08383603684743815 0.4093101640625001 0.11264298125000002
0 0.4802239402978489 0.10813298879153987 0.47877315156250005 0.0801534875 0.4433457659521512 0.08199046277096009 0.4447965546875 0.10996996406249997
0 0.5504495984375 5.921566087761637e-17 0.41380113281249997 5.08483555758137e-17 0.41380113281249997 0.10916475937500006 0.5504495984375 0.10916475937500007
0 0.6134232765625 7.155291834657129e-17 0.5529696203125 6.785119951540545e-17 0.5529696203125 0.036364587500000066 0.6134232765625 0.03636458750000007
0 0.6794208578125 7.9416363293104e-17 0.6155353140625001 7.55045019598427e-17 0.6155353140625001 0.03394348593750008 0.6794208578125 0.03394348593750008
0 0.6811093844145552 0.09901668659719069 0.6777106796875 0.033470235937499995 0.5460033015229449 0.04029950715280929 0.54940200625 0.10584595781249999
0 0.5557894296875002 0.87615943125 0.5328017211279148 0.8747971973876585 0.5307858875000001 0.9088144078125001 0.5537735960595855 0.9101766416748417
0 0.5850504609375001 0.8750015499999998 0.5609868023561936 0.8735755562098169 0.5589533296875 0.9078904265625001 0.5830169882688064 0.9093164203526831
0 0.6297156515625002 0.8146584468750001 0.5342220570143273 0.8096917515599917 0.5309417625000001 0.8727612765625004 0.626435357048173 0.8777279718775086
0 0.6291340229353756 0.9633797423921733 0.6251143569500441 0.8735161774638955 0.5259486039546328 0.8779519374356213 0.5299682699399642 0.967815502363899
0 0.5648909077790434 0.7258519800873244 0.56212318125 0.67247440625 0.49933186722095674 0.6757302527251756 0.5020995937500001 0.7291078265625001
0 0.6404561073070684 0.7216224516660997 0.6376558390625 0.667617275 0.5602646755054316 0.6716301498964004 0.5630649437499999 0.7256353265625
0 0.6381381378642084 0.8048552456756225 0.633970234375 0.7244742578125 0.4926908871357917 0.7317998543243778 0.496858790625 0.8121808421875001
0 0.4645391895531953 0.839896016037015 0.4602443703125 0.7570673796875 0.3605393995093048 0.7622372683379852 0.36483421875000005 0.8450659046875002
0 0.39658635312500007 0.8466951156250001 0.3642533901392293 0.8447790891002832 0.36209344218750006 0.8812282281250002 0.3944264051732708 0.8831442546497172
0 0.46895700124354966 0.754237562111064 0.46497013593750003 0.6773480249999999 0.36503009094395034 0.6825301019514358 0.36901695625 0.7594196390624999
0 0.35136736718750006 0.8311779124999997 0.3027202272750588 0.8282951195005707 0.2972212265625001 0.9210907718749997 0.34586836647494135 0.9239735648744288
0 0.4739488859375002 0.5408383171875002 0.38347665677851805 0.5354769995533195 0.37544739687499995 0.6709707515625001 0.4659196260339821 0.6763320691966808
0 0.481300616420323 0.5353979584984152 0.47802180468750005 0.47216372656249994 0.37870502107967696 0.4773134852515847 0.3819838328125 0.5405477171874999
0 0.4982891218749999 0.15527566250000005 0.4066254258968228 0.1498437399695838 0.40051697968749983 0.25292377343750005 0.4921806756656769 0.2583556959679163
0 0.4960872169784237 0.32982892744424486 0.49200786406250013 0.251155678125 0.3912726705215765 0.25637898349325516 0.3953520234375 0.3350522328125
0 0.4909138671420112 0.3995657836890371 0.487460096875 0.3329573640625 0.3880679109829888 0.33811103349846283 0.39152168125 0.4047194531250001
0 0.485107382797743 0.46833026458521526 0.48176691250000003 0.4039068906249999 0.38381261251475707 0.4089860010397848 0.38715308281250005 0.47340937500000013
0 0.5735765968750001 0.3355864781250001 0.5289807712850653 0.332943762859498 0.5241689437500001 0.4141433625000001 0.5687647693399349 0.41678607776550225
0 0.6567178911968522 0.5097171527788893 0.65316649375 0.441225925 0.5136790806781478 0.4484586065961107 0.517230478125 0.516949834375
0 0.6656719973064358 0.43843477841142614 0.6597949037406965 0.33085640717130416 0.5156487704967607 0.338731227197378 0.5215258640625 0.4463095984375
0 0.6519807918992822 0.5893112376090814 0.6480478781250001 0.5134622 0.5078633331007179 0.5207310295784184 0.5117962468749999 0.5965800671874999
0 0.6770509172084842 0.16959329988774513 0.6739421812499999 0.10963911562499998 0.5352085765415158 0.11683271104975483 0.5383173125 0.1767868953125
0 0.673158385934277 0.24563778787946816 0.6694069390624999 0.1732884578125 0.5300559734407229 0.1805140636830318 0.5338074203125 0.25286339375
0 0.6685331136372447 0.3281257747929092 0.66442404375 0.24887942656250006 0.5245552098002555 0.2561318845820908 0.5286642796875001 0.3353782328125
0 0.4576915104002336 0.8774901246483287 0.45596299843750004 0.8441545343750001 0.39691540366226635 0.8472162612891714 0.39864391562499996 0.8805518515624999
0 0.6462261983340465 0.6590749217677586 0.6428153328124999 0.5932939453125001 0.5047678594784533 0.6004519626072415 0.5081787249999998 0.6662329390625