0 0.5627176879111035 0.7172521397315224 0.3987587105945203 0.7126250153707165 0.3911751921875001 0.9813417875000002 0.5551341695040835 0.9859689118608059
0 0.7237248562500002 0.8124924953125001 0.6689190847127775 0.8110432506217988 0.664055421875 0.9949713312500001 0.7188611934122227 0.9964205759407015
0 0.5426536078125002 0.16946455000000005 0.4159796610496012 0.16568166535856424 0.39992876520087406 0.703163116409839 0.5266027119637731 0.7069460010512747
0 0.4485612921875 0.09958648437500005 0.41675990381995714 0.09945260966401771 0.41663810780589483 0.12838475313154993 0.44843949617343765 0.12851862784253226
0 0.4840002046875 0.09994078906250006 0.45098524989961425 0.09980307937071682 0.4508671165917745 0.12812473027827656 0.4838820713796602 0.1282624399700598
0 0.44794201562499997 0.13075972812500006 0.41574307285629547 0.13062406026901202 0.41562374843749994 0.1589441078125 0.4478226912062045 0.15907977566848802
0 0.4825691921875001 0.13090416093750007 0.45038697332755157 0.13076860138319926 0.45027111555012517 0.15827356308800944 0.4824533344100737 0.15840912264231025
0 0.5508767796875 0.028669084375000053 0.4182301624649399 0.027593466525918254 0.41716536272230753 0.15890598053839755 0.5498119799448677 0.15998159838747936
0 0.6125821671875 0.029469985937500075 0.5554762037544244 0.027959906628820187 0.5537816624999999 0.09204158125000007 0.6108876259330756 0.09355166055867996
0 0.677267484375 0.029740753125000085 0.6166593097119569 0.028137760508250776 0.6149409079013407 0.0931094865105327 0.6755490825643837 0.094712479127282
0 0.6757817453125001 0.09606266250000008 0.5527973384992452 0.09554321190758128 0.55252516875 0.15998174687500005 0.675509575563255 0.16050119746741887
0 0.5835436750000003 0.9157128437500001 0.5609472542947125 0.9151144128247765 0.56011975625 0.9463602812499999 0.5827161769552878 0.9469587121752235
0 0.6121455140625002 0.9161875890625002 0.5884913749715374 0.9155626980206055 0.587660775 0.9470035828124999 0.6113149140909628 0.9476284738543945
0 0.6540729651172572 0.8537687340754264 0.5606849995617909 0.8513094492978567 0.5591127234375002 0.9110144781250001 0.6525006889929664 0.9134737629025699
0 0.6513350890625003 0.9172364359375 0.5605850273615627 0.915345685962702 0.5589233143485899 0.9951026926883737 0.6496733760495274 0.9969934426631717
0 0.5831943593750001 0.7163249765625 0.5264859931420407 0.7160854239055293 0.526264321875 0.7685607984375001 0.5829726881079595 0.7688003510944708
0 0.6569680265625 0.7157152 0.5860480968004875 0.7154151976394633 0.5858235078125001 0.7685075640625 0.6567434375745126 0.7688075664230367
0 0.6551873625000001 0.7712661250000001 0.5241413265224957 0.7707117062682507 0.5238069984375001 0.849735678125 0.6548530344150045 0.8502900968567495
0 0.48619689843750014 0.7936779218750002 0.39598548954084545 0.793296002639807 0.3956407530429841 0.8747246459351418 0.4858521619396387 0.8751065651703351
0 0.42677123593750005 0.8780683140625 0.3949885890663736 0.8772278172259419 0.3941209828125001 0.9100355828125 0.4259036296836265 0.910876079649058
0 0.4882601968750001 0.7157620968750001 0.3973002570956016 0.7153774614397729 0.39698061562500014 0.7909674000000002 0.4879405554043986 0.7913520354352275
0 0.38201408125000014 0.8603661140625002 0.3341949088387555 0.8591013949060899 0.331908321875 0.9455575031249998 0.37972749428624464 0.94682222228141
0 0.49265946406250005 0.5823934937499999 0.40372541195404016 0.58004188701888 0.40043215468750015 0.704587675 0.48936620679596005 0.7069392817311199
0 0.49443785468750007 0.5152724265624999 0.40289901140543016 0.5148858277096595 0.40263645937500014 0.577052875 0.49417530265707005 0.5774394738528404
0 0.5040860984375 0.20564240000000003 0.4139825562029893 0.203258487285343 0.41152824986119185 0.29602266181444115 0.5016317920957025 0.29840657452909813
0 0.5010199140625 0.29931879375000003 0.4094406124270608 0.29893183379820104 0.40911380468749997 0.37627530156250005 0.5006931063229392 0.37666226151429905
0 0.4991989421875001 0.379284546875 0.407880401216127 0.37890033702295356 0.4076048994940492 0.4443812588713755 0.49892344046542225 0.444765468723422
0 0.49590847656250003 0.44854645312499997 0.40580564374459377 0.4481651484821378 0.4055376265625001 0.5114979921875 0.49564045938040635 0.5118792968303623
0 0.5835732203125001 0.3865969937500001 0.5397347812395442 0.38543750817596534 0.5377385046875002 0.4609137796875002 0.5815769437604561 0.46207326526153497
0 0.6648688312500001 0.4945640578125 0.5345382975553006 0.49401386446421514 0.534254040543273 0.56134904435963 0.6645845742379725 0.5618992377079148
0 0.667828584375 0.386925696875 0.5366333758902833 0.3863714362507202 0.5361858109375001 0.4923114484375001 0.6673810194222167 0.4928657090617799
0 0.6621809046875 0.5651184343750001 0.5318093667922728 0.5645682785965775 0.5314946941920554 0.6391368870395757 0.6618662320872827 0.6396870428179983
0 0.67454194375 0.17054581562500007 0.5442050015794414 0.16999458476562732 0.5439557108556253 0.2289386552965103 0.6742926530261839 0.22948988615588303
0 0.6721503125 0.2327141781250001 0.5422876053039187 0.23216603725613738 0.5419873858558166 0.30329248028956474 0.6718500930518979 0.3038406211584274
0 0.6697024765624999 0.30656511562500005 0.5399365222053011 0.30601774446939706 0.5396078931584066 0.383926237570004 0.6693738475156054 0.384473608725607
0 0.48480701093750006 0.8788395859374999 0.4300137327975687 0.8786071812293186 0.42987472343750016 0.9113809515625002 0.4846680015774315 0.9116133562706816
0 0.6596261906249999 0.6431158124999999 0.5304673729468332 0.6425689824307665 0.5301935781250001 0.7072380953125 0.6593523958031668 0.7077849253817334