0 0.5692953421875 0.9665100437499998 0.5656154906243269 0.6842823629692623 0.39439807488212086 0.6865147969857218 0.39807792644529383 0.9687424777664594
0 0.740933125 1 0.7378361817614627 0.7909562822634404 0.6806140609375 0.7918040171875 0.6837110041760373 1.0008477349240597
0 0.5275137734375002 0.676000878125 0.5210593520220255 0.10970600277236113 0.3887497122753642 0.11121401954846706 0.39520413369083895 0.6775088949011059
0 0.4214439179250292 0.03965345993930423 0.3873394609375 0.03839033281250005 0.38622308832497076 0.06853241506069588 0.42032754531250005 0.06979554218750006
0 0.45842262054172095 0.04123479105430159 0.42307649687499993 0.03992567500000004 0.4219836185207789 0.06943338238319849 0.4573297421875 0.07074249843750005
0 0.42210489279149466 0.07220245802604149 0.38760970468750006 0.07092485937500007 0.3865168900210055 0.10043087634895861 0.4210120781250001 0.10170847500000005
0 0.45822019629583677 0.07353667494155941 0.42376728281250003 0.07226064062500007 0.4227058568291634 0.10091913130844073 0.4571587703125001 0.10219516562500006
0 0.5288521636301846 0.01958711793884624 0.38716531093749995 0.014339456250000038 0.3839716982464959 0.10056699105270081 0.5256585509391806 0.105814652741547
0 0.5896595987590343 0.02183924362959228 0.529177965625 0.01959918437500006 0.5285969731159658 0.03528599074540786 0.58907860625 0.037526050000000075
0 0.6572506756544697 0.02434261697477322 0.5930661015625001 0.02196541093750008 0.5924539696580304 0.038492975212726946 0.6566385437500001 0.040870181250000095
0 0.6604430057892107 0.04382479719086406 0.530027709375 0.038994601562500064 0.5275411504607894 0.10613169968413609 0.6579564468750001 0.11096189531250009
0 0.5964424234375 0.9290704953125 0.5959488093713432 0.895751618840837 0.5723567734374999 0.89610113125 0.5728503875036567 0.929420007721663
0 0.626328525 0.9307262406250001 0.6258313762918873 0.8971687166358656 0.6011351031249998 0.8975345875 0.6016322518331125 0.9310921114891345
0 0.6678437195908751 0.8310002107741971 0.5697224155021806 0.8301374959460832 0.5691580193488057 0.8943293757968863 0.6672793234375001 0.8951920906250003
0 0.6681323584686201 0.9900482065800874 0.6667776256543708 0.8986037442354211 0.5724162539189109 0.9000016905233632 0.5737709867331602 0.9914461528680295
0 0.5898487639879038 0.688730978537087 0.5290140125 0.6864778406250001 0.5269890906995963 0.7411507542754131 0.5878238421875001 0.7434038921875
0 0.6668797171084362 0.6906217950735292 0.5911861906250001 0.68781833125 0.5891374594540641 0.7431340752389709 0.6648309859375001 0.7459375390625002
0 0.6688167897537828 0.748658324665565 0.5295335328125 0.7434996859375003 0.5264842133712173 0.8258313175219353 0.6657674703125 0.8309899562500002
0 0.49347565727662157 0.7662899466043566 0.39676064062500005 0.762707909375 0.39361846772337844 0.8475465877706434 0.49033348437499996 0.851128625
0 0.43116269999999995 0.8857829875000001 0.43064069879945677 0.85054788510741 0.39745772812499996 0.851039484375 0.3979797293255431 0.88627458676759
0 0.49195670583513984 0.6849376436640834 0.3946420343750001 0.6813333968750002 0.3917251660398604 0.7600888485234168 0.48903983750000013 0.7636930953125001
0 0.3844940875 0.92138995625 0.3831349597565076 0.8296489308420087 0.3332089265625 0.8303885765624999 0.33456805430599246 0.9221296019704912
0 0.4886139359375001 0.673542059375 0.48664685239951344 0.5407639189395816 0.393796184375 0.542139484375 0.39576326791298666 0.6749176248104183
0 0.4890437398399506 0.47563443398424343 0.39153775312500005 0.4720231015625001 0.3891389101600494 0.5367918691407566 0.486644896875 0.5404032015625
0 0.483822034375 0.24706472031250004 0.4823459875324267 0.14743161676466837 0.3882725296875 0.1488252984375 0.3897485765300732 0.2484584019853317
0 0.4874342395419708 0.2502425964117475 0.389416309375 0.246612303125 0.38643177452052924 0.32719475358825256 0.4844497046874999 0.33082504687500003
0 0.4883366625832431 0.33371157005790775 0.39095815468749995 0.330104959375 0.38843130929175695 0.39832979869209234 0.48580981718750005 0.4019364093750001
0 0.48776813547217907 0.4059643947122843 0.3917243812500001 0.4024072187500001 0.38928042702782123 0.468393984975216 0.4853241812500001 0.47195116093750017
0 0.574355303125 0.4218914625 0.573167835200153 0.3417373324872236 0.5273996234374999 0.3424153796875 0.5285870913623469 0.4225695097002765
0 0.6663730499769012 0.45984496794522167 0.5281978781250001 0.4547273687500001 0.5255996062730989 0.5248807054922785 0.6637747781250001 0.5299983046875001
0 0.6667062337557595 0.3475460852892731 0.5314208471169624 0.3425355151372896 0.5273327823721182 0.45291325715767294 0.6626181690109154 0.4579238273096566
0 0.666997685620464 0.5334887021381386 0.5285569500000001 0.5283612671875001 0.5256795534420363 0.6060509697368616 0.6641202890625002 0.6111784046875
0 0.6620605136294793 0.1215996675268947 0.5241372999999999 0.11649140000000005 0.5218628879330206 0.1779005215356054 0.6597861015625 0.18300878906250007
0 0.6628993578493507 0.1864985126351148 0.5250971375 0.18139472812500007 0.5223525062131493 0.2554997936148854 0.6601547265625001 0.2606035781250001
0 0.6638928540141259 0.2635946977577592 0.5259800625 0.2584868171875 0.522973786610874 0.3396562756797409 0.660886578125 0.34476415625
0 0.49306274316821713 0.8551309569880304 0.4348336859375002 0.8529743250000001 0.4335690724567832 0.8871188851994699 0.49179812968750014 0.8892755171875002
0 0.6671554690351074 0.6148786807046064 0.5302853359374999 0.609809415625 0.5277898794023926 0.6771867302328937 0.6646600125 0.6822559953125