0 0.9034845480971775 0.6093451759402682 0.8973965890625001 0.466920428125 0.7690670646740703 0.4724058855290022 0.7751550237087478 0.6148306333442705
0 0.9072495109374998 0.7062914203124999 0.9041174837907912 0.6148194088893314 0.7759804761550239 0.6192068557178111 0.7791125033017325 0.7106788671409795
0 0.7660267671875001 0.6158029328125 0.7622052125000001 0.523483440625 0.6597501018468129 0.5277245580650722 0.663571656534313 0.6200440502525723
0 0.6553443624999999 0.6196961546875 0.6514950314952299 0.5286376714774546 0.5330190032247921 0.5336460291050621 0.5368683342295621 0.6247045123151075
0 0.5308647586307736 0.6429871452755901 0.5257864984375 0.5343749328125 0.34541525543172646 0.54280835003691 0.35049351562500003 0.6514205625
0 0.61629546875 0.6660847750000001 0.6151114128716315 0.6180065166317201 0.5376505511603769 0.6199141978116441 0.5388346070387453 0.6679924561799241
0 0.5335567411802112 0.7225766216673077 0.5308184265625001 0.6486418890625 0.44741886506978884 0.6517307517701924 0.4501571796875 0.7256654843750001
0 0.6182489893651508 0.7193327862769963 0.6165038656249999 0.67050793125 0.5393023375954606 0.6732673090149884 0.5410474613356115 0.7220921640419847
0 0.7698973504240698 0.7130047448404203 0.7665320847095465 0.6201546493865127 0.6222340420979766 0.6253845982960924 0.6255993078125 0.71823469375
0 0.34338702801943455 0.7309099405896068 0.33416348853332883 0.49136353695954893 0.1928817203125 0.4968034765625 0.20210525979860566 0.7363498801925579
0 0.8955473057949522 0.373992127349785 0.8915501437499997 0.2715533546875 0.7748718910800478 0.276106141400215 0.778869053125 0.3785449140625
0 0.8918504231998406 0.2680664712595143 0.8878340366523976 0.17438814635365524 0.7714737837650569 0.179377003219141 0.7754901703125001 0.273055328125
0 0.558641126078611 0.2507545442281229 0.554852402212345 0.14845900506520746 0.43076619843749986 0.153054790625 0.43455492230376597 0.2553503297879154
0 0.6087328015625 0.38545955468750004 0.6061348087197762 0.28337188208881314 0.4374719055947763 0.2876641242763131 0.44006989843750005 0.38975179687500006
0 0.7731183981856666 0.36340228431417587 0.7725509593750001 0.345357615625 0.6934644518143335 0.34784459693582415 0.694031890625 0.365889265625
0 0.5149187133963273 0.2837802565455527 0.5140193078124999 0.25492194843750005 0.4342718741036726 0.25740737782944734 0.43517127968749997 0.2862656859375
0 0.8935768389966439 0.16375426253649483 0.8917801421875 0.12818070937499998 0.779288753190856 0.13386225933850512 0.78108545 0.1694358125
0 0.7707649427721045 0.7122392453479705 0.7695071312499999 0.6782783359375 0.7061671181653953 0.6806242624645295 0.7074249296874999 0.7145851718749999
0 0.4411231218749999 0.7271380109375001 0.43834519699887203 0.652134027260104 0.3506103282488721 0.655383466322604 0.353388253125 0.73038745
0 0.5305069031249999 0.6433771531249999 0.5283551447480154 0.5968944546826808 0.4446333166230153 0.6007700718701808 0.4467850749999999 0.6472527703125