0 0.2622797031250001 0.5084265343750001 0.1375420796875001 0.507432565625 0.13643852990222632 0.6459220076321195 0.2611761533397263 0.6469159763821195
0 0.2597929046875001 0.651252740625 0.1348622109375001 0.651252740625 0.1348622109375001 0.7401705046875 0.2597929046875001 0.7401705046875
0 0.3699934000000001 0.5585296046875001 0.270302673440025 0.5574823816519324 0.26935973593750007 0.6472456140625 0.36905046249747514 0.6482928370980677
0 0.49296411514040883 0.5595663182605098 0.3777442686352126 0.5584980140086249 0.37692326718750013 0.6470455046875 0.4921431136926963 0.648113808939385
0 0.6750552456884219 0.561661905364595 0.50024505 0.55955646875 0.49897537899244504 0.6649747158499231 0.673785574680867 0.667080152464518
0 0.49176420923631314 0.6897385533452135 0.4911849512974489 0.6430254309709034 0.4155874092486359 0.6439628651256899 0.4161666671875001 0.6906759874999999
0 0.5794950212107219 0.6710373112043045 0.49844446149048605 0.670667936959443 0.4981185824672643 0.7421744851301386 0.5791691421875003 0.7425438593750002
0 0.4911146859375001 0.6955778515625001 0.41609158437500005 0.6949775218750001 0.41571184333406175 0.7424336968318139 0.4907349448965618 0.7430340265193139
0 0.40885697478746785 0.7416379815777967 0.408785478125 0.651377740625 0.26895202580246813 0.6514885050660971 0.269023522464936 0.7417487460188938
0 0.8223514843750002 0.5111118421875 0.6850519472699633 0.5096014611262465 0.6824900675824634 0.7424863298762465 0.8197896046875002 0.7439967109375001
0 0.2507367984375001 0.31821875000000005 0.13759818437500004 0.3175581140625 0.1370166714327358 0.4171463511120219 0.25015528549523586 0.4178069870495219
0 0.2509480203125 0.22375164531250005 0.13840346562500003 0.22365679843750005 0.13832669785908674 0.3147488247068826 0.2508712525465867 0.3148436715818826
0 0.5815231015625 0.1859506578125001 0.4609240921875 0.18595065781250006 0.4609240921875 0.2853963812500001 0.5815231015625 0.2853963812500001
0 0.5793048999084136 0.4171481450710822 0.5788070375016608 0.3179278257353796 0.4149386063432473 0.31875007597679733 0.4154364687500001 0.4179703953125
0 0.33206435624999997 0.40203837656249997 0.33203261485183067 0.38454614452582203 0.2551868515543093 0.3846855888211719 0.2552185929524786 0.40217782085784987
0 0.5810783828125001 0.31543146875 0.5809138770764621 0.2873844238838323 0.503425428638962 0.28783892075883233 0.5035899343750001 0.31588596562500004
0 0.24244275080514188 0.18010106233671774 0.13325082500000004 0.17837883750000005 0.13270513611330775 0.212976422645709 0.2418970619184496 0.21469864748242676
0 0.3290924093750001 0.708022478125 0.2677780531250001 0.708022478125 0.2677780531250001 0.74103728125 0.3290924093750001 0.74103728125
0 0.6732491750000001 0.6707341015625 0.5879818484375001 0.6707341015625 0.5879818484375001 0.743648575 0.6732491750000003 0.743648575
0 0.58018729375 0.66629879375 0.580148515625 0.6210882671875001 0.4987597816121413 0.6211580762063528 0.49879855973714127 0.6663686027688527