0 0.4951993818625362 0.8460943311050635 0.4907443671875001 0.718750509375 0.3447656884499639 0.7238574485824368 0.349220703125 0.8512012703125003
0 0.34470513125000013 0.7256194546875 0.25382372776925405 0.7249462596482704 0.2528526812500001 0.8560376453125003 0.3437340847307462 0.8567108403517297
0 0.4406627131384302 0.7154328975823814 0.4403365046874999 0.6101456156250001 0.3485481165490697 0.6104300008551188 0.348874325 0.7157172828125
0 0.4404337511425987 0.6055732600229956 0.4402098953125 0.4855419203125 0.3496696394824012 0.4857107759145043 0.34989349531249997 0.6057421156249999
0 0.4402821461071132 0.478966747637112 0.43945288906249996 0.300185125 0.331648917295944 0.30068516075147184 0.33247817434055715 0.47946678338858384
0 0.35447164062500003 0.4888101234375001 0.3061658533572622 0.4884523034019157 0.30558444375000005 0.5669427343750001 0.35389023101773787 0.5673005544105845
0 0.3268992015625 0.3993734890625001 0.25379103132967384 0.39937302851778184 0.2537904937500002 0.48470994530592487 0.32689866398282635 0.4847104058506432
0 0.3011867953518255 0.5682507766052587 0.30114053906250005 0.49046705 0.25261909839817454 0.49049590464474147 0.2526653546875 0.5682796312500001
0 0.3457056671875002 0.5732985640625001 0.2534599898753739 0.5724478061768322 0.25212273881304115 0.7174427948326283 0.3443684161251674 0.7182935527182962
0 0.49763429341864934 0.28637380480176394 0.49224046718750003 0.14623450625 0.24943843939385074 0.15557972176073614 0.25483226562500005 0.2957190203125001
0 0.6851185843750001 0.7247897375000001 0.5833046461825513 0.7246300408927971 0.5831193 0.8427967640625003 0.6849332381924487 0.8429564606697031
0 0.7818856166214958 0.8393657675176952 0.781699971875 0.7217121671875001 0.6882002740035043 0.7218596996698047 0.6883859187500001 0.8395132999999999
0 0.8228498156250004 0.3825989546875001 0.7212259191507112 0.381535366476336 0.7199002288418731 0.5082026360908418 0.8215241253161623 0.5092662243020059
0 0.6867455515625001 0.38940207812500016 0.5853043757677763 0.3888543426258963 0.5843833546875 0.5594283906250002 0.6858245304822239 0.559976126124104
0 0.617918271875 0.6442506546875001 0.600040296875 0.6441824375000001 0.5997406042097937 0.7227241976134874 0.6176185792097938 0.7227924148009873
0 0.7181835500000001 0.38638750781250014 0.6895087650940239 0.3863550644631736 0.6894184140625 0.4662110734375002 0.7180931989684762 0.46624351678682674
0 0.8271961765624999 0.8406671234375 0.8262732375582885 0.7303857303318697 0.79088681177177 0.7306818774121548 0.7918097507759814 0.8409632705177852
0 0.2867298022140729 0.7198413053711711 0.28639571093749994 0.657129846875 0.252640154035927 0.6573096774413288 0.2529742453125 0.7200211359375
0 0.3272872632384687 0.3928880505140288 0.327285284375 0.30352547500000004 0.25272635394903126 0.3035271260484712 0.25272833281249996 0.39288970156249997
0 0.3779702843750001 0.3971855906250001 0.33175155063580763 0.3971007798156102 0.33159630884047564 0.4817017788541006 0.3778150425796681 0.4817865896634904