0 0.2249413734375 0.7787496125000001 0.21076701565232275 0.4764951608471935 0.06497834218750001 0.4833319859375001 0.07915269997267727 0.7855864375903067
0 0.8599617578125001 0.40857958281250006 0.8479565851760583 0.15130958572220557 0.693247159375 0.15852890156250002 0.7052523320114418 0.4157988986527945
0 1.0051049415522788 0.40474792597532117 0.9998153798320837 0.1535010695721944 0.8541744331806884 0.15656728416022545 0.8594639949008835 0.4078141405633522
0 1 0.5439865734375002 0.8730533109374999 0.5439865734375002 0.8730533109374999 0.7660379421875001 1 0.7660379421875001
0 0.2092493171875 0.4746781234375 0.1965929679654419 0.16787220724489257 0.051127217418276194 0.17387295638826286 0.06378356664033431 0.4806788725808702
0 0.2309118265625 0.9798270203125 0.22137532370288465 0.7965049401975602 0.09119209742968255 0.8032771342990562 0.10072860028929793 0.9865992144139959
0 0.3010350734375 0.7785529953125001 0.29545718996783943 0.668944900375363 0.2267737296875 0.67244015625 0.23235161315716063 0.7820482511871371
0 0.29456761406250004 0.6613330500000001 0.29074396643760375 0.5814410359465249 0.22222529531250004 0.584720353125 0.22604894293739627 0.6646123671784754
0 0.4291700578125 0.7758611031250001 0.4186611849533245 0.5768659460391712 0.29664169344925584 0.583309757744621 0.3071505663084313 0.78230491483045
0 0.3637897921875 0.5724125953125 0.3561675464534787 0.4272298349201925 0.21545644218749996 0.4346173140624999 0.22307868792152127 0.5798000744548074
0 0.466000671875 0.5704243812499998 0.45877064411279544 0.42674638951540506 0.36243612812500003 0.43159404375 0.36966615588720464 0.5752720354845948
0 0.29537812343750003 0.4223580734375 0.28329862222641233 0.16823154406308333 0.20414934337753232 0.1719937794033501 0.21622884458862007 0.4261203087777668
0 1.0024925922161265 0.5357169822378941 1 0.4154639734375 0.9161973739358785 0.41720102580319257 0.9186899661520049 0.5374540346035867
0 0.8784613937499998 0.7667297687499999 0.8731310829446016 0.6560921608133785 0.8121619359375 0.6590295390625001 0.8174922467428981 0.7696671469991214
0 0.81230568125 0.7680600749999998 0.8063797645382407 0.6565734871714541 0.7179026148507891 0.6612763687480976 0.7238285315625486 0.7727629565766433