0 0.9501222524908457 0.46938197688790223 0.8132816593750001 0.46863829843750004 0.8117551294608158 0.7495275170952271 0.9485957225766615 0.7502711955456294
0 0.3465706771846057 0.41579114491817626 0.3460262015625 0.17850081874999998 0.20082654884366327 0.17883398728881178 0.201371024465769 0.416124313456988
0 0.19648471562499997 0.41540261875000006 0.1962098509430585 0.18001157480702773 0.05885177281805855 0.1801719669945277 0.0591266375 0.41556301093750003
0 0.19667276849489984 0.7513646148654596 0.1963679046875 0.5431931265625 0.05924552594400895 0.543393940087946 0.05955038975140875 0.7515654283909056
0 0.9510720531250001 0.4633764328125002 0.9478729639123635 0.17914702557497314 0.8114084212879996 0.18068297588518212 0.8146075105006363 0.4649123831227091
0 0.9410807859375 0.9375777421875002 0.9405528189217153 0.7690655727971201 0.8183170111092155 0.76944855092212 0.8188449781250002 0.9379607203125001
0 0.807794841615177 0.6499593379117415 0.74331004375 0.649885434375 0.7431942261802512 0.750942473101057 0.8076790240454284 0.7510163766377985
0 0.807794759375 0.5677937812500001 0.74348035 0.5677937812500001 0.74348035 0.6414779046875002 0.807794759375 0.6414779046875002
0 0.7378657203125001 0.7514304421875 0.7376895244397025 0.5672638774828884 0.623112445634258 0.5673734956887506 0.6232886415070557 0.7515400603933622
0 0.8068449781249999 0.4270932890625 0.6747208670657348 0.4267902951301606 0.6744171863006602 0.5592139077797353 0.8065412973599253 0.5595169017120747
0 0.6690633187499999 0.4273207859375 0.5786222703125 0.4273207859375 0.5786222703125 0.5596301140625 0.6690633187499999 0.5596301140625
0 0.8057001533826478 0.4167037818537027 0.8038777264021139 0.1803449965943529 0.729586962081966 0.18091781005315014 0.7314093890624999 0.41727659531249994
0 0.14982575456478497 0.42559357233629547 0.06005021875000005 0.425433715625 0.0598494982482156 0.5381583579042526 0.1496250340630005 0.5383182146155481
0 0.2593329687659168 0.7516856652356211 0.25897378062942755 0.6496496052496891 0.20174454218750001 0.6498510640624999 0.2021037303239893 0.7518871240484318
0 0.3472928817088568 0.6493840026784864 0.2642091626719719 0.6493223794405864 0.2641331875000001 0.7517561374999999 0.347216906536885 0.7518177607379