0 0.9064765046875001 1.1102230246251565e-16 0.7890132692922679 -0.004470475192291057 0.781156318340921 0.20197354683881175 0.8986195537361532 0.20644402203110293
0 0.8390682504688736 0.3374541861174906 0.8373473617104545 0.2111783405417626 0.7269982612415811 0.21268217942427198 0.72871915 0.338958025
0 0.7807933375000002 9.71445146547012e-17 0.6189482453448559 -0.0035965568734804276 0.6142358761131286 0.2084601015938497 0.7760809682682728 0.21205665846733018
0 0.6088760921875 0.032722256250000074 0.547252836726219 0.030784192383903165 0.5415692277425351 0.211501915091847 0.6031924832038161 0.2134399789579439
0 0.53740456875 0.037091859375000064 0.42308152528340115 0.035304604060541644 0.41912703437499993 0.28825639687500004 0.5334500778415988 0.29004365218945843
0 0.4126107078125001 0.12261830468750005 0.33809438884621934 0.12056699294059466 0.3351356190940826 0.22804779439879175 0.40965193806036326 0.23009910614569712
0 0.3408691215643975 0.22718059703169877 0.3316647390625 0.046235851562500006 0.1313519643731025 0.056425456093301254 0.14055634687500002 0.23737020156250002
0 0.27355056895856195 0.3489705175951279 0.2677630433976585 0.24126666219304593 0.13169666662659654 0.24857826334791805 0.13748419218750002 0.35628211875000004
0 0.32387392033381157 0.5341227093380089 0.3135985391052406 0.35559373225884394 0.12408810158392902 0.36650116042083514 0.13436348281250002 0.5450301375000001
0 0.3431984262585569 0.9485419522809636 0.3315372603077065 0.7829063970046566 0.11554388248664964 0.7981128822236931 0.1272050484375 0.9637484374999999
0 0.41803662747470616 0.11588547485688068 0.4157840874999999 0.039516098437500015 0.33367632877529374 0.04193789389311935 0.33592886875000005 0.11830727031250002