0 0.2535081278412109 0.17051478062200295 0.046499015625000015 0.16723097343749999 0.04478265786698997 0.2754290727070968 0.2517917700832008 0.27871287989159976
0 0.374724409375 0.32364070781250004 0.37387633205044785 0.22502038390058016 0.2595446398629479 0.22600356983808015 0.26039271718750007 0.32462389375
0 0.250545275 0.429881415625 0.24949933915404104 0.28133355088937806 0.03884055156249999 0.2828168140625 0.03988648740845894 0.4313646787981219
0 0.250545275 0.494314159375 0.24985341379545437 0.43775221113658 0.08902369035795435 0.43971946738658 0.08971555156249998 0.49628141562500006
0 0.3156437015625001 0.5036592921875 0.09026181093750006 0.5036592921875 0.09026181093750006 0.60842389375 0.3156437015625001 0.60842389375
0 0.25711023593750004 0.6856451328125 0.25674850799154825 0.617276893458697 0.1635659453125 0.6177699109374999 0.16392767325845176 0.686138150291303
0 0.2576574796875 0.8647787609375 0.25654915367214237 0.6924456001955269 0.09026181093749999 0.6935150437500001 0.09137013695285767 0.8658482044919733
0 0.36651870156250005 0.8651725656249998 0.36542119813135454 0.7471895988971224 0.2664104245720281 0.7481106188266546 0.26750792800317363 0.8660935855545322
0 0.5393848421874999 0.8641884953124999 0.537195865625 0.6974495578125001 0.3730070245496909 0.6996050562841025 0.3751960011121908 0.8663439937841024
0 0.9228612203125 0.8622212390625 0.9216401182514616 0.6728336519169152 0.7690151182514616 0.6738177222294153 0.7702362203124999 0.8632053093750001
0 0.15755216562500013 0.617209734375 0.08753538637765132 0.6161623598025157 0.0864743629401513 0.6870915629275156 0.1564911421875001 0.6881389375