0 0.305379225 1 0.2922479962351836 0.7745203598830952 0.17611616905647992 0.7812835141473518 0.1892473978212963 1.0067631542642563
0 0.3449486203125 0.773985271875 0.3444622132871196 0.6444256073226398 0.23597046759761434 0.6448329188688798 0.23645687462299475 0.7743925834212401
0 0.473141003125 1.0000000000000002 0.4580552114031168 0.7723560002854732 0.298936792809267 0.7829006547680534 0.31402258453115023 1.0105446544825802
0 0.5414585921875 0.9708728390625001 0.5312249425439003 0.7914123380737087 0.4705062144596422 0.7948747946398926 0.48073986410324193 0.9743352956286839
0 0.6621277359375 0.9783292312500003 0.6475235303375871 0.7225116892328644 0.5350659125 0.7289317109375 0.5496701180999128 0.9847492529546358
0 0.7419418390624999 0.9041262578125 0.7355725346225856 0.7956017875874739 0.6622042297018385 0.7999077756223543 0.6685735341417527 0.9084322458473804
0 0.9480377191033126 0.8154966744865021 0.7451652671875001 0.80479026875 0.7357235777716875 0.9836979927009981 0.9385960296875002 0.9944043984375
0 0.9355050479172167 0.6989578469130686 0.795512325 0.6909228125000001 0.7894091958327832 0.7972563546494317 0.92940191875 0.8052913890625002
0 0.921895834375 0.687567059375 0.9089970375254828 0.4899435276349525 0.7302702578125001 0.5016089421875 0.7431690546620173 0.6992324739275475
0 0.9012305003939269 0.09726311093014058 0.6792923843750001 0.08822343437500009 0.6725980355435732 0.2525801078198597 0.8945361515625002 0.2616197843750002
0 0.7510310802098488 0.910404576178235 0.6678460203125001 0.9062515140625 0.6640626354151513 0.9820320081967651 0.7472476953125 0.9861850703125