0 0.7676109375 0.2738000000000001 0.698859375 0.2738000000000001 0.698859375 0.39721718750000007 0.7676109375 0.39721718750000007
0 0.768434375 0.25035156250000007 0.698725 0.25035156250000007 0.698725 0.26829218750000006 0.768434375 0.26829218750000006
0 0.6950999999999999 0.2518687500000001 0.6476609375 0.2518687500000001 0.6476609375 0.2915281250000001 0.6950999999999999 0.2915281250000001
0 0.566421875 0.34943750000000007 0.5358578125 0.34943750000000007 0.5358578125 0.3721250000000001 0.566421875 0.3721250000000001
0 0.5662 0.2791515625000001 0.5358859375 0.2791515625000001 0.5358859375 0.3457781250000001 0.5662 0.3457781250000001
0 0.45485993651858153 0.3727074025654364 0.4545870455557993 0.25167657285584605 0.39527733412358196 0.2518102998103246 0.3955502250863642 0.37284112951991494
0 0.6449953125000001 0.21967656250000006 0.5688718749999999 0.21967656250000006 0.5688718749999999 0.3722328125000001 0.6449953125000001 0.3722328125000001
0 0.566315625 0.2520000000000001 0.55031875 0.2520000000000001 0.55031875 0.2748625000000001 0.566315625 0.2748625000000001
0 0.5475802132253519 0.21984063880125496 0.45747822516252035 0.21975312509728534 0.4573298571115488 0.3725092735764859 0.5474318451743804 0.37259678728045553
0 0.6949171875 0.4196734375 0.694834375 0.29544999999999993 0.31787134980497744 0.29570129920047455 0.3179541623049774 0.41992473670047464
0 0.4608261318660456 0.3525409846649697 0.2914598676864131 0.14588820179000894 0.08057740787288951 0.3187209790831115 0.24994367205252202 0.5253737619580722
0 0.4046125 0.30311718750000005 0.35998125000000003 0.3031171875 0.35998125000000003 0.33338281250000007 0.4046125 0.3333828125000001
0 0.3564016769072797 0.771683154105278 0.27738289243256686 0.6739053739210946 0.18093327093928066 0.7518508114130213 0.2599520554139935 0.8496285915972047
0 0.40498593750000006 0.7091624999999999 0.30053750000000007 0.7091624999999999 0.30053750000000007 0.7929640625000001 0.4049859375000001 0.7929640625000001