0 0.7000318968750001 0.058790657812500105 0.5725056393118274 0.05066376301853481 0.5596572556004475 0.2522790579113149 0.6871835131636203 0.2604059527052802
0 0.7688381906250001 0.1804124781250001 0.7042797259763398 0.17658679187870369 0.699592233905993 0.25568823189023787 0.7641506985546532 0.2595139181365343
0 0.7606807296875002 0.27548827343750015 0.6749317558510107 0.2705663425128686 0.6660028427911354 0.42612422093166274 0.7517518166276249 0.4310461518562943
0 0.7441815231851443 0.6754947597234074 0.743187778459794 0.587087123385366 0.5764476237200029 0.5889613636222973 0.5774413684453532 0.6773689999603388
0 0.5787037156250002 0.50902655625 0.4091070122221391 0.500458085926868 0.3996601774726154 0.6874403558876468 0.5692568808754765 0.696008826210779
0 0.5907723031250001 0.2771045140625001 0.42188119327152884 0.2677908275248641 0.40909090312500007 0.49972544218750004 0.5779820129784713 0.5090391287251361
0 0.35553999687500004 0.5953618374999999 0.28787424573511367 0.5914262242761613 0.27671655020595154 0.7832626182586269 0.3443823013458379 0.7871982314824655
0 0.27601984687500014 0.6644678953125001 0.18592266011858222 0.659311600719628 0.17878282806782533 0.7840676188446881 0.2688800148242433 0.7892239134375603
0 0.3718977078125001 0.3092299609375 0.26852026025185516 0.3032270919846729 0.2609514889850694 0.43357147579171185 0.3643289365457144 0.43957434474453894
0 0.2662659531250001 0.1902349828125 0.046606003736943555 0.178396878592045 0.028400626562500066 0.5162036890625 0.24806057595055667 0.5280417932829551
0 0.37456599854343214 0.2561526364462253 0.3741036517530173 0.19189648330361483 0.27265502039708517 0.1926264437323895 0.2731173671875 0.25688259687500004