0 0.6756741921875001 0.05640457343750009 0.5465078373656942 0.048171522651305296 0.5338901269056273 0.24612774916415914 0.6630564817274333 0.25436079995035393
0 0.7451685499999999 0.18265627343750007 0.6789082673932042 0.18029883132133606 0.6762096881352687 0.2561474059444958 0.7424699707420644 0.25850484806065976
0 0.7369295124999999 0.2785695046875001 0.6501019833089049 0.27358607816404956 0.6413042390525981 0.42687145171890056 0.7281317682436932 0.4318548782423511
0 0.7192632109375001 0.5934689500000001 0.5551754197431269 0.5873916249182431 0.5518548234231279 0.6770477332005507 0.7159426146175012 0.6831250582823076
0 0.5531327281250001 0.5068923421875001 0.38145507053606464 0.4982221041908975 0.3722962841025335 0.6795734121806046 0.5439739416914691 0.6882436501772073
0 0.5653220015625001 0.2725758609375001 0.3943236026780426 0.2631476900654096 0.38182378750000007 0.48985639218750004 0.5528221863844575 0.49928456305959046
0 0.32773737187500007 0.5842987640625 0.25921820711091126 0.5803137085862391 0.24812388045751854 0.7710698976628615 0.31664304522160736 0.7750549531391224
0 0.24742201875000008 0.6507086546874999 0.15619226705752107 0.6454880167186381 0.14921136231709412 0.7674781278614793 0.2404411140095731 0.7726987658303412
0 0.34425865937500005 0.29527870468750006 0.23957783434861485 0.28920047505699953 0.2322008145151247 0.4162493970869754 0.3368816395415099 0.422327626717476
0 0.23757058750000012 0.17003332656250003 0.015531849059579588 0.1580698765860304 -0.0023217499792030165 0.48942835720737243 0.2197169884612175 0.5013918071838421
0 0.3464892296875 0.17691657343750006 0.24714763421189287 0.1728542521366096 0.24449051562500004 0.23783247031250004 0.3438321111006072 0.24189479161339053