0 0.6668456191402042 0.258933578402197 0.6664340484375 0.07622895312500003 0.5451298164384606 0.0765022098525136 0.5455413871411648 0.25920683512971054
0 0.7384409515625 0.1919229984375001 0.6770705515625 0.1919229984375001 0.6770705515625 0.2629712531250001 0.7384409515625 0.2629712531250001
0 0.7363167171875 0.42493839843750003 0.7360498829416786 0.2815372679711364 0.6545544484374999 0.2816889109374999 0.6548212826833214 0.4250900414038637
0 0.7373016574814363 0.6607582631776606 0.7369803224820289 0.5769821349354147 0.584447499398369 0.5775671958070924 0.5847688343977764 0.6613433240493383
0 0.5782300609375 0.668331621875 0.5768117488051445 0.5018816191623137 0.41576604781949456 0.5032538815104609 0.41718435995185 0.6697038842231473
0 0.5760484521009224 0.4912206035289124 0.5751886500000001 0.28226899375 0.4147207197740778 0.2829292933460877 0.4155805218750001 0.4918809031250001
0 0.3704155163621615 0.7595174267430872 0.370220859375 0.582100615625 0.30590547531219403 0.582171180746822 0.30610013229935557 0.7595879918649091
0 0.29900076718749996 0.7599722796874999 0.29877147187499997 0.6470061609375 0.21314533254225268 0.6471799623621548 0.21337462785475267 0.7601460811121548
0 0.3697937109375001 0.42822587343749996 0.3696541406250001 0.31116529843749996 0.27139644385085104 0.311282450240695 0.27153601416335105 0.42834302524069495
0 0.26456595156249996 0.5061047234374999 0.2637184297103188 0.1976990119474928 0.055038720888845025 0.19827247932096823 0.055886242741026215 0.5066781908109754
0 0.3651797031534118 0.20010049961185036 0.27308358906249997 0.2000123203125 0.2730253063568614 0.2608838712044716 0.3651214204477732 0.26097205050382194