0 0.7105028250000002 0.78637666875 0.6624194609375003 0.78637666875 0.6624194609375003 0.8381073609374999 0.7105028250000002 0.8381073609374999
0 0.8153236093749999 0.1307478468750001 0.6602523890625001 0.1307478468750001 0.6602523890625001 0.36319573750000006 0.8153236093749999 0.36319573750000006
0 0.9120166921875 0.12875986093750014 0.8233043078125 0.1287598609375001 0.8233043078125 0.35881406562500007 0.9120166921875 0.35881406562500007
0 0.8519978421875003 0.3710942562500002 0.661776426811341 0.37104501760370545 0.6617207808268357 0.5860196103099964 0.8519421962029948 0.5860688489562911
0 0.9140056836487569 0.9388768257592881 0.9113517324392459 0.740181315506823 0.5674549347279891 0.7447747022475351 0.5701088859375 0.9434702125000001
0 0.9156011020177683 0.8103611764742643 0.9139428344103809 0.5905128585848411 0.7119598938754076 0.5920363715721112 0.713618161482795 0.8118846894615344
0 0.1878973609375001 0.5553114171875 0.09101934218750006 0.5553114171875 0.09101934218750007 0.7133343984375 0.1878973609375001 0.7133343984375
0 0.35051875849587677 0.5445030439108283 0.348737634375 0.39249231562500003 0.19457587431662324 0.39429864358917166 0.19635699843749999 0.546309371875
0 0.2533244867316156 0.3819195893824908 0.2525396109375 0.32894054375000004 0.19302095389338442 0.32982230280500924 0.1938058296875 0.3828013484375
0 0.2503583125 0.15911559687500004 0.192838471875 0.15911559687500004 0.19283847187500003 0.22454271406249998 0.2503583125 0.22454271406249998
0 0.31896009062499997 0.15782464687500003 0.257049203125 0.15782464687500003 0.257049203125 0.22184381250000001 0.31896009062499997 0.22184381250000001
0 0.39771912343750004 0.16123289375000005 0.324209428125 0.16123289375000005 0.324209428125 0.2740954203125 0.39771912343750004 0.2740954203125
0 0.5269941375 0.15172175468750004 0.40426301249999996 0.15172175468750004 0.40426301249999996 0.3748025796875001 0.5269941375 0.3748025796875001
0 0.396306021875 0.28142843750000013 0.3286573765625 0.2814284375000001 0.32865737656250005 0.3746056984375 0.3963060218750001 0.3746056984375
0 0.53140415 0.3894216375000001 0.3565305531250001 0.38942163750000003 0.3565305531250001 0.669948125 0.53140415 0.669948125
0 0.5321012171875001 0.67473081875 0.4034236875 0.67473081875 0.4034236875000001 0.9349120703124999 0.5321012171875001 0.9349120703124999
0 0.3980820248812382 0.8121027672466535 0.39733217968750006 0.6780843078125001 0.3514342376187619 0.6783411108783466 0.3521840828125001 0.8123595703125002
0 0.39876035490339834 0.933499141806907 0.3931990421879008 0.7464269690710534 0.19237475447200242 0.7523971069516465 0.19793606718749998 0.9394692796875