0 0.7171946796875 0.1354784234375001 0.6680659577938581 0.1325670917480077 0.6647475046875001 0.1885659875000001 0.713876226581142 0.19147731918949248
0 0.7958818250000002 0.6212860609375002 0.6374392705844316 0.6118968726286244 0.62274688125 0.8598309453124999 0.7811894356655685 0.8692201336213758
0 0.8949915562500002 0.6218336531250002 0.8043505158505138 0.6164623321766849 0.790041790625 0.85792206875 0.8806828310244864 0.8632933896983153
0 0.846789608735085 0.3958368345119196 0.6524252468621637 0.3843692106792014 0.6390815442027644 0.6105311680514462 0.8334459060756856 0.6219987918841645
0 0.932087707694609 0.23186457852789086 0.930940596875 0.025170509375 0.5656430143714084 0.027197838030264532 0.5667901251910173 0.23389190718315542
0 0.9235230245372881 0.15890097703959455 0.7179098705539173 0.1476799895658903 0.7049888328125 0.38444483125000006 0.9106019867958708 0.3956658187237044
0 0.17277884218750003 0.28015672500000005 0.0737946398529995 0.2742909940492693 0.06383709375000003 0.44232457187499996 0.16282129608450058 0.44819030282573075
0 0.3292774687445663 0.45199864946437823 0.17203598251630617 0.44084047781734104 0.16051051880564615 0.6032578612974802 0.3177520050339063 0.6144160329445174
0 0.21991307945237243 0.671134937726484 0.21910832499999994 0.6168140093749999 0.15480667679762752 0.6177666263360158 0.15561143125000002 0.6720875546874998
0 0.20724466406250014 0.779271559375 0.1484743082491833 0.7757888721055292 0.14428906875000008 0.8464147984375001 0.20305942456331688 0.849897485706971
0 0.2775395531250001 0.78002205 0.2142826881683529 0.7762734950961357 0.21016731562500007 0.8457204078125002 0.2734241805816473 0.8494689627163645
0 0.3616025125000001 0.7241814374999999 0.2864946765654934 0.7197306018685248 0.2793673453125 0.8400042921874998 0.3544751812470067 0.8444551278189751
0 0.5004648343750001 0.6176502734375001 0.3750654663558165 0.6102192003843333 0.36105875937500015 0.8465824000000002 0.4864581273941838 0.8540134730531669
0 0.36626874531250014 0.6209886843750001 0.297149380628659 0.6168927222770819 0.2912402125000001 0.716609940625 0.36035957718384126 0.7207059027229182
0 0.5228963796875001 0.3154218546875 0.3442209328099372 0.30483367982570553 0.326533659375 0.6033064125 0.5052091062525628 0.6138945873617945
0 0.5397673890625 0.04278450156250007 0.40829233763895445 0.03499338718590202 0.3920080828125 0.30979017968750006 0.5234831342360455 0.31758129406409813
0 0.39467333125000004 0.17226490312500004 0.347816237465696 0.1692262901486467 0.3387950999171819 0.3083372238020433 0.38565219370148585 0.31137583677839664
0 0.40067446250000005 0.04633241250000003 0.18564428125797433 0.04631120250532351 0.18562532812500007 0.23846097343750006 0.40065550936702576 0.23848218343217656