0 0.21427960937499999 0.286289425 0.16437728906250004 0.286289425 0.16437728906250004 0.3333209640625 0.21427960937499999 0.3333209640625
0 0.8540476187499999 0.18376159531250008 0.6289316234375 0.18376159531250008 0.6289316234375 0.3354406312500001 0.8540476187499999 0.3354406312500001
0 0.8545909640625 0.08918367343750008 0.6308547015625 0.08918367343750007 0.6308547015625 0.1759554734375001 0.8545909640625 0.1759554734375001
0 0.6184273499999999 0.14788961093750008 0.4109979422799802 0.14783591888949635 0.41094978075519517 0.33389916163200895 0.6183791884752149 0.3339528536800127
0 0.2572060262236684 0.42426032170083294 0.2560621080656946 0.0879601404948814 0.06151743559206787 0.08862188020189438 0.06266135375004162 0.42492206140784594
0 0.40293040312499995 0.08719851562500004 0.1880341875 0.08719851562500003 0.18803418750000003 0.28385899843750007 0.40293040312499995 0.28385899843750007
0 0.44786324843750014 0.79746289375 0.29470085468750007 0.79746289375 0.29470085468750007 0.89222170625 0.44786324843750014 0.89222170625
0 0.6047899875 0.6401410015625 0.45855660926541686 0.6381935874215452 0.45654578749999997 0.7891883109375 0.6027791657345831 0.7911357250784549
0 0.6683455437500002 0.7342346937500001 0.6165140421875002 0.7342346937500001 0.6165140421875002 0.7916836734375 0.6683455437500002 0.7916836734375
0 0.8344871796875 0.7363682750000001 0.7713247859375001 0.7363682750000001 0.7713247859375001 0.7926298703125002 0.8344871796875 0.7926298703125002
0 0.8347557999999999 0.6692671609375002 0.7730341875 0.6692671609375002 0.7730341875000001 0.7298237484375002 0.8347557999999999 0.7298237484375002
0 0.8302808296874999 0.5922309828125001 0.7209523812499999 0.5922309828125 0.7209523812499999 0.664132653125 0.8302808296874999 0.6641326531250001
0 0.8377106234375 0.4657838593750001 0.62128815625 0.465783859375 0.62128815625 0.5858302406250001 0.8377106234375 0.5858302406250002
0 0.7127350421875 0.593613171875 0.6225763125 0.593613171875 0.6225763125 0.659782003125 0.7127350421875 0.659782003125
0 0.6051465203124999 0.461470315625 0.3332905984375001 0.461470315625 0.3332905984375001 0.6325185531249999 0.6051465203124999 0.6325185531249999
0 0.3260683765625001 0.46078849687499995 0.07344322343750007 0.46078849687499995 0.07344322343750007 0.58665120625 0.3260683765625001 0.58665120625
0 0.3247411484375001 0.5926094625000001 0.19430853149242108 0.5918797405161003 0.19405738750000007 0.6367699437500001 0.3244900044450791 0.6374996657338999
0 0.25629672518638386 0.59439554360431 0.07316131079006358 0.5932668841518296 0.07196337031250008 0.7876437843749999 0.25509878470882036 0.7887724438274802