0 0.1856574906641929 0.5871309326505828 0.04218036562500007 0.586623690625 0.041501756210807275 0.7785733376619173 0.18497888125000012 0.7790805796875
0 0.34001675889633864 0.5894778436628156 0.19172374375000006 0.5890410953125 0.19115675672866153 0.7815551938371844 0.33944977187500014 0.7819919421875
0 0.40118848193133616 0.7002736773642679 0.3453807078125001 0.6999194203125001 0.3448577508811641 0.7823032773232325 0.4006655250000001 0.7826575343750003
0 0.1865158371308289 0.19854590073098005 0.04337899531250002 0.19830942812500002 0.042936217556671215 0.4663227539565201 0.18607305937500007 0.46655922656250015
0 0.36461187187500005 0.20056406093750004 0.19309360781250004 0.20056406093749998 0.19309360781250004 0.46623690624999997 0.3646118718750001 0.46623690624999997
0 0.8407465206616968 0.20470437552204804 0.6629960046875001 0.2042401296875001 0.6623716309008034 0.4433004604154521 0.840122146875 0.4437647062500002
0 0.8390702062500003 0.558501209375 0.7591161209478282 0.55846236531511 0.7590590428228281 0.6759482637526101 0.8390131281250002 0.6759871078125002
0 0.1282186078125 0.5793352140625 0.12789914124209667 0.47288915728285075 0.0417345947793712 0.4731477548578251 0.04205406134977452 0.5795938116374744
0 0.4030253398614513 0.7954455155554705 0.3133007984375001 0.7951087828125 0.3127640429510488 0.9381306328820296 0.40248858437500007 0.9384673656250001
0 0.7528818500000001 0.62452860625 0.7528186974237319 0.45052647682758284 0.6625844750000001 0.4505592265625 0.6626476275762683 0.6245613559849172
0 0.8397365821046439 0.44608909611426756 0.7586192921875001 0.4460209515625001 0.758532253832856 0.5496288741982327 0.8396495437499999 0.5496970187500001
0 0.4556439199374438 0.782383002664713 0.4554144841045232 0.7002721247811949 0.40849659229207935 0.7004032236789821 0.408726028125 0.7825141015625
0 0.8395936061037481 0.6835438377455028 0.7580605203218791 0.6833041794002745 0.7577602939056312 0.785442855717272 0.8392933796875003 0.7856825140625001