0 0.14137147031250008 0.5953442296875 7.216449660063518e-17 0.5885594796875 -0.00922373576141849 0.7807512459818701 0.13214773455108153 0.7875359959818701
0 0.2962384297441899 0.6060606211390758 0.14831415015880833 0.5946661124130661 0.13338978382764038 0.7884152411286368 0.28131406341302195 0.7998097498546465
0 0.3492930687500001 0.7183937718750001 0.2936436340862564 0.7139170765545364 0.28692850749732657 0.7973922678772986 0.3425779421610703 0.8018689631977622
0 0.17171070156250007 0.20812995 0.02891068988192469 0.19731546166986913 0.008512376880518447 0.46666517530810986 0.1513123885610938 0.47747966363824074
0 0.3496657406250001 0.21797773593750006 0.17852186915036264 0.20530041246161312 0.15856363494421713 0.4747365814080172 0.3297075064188546 0.4874139048839042
0 0.8255178015625002 0.24292402656250012 0.6482031592998273 0.22932492344337446 0.6296122975539353 0.4717256149412997 0.8069269398166081 0.4853247180604254
0 0.7976997468750001 0.5957932187500001 0.717924192188854 0.5898450324503308 0.7090238706156831 0.7092138710531598 0.7887994253018292 0.7151620573528291
0 0.0927870406250001 0.4797264015625001 0.006848335511630171 0.4736204066744327 -0.0007627951354380102 0.5807431154628038 0.08517590997793192 0.5868491103508712
0 0.34403960000000017 0.8141780140625002 0.25454563406366654 0.8072118022021824 0.24335838479661098 0.9509328553229333 0.33285235073294456 0.957899067183251
0 0.7193719031250001 0.48499528906250006 0.6293312667772124 0.4783583992252847 0.6164453483359744 0.6531776782599914 0.7064859846837621 0.6598145680972067
0 0.806667928125 0.483744659375 0.7257347304002473 0.47768139057226505 0.7178306294255199 0.5831862243238987 0.7987638271502726 0.5892494931266337
0 0.40351592187499996 0.7208853328124999 0.35668691639705663 0.7175477822277737 0.35076202031250003 0.800679703125 0.3975910257904434 0.8040172537097263
0 0.7887761157392749 0.7232559623850316 0.7074457162751439 0.7169916069569466 0.6996087312500002 0.818739525 0.7809391307141311 0.8250038804280851