0 0.6591796875 0.3867187500000001 0.5859375 0.3867187500000001 0.5859375 0.5234375 0.6591796875 0.5234375
0 0.818359375 0.3867187500000001 0.74609375 0.3867187500000001 0.74609375 0.5234375000000002 0.818359375 0.5234375000000002
0 0.3076171875000001 0.38671875 0.19531250000000006 0.38671875 0.19531250000000006 0.4716796875 0.3076171875000001 0.4716796875
0 0.18652343750000006 0.38671875 0.09765625000000004 0.38671875 0.09765625000000006 0.5224609375 0.18652343750000006 0.5224609375
0 0.8974609375 0.3867187500000001 0.82421875 0.3867187500000001 0.82421875 0.5634765625000002 0.8974609375 0.5634765625000002
0 0.5810546875 0.3867187500000001 0.50390625 0.3867187500000001 0.50390625 0.5234375 0.5810546875 0.5234375
0 0.7412109375 0.3867187500000001 0.66796875 0.3867187500000001 0.66796875 0.5234375000000001 0.7412109375 0.5234375000000002
0 0.17871093750000008 0.62890625 0.09765625000000007 0.62890625 0.09765625000000008 0.7216796875 0.17871093750000008 0.7216796875
0 0.4013671875 0.5703125 0.3671875000000001 0.5703125 0.3671875000000001 0.6318359375 0.4013671875 0.6318359375
0 0.17773437500000006 0.52734375 0.09765625000000007 0.52734375 0.09765625000000007 0.564453125 0.17773437500000008 0.564453125
0 0.94799375 0.38256875000000007 0.91360625 0.38256875000000007 0.91360625 0.41828125000000016 0.94799375 0.41828125000000016
0 0.3620671875000001 0.5677531250000001 0.09576562500000006 0.5677531250000001 0.09576562500000006 0.6326578125 0.3620671875000001 0.6326578125
0 0.3083734375000001 0.7080890625 0.09576562500000009 0.7080890625 0.09576562500000009 0.8105343749999999 0.3083734375000001 0.8105343749999999
0 0.3051062500000001 0.62943125 0.2971937500000001 0.62943125 0.2971937500000001 0.66896875 0.3051062500000001 0.66896875
0 0.30662088647292485 0.6287480952480624 0.18677743940965635 0.6275697929144443 0.18607374043673158 0.6991420101663819 0.3059171875000001 0.7003203124999999
0 0.4002562500000001 0.6378828124999999 0.31328140675229726 0.6376093804049968 0.31273626814350874 0.8110101841662196 0.39971111139121146 0.8112836162612227
0 0.3770812500000001 0.7206750000000001 0.35084375000000007 0.7206750000000001 0.35084375000000007 0.736175 0.3770812500000001 0.736175
0 0.3996187500000001 0.7515 0.3821812500000001 0.7515 0.3821812500000001 0.809975 0.3996187500000001 0.809975
0 0.37708750000000013 0.7740437499999999 0.3504875000000001 0.7740437499999999 0.3504875000000001 0.8105062500000001 0.37708750000000013 0.8105062500000001
0 0.3998625000000001 0.7117875 0.3829625000000001 0.7117875 0.3829625000000001 0.7478875 0.3998625000000001 0.7478875
0 0.43506875 0.51716875 0.41648125 0.51716875 0.41648125 0.52405625 0.43506875 0.52405625
0 0.45470625 0.5177937499999999 0.43924375 0.5177937499999999 0.43924375 0.52468125 0.45470625 0.52468125
0 0.498528125 0.38397500000000007 0.41711406249999994 0.38397500000000007 0.41711406249999994 0.524978125 0.498528125 0.524978125
0 0.8179140625000001 0.5629203125 0.8177701464925183 0.3848996930841341 0.3134374074617272 0.3853074073954411 0.31358132346920886 0.563328026811307
0 0.3083228511631074 0.5640127078504743 0.308071853695154 0.4765229357654925 0.18058508405879992 0.4768886797332012 0.1808360815267534 0.564378451818183
0 0.37625625000000007 0.7376875 0.3505937500000001 0.7376875 0.3505937500000001 0.7719875 0.37625625000000007 0.7719875
0 0.07600625000000007 0.5643875 0.04164375000000007 0.5643875 0.04164375000000008 0.6315375000000001 0.07600625000000007 0.6315375000000001