0 0.49664830737558685 0.3423310571976137 0.35133150090015597 0.3401782153617402 0.3502140506520975 0.4156060980501823 0.49553085712752837 0.41775893988605584
0 0.5097999549103112 0.17855998408768503 0.3644815420099283 0.1764071188091263 0.36337899127453005 0.2508292968273849 0.5086974041749129 0.25298216210594365
0 0.41467922824408604 0.7033800380733854 0.327711279642097 0.69643171255542 0.3180437070337293 0.8174348169057627 0.40501165563571834 0.8243831424237282
0 0.45685509244431544 0.8286096321252 0.31143299658492885 0.8264552304464139 0.3100771569089282 0.9179743975891137 0.4554992527683147 0.9201287992678997
0 0.5573046373046868 0.09778376444540018 0.37091879446106324 0.09502249286471401 0.36980134439974166 0.17045037651508876 0.5561871872433652 0.17321164809577494
0 0.49017091982099004 0.42373005329334645 0.3452908188545515 0.420403745479628 0.3434634538163219 0.49999614824805416 0.4883435547827605 0.5033224560617726
0 0.5034568565016112 0.2579341524561684 0.35807569451384574 0.2557803575615425 0.35695824441701596 0.33120824252208736 0.5023394064047815 0.33336203741671333
0 0.6611309792297548 0.8396833486696968 0.5605099431830559 0.8381926675234439 0.5592732990836151 0.9216661929111873 0.659894335130314 0.9231568740574403
0 0.586990393313202 0.609233879372838 0.5216609774964504 0.6082660359605534 0.5211395006630857 0.6434657143933078 0.5864689164798375 0.6444335578055924
0 0.4994505333753267 0.83855418731793 0.46146347661621795 0.8355195501235816 0.4547104988427414 0.9200521428341066 0.49269755560185013 0.923086780028455
0 0.4123878765625001 0.04358461406250005 0.37333821082533214 0.04300610106180865 0.37281356403935695 0.0784197937496572 0.4118632297765249 0.0789983067503486
0 0.5848038578125002 0.6496831609375001 0.5183645292725314 0.6443736861242165 0.4962852653934468 0.9206592922096067 0.5627245939334156 0.9259687670228903
0 0.7634124078125002 0.70763743125 0.658574519385682 0.6990879137006192 0.6402662571392562 0.9235917577588981 0.7451041455660744 0.932141275308279
0 0.6174817187500002 0.7088409203125001 0.5762694642644746 0.7082303676320693 0.57614874375 0.7163789921875001 0.6173609982355257 0.7169895448679309
0 0.6498071921875 0.7084844953125001 0.5769255845875623 0.7011649670127053 0.5640111208968137 0.8297561598494305 0.6368927284967515 0.8370756881492254
0 0.7674572345384848 0.6146235104017836 0.5885849034327473 0.6103591141427926 0.58644873125 0.6999619734375001 0.7653210623557375 0.7042263696964911
0 0.69254948125 0.6358138859375001 0.6766816426603254 0.6345467210680705 0.6744436109375 0.6625720609375001 0.6903114495271747 0.6638392258069297
0 0.7703379781249999 0.6137511484375 0.7090032705368204 0.6128424864568202 0.7087372281250001 0.6308003562500002 0.7700719357131796 0.63170901823068
0 0.7690322734375001 0.6369405265625001 0.7297338693024573 0.636358326721886 0.7293280343750002 0.663752125 0.7686264385100429 0.6643343248406142
0 0.7064739187500001 0.6125539359375001 0.6681977007533539 0.61198688202488 0.6679398593522 0.6293912124765142 0.7062160773488462 0.6299582663891342
0 0.47905918750000004 0.5729199953124999 0.4720073714931311 0.5723566880540694 0.47044313437500007 0.5919387406250001 0.477494950381869 0.5925020478834307
0 0.48131636250000015 0.5527254734375 0.47426610502106004 0.5521625752287145 0.4729593890723973 0.568529093626039 0.48000964655133743 0.5690919918348245
0 0.4840818140625 0.5078522562500001 0.3354950548055179 0.5054183725440378 0.334121590625 0.589267321875 0.4827083498819822 0.5917012055809623
0 0.5505185187500002 0.1796219234375001 0.36827070154563935 0.16520849963102385 0.3262969417060053 0.6959377845908025 0.5085447589103662 0.7103512083972787
0 0.508241448305767 0.7044543499055334 0.4186460539841744 0.6985620837822989 0.40992142944981086 0.8312251643552868 0.4995168237714035 0.8371174304785214
0 0.7293306531250001 0.6372085984375001 0.6923193023440878 0.6366602824209402 0.6919277718750002 0.6630886031250002 0.7289391226559125 0.6636369191415601
0 0.5601343937500001 0.943979921875 0.4887405929854842 0.9429222348733569 0.4882163265625 0.9783101828124998 0.559610127327016 0.9793678698141429