0 0.6387910436446991 0.479504157450178 0.6365136753881588 0.3257817437848464 0.5553794687390725 0.3269837315908958 0.5576568369956127 0.4807061452562273
0 0.8150448949537088 0.4716385991241544 0.8127684749200428 0.31798025009310094 0.7327160568645648 0.3191662118670887 0.7349924768982309 0.4728245608981421
0 0.25138345791205724 0.43700292544273867 0.2472078686943157 0.34305216986175324 0.12013871386433075 0.34869968796349166 0.12431430308207228 0.442650443544477
0 0.11542621536294943 0.5021956380673289 0.11315727382565888 0.3490420281598464 0.014714435348614852 0.3505004400471292 0.016983376885905406 0.5036540499546118
0 0.9032886731920374 0.5121118081767986 0.9003549789729594 0.31408751571728033 0.8192207709356589 0.31528950439317566 0.822154465154737 0.5133137968526938
0 0.5522877500836867 0.4834769610638796 0.5500089585954744 0.32965845012195516 0.4645475950862298 0.33092454369251006 0.46682638657444214 0.4847430546344345
0 0.7296214944913668 0.47546724760288794 0.727344125358899 0.3217448344040671 0.6462099187029203 0.32294682267617814 0.6484872878353881 0.47666923587499904
0 0.11003939913886104 0.7228800526238212 0.10847958475709821 0.6175925859890803 0.018691061416540748 0.6189227863870984 0.02025087579830359 0.7242102530218393
0 0.3550830960313177 0.6109362597389227 0.35405868358689285 0.5417884001133662 0.3161960532797964 0.5423493278105542 0.31722046572422125 0.6114971874361108
0 0.10752361406267666 0.5461892470028518 0.10569979374497926 0.5051532849132465 0.01594479666513423 0.5091423954142175 0.017768616982831616 0.5501783575038227
0 0.956841777346448 0.34761267048542305 0.956239240625 0.306941484375 0.918146405466052 0.307505823264577 0.9187489421875 0.34817700937499996
0 0.3136900606962377 0.6125967799372073 0.31050017812499997 0.5408244515625001 0.013967687682471345 0.5540036787728811 0.017157570253709092 0.6257760071475883
0 0.2562565055431011 0.812237836091964 0.25140777968750005 0.69894236875 0.014761500706898944 0.7090701607830359 0.0196102265625 0.8223656281249999
0 0.24909342622332598 0.6559598047505564 0.24844101093749998 0.611921721875 0.23967591908917396 0.6120515749369436 0.24032833437499995 0.6560896578125
0 0.2510856185057538 0.6903609157206357 0.24919214329634487 0.6112755401747753 0.11603520604059112 0.6144636057041394 0.11792868125 0.69354898125
0 0.3550696885551049 0.8119429226287604 0.35393605 0.616597346875 0.2576109537126637 0.6171563451658708 0.2587445922677686 0.812501920919631
0 0.3303950511207366 0.726550915442973 0.3296332703125 0.7094108421875001 0.30007384731676345 0.710724593932027 0.30083562812500003 0.7278646671875
0 0.35606163288204723 0.8077525838974466 0.3550939390625 0.7424332171875001 0.33577750618045277 0.7427193864150533 0.3367452 0.8080387531249998
0 0.33112670244827586 0.809750160971699 0.3305156484374999 0.768503959375 0.3010494350517241 0.7689404952783011 0.3016604890625 0.8101866968750002
0 0.3553127873183808 0.7389755530515085 0.3547123921875 0.6984489046875 0.3359913783066192 0.6987262531984915 0.3365917734375 0.7392529015625
0 0.3908410776402147 0.4888378050925124 0.3905025765625 0.4812215296874999 0.3696957426722852 0.48214627771998764 0.37003424374999994 0.489762553125
0 0.41259527424772935 0.48856344879075203 0.4122567734374999 0.48094717499999995 0.39491014762727056 0.4817181355842478 0.3952486484375 0.4893344093749999
0 0.4606702888358532 0.4880604105776693 0.458584109375 0.3306176078125 0.36840092920765444 0.3318125706490048 0.37048710866850765 0.4892553734141741
0 0.8160869140607557 0.5129984498777183 0.8071789873475359 0.31615302689972374 0.24913884952589654 0.3414062462814415 0.25804677623911654 0.538251669259436
0 0.25476009923006127 0.53751345404151 0.24910684125300508 0.441021832172148 0.10424657639794384 0.4495089156306381 0.10989983437499999 0.5460005375000001
0 0.32957397188646886 0.7671097994866226 0.328998846875 0.7282888125 0.3005711515510311 0.7287099630133774 0.30114627656250004 0.76753095