0 0.6591796875 0.3901328125000001 0.5859375 0.3901328125000001 0.5859375 0.5272546874999999 0.6591796875 0.5272546874999999
0 0.818359375 0.3910640625000001 0.74609375 0.3910640625000001 0.74609375 0.5281875000000003 0.818359375 0.5281875000000003
0 0.3081002358339855 0.38851161916003923 0.1953181795836741 0.38785528747694004 0.19482376878325108 0.4728133477686007 0.30760582503356254 0.4734696794516998
0 0.18652343750000006 0.38729375 0.09765625000000004 0.38729375 0.09765625000000006 0.523534375 0.18652343750000006 0.523534375
0 0.8974609375 0.3915187500000001 0.82421875 0.3915187500000001 0.82421875 0.5686703125000002 0.8974609375 0.5686703125000002
0 0.5811397973688847 0.3900993432173435 0.503911920805771 0.38965060860826095 0.5031175373419835 0.5263651540064502 0.5803454139050972 0.5268138886155328
0 0.7412109375 0.3906109375000001 0.66796875 0.3906109375000001 0.66796875 0.5277375000000001 0.7412109375 0.5277375000000002
0 0.17871093750000008 0.62948125 0.09765625000000007 0.62948125 0.09765625000000008 0.7227015625 0.17871093750000008 0.7227015625
0 0.4013671875 0.5724546875 0.3671875000000001 0.5724546875 0.3671875000000001 0.634153125 0.4013671875 0.634153125
0 0.17792670137033956 0.5283780523233806 0.09766189396862138 0.5279131260465829 0.09744694303531645 0.565022225109278 0.17771175043703463 0.5654871513860759
0 0.94799375 0.3878828125000001 0.91360625 0.3878828125000001 0.91360625 0.4237968750000002 0.94799375 0.4237968750000002
0 0.3620671875000001 0.569859375 0.09576562500000006 0.569859375 0.09576562500000008 0.634765625 0.3620671875000001 0.634765625
0 0.3085450158692656 0.7098750983060952 0.09579354011361606 0.7095188028168653 0.0956219617443506 0.8119718295107703 0.3083734375000001 0.812328125
0 0.3051062500000001 0.631159375 0.2971937500000001 0.631159375 0.2971937500000001 0.67074375 0.3051062500000001 0.67074375
0 0.3066216786653116 0.6304512356559123 0.1867713726117593 0.6292727996766242 0.1860668814464478 0.7009215640207118 0.3059171875000001 0.7021
0 0.40025625000000015 0.6402125 0.31327968750000007 0.6399781250000001 0.3128138619356021 0.8128459919480886 0.3997904244356022 0.8130803669480885
0 0.377171706661762 0.7228692779152485 0.35084375 0.722715625 0.35075328421962304 0.7382166595315343 0.37708124088138495 0.7383703124467828
0 0.3996187500000001 0.7537234374999999 0.3821812500000001 0.7537234374999999 0.3821812500000001 0.8122999999999999 0.3996187500000001 0.8122999999999999
0 0.37708750000000013 0.7760828125 0.3504875000000001 0.7760828125 0.3504875000000001 0.8127000000000001 0.37708750000000013 0.8127000000000001
0 0.3998625000000001 0.714015625 0.3829625000000001 0.714015625 0.3829625000000001 0.7502140625 0.3998625000000001 0.7502140625
0 0.4351092769255912 0.5197002384738394 0.4164812500000001 0.5195906250000001 0.4164407138804604 0.5264794489720607 0.4350687408060515 0.5265890624458999
0 0.4547459200157398 0.5204392909954424 0.43924375000000004 0.5203500000000001 0.4392040799842604 0.5272372715045578 0.4547062500000002 0.5273265625000001
0 0.498528125 0.3868750000000001 0.41711406249999994 0.3868750000000001 0.41711406249999994 0.5276562499999999 0.498528125 0.5276562499999999
0 0.818687290384218 0.38938777271768915 0.31343771145857213 0.3871965545282944 0.3126644835743544 0.5654869068106054 0.8179140625000001 0.5676781250000001
0 0.3083207162539289 0.5650642915583803 0.30806991292092745 0.47763858009135635 0.1805852783490057 0.47800430283722345 0.1808360816820071 0.5654300143042474
0 0.37625625000000007 0.7397265625 0.3505937500000001 0.7397265625 0.3505937500000001 0.7741765625 0.37625625000000007 0.7741765625
0 0.07600625000000007 0.5646296875 0.04164375000000007 0.5646296875 0.04164375000000008 0.6319796875 0.07600625000000007 0.6319796875