0 0.658032337550283 0.33267375677789357 0.5830667855225536 0.32934195410364525 0.5764479390433411 0.47826598370960094 0.6514134910710705 0.48159778638384926
0 0.8217711440475141 0.32160724815687936 0.7478051313880362 0.3183198691261687 0.7411963489377541 0.46701744303373866 0.8151623615972321 0.47030482206444935
0 0.3022049556973188 0.4440085535733068 0.2962818933479816 0.3572586304127844 0.17117421343374511 0.3658006620540316 0.1770972757830823 0.452550585214554
0 0.17182369188860275 0.3658689443323268 0.08086548975008478 0.36182635708528155 0.0742108554053144 0.5115556118668472 0.16516905754383235 0.5155981991138925
0 0.9031408106690311 0.3160509777214526 0.8281752571883775 0.3127191757072013 0.8197303978883582 0.5027285306401515 0.8946959513690118 0.5060603326544029
0 0.5776622824937783 0.33827284172231087 0.4986985630452507 0.33476334580878925 0.4920645896376786 0.4840278635323255 0.5710283090862062 0.48753735944584714
0 0.7424156886880718 0.32691187713411973 0.6674501381390969 0.3235800750387673 0.6608312211741048 0.47250571351253273 0.7357967717230797 0.47583751560788523
0 0.15271179493215056 0.6156139130643631 0.06974991665726442 0.6119267192222273 0.06510552725389163 0.7164255019931938 0.14806740552877778 0.7201126958353296
0 0.38442676960299726 0.5397993996201934 0.34944284447480956 0.5382445591294169 0.3464685907560559 0.6051652947459336 0.3814525158842436 0.6067201352367101
0 0.1588314345402021 0.5489661051885392 0.15624393978352838 0.5110743947905915 0.0700365033152474 0.5169612045309098 0.07262399807192113 0.5548529149288575
0 0.9553223296875002 0.3080067875000001 0.9201257020447366 0.3064424929713577 0.9183157546875002 0.34716630937500015 0.9535123823302637 0.3487306039036425
0 0.34865069180735997 0.6059733149070468 0.344127009375 0.53970013125 0.06431765903500275 0.5587993893917733 0.06884134146736269 0.62507257304882
0 0.28764420928133644 0.7926215733654723 0.280672703125 0.687990471875 0.05213181728116352 0.7032180110095275 0.05910332343749999 0.8078491124999999
0 0.2827122546875001 0.6071637484375001 0.2746135753501608 0.6068038073064259 0.2727647734375001 0.6484018703125001 0.2808634527748394 0.6487618114435743
0 0.28322018931583093 0.6799078776864698 0.27972106235685557 0.606724043190038 0.1537920136660246 0.6127450686285684 0.157291140625 0.6859289031250001
0 0.38020392968750005 0.609178515625 0.29131595992394993 0.6044302556433946 0.28123889998777085 0.7930739698424041 0.370126869751321 0.7978222298240094
0 0.3536595213397961 0.7118193614568298 0.3525782394437607 0.695991496731063 0.32379838841646463 0.6979575946492332 0.32487967031250004 0.713785459375
0 0.3743524109375 0.7261274265624998 0.3565046119148386 0.7253341913387784 0.3537408359375001 0.7875191734375 0.3715886349601615 0.7883124086612214
0 0.3501441937500001 0.7509057984375 0.3229183056213981 0.7496957586627505 0.3211140406250001 0.7902917109375001 0.3483399287536022 0.7915017507122497
0 0.3764192218750001 0.68524871875 0.359121569253631 0.6844799343507458 0.35738377968750007 0.7235802078125 0.37468143230886924 0.7243489922117543
0 0.42201523663893364 0.4895576972752707 0.42153486759879544 0.4825235919305265 0.40161916689736177 0.4838836634052558 0.40209953593750003 0.49091776875
0 0.44218750471679796 0.48882137137232806 0.4417069656249999 0.48178891250000005 0.4250055640332019 0.482930145815172 0.425486103125 0.4899626046875
0 0.4929049656250001 0.3410196484375001 0.4095969158073352 0.3371872586953809 0.402718266360419 0.48671455350675885 0.4860263161780839 0.490546943248878
0 0.8169943304389179 0.5024545519845753 0.8044390554487807 0.32071118810391763 0.2849125310492796 0.35660134793825 0.29746780603941697 0.5383447118189076
0 0.2999015455294431 0.537259407880787 0.2925759332083917 0.4482963098078958 0.15064544861644857 0.45998348942710876 0.1579710609375 0.5489465874999999
0 0.3509516968750001 0.7135559718750002 0.3246853659225769 0.7123885800084296 0.3229848515625001 0.7506501734375001 0.3492511825149233 0.7518175653040706
0 0.050017792187500076 0.5563277953125001 0.014846753855945399 0.5547646381063445 0.011599214062500068 0.6278342859375001 0.046770252394054745 0.6293974431436556