0 0.9487736750000002 0.028775876562500125 0.8591496200779174 0.02595454535884097 0.8531454605298456 0.2166861845224401 0.9427695154519284 0.21950751572609922
0 0.9423874515625 0.22856171562500008 0.8036386254938117 0.22455556423874423 0.7926476203125 0.60521743125 0.9313964463811883 0.609223582636256
0 0.9368327749011962 0.7789681455423063 0.9306980046875001 0.612583753125 0.7255834688488039 0.6201465450826936 0.7317182390625 0.7865309375
0 0.7283725500000002 0.5485212203125001 0.6549433932310144 0.5462695789030192 0.64741228125 0.7918696109375001 0.7208414380189859 0.794121252346981
0 0.6498302609375001 0.5487212828125 0.5607368011728557 0.5457923558195586 0.5525171062500001 0.7958228484375 0.6416105660146444 0.7987517754304413
0 0.7357762398274952 0.5327306638812384 0.7319612984374999 0.437958409375 0.5576794039225047 0.44497391424376165 0.5614943453124999 0.53974616875
0 0.6277938046875 0.049293521875000086 0.5296093619291063 0.04819417669928625 0.5285420671875001 0.14351613906250008 0.6267265099458939 0.1446154842382139
0 0.5253201750000001 0.05266897500000005 0.47971969322056385 0.051320411136780764 0.471493903125 0.3294681515625001 0.5170943849044363 0.33081671542571933
0 0.5588154890625 0.44790359531250007 0.4656104256532102 0.4451428826700787 0.46124910156250004 0.5923865625 0.5544541649717898 0.5951472751424214
0 0.19441168281250004 0.6633480609375001 0.11336799005196992 0.6621892337979782 0.1111261718750001 0.8189729484375 0.19216986463553024 0.8201317755770219
0 0.25627034375000013 0.6609335500000001 0.19987940290306017 0.6596412466733661 0.1977651593750001 0.751898365625 0.2541561002219401 0.753190668951634
0 0.11240652031250006 0.47713156718749994 5.887550460916923e-17 0.47713156718749994 8.024051882465379e-17 0.8260487281250001 0.11240652031250009 0.8260487281250001
0 0.4058670093750001 0.4542849062500001 0.29903358793879814 0.4501414176756203 0.28502093906250014 0.81143581875 0.39185436049870204 0.8155793073243798