0 0.13925683180609177 0.10716394822746442 0.05277044843750002 0.10644201718750002 0.0513034150689083 0.2821906736475356 0.13778979843750006 0.2829126046875
0 0.18372358747153095 0.299150846542222 0.04985195680201 0.29878119411940285 0.04886191718750007 0.6573294125 0.18273354785702103 0.6576990649228192
0 0.23581799806078085 0.6694786680110566 0.04918612584908766 0.6685336230964694 0.04837291093750011 0.8291310921875 0.23500478314919332 0.8300761371020873
0 0.31662269062500015 0.5957042015625001 0.24577231333189173 0.5955545801789511 0.2452833070818917 0.827114244241451 0.3161336843750001 0.8272638656250001
0 0.40750483750000005 0.5929042015625 0.32150923437500006 0.5929042015625 0.32150923437500006 0.8272638656250001 0.40750483750000016 0.8272638656250001
0 0.40799384375000003 0.4901966390625 0.24723922656250008 0.4901966390625 0.24723922656250008 0.581699159375 0.40799384375000003 0.581699159375
0 0.4539234828125 0.1960789921875 0.45343535625 0.10644201718749997 0.3606220431147057 0.10694744079751103 0.3611101696772057 0.19658441579751104
0 0.5037663875979641 0.108551410777696 0.45977677773685927 0.10830646795806509 0.4583067838888952 0.37230463686786913 0.50229639375 0.3725495796875
0 0.503771410305486 0.49179205745988125 0.4138497667176194 0.4911293553577658 0.41286375641213346 0.6249204916478847 0.5027854 0.62558319375
0 0.8335329812500001 0.6806722687500002 0.7563039460244261 0.680037781042654 0.755105177274426 0.825950385730154 0.8323342125000002 0.8265848734375
0 0.7511794187499998 0.7662336140624999 0.7507792437499998 0.6806722687499999 0.6964110408577273 0.6809265517502607 0.6968112158577273 0.7664878970627607
0 0.9618812466659197 0.49552382883582524 0.8404967669511141 0.4947871579211986 0.8384783171601946 0.8273759337728734 0.9598627968750002 0.8281126046875003
0 0.6649076515625 0.8280117640625001 0.6631458805804076 0.4891049530662836 0.5599708922962967 0.4896412972604365 0.561732663278389 0.8285481082566528