0 0.4616913941784883 0.6144117966850802 0.46002344062499995 0.558118378125 0.3564781433215117 0.5611863876899199 0.358146096875 0.6174798062500001
0 0.4270310593750001 0.5163655531250001 0.40585481314601113 0.5144288453300058 0.403592828125 0.5391617203125 0.424769074353989 0.5410984281074943
0 0.4447489453125 0.51584689375 0.4305129770506597 0.5145452019382954 0.4286671359375 0.534732265625 0.44290310419934026 0.5360339574367046
0 0.4275168187500002 0.4828457453125001 0.40890374692047865 0.4811440903287245 0.40636761562500007 0.5088848453125001 0.4249806874545216 0.5105865002962757
0 0.44380203906250004 0.4819953578125002 0.4317539331101238 0.4808931432404543 0.4292889123582421 0.5078378343620314 0.4413370183106184 0.5089400489340774
0 0.40943019008065884 0.5546302819595444 0.4084880095064882 0.5178419508589287 0.36362943192582936 0.5189908173368841 0.3645716124999999 0.5557791484374999
0 0.46496911452632583 0.5528514118509127 0.4642471281250001 0.5147181671875 0.41084898234867423 0.5157291678365874 0.41157096875 0.5538624125000001
0 0.53700509895858 0.974741959385374 0.5353985593287456 0.9205212718764141 0.43392153224516566 0.92352799999104 0.435528071875 0.9777486874999999
0 0.5390804031250002 0.8763366609375 0.5047889215876851 0.8731995090726711 0.5007328875000001 0.9175350796875001 0.5350243690373153 0.920672231552329
0 0.4664338968750001 0.87850178125 0.44332807009024416 0.8763888673505441 0.4392317750000001 0.9211840125 0.462337601784756 0.9232969263994558
0 0.4986619293686359 0.9183258499135242 0.4983491562499999 0.9077697484374998 0.468228308131364 0.9086622172739756 0.46854108125 0.9192183187499999
0 0.5000956387052169 0.9033557613559076 0.49931926718749997 0.8771532218749998 0.469127637857283 0.8780477886440922 0.469904009375 0.904250328125
0 0.39764572182112035 0.9180460572894921 0.39649203124999993 0.8791090015625 0.3337300406788796 0.880968616148008 0.33488373125000004 0.919905671875
0 0.4005063875000001 0.8312880218750001 0.3770376498846692 0.8291412228249962 0.37407126093750015 0.8615696906250001 0.39753999855283106 0.863716489675004
0 0.4158676734375001 0.8304634312499999 0.4035971807285092 0.829341690476792 0.4007231609375001 0.8607800046875 0.412993653646491 0.8619017454607081
0 0.4040499890625 0.7965787625 0.3805797331703139 0.7944316086098973 0.3779130921875001 0.8235803093750003 0.4013833480796862 0.8257274632651029
0 0.42000222812500015 0.8012040671875 0.40736876555773643 0.8000487140256372 0.40539228749999995 0.8216609468750002 0.41802575006726367 0.8228163000368631
0 0.4328047173176645 0.9780868984786093 0.43067344620810033 0.9114685332288459 0.32783749295293585 0.9147584863127369 0.3299687640625001 0.9813768515625002
0 0.39438300144854443 0.8225128917089908 0.3931304603221673 0.7802395895691681 0.3410627416861229 0.7817823353601774 0.3423152828125 0.8240556375000001
0 0.4417806484375001 0.7781160578125002 0.3974700511905004 0.7743019742663658 0.3937010744213107 0.818088537836041 0.4380116716683104 0.8219026213821753
0 0.5455341916464471 0.868207202850938 0.5442786577920553 0.8258329461849909 0.4183682942706081 0.829563624584053 0.41962382812500004 0.87193788125
0 0.449526015212722 0.7734785393002375 0.447865446875 0.7174343531249999 0.344822319162278 0.7204874825747624 0.34648288749999995 0.7765316687499999
0 0.4536681906250001 0.647537621875 0.44314426852670846 0.6465749464083078 0.44156663125000006 0.6638216015625 0.45209055334829173 0.6647842770291922
0 0.45160923593750013 0.6699624125000001 0.4414623270955351 0.6690348265409445 0.43995985625000006 0.6854704296875 0.45010676509196507 0.6863980156465556
0 0.45021829329972396 0.7134207816314636 0.4489555154445742 0.6708020250136246 0.3500378549573502 0.673732918382161 0.3513006328125 0.7163516750000001
0 0.4566642579838963 0.6634613619430556 0.4555465890625 0.618662446875 0.35498219045360374 0.6211713849319446 0.356099859375 0.6659703000000001
0 0.5620490420771004 0.5980216431446876 0.4673632175894781 0.5890380449064206 0.4604791860343388 0.661594740598871 0.5551650105219611 0.670578338837138
0 0.5583267494604208 0.7406446536964448 0.5568809765624999 0.6666569499999999 0.4537207771020791 0.668672774428555 0.45516655000000006 0.7426604781249999
0 0.554156904782576 0.7700626038357475 0.5527873296875001 0.7238394390625 0.48941681709242413 0.7257170836642526 0.49078639218750003 0.7719402484375001
0 0.3848408983796337 0.8736678736311367 0.3839596954852515 0.8322559521934878 0.33764188616811786 0.8332415473123511 0.33852308906250006 0.87465346875
0 0.433986870849696 0.9067233641770274 0.4329645810850594 0.8641429214551654 0.38737425789204327 0.8652374737375625 0.38839654765667986 0.9078179164594247
0 0.5753096484900064 0.5026650376260835 0.5739570437499999 0.4629429093749999 0.44792206898228193 0.4672346105446813 0.4492746737222884 0.506956738795765
0 0.5216429130147562 0.5166880831687825 0.4735207150623605 0.5122811643244611 0.4667187640625001 0.5865563765624999 0.5148409620148958 0.5909632954068214
0 0.507687353125 0.5131279187500001 0.4939350725051848 0.5118698303605584 0.4913679093750002 0.5399317281250002 0.5051201899948154 0.5411898165144418
0 0.53346401875 0.512154184375 0.5106197205435616 0.5100642899586824 0.5081011065941932 0.5375948521138957 0.5309454048006317 0.5396847465302134
0 0.5709889073460886 0.5512059056590194 0.5695639730624625 0.5097117164592666 0.5203693704038738 0.5114010873627473 0.5217943046874999 0.5528952765625
0 0.5341236515625001 0.05216222343750008 0.5133637507579587 0.050263205354563786 0.5093485703125001 0.09415680937500007 0.5301084711170415 0.09605582745793637
0 0.6075934140625 0.051543623437500075 0.5725852312334316 0.04834080952066287 0.5685548515625 0.09239465468750005 0.6035630343915683 0.09559746860433727
0 0.4649425575280911 0.10078680372136495 0.46365617651555924 0.05737144841574686 0.4013765361749682 0.05921677125688194 0.40266291718750014 0.10263212656250001
0 0.4596683656250001 0.12156543593750006 0.4398458205933415 0.1197522394128071 0.43747567827970324 0.14566352487122686 0.4572982233113618 0.14747672139591983
0 0.4744979500000001 0.11988352187500007 0.4642745072039237 0.11894823740399155 0.46189609518371083 0.14494627328277368 0.47211953797978723 0.1458815577537822
0 0.4746005624999999 0.15300540312500005 0.4625132565702608 0.1518999735123054 0.4604017828125001 0.17498785625000005 0.47248908874223916 0.1760932858626947
0 0.4588785156250001 0.1540964484375001 0.4365676428729167 0.15205631117587817 0.43382618281249996 0.18203682656250006 0.45613705556458334 0.18407696382412198
0 0.494535115497467 0.25369513514355446 0.4929064687051149 0.19872832817262626 0.38692942820764786 0.2018683899040718 0.388558075 0.256835196875
0 0.4830958734375 0.30934595625000005 0.47411025953040165 0.3085239210691969 0.4723760546875001 0.3274804031250001 0.4813616685945984 0.32830243830580325
0 0.48548318125000006 0.286772503125 0.4746338375862071 0.28577969600404074 0.4730796406250001 0.30276387812500005 0.483928984288793 0.30375668524595933
0 0.4368255292495052 0.46138235911367387 0.43565043281250004 0.42172284375 0.37099532075049485 0.42363855026132624 0.3721704171875 0.4632980656250001
0 0.4167868056204223 0.5082666834381758 0.415524028125 0.46564792656250004 0.36636040531707775 0.4671046259368243 0.3676231828125 0.5097233828125001
0 0.47401191449758445 0.47661054807822534 0.4724177984852636 0.43282882928407485 0.4163674402376791 0.4348696530808495 0.41796155625 0.478651371875
0 0.48306170937500015 0.7899875296875002 0.4739054985184768 0.7891499975488477 0.4710644781944273 0.8202090816533941 0.4802206890509507 0.8210466137920465
0 0.5075065046875 0.7897937171875001 0.48759318410015845 0.7879722724685674 0.4847568562500001 0.8189810124999998 0.5046701768373417 0.8208024572189325
0 0.5012553724557944 0.7496849080738555 0.4549239322279937 0.7448466692354722 0.44701248669658566 0.8206074321903684 0.49334392692438633 0.8254456710287515
0 0.5495313789325618 0.8173254287029202 0.5482458390625 0.7739384671875001 0.5008197814555487 0.7753436840038912 0.5021053213256105 0.8187306455193113
0 0.5671329937049745 0.5974222290648444 0.5652791447671929 0.5560753308186803 0.49520556816641503 0.5592171825913212 0.49705941710419677 0.6005640808374854
0 0.5040118953125001 0.5766432375000001 0.49589814921960507 0.5758999124932747 0.49491713437500007 0.58660815625 0.5030308804678951 0.5873514812567254
0 0.5031806140625001 0.5893788328125 0.4944016460020334 0.588575323985036 0.4932608002164124 0.6010399645360226 0.5020397682768791 0.6018434733634868
0 0.48823785618731 0.7530685137407219 0.4880468827648737 0.7466231702676148 0.4772298547025636 0.746943675276893 0.477420828125 0.7533890187500001
0 0.4900713781250001 0.7263686828125001 0.4804849102456069 0.7254913783928417 0.47896175034137345 0.742135228771255 0.48854821822076666 0.7430125331909134
0 0.5651218359375 0.06352371093750007 0.5371852032821931 0.06096877502794239 0.5341169124999999 0.09451862343750007 0.5620535451553068 0.09707355934705776
0 0.6126388421875 6.923546773510897e-17 0.5136609828124999 6.317482180160645e-17 0.5136609828124999 0.06087255000000007 0.6126388421875 0.06087255000000007
0 0.5084105359375 7.216449660063518e-17 0.41240748626326534 -0.008497412841634239 0.4064493418435817 0.05881719754031054 0.5024523915178164 0.06731461038194485
0 0.5043441372696135 0.06325471783809127 0.5040881984375 0.05461676093750001 0.4865780971053864 0.05513557747440874 0.4868340359374999 0.063773534375
0 0.5045475110654106 0.11533159203792771 0.5035045125 0.06846439374999999 0.45003136862208937 0.06965440327457231 0.4510743671875 0.11652160156250002
0 0.450543068387694 0.14579200802232728 0.4490615328125001 0.10428550156250001 0.3981956206748062 0.10610111229017274 0.39967715625000005 0.14760761875
0 0.44130761088992926 0.19605340067286312 0.43963961601512247 0.15519483397138245 0.3934298723126933 0.15708128329851934 0.39509786718750006 0.19793985
0 0.49738208674655054 0.19375380894104238 0.4959089922825245 0.15201093597849497 0.441846057098474 0.15391880203745262 0.4433191515625 0.19566167500000003
0 0.6067523449743712 0.14002983800384006 0.6051241203125 0.09911673593749999 0.47818518315062863 0.10416854324615994 0.4798134078124999 0.1450816453125
0 0.533859821875 0.1512953578125001 0.5235064781414049 0.15034826495003878 0.5207856312500001 0.18009177187500008 0.5311389749835952 0.18103886473746136
0 0.5596701234375001 0.14961174375000005 0.5373220454130063 0.1475665408187694 0.5343316328125 0.18024299218750003 0.5566797108369939 0.1822881951187307
0 0.6026854772504642 0.19195483242648267 0.6012049358379932 0.14798782565072677 0.5500532726500291 0.14971030259924414 0.5515338140625 0.19367730937500005
0 0.5933555348629624 0.23995242905109954 0.49732144443510873 0.2299795130103413 0.489910711368139 0.3013410893618803 0.5859448017959928 0.3113140054026385
0 0.5891268395146032 0.37712898830658287 0.5870219765625 0.3060898390625 0.48233336986039693 0.3091917226309171 0.48443823281250004 0.380230871875
0 0.5834923177030243 0.405672756089709 0.5825355642514498 0.36487014926806005 0.5055019902984255 0.366676458803351 0.50645874375 0.407479065625
0 0.51359821875 0.4309227734375001 0.501706504183116 0.42983533129343166 0.4991227156250001 0.4580903296875 0.511014430191884 0.4591777718315685
0 0.5373809781250002 0.43022441406250006 0.5175708989065918 0.4284126079472344 0.5148757625 0.4578809187500002 0.5346858417184084 0.45969272486526586
0 0.5323003706220008 0.3867170271568289 0.48496871584321594 0.382386968778038 0.4780063481157205 0.45849226734280873 0.5253380028945054 0.46282232572159965
0 0.5809948470437641 0.4538765287557789 0.5790394853326548 0.4094691392280442 0.5306241773684124 0.41160097900587483 0.5325795390795217 0.4560083685336095
0 0.43224541064761074 0.9189012390489418 0.4320073249537443 0.9108658562513707 0.41193801586863354 0.9114605031399288 0.4121761015625 0.9194958859375
0 0.5172658098717677 0.39213810017366746 0.5170067390625 0.3833944562500001 0.5068068573157324 0.3836966748263327 0.5070659281250001 0.39244031875
0 0.5188744734374999 0.3669400609375001 0.509483523813298 0.3660810827825669 0.5082584390625 0.3794745656250001 0.517649388686702 0.3803335437799332
0 0.4735156347897476 0.42831337846631595 0.473347984375 0.42265516874999987 0.45733270114775226 0.42312969497118386 0.4575003515624999 0.42878790468749994
0 0.4787108531250001 0.3558406703125001 0.38150474773743687 0.3472394231406528 0.37474466405620654 0.4236378097487311 0.4719507694437697 0.43223905692057835
0 0.4812582297475668 0.35108671088092996 0.47949916160733447 0.30965924217425644 0.3789390677972677 0.31392916410582655 0.3806981359375 0.3553566328125
0 0.4891758339438817 0.3017437600614403 0.487046003125 0.256594690625 0.3820194894936184 0.2615491383760597 0.38414932031250004 0.3066982078125
0 0.5281674859375001 0.2318931203125001 0.5193757293791339 0.23108971944879522 0.5183946328125001 0.2418260312500001 0.5271863893708664 0.24262943211370497
0 0.5512977577457845 0.15455112262660226 0.5037019021099114 0.1501999162094571 0.4966384203125 0.22746411093750005 0.5442342759483731 0.23181531735464525
0 0.5980140401117315 0.2387371633837959 0.5968719531249999 0.19660304687499996 0.5209830028197218 0.19866009208591084 0.5221250898064534 0.24079420859470674
0 0.5292627171875001 0.2161910218750001 0.5206008794932789 0.21539935402708116 0.5194968937500001 0.22747834062500005 0.5281587314442212 0.228270008472919
0 0.3246370718750001 0.9193756687500001 0.30894278297801436 0.9179398068938978 0.30278838282547016 0.9852087670457342 0.318482671722456 0.9866446289018365
0 0.3416080640625001 0.7177834984375001 0.32627839431017647 0.7163810018311454 0.3201279470790016 0.7836070645936524 0.3354576168313253 0.7850095612000072
0 0.401020996875 4.4408920985006264e-17 0.38751438114485737 -0.001235498764975862 0.3820210968600132 0.05881772187362914 0.39552771259015573 0.06005322063860504
0 0.38350884843750005 0.19946101718750003 0.3700022234048649 0.19822556103049033 0.36397480000000004 0.2641203703125 0.37748142503263515 0.2653558264695097
0 0.36955039843750004 0.36008548906250004 0.3564083882620627 0.35888341073287144 0.350351265625 0.42510435937500013 0.36349327580043733 0.4263064377046287
0 0.35318618125 0.559070440625 0.3393149864535371 0.5578013898691405 0.33314732656250007 0.6252161968750001 0.34701852135896305 0.6264852476308596
0 0.5615029296875 0.9134610062500002 0.5490901622244518 0.9123256305396164 0.5430411390625001 0.9784580281250002 0.5554539065255484 0.979593403835384
0 0.5811230078125 0.6628063187499998 0.5690748378993927 0.6617044012636233 0.5628280593749999 0.7300055671875 0.5748762292881072 0.7311074846738765
0 0.64064173125 8.881784197001253e-17 0.624582687340862 -0.001468588673413762 0.6199158468749999 0.049563396875000075 0.6359748907841379 0.05103198554841393
0 0.6182527546875 0.23670746562500006 0.6043831502276794 0.23543844305371753 0.5983836734374999 0.3010088843750001 0.6122532778973204 0.3022779069462826
0 0.6125884890625001 0.3027951703125001 0.6001757795452292 0.3016595181365873 0.594091478125 0.36816110000000013 0.6065041876422709 0.36929675217591285
0 0.5890472921875001 0.5962822093749999 0.5737175555907099 0.5948800232283253 0.567636134375 0.6613666203125 0.5829658709717901 0.6627688064591746