0 0.5592202902927279 0.5809152258258197 0.4564817234375001 0.5801542000000001 0.4560499956447723 0.6384374976116804 0.5587885625000001 0.6391985234375
0 0.517340740625 0.55926470625 0.5163384563533288 0.5353065782416515 0.49427281562500003 0.5362296906250001 0.4952750998966713 0.5601878186333485
0 0.5354790250000001 0.5555853781249999 0.5346511054684391 0.5358045784872212 0.5198173203124999 0.5364254421874999 0.5206452398440609 0.5562062418252786
0 0.513363071875 0.527998959375 0.5122220080862911 0.5007457817151569 0.49282739400751635 0.5015578151630539 0.4939684577962251 0.528810992822897
0 0.5301280921875 0.5277425921875001 0.5290028476455346 0.5008273015118342 0.5164486203124998 0.5013521546874999 0.5175738648544652 0.5282674453631657
0 0.5021368033221512 0.5370057633208665 0.4554861839054564 0.5369892796895426 0.4554726430833053 0.5753114023061763 0.5021232625000001 0.5753278859375002
0 0.5563448452728765 0.5361197205390019 0.5051407900926049 0.5359410737397615 0.5050032307572285 0.5753685688257597 0.5562072859375001 0.5755472156250001
0 0.6862197156250002 0.9583324734374999 0.5865149593750002 0.9583324734374999 0.5865149593750002 1 0.6862197156250002 1
0 0.6839599968750001 0.95490251875 0.6821532801320834 0.9116864021220052 0.646421265625 0.9131802343750002 0.6482279823679167 0.9563963510029948
0 0.609021375 0.9562371093749998 0.6071583553389711 0.9117167797530097 0.5830821770055596 0.9127242833806429 0.5849451966665884 0.9572446130026331
0 0.6448732712803179 0.9444377162046029 0.6145544656250002 0.9442131328125001 0.6144735084071824 0.9551423744203971 0.6447923140625 0.9553669578124999
0 0.6424503013711311 0.9127768025714966 0.6132242546875 0.9125603124999998 0.613023300176881 0.9396890665718678 0.6422493468605122 0.9399055566433645
0 0.5367643891452261 0.9108653526427698 0.47485015781250023 0.9104067296875 0.4745515405422743 0.9507201473572302 0.5364657718750001 0.9511787703125
0 0.5336177078125001 0.8920104453125003 0.5322908852236408 0.8602808555184881 0.5078363343750001 0.8613034609375001 0.5091631569638595 0.8930330507315123
0 0.5494477734374998 0.8921277046874998 0.5481271609708539 0.8605897943881855 0.5353414613886459 0.8611251803444142 0.5366620738552919 0.8926630906437285
0 0.53236014375 0.8528189906250001 0.5311751461467165 0.8244748092863876 0.5067189455608585 0.8254972603755 0.507903943164142 0.8538414417141125
0 0.5492694859374999 0.8518009562499997 0.5483753878059301 0.8304313631250512 0.5352113440031603 0.8309821432404769 0.53610544213473 0.8523517363654255
0 0.5785867937500002 0.945564415625 0.4770105671875002 0.945564415625 0.4770105671875002 1 0.5785867937500002 1
0 0.518325540104057 0.8085839081383875 0.4691823046875001 0.8079816015624998 0.4686460426443101 0.8517361493102378 0.5177892780608669 0.8523384558861256
0 0.5698414921875 0.851321265625 0.5694527651859144 0.8074762326926465 0.521660953125 0.8078999515625 0.5220496801265857 0.8517449844948535
0 0.682416146875 0.9036864437500001 0.6820588754545358 0.8597863037942546 0.5557160862788415 0.8608145161826369 0.5560733576993057 0.9047146561383824
0 0.568587526783451 0.7454238378374992 0.46634982968750005 0.7446665203125 0.46592001227039015 0.8026917758314381 0.5681577093663411 0.8034490933564372
0 0.5627904874999998 0.6897255999999998 0.5620787772048532 0.6727057474408616 0.55111279375 0.67316430625 0.5518245040451467 0.6901841588091382
0 0.563718240625 0.712078865625 0.563039348052128 0.6958669257081137 0.5524664033835681 0.6963096792370357 0.5531452959564402 0.712521619153922
0 0.564342029191548 0.6971341228427486 0.46386014029675227 0.6967169184063181 0.4636767157927045 0.7408939190010697 0.5641586046875001 0.7413111234375002
0 0.5615711462145374 0.6894385356187993 0.5610100890904121 0.6430462631301656 0.46124215625 0.6442528328125 0.4618032133741254 0.6906451053011338
0 0.6700016093750001 0.6877693296875 0.6696680944841424 0.6160419138025397 0.568358109354163 0.6165129803844949 0.5686916242450206 0.6882403962694552
0 0.6747523332339265 0.768859737115463 0.671561497477983 0.6925533365369989 0.5732479187499999 0.6966644265624999 0.5764387545059434 0.772970827140964
0 0.6777510112359739 0.7560745398325762 0.6157503140625 0.755615275 0.6153958168890263 0.803472350792424 0.6773965140625002 0.803931615625
0 0.5210291523847376 0.861703286698351 0.4726838656250001 0.86164085 0.4726282663652627 0.9046918476766492 0.5209735531250002 0.9047542843750002
0 0.5751178296240629 0.8969067189810085 0.5243409953125001 0.89614903125 0.5236843945613671 0.94015146943751 0.5744612288729298 0.9409091571685184
0 0.6630752979825616 0.4867057985389701 0.5365739932919407 0.4866625031350039 0.5365599031218792 0.5278314202210337 0.6630612078125001 0.527874715625
0 0.6174141686678661 0.6097597873361769 0.6142449231458926 0.533783179362761 0.5640997775138933 0.5358749057833262 0.5672690230358668 0.6118515137567422
0 0.6006977984375002 0.5633691968750001 0.5995295569779249 0.5354270287653278 0.5851995750027266 0.536026154752713 0.5863678164623018 0.5639683228623853
0 0.627217246875 0.5616612453125001 0.6261001249234519 0.5349403970680561 0.602296175 0.5359355718749998 0.6034132969515482 0.562656420119444
0 0.6649525656146221 0.5351339095547376 0.619228859794711 0.5347952155830936 0.6189099542975249 0.5778474762032417 0.6646336601174361 0.5781861701748857
0 0.5651425312499999 0.102504175 0.563312565069397 0.05874195077100115 0.5416806343097764 0.059646514065227405 0.5435106004903794 0.10340873829422628
0 0.641160021875 0.10305910156250002 0.6393678036613034 0.060186991246173285 0.6028889500000001 0.061711946875000014 0.6046811682136968 0.10458405719132675
0 0.49323115994869965 0.06251660380054598 0.4321482093750001 0.06206413750000006 0.4318152463013004 0.10701415244945416 0.49289819687499997 0.10746661875000008
0 0.496755821875 0.153078115625 0.4956988702910163 0.12780433023156754 0.47504369368477023 0.12866813125272794 0.4761006452687539 0.1539419166461604
0 0.5119522875 0.153197215625 0.5108622308111544 0.12712379102669716 0.50020931875 0.127569159375 0.5012993754388455 0.15364258397330283
0 0.51649465 0.18426298750000003 0.5155351910069632 0.16133007538382899 0.5029402327472429 0.16185701875273023 0.5038996917402796 0.18478993086890125
0 0.5005894578125 0.19062271718749998 0.4993636474584052 0.1613322516340101 0.4761158346297091 0.1623051760698963 0.4773416449838038 0.1915956416233862
0 0.5436517879032088 0.21001992098557842 0.4383022140625001 0.2092395546875001 0.43788066053429137 0.2661493477644218 0.5432302343750001 0.2669297140625001
0 0.5467136156250001 0.3426069359375 0.5459235271978413 0.32370882980600607 0.536560446875 0.32410027968750005 0.5373505353021587 0.342998385818994
0 0.54597843125 0.3170538859375001 0.5452796493126522 0.3003297663215191 0.5339744609375001 0.30080212968750003 0.5346732428748482 0.31752624930348106
0 0.5142814522247143 0.43873450702279626 0.450467659375 0.43826181249999996 0.45016350090028573 0.4793232273522037 0.51397729375 0.479795921875
0 0.4984068293611291 0.5274361856274176 0.4980808478758025 0.48342868510832737 0.45220518584594116 0.4837685048270671 0.4525311673312678 0.5277760053461573
0 0.553061841056208 0.49699536235208164 0.5530342104546453 0.4515866951008934 0.501377210541583 0.4516181277341092 0.5014048411431458 0.49702679498529745
0 0.6135252843749999 0.8527881374999999 0.61221314135954 0.821412187457611 0.6026723312499999 0.821811184375 0.6039844742654598 0.853187134417389
0 0.6387836593749999 0.8521243046875002 0.6375069017378895 0.8215964821025781 0.616757153125 0.8224642937500001 0.6180339107621104 0.8529921163349222
0 0.6275860955618684 0.8520550418919344 0.6253860684157393 0.7757154270827649 0.5769192703125001 0.7771121890625001 0.5791192974586293 0.8534518038716696
0 0.6793248647565677 0.8077682977121352 0.6300303203125001 0.8075740984374999 0.6298533243059324 0.8525018538503646 0.6791478687500001 0.852696053125
0 0.66691739375 0.6257459328124999 0.666579975075223 0.5828020884026645 0.5949299078125 0.5833650578124999 0.595267326487277 0.6263089022223354
0 0.6049313125 0.6117959703125001 0.6044958539867382 0.601347821646602 0.596040934375 0.60170020625 0.5964763928882618 0.612148354915898
0 0.6059000234375 0.62668223125 0.6053899467873806 0.6144690928070186 0.596242071875 0.61485115 0.5967521485251195 0.6270642884429815
0 0.611746319887555 0.7771709077933678 0.6010545140625 0.7770917093749999 0.6010050832374451 0.7837648828316321 0.6116968890625001 0.78384408125
0 0.6113885859375 0.7722472171875001 0.610700674807969 0.7557807001581507 0.6007114015625 0.7561980156250001 0.6013993126920311 0.7726645326543495
0 0.5983649609375 0.10388375781250003 0.5970028647815502 0.07132646116226835 0.5678929221277376 0.07254433073585895 0.5692550182836874 0.10510162738609063
0 0.6391670138824441 0.06862015869621377 0.6388366675081785 0.003491908184818618 0.5394576484375 0.0039959828125 0.5397879948117656 0.06912423332389515
0 0.5321886977382102 0.003942138811917633 0.4292867750000001 0.0031799015625000515 0.42879778828342874 0.06919304034191273 0.5316997110216388 0.06995527759133033
0 0.5329972561247518 0.06120076385954835 0.5155576375 0.06107158125000006 0.5154913907502483 0.07001487520295177 0.5329310093750002 0.07014405781250006
0 0.5349521015435139 0.07552782722382531 0.4859063153209206 0.07493327199280221 0.4853197004871844 0.12332404248676798 0.5343654867097777 0.12391859771779108
0 0.4828090930641328 0.15352115815340145 0.48275201330716955 0.11052065002273252 0.4353504926601294 0.11058357177402903 0.4354075724170926 0.15358407990469797
0 0.4851469265624999 0.2052583890625 0.4849848244697353 0.16285707878792158 0.43739040312500005 0.16303903437500003 0.4375525052177647 0.20544034464957844
0 0.5388111953125 0.20500912656250003 0.5387360851254773 0.1616695559029804 0.48852995231333296 0.16175656627174537 0.48860506250035557 0.205096136931265
0 0.6452588359375 0.15359506093749997 0.645140324451093 0.11114620529976127 0.5181008793507307 0.11150088231625477 0.5182193908371375 0.15394973795399347
0 0.5779925671874999 0.19184938281250002 0.5767410905937651 0.16192004161568982 0.5659528453125 0.16237114531250002 0.5672043219062349 0.19230048650931023
0 0.6045820140624999 0.19261798593749996 0.6032424198306502 0.16055147443252665 0.5799553140624999 0.1615243046875 0.5812949082943496 0.1935908161924733
0 0.6480105811272978 0.16178016010784804 0.6004854619700666 0.16142812325613762 0.600147818137996 0.20701017886733558 0.6476729372952273 0.207362215719046
0 0.6536330199554274 0.24662984784677616 0.5498392609981304 0.24493493107313324 0.5486741732746425 0.31628287937144267 0.6524679322319396 0.3179777961450856
0 0.6567064910192518 0.3938326193415392 0.6529650961609434 0.31928895414522707 0.553435213599647 0.32428442344341896 0.5571766084579552 0.39882808863973107
0 0.6595686249109739 0.38560099679596443 0.583402043801483 0.38446661787867514 0.5827734902735655 0.4266701290124824 0.6589400713830564 0.42780450792977176
0 0.5955013437499999 0.4789037265624999 0.5943179313681545 0.4506236798186306 0.5819268111263507 0.4511422010662047 0.5831102235081962 0.479422247810074
0 0.6200726812499999 0.4793519609375 0.6188617876756792 0.45040582801816437 0.5982196796875 0.45126934218750003 0.5994305732618207 0.48021547510683565
0 0.6106141211714228 0.47747591134164996 0.607409495959563 0.4008250170043426 0.55808953125 0.4028869890625 0.5612941564618599 0.47953788339980735
0 0.661117646875 0.47763074375 0.6607926076074699 0.4315159009187541 0.6116220765625 0.43186247812499995 0.61194711583003 0.47797732095624584
0 0.5763910842460345 0.9450998610294526 0.55626431875 0.9449507749999999 0.5562026938789658 0.9532701952205473 0.5763294593750001 0.9534192812500001
0 0.5917656416309622 0.4021515808109961 0.5818824499999999 0.40207837187499995 0.5818153927440377 0.4111310879390039 0.591698584375 0.411204296875
0 0.5915133984375001 0.397826446875 0.5909643774360884 0.3846991345389115 0.581178975 0.3851083875 0.5817279960014117 0.3982356998360885
0 0.551761839793199 0.4411321250545253 0.5356439953125001 0.44101273281250003 0.5356006008232276 0.44687094954039985 0.5517184453039266 0.44699034178242514
0 0.5507844037377948 0.4467069087890813 0.5502319812508788 0.372129935818244 0.4470363859206584 0.3728943482788221 0.4475888084075744 0.4474713212496594
0 0.5468415640625002 0.36733885312500003 0.5466063613719834 0.324332537142641 0.44407291249999997 0.32489329531250005 0.4443081151905167 0.3678996112948591
0 0.5437975747117039 0.3166061513008447 0.5433186402836949 0.269690533718433 0.44130028793107484 0.2707319801225988 0.44177922235908385 0.3176475977050105
0 0.5824018640624999 0.25567265781250004 0.5819646987387617 0.2452416984394475 0.5728039001983023 0.2456256308579734 0.5732410655220407 0.25605659023102595
0 0.5983145006390964 0.23868331625901665 0.5950377536256334 0.1604269106303417 0.5454434358805809 0.1625035206055932 0.5487201828940439 0.24075992623426817
0 0.6498126177286768 0.2117881330541292 0.5717642453125001 0.2115445781250001 0.5716281463338234 0.255158163820871 0.6496765187500001 0.25540171875000006
0 0.5814291453125 0.240856596875 0.5809337024181999 0.2290306759546238 0.5719082330738329 0.2294087948922099 0.572403675968133 0.2412347158125861
0 0.4679365890625 1 0.46580419625967207 0.9489882338527972 0.4494505913886092 0.9496718469083951 0.4515829841914372 1.0006836130555983
0 0.45843428906250006 0.8091481718749998 0.45558155873651957 0.7409049097016838 0.43960789218749996 0.741572646875 0.4424606225134804 0.8098159090483161
0 0.42068333437499994 0.06097311875 0.41823414952144305 0.0024052363899880443 0.4041601874999999 0.0029937796874999977 0.40660937235355676 0.061561662047511956
0 0.4303039328125002 0.2728761921875 0.4275017253071585 0.2058715254745866 0.41342776900038614 0.20646011352266486 0.4162299765057278 0.27346478023557824
0 0.4380135078125001 0.4390531593749999 0.4351959568074003 0.3716848700139389 0.42150193931318725 0.3722575963384546 0.424319490318287 0.4396258856995156
0 0.4485525781249999 0.645618978125 0.4456871445158419 0.5770731902861996 0.4312332268102296 0.577677410368622 0.4340986604193876 0.6462231982074224
0 0.7125729359374999 1 0.7105700719454517 0.9521110472939756 0.6976363998355765 0.9526519734301733 0.6996392638276248 1.0005409261361977
0 0.6992349687500001 0.7629202859375 0.6963236033990435 0.6933239908166636 0.683769404939538 0.6938491604157144 0.6866807702904945 0.7634454555365509
0 0.6687130953125001 0.06052869843749999 0.6663524953137112 0.0041118965645305814 0.6496190153899821 0.004812061256188061 0.651979615388771 0.06122886312915747
0 0.6788011140625 0.32006301249999997 0.6760158165179762 0.2534206966905345 0.66156351875 0.25402472656249997 0.6643488162945237 0.3206670423719654
0 0.6820964296875001 0.38942461875 0.6792660766130737 0.32171330557056677 0.6663319046875001 0.3222539578125 0.6691622577619264 0.38996527099193323
0 0.6981745703125001 0.692053025 0.695352324200173 0.624572476131531 0.6793786876854528 0.6252405432161847 0.6822009337977799 0.6927210920846537