0 0.792583728125 0.4335587859375001 0.7925284942707721 0.38259168005057176 0.6946173817707721 0.38269778786307174 0.694672615625 0.43366489374999995
0 0.797876209956397 0.3786706437848101 0.7968997707057057 0.31727382001512866 0.6950539204771868 0.3188935501506191 0.6960303597278781 0.3802903739203005
0 0.8318050406250002 0.4395164421875001 0.5892471171875001 0.43853141406250007 0.5887883427477201 0.5515021735920643 0.8313462661852202 0.5524872017170643
0 0.6899281531223038 0.4338360287260472 0.6898270604834067 0.2834208737943875 0.5314788104861028 0.2835272981933402 0.531579903125 0.4339424531249999
0 0.5210595706120426 0.42335668065102433 0.5208191265624998 0.29373742499999994 0.3733765710626671 0.2940109313161815 0.37361701511220985 0.4236301869672058
0 0.3667866421875 0.37046698125 0.29636625186925025 0.3703698408726974 0.29627152534267653 0.43904034802989267 0.3666919156609263 0.43913748840719524
0 0.8428143890625 0.6658977656250001 0.7221556672456708 0.6645389602251892 0.7213868406442253 0.7328089531484704 0.8420455624610546 0.7341677585482812
0 0.7165597244002657 0.664537352238232 0.5087280042435246 0.6588646318828201 0.505463954361318 0.7784497796063925 0.713295674518059 0.7841224999618044
0 0.5055291028069367 0.5622060287123072 0.3493678695778214 0.561049277995554 0.34779149341085736 0.7738599058178465 0.5039527266399727 0.7750166565345995
0 0.5842817859375001 0.4373812140625001 0.46140259225963015 0.4337529171442129 0.4548426279777476 0.6559186162772086 0.5777218216556176 0.6595469131954957
0 0.34329562812500014 0.627727515625 0.23759390174140274 0.6233178510121766 0.23140743205598846 0.7716104272925731 0.3371091584395859 0.7760200919053966
0 0.34783351406250007 0.5593522046875 0.23814498529224512 0.5579871982194028 0.23733224062500002 0.623297340625 0.34702076939525495 0.6246623470930971
0 0.23167407500000006 0.5682878937499999 0.18671293281250007 0.5665954578124999 0.185137319280359 0.6084531036361793 0.230098461467859 0.6101455395736795
0 0.4534754109375001 0.5163227203125001 0.4068006256492539 0.5159769816928651 0.40648676250000004 0.5583485718750001 0.4531615477882463 0.5586943104946351
0 0.622540822542271 0.8313487275919791 0.622164359375 0.7704563812499999 0.22863315786997734 0.7728893635776399 0.2290096210372484 0.833781709919619
0 0.6271582957642992 0.2502638027563723 0.37374387156618977 0.2483866597111876 0.3733999468341455 0.2948165192586812 0.6268143710322549 0.29669366230386585