0 0.27560353697659434 0.42184506863444743 0.2724206957760824 0.373334648975356 0.17174045254948808 0.3799404303409086 0.17492329375 0.4284508500000001
0 0.27752469343058345 0.367637541570073 0.27286057401657265 0.3111226688874429 0.17373538996098917 0.31930337731736996 0.17839950937500001 0.3758182500000001
0 0.3760712754398542 0.5294859959204474 0.36939520156249994 0.42023392656249997 0.12455866987264574 0.4351951697045526 0.13123474374999997 0.5444472390625001
0 0.4323553965873136 0.27976868386017345 0.2847308593618249 0.2716319804205191 0.27644585312500003 0.42194718125 0.42407039035048866 0.4300838846896543
0 0.5846019109374999 0.27170015156250005 0.4403220951367423 0.2698025958494056 0.43859502656249993 0.401119496875 0.5828748423632575 0.4030170525880944
0 0.6595501136294526 0.4013799469961484 0.6551796062499999 0.3360263234375 0.5794990238705472 0.3410874436288516 0.5838695312499999 0.40644106718750006
0 0.22698229916139706 0.7106285167284034 0.22164226951086477 0.6456318254479317 0.1069751578125 0.6550527015625 0.11231518746303229 0.7200493928429716
0 0.4360146992295843 0.7409399919625443 0.42590110625 0.62711186875 0.2146163744838292 0.645884450776093 0.22472996746341356 0.7597125739886372
0 0.5942111066721185 0.7250852365170692 0.5786150640667869 0.5231673102278545 0.42035424958216827 0.5353912987107852 0.43595029218750003 0.737309225
0 0.49149917343750005 0.4090104828125001 0.3734990386675169 0.402891957905468 0.36172190781250013 0.6300223609375001 0.47972204258248335 0.6361408858445322
0 0.6905261125000002 0.5791304453125001 0.5896198198184532 0.5741333166425461 0.582142281704713 0.7251261565866574 0.68304857438626 0.7301232852566113
0 0.697875398014742 0.5749793761762859 0.694200546875 0.5127671796875 0.5833079926102581 0.519317561323714 0.5869828437500001 0.5815297578124999
0 0.7452525906723574 0.557799448980552 0.7443043328125001 0.5176343468750001 0.6989485046401426 0.5187051525819482 0.6998967625 0.5588702546875001
0 0.5383865029734863 0.5235998938748436 0.5368391687499999 0.48309550312500005 0.48857897515151355 0.4849391217501563 0.490126309375 0.5254435125
0 0.6873490695094886 0.7762387980885409 0.6837273495821652 0.7181505084716713 0.3028627793756057 0.7418968575658951 0.30648449930292904 0.7999851471827646
0 0.5950941976858255 0.2650019855154098 0.5911193711726492 0.22128460428257926 0.34224119620077303 0.24391284825631154 0.34621602271394936 0.28763022948914213