0 0.42790625000000004 0.3994671875000001 0.3721453125000001 0.3994671875000001 0.3721453125000001 0.4949671875 0.42790625000000004 0.4949671875
0 0.4701953125 0.43737343749999996 0.448321875 0.43737343749999996 0.448321875 0.45851875 0.4701953125 0.45851875
0 0.4701890625 0.4618015625 0.4519703125 0.4618015625 0.4519703125 0.4760140625 0.4701890625 0.4760140625
0 0.5033546875 0.4373796875 0.4782046875 0.4373796875 0.4782046875 0.45596249999999994 0.5033546875 0.45596249999999994
0 0.50371875 0.45998124999999995 0.47856875 0.45998124999999995 0.47856875 0.472009375 0.50371875 0.472009375
0 0.46935000000000004 0.400240625 0.43284687499999996 0.400240625 0.43284687499999996 0.44331875 0.46935000000000004 0.44331875
0 0.470734375 0.4466046875 0.43302031249999995 0.4466046875 0.43302031249999995 0.49521875 0.470734375 0.49521875
0 0.06703593750000006 0.508725 0.01332812500000006 0.508725 0.013328125000000066 0.6024328125 0.06703593750000006 0.6024328125
0 0.11065625000000008 0.567834375 0.07100781250000007 0.567834375 0.07100781250000007 0.6020734375 0.11065625000000008 0.6020734375
0 0.11064375000000004 0.5072687499999999 0.06920000000000007 0.5072687499999999 0.06920000000000007 0.5303375 0.11064375000000004 0.5303375
0 0.08074218750000006 0.5361125 0.07028593750000006 0.5361125 0.07028593750000006 0.564590625 0.08074218750000006 0.564590625
0 0.11101406250000008 0.53610625 0.08505937500000008 0.53610625 0.08505937500000008 0.5627765625000001 0.1110140625000001 0.5627765625000001
0 0.11209375000000003 0.40382968750000003 0.07352500000000003 0.40382968750000003 0.07352500000000005 0.4611375 0.11209375000000003 0.4611375
0 0.15930312500000005 0.43734687499999997 0.13010937500000003 0.43734687499999997 0.13010937500000003 0.4607796875 0.15930312500000005 0.4607796875
0 0.15966875000000005 0.4636671875 0.13010937500000003 0.4636671875 0.13010937500000003 0.4759171875 0.15966875000000005 0.4759171875
0 0.19355000000000006 0.4377109375 0.16759375000000004 0.4377109375 0.16759375000000004 0.46114375 0.19355000000000006 0.46114375
0 0.18850468750000005 0.464746875 0.16868750000000005 0.464746875 0.16868750000000005 0.4773609375 0.18850468750000005 0.4773609375
0 0.07910652473545801 0.49926271710499825 0.07871487396876446 0.40403990465563683 0.012666161733306456 0.40431156255063855 0.013057812499999998 0.499534375
0 0.21004062500000006 0.4025046875 0.16816718750000004 0.4025046875 0.16816718750000004 0.44888125 0.21004062500000006 0.44888125
0 0.21071568727518258 0.4968450253552539 0.21049030307937647 0.4526446802888303 0.1689133874985916 0.4528566872238032 0.16913877169439775 0.4970570322902267
0 0.16048593750000006 0.483146875 0.11851250000000005 0.483146875 0.11851250000000006 0.6026453125 0.1604859375000001 0.6026453125
0 0.2705921875000001 0.40232812500000004 0.2150781250000001 0.40232812500000004 0.2150781250000001 0.4973609375 0.2705921875000001 0.4973609375
0 0.33959687500000013 0.48626874999999997 0.32383593750000006 0.48626874999999997 0.32383593750000006 0.4967765625 0.33959687500000013 0.4967765625
0 0.3174640625000001 0.4866390625 0.3024578125000001 0.4866390625 0.3024578125000001 0.49676875000000004 0.3174640625000001 0.49676875000000004
0 0.31671093750000007 0.4016453125 0.2744953125000001 0.4016453125 0.2744953125000001 0.49639531249999996 0.31671093750000007 0.49639531249999996
0 0.36811875 0.49602187499999995 0.36738612244196295 0.4014518677167181 0.3232166592058338 0.40179404561138143 0.32394928676387086 0.4963640528946633
0 0.39444249710836066 0.5995478116245598 0.3941178921448595 0.5050255512943969 0.32533821315043826 0.5052617520063944 0.32566281811393943 0.5997840123365574
0 0.31764843750000005 0.6007078124999999 0.31727187500000004 0.5065015625 0.24515046759487022 0.5067898471676945 0.2455270300948702 0.6009960971676944
0 0.2611765625000001 0.5447984375 0.21539062500000009 0.5447984375 0.21539062500000009 0.6018328125 0.2611765625000001 0.6018328125
0 0.1591983902770411 0.4037136973712889 0.11820312500000008 0.403334375 0.11778821111442564 0.44817619318345525 0.15878347639146667 0.44855551555474416
0 0.12608437500000005 0.4517421875 0.08368125000000005 0.4517421875 0.08368125000000007 0.497896875 0.12608437500000005 0.497896875
0 0.5187578125000001 0.5991625 0.51782928578966 0.4793605959642 0.47845821333029415 0.4796657421360198 0.47938674004063414 0.5994676461718199
0 0.47103906249999994 0.504375 0.39956562500000004 0.5041734375 0.3994303585720011 0.5521384934376471 0.47090379607200095 0.5523400559376471
0 0.471034375 0.5243578125 0.4449859375 0.5243578125 0.4449859375 0.5380890625 0.471034375 0.5380890625
0 0.4712421875 0.540715625 0.4468078125 0.540715625 0.4468078125 0.563525 0.4712421875 0.563525
0 0.47245312500000003 0.5554578125 0.43126406250000004 0.5554578125 0.43126406250000004 0.59906875 0.47245312500000003 0.59906875
0 0.9264640625 0.5017812500000002 0.8856296875 0.5017812500000002 0.8856296875 0.5225093750000002 0.9264640625 0.5225093750000002
0 0.9249218750000001 0.5602468750000001 0.8856375 0.5602468750000001 0.8856375 0.5952031250000002 0.9249218750000001 0.5952031250000002
0 0.9233750000000001 0.3969125000000001 0.8803703125 0.3969125000000001 0.8803703125 0.4532062500000002 0.9233750000000001 0.4532062500000002
0 0.8599609375 0.4352796875000002 0.8367625000000001 0.4352796875000002 0.8367625000000001 0.4550718750000001 0.8599609375 0.4550718750000001
0 0.8611906250000001 0.4593968750000002 0.83675625 0.4593968750000002 0.83675625 0.4696031250000002 0.8611906250000001 0.4696031250000002
0 0.8284078125000001 0.46063750000000014 0.80706875 0.46063750000000014 0.80706875 0.47270468750000016 0.8284078125000001 0.47270468750000016
0 0.8277890625 0.4349609375000002 0.800871875 0.4349609375000002 0.800871875 0.4572375000000002 0.8277890625 0.4572375000000002
0 0.7826203125 0.3969125000000001 0.7281734375 0.3969125000000001 0.7281734375 0.49497500000000016 0.7826203125 0.49497500000000016
0 0.6734328125 0.48630625 0.6557999999999999 0.48630625 0.6557999999999999 0.49527968749999995 0.6734328125 0.49527968749999995
0 0.695703125 0.484765625 0.6802406249999999 0.484765625 0.6802406249999999 0.4955984375 0.695703125 0.4955984375
0 0.5636078125 0.3993890625000001 0.5243234375 0.3993890625000001 0.5243234375 0.45847812499999996 0.5636078125 0.45847812499999996
0 0.5207265624999999 0.3990906250000001 0.4785109375 0.3990906250000001 0.4785109375 0.44266562499999995 0.5207265624999999 0.44266562499999995
0 0.5513140625 0.4461203125 0.5077859375 0.4461203125 0.5077859375 0.49592187499999996 0.5513140625 0.49592187499999996
0 0.19775625000000002 0.5296421875 0.16819843750000005 0.5296421875 0.16819843750000005 0.538784375 0.19775625000000002 0.538784375
0 0.19723125000000005 0.5430890625 0.16901250000000007 0.5430890625 0.16901250000000007 0.562971875 0.19723125000000008 0.562971875
0 0.24093628734791692 0.5524416622763048 0.240337369004444 0.5063883647123046 0.1678068538523328 0.5073316165158432 0.16840577219580571 0.5533849140798434
0 0.2117281250000001 0.5562234375 0.1687515625000001 0.5562234375 0.1687515625000001 0.6018749999999999 0.2117281250000001 0.6018749999999999
0 0.4261453125 0.5991015625 0.42581529577604604 0.5317046399791431 0.384890595396279 0.5319050324457865 0.385220612120233 0.5993019549666434
0 0.4082828125 0.5321015625000001 0.3986875000000001 0.5321015625000001 0.3986875000000001 0.5402015625 0.4082828125 0.5402015625
0 0.3957031250000001 0.53176875 0.3844531250000001 0.53176875 0.3844531250000001 0.540534375 0.3957031250000001 0.540534375
0 0.2405265625000001 0.5298828125 0.2341421875000001 0.5298828125 0.2341421875000001 0.5397921875 0.2405265625000001 0.5397921875
0 0.2605125000000001 0.530390625 0.24523437500000006 0.530390625 0.24523437500000006 0.5399609375 0.2605125000000001 0.5399609375
0 0.9143109375 0.5263406250000002 0.8845453125 0.5263406250000002 0.8845453125 0.5542328125000002 0.9143109375 0.5542328125000002
0 0.9878765625 0.5956390624999999 0.9870156468331972 0.5013703679990903 0.9174980177887468 0.5020052427714653 0.9183589334555495 0.5962739372723749
0 0.9870203125 0.4923 0.9866796875 0.3964890625 0.9163162066811992 0.3967392172451605 0.9166568316811992 0.49255015474516045
0 0.924915625 0.47673593750000015 0.9163593750000001 0.47673593750000015 0.9163593750000001 0.4929906250000002 0.924915625 0.4929906250000002
0 0.9114525480638693 0.44609929616847577 0.865143645918155 0.4458808201325565 0.8649192228542859 0.4934502739640808 0.9112281250000003 0.49366875000000016
0 0.8773734375 0.39802812500000007 0.835946875 0.39802812500000007 0.835946875 0.4430046875000002 0.8773734375 0.4430046875000002
0 0.8272460327905804 0.44191741404623136 0.8268101846950084 0.39765392674023753 0.7862687499999998 0.39805312499999995 0.7867045980955717 0.44231661230599384
0 0.8286640625 0.4455968750000002 0.787109375 0.4455968750000002 0.787109375 0.49376093750000016 0.8286640625 0.49376093750000016
0 0.8779125000000001 0.5970671874999999 0.8766171813575984 0.4767138947053125 0.8360293421736366 0.477150726831206 0.8373246608160383 0.5975040196258934
0 0.8283625000000001 0.5208906250000002 0.800246875 0.5208906250000002 0.800246875 0.5312281250000002 0.8283625000000001 0.5312281250000002
0 0.8292718750000001 0.5343187500000002 0.7997 0.5343187500000002 0.7997 0.5566328125000002 0.8292718750000001 0.5566328125000002
0 0.829509375 0.5523859375000002 0.7859 0.5523859375000002 0.7859 0.5976328125000002 0.829509375 0.5976328125000002
0 0.7492796154578978 0.5021452524275944 0.6809693999777175 0.5014720046027812 0.6800222027085253 0.597578144386764 0.7483324181887056 0.5982513922115772
0 0.6741790101006018 0.59788742486477 0.6733832115587507 0.5024448398859345 0.6030735382485609 0.5030310806663019 0.603869336790412 0.5984736656451374
0 0.6160246305257202 0.5272939100808991 0.5756304611348657 0.5269912921245562 0.5750892951434892 0.599227424403064 0.6154834645343437 0.5995300423594069
0 0.5522171874999999 0.5246234375000001 0.5257546875 0.5246234375000001 0.5257546875 0.536496875 0.5522171874999999 0.536496875
0 0.5522109375 0.5402015625 0.5255 0.5402015625 0.5255 0.55998125 0.5522109375 0.55998125
0 0.598734375 0.5037515625 0.525759375 0.5037515625 0.525759375 0.551009375 0.598734375 0.551009375
0 0.570871875 0.5535375 0.52691875 0.5535375 0.52691875 0.599440625 0.570871875 0.599440625
0 0.07962343750000007 0.4803265625 0.07166406250000007 0.4803265625 0.07166406250000007 0.49918125 0.07962343750000007 0.49918125
0 0.5991546875 0.526540625 0.59049375 0.526540625 0.59049375 0.535565625 0.5991546875 0.535565625
0 0.615384375 0.526546875 0.603290625 0.526546875 0.603290625 0.5359234374999999 0.615384375 0.5359234374999999
0 0.5615796875 0.4807546875 0.555975 0.4807546875 0.555975 0.49589062500000003 0.5615796875 0.49589062500000003
0 0.627546875 0.49515000000000003 0.627255315707008 0.39815385840115614 0.5557344540939655 0.3983688419201121 0.5560260133869573 0.4953649835189561
0 0.6731600907378915 0.49440298405239735 0.6720159452255858 0.39757043582824886 0.6308999999999999 0.3980562499999999 0.6320441455123056 0.4948887982241484
0 0.7255234375 0.4944109375000001 0.7235185642662523 0.3961547566129395 0.6787187707051602 0.39706887627622356 0.6807236439389079 0.49532505716328423
0 0.7487640625 0.5241171875000001 0.7392203125 0.5241171875000001 0.7392203125 0.5328937500000002 0.7487640625 0.5328937500000002
0 0.8284447055428933 0.5014288631867222 0.754071875 0.5012703125000001 0.7539707101091457 0.5487246593712883 0.828343540652039 0.5488832100580104
0 0.781675 0.5244828125000002 0.73995625 0.5244828125000002 0.73995625 0.5977265625000002 0.781675 0.5977265625000002
0 0.764271875 0.5239078125000002 0.7533875 0.5239078125000002 0.7533875 0.5325562500000002 0.764271875 0.5325562500000002
0 0.07435000000000005 0.37796562499999997 0.009837500000000048 0.37796562499999997 0.009837500000000048 0.3936359375 0.07435000000000005 0.3936359375
0 0.27336250000000006 0.376871875 0.2088484375000001 0.376871875 0.2088484375000001 0.392178125 0.27336250000000006 0.392178125
0 0.9870281249999999 0.3725046875000001 0.9243375 0.3725046875000001 0.9243375 0.3859890625000001 0.9870281249999999 0.3859890625000001
0 0.785103125 0.37323281250000007 0.7216843749999999 0.37323281250000007 0.7216843749999999 0.38671718750000006 0.785103125 0.38671718750000006
0 0.6265468750000001 0.3743234375000001 0.5627625 0.3743234375000001 0.5627625 0.3874453125000001 0.6265468750000001 0.3874453125000001
0 0.430096875 0.3754171875000001 0.3652218750000001 0.3754171875000001 0.3652218750000001 0.38926562500000006 0.430096875 0.38926562500000006
0 0.07325781250000006 0.6152484375 0.009473437500000074 0.6152484375 0.009473437500000076 0.627640625 0.07325781250000006 0.627640625
0 0.3207484375000001 0.612334375 0.2547796875000001 0.612334375 0.2547796875000001 0.6243624999999999 0.3207484375000001 0.6243624999999999
0 0.98885 0.6072234375000002 0.9265203124999999 0.6072234375000002 0.9265203124999999 0.6232578125000001 0.98885 0.6232578125000001
0 0.7413578125 0.6086796875000001 0.678303125 0.6086796875 0.678303125 0.6225296875 0.7413578125 0.6225296875000002
0 0.67611875 0.6105140625 0.6119703125 0.6105140625 0.6119703125 0.6229078125 0.67611875 0.6229078125
0 0.3863531250000001 0.6108781249999999 0.32256875000000007 0.6108781249999999 0.32256875000000007 0.6261828125 0.3863531250000001 0.6261828125