0 0.6537693703124999 0.4709875546875 0.6491051633110351 0.366042907617668 0.5897636296875 0.36868030937499996 0.5944278366889648 0.47362495644483193
0 0.5709534530751824 0.40896099539770514 0.5464523328125 0.40877950625 0.5462853234873177 0.43132584366479493 0.5707864437500001 0.4315073328125001
0 0.5678364370638657 0.43498599586316156 0.5476170734374999 0.4348362234375 0.5475048207486342 0.4499904010118385 0.567724184375 0.4501401734375
0 0.5389370298202203 0.4087305018827253 0.5110826296875 0.40852417343749997 0.5109358592422797 0.4283382262422748 0.538790259375 0.42854455468750013
0 0.5392576675193532 0.4328332728737835 0.5117657781250001 0.4326296296875 0.5116707777931468 0.44545470212621663 0.5391626671874999 0.4456583453125001
0 0.5865725187499999 0.415416271875 0.5842410876935651 0.3673148891457614 0.5454992783787522 0.3691926700388278 0.5478307094351871 0.4172940527680664
0 0.5888397406250001 0.47058990156249997 0.5859493423733079 0.4181792515995246 0.5458573989962014 0.42039028472210554 0.5487477972478938 0.4728009346850809
0 1 0.4880732953125002 0.9798715921875001 0.4880732953125002 0.9798715921875001 0.5881444875000001 1 0.5881444875000001
0 0.9803307586700829 0.5511059391965143 0.9361454812500002 0.5507786421875002 0.9358750553924173 0.587286282678486 0.9800603328124999 0.5876135796875002
0 0.9787700544267901 0.4865123146467211 0.9332875562500001 0.4861754078125001 0.9331053549482103 0.5107726244157791 0.9785878531250003 0.5111095312500001
0 0.9790533703125002 0.5476376171875 0.9776776428001362 0.5166837704499574 0.9665499624999999 0.5171783343749999 0.9679256900123638 0.5481321811125427
0 0.9632090375000001 0.5455858890625 0.9618809921044912 0.5157048668429576 0.9342596671874999 0.51693248125 0.9355877125830088 0.5468135034695425
0 0.9706939250000002 0.4372620234375 0.9678824896655636 0.3740047114350275 0.9268371109375 0.37582895000000005 0.9296485462719366 0.4390862620024725
0 0.9105053743316078 0.41144787164866925 0.8780694078125 0.41120760468750006 0.8778843303558922 0.43619300491383106 0.910320296875 0.4364332718750001
0 0.9111346791449387 0.43951829032455125 0.8789271859375001 0.43927971718750014 0.8788304333550613 0.4523413643629489 0.9110379265624999 0.45257993750000003
0 0.8705392998952813 0.4115400326195947 0.8415566671875 0.4113253453125002 0.8413715891672189 0.4363107455054056 0.8703542218750002 0.4365254328125001
0 0.87005599933357 0.44036529109272865 0.8482200359375 0.44020354218750013 0.8481204069164299 0.4536533745322716 0.8699563703125 0.45381512343750013
0 1 0.3764404437500001 0.9652185921875001 0.3764404437500001 0.9652185921875001 0.4782701343750002 1 0.4782701343750002
0 0.8690866610565843 0.42176326434025285 0.866859900893423 0.3716611713772747 0.8222976296874999 0.3736417171875 0.8245243898506611 0.42374381015047813
0 0.870245075 0.4748186796875 0.8688675865793254 0.42592955089692985 0.8241976296875 0.4271881609374999 0.8255751181081747 0.47607728972807006
0 0.927835778125 0.58783653125 0.9241055238853264 0.4587854485588044 0.8793808110083143 0.46007822771531004 0.8831110652479879 0.5891293104065056
0 0.8214211843750002 0.47478191406250014 0.8167797314663536 0.370349225227689 0.757700925 0.37297495 0.7623423779086466 0.4774076388348112
0 0.7054681414923964 0.4620952313274985 0.6880753328125 0.46196639531250006 0.6879923397576038 0.47317042336000154 0.7053851484375001 0.47329925937500006
0 0.7282681167588017 0.46265898887257706 0.7117012234375 0.46253627187500007 0.7116212176161986 0.4733371220649231 0.7281881109375001 0.4734598390625001
0 0.7579793703125 0.4728841109375 0.7534128463034313 0.3701373279098757 0.7084864143041146 0.37213405836041946 0.7130529383131833 0.47488084138804376
0 0.7053657789987877 0.47148290966869555 0.7003341210360858 0.36907189879381186 0.653164079754952 0.3713894573432842 0.6581957377176539 0.47380046821816785
0 0.7074438890625 0.5827501359375 0.7040892302113649 0.4791828119650073 0.631024659982907 0.4815494532744455 0.6343793188340421 0.5851167772469383
0 0.7908451812254625 0.48470901729051913 0.7128478531250001 0.4837244578125001 0.7115802981356562 0.5841408415825949 0.7895776262361187 0.585125401060614
0 0.8260405921875 0.5862161109374999 0.8232244132718544 0.522852079639533 0.7744984078125001 0.5250176796875001 0.7773145867281457 0.588381710985467
0 0.9228228156249999 0.42308697500000003 0.9224665869781689 0.3749959626265867 0.8770847406250002 0.37533212343749994 0.8774409692718314 0.4234231358109133
0 0.9616032593750002 0.4763917765625001 0.9590089152025882 0.42458061312925854 0.9141851859375001 0.4268250749999999 0.9167795301099121 0.4786362384332413
0 0.5443206671874999 0.5812819015625 0.5391483799212478 0.4520143766433143 0.49722960449983156 0.4536916420544423 0.5024018917660837 0.582959166973628
0 0.6262352378217007 0.48059676218775926 0.548728703125 0.4802411718750001 0.5484940258484918 0.5313927972752379 0.6260005605451925 0.531748387587997
0 0.578225451765839 0.5017676487193701 0.5496810359375001 0.5015562093750001 0.5495725841716612 0.5161972512806301 0.578117 0.5164086906250002
0 0.5775596724781888 0.5192053084447789 0.550234853125 0.5190029015625 0.5500546993968112 0.5433235571802213 0.57737951875 0.5435259640625001
0 0.5954087765624999 0.58113050625 0.593556751038733 0.5345065965792717 0.5497647913944923 0.5362461295264159 0.5516168169182593 0.5828700391971442
0 0.10752212123777778 0.4742072214015307 0.06281907500000006 0.47387608750000004 0.06265536001222233 0.4959775957859695 0.10735840625000007 0.49630872968750017
0 0.11107238855779118 0.5365763205867128 0.06723577812500006 0.5362516046875 0.06695968644220897 0.5735239512882871 0.11079629687500007 0.5738486671874999
0 0.10968292500000001 0.42242695 0.10690868028016165 0.36000644217936617 0.061142518749999986 0.36204049374999997 0.06391676346983835 0.4244610015706338
0 0.15644269345273124 0.40365794894700874 0.13060307343750005 0.40346654375 0.13044675029726885 0.4245701010529913 0.15628637031250003 0.42476150625000003
0 0.1570625372296493 0.42937907025873 0.13043474062500007 0.42918182812499994 0.13035412995785084 0.4400643125537701 0.15698192656250007 0.4402615546875001
0 0.1888909386074292 0.4309377341905522 0.16546188906250003 0.4307641859375 0.16536658014257088 0.4436309095594478 0.18879562968750005 0.4438044578125
0 0.19484831560511945 0.4036025464059729 0.16490462968750008 0.403380740625 0.1647286843948807 0.42713328015652713 0.19467237031250006 0.4273550859375
0 0.2740064078125001 0.46818282812500006 0.2692239433202899 0.36057738106875986 0.21128085156249998 0.36315262968750006 0.21606331605471013 0.47075807674374026
0 0.3512900596037538 0.45951167614138894 0.33198544531250007 0.45936867968750006 0.3319145716462464 0.4689366707336112 0.3512191859375001 0.46907966718750005
0 0.32524985701559045 0.45767599417105176 0.30815740781250006 0.4575493828125001 0.30807184767190965 0.4690999448914486 0.32516429687500004 0.4692265562500002
0 0.4897161859375 0.4308634937500001 0.4868185496359431 0.36566667858122864 0.44501159218749997 0.36752476562499997 0.4479092284890568 0.4327215807937714
0 0.53754693305958 0.41359883372916995 0.536729130905333 0.3669064711379102 0.4916122234375 0.36769667968749997 0.492430025591747 0.41438904227875967
0 0.5087373590860123 0.4700626347811515 0.5067540818318643 0.41738077692092457 0.4605242678164025 0.41912115856888404 0.46250754507055036 0.47180301642911104
0 0.8734621694969578 0.5095893999911087 0.8414282218750001 0.5093521109375001 0.8413560148780425 0.5191000328213915 0.8733899625000001 0.5193373218750001
0 0.8738253349857436 0.5239307000917776 0.842625703125 0.5236995921875001 0.8424686650142563 0.5448997811582227 0.8736682968749999 0.5451308890625002
0 0.8732376758518026 0.48580133455266 0.794926778125 0.48464567968750016 0.7942062258944796 0.5334726207857756 0.8725171236212823 0.5346282756509354
0 0.8757759625 0.5862929515624999 0.8735291369623969 0.5357393727283981 0.8277929060222441 0.5377720939331078 0.830039731559847 0.5883256727672097
0 0.644153259375 0.5817798140625 0.6420158373621063 0.5085449475377923 0.598265853125 0.509821828125 0.6004032751378936 0.5830566946497078
0 0.6276661229780949 0.5103911574394655 0.6169831468750001 0.5103120234375 0.6169191707719052 0.5189487050605346 0.6276021468749999 0.5190278390625
0 0.6428704921692912 0.5101488988378974 0.6303857046875 0.5100564187500001 0.6303164718932088 0.5194028277246028 0.642801259375 0.5194953078125001
0 0.8030977406250003 0.5198912843750001 0.8026122996212275 0.5089688698630862 0.7958179625 0.5092708406249999 0.7963034035037729 0.5201932551369137
0 0.7913496629814983 0.5097792284850285 0.7745237031250001 0.5096545921875002 0.7744481151435019 0.5198590058899718 0.7912740750000001 0.5199836421875002
0 0.11023929878259328 0.5004153891710524 0.07694670312500007 0.5001687765625 0.07672640434240684 0.5299090170789476 0.11001900000000006 0.5301556296875
0 0.07564190021466713 0.5729878547113278 0.07241453026754634 0.4720313835094254 0.021052148437500005 0.4736733328125 0.024279518384620793 0.5746298040144024
0 0.07169055410525975 0.4637876180586714 0.07061916496903478 0.36081641342439896 0.0160615140625 0.361384071875 0.017132903198724982 0.4643552765092724
0 0.0731806671875 0.4645792593750001 0.0723890822046038 0.44676862454590716 0.06328340624999998 0.4471733218750001 0.06407499123289619 0.4649839567040931
0 0.12806601839625914 0.46403960119872145 0.1254766400548164 0.4140786990055309 0.07616167626850866 0.4166345995904227 0.07875105460995138 0.4665955017836133
0 0.15623361691688262 0.4103581000082948 0.15437559007433813 0.36192770752702275 0.11055597754298732 0.36360884228851853 0.11241400438553181 0.4120392347697906
0 0.20899603593749996 0.41108657968749995 0.20737914981863542 0.3624104599474808 0.16418881562499998 0.36384512343750003 0.1658057017438645 0.4125212431775192
0 0.2107700359375 0.465846690625 0.20878173958437488 0.41456279208419244 0.1647169822694713 0.41627119957199 0.16670527862259638 0.46755509811279755
0 0.1624245546875 0.5762537656250001 0.15798144209991466 0.44651827262547605 0.11474444959449741 0.4479990302902337 0.11918756218208275 0.5777345232897577
0 0.1989283878032391 0.49526092557982715 0.16836666562500008 0.49503454375 0.16828501844676108 0.506056975982673 0.19884674062500007 0.5062833578125001
0 0.20081068651458187 0.5095934867544232 0.16803325937500008 0.5093506906249999 0.16785701817291826 0.5331432163705768 0.20063444531250005 0.5333860125000001
0 0.21708755468749996 0.5768386171875 0.21512999362851576 0.5283731262827557 0.16873592882211746 0.5302470207370902 0.17069348988110172 0.5787125116418343
0 0.32970425937500003 0.5778610859375 0.32450747179835326 0.47212379270304095 0.2519370560336896 0.47569049110756356 0.25713384361033637 0.5814277843420227
0 0.4088937386728583 0.4777787222280919 0.3328088140625 0.47673239531249995 0.3314102994648088 0.5784270723261591 0.40749522407516714 0.579473399241751
0 0.4421387781249999 0.5805949750000001 0.43820503602187155 0.50290442838557 0.39525874871436106 0.5050789480139752 0.3991924908174894 0.5827694946284052
0 0.49198196450322407 0.5014120501308446 0.46309862968750004 0.5011981 0.4630048511217761 0.5138582358066555 0.4918881859375001 0.5140721859375
0 0.4934294103261886 0.5180339672643945 0.4638438140625 0.5178148140625 0.46368758967381146 0.5389050452356055 0.4932731859375 0.5391241984375
0 0.49137592402312624 0.4795272631208194 0.41304748125 0.4785713453125 0.41243439527444153 0.5288079549180583 0.49076283804756776 0.5297638727263777
0 0.49307103750000003 0.5810605546875001 0.49156231969486724 0.5307599484399651 0.44458333281249995 0.5321690374999999 0.44609205061763274 0.5824696437475348
0 0.9744824812500001 0.477856728125 0.9735691028291168 0.4573057080669075 0.9650986296874999 0.45768217343750006 0.9660120081083832 0.4782331934955925
0 0.4227890375 0.5125673328125001 0.42233993791434193 0.5024625863948547 0.41312285312499997 0.5028722343750001 0.41357195271065805 0.5129769807926453
0 0.4092300585074458 0.5028500632159346 0.39581148125 0.502750665625 0.3957374227425542 0.5127484914715654 0.409156 0.5128478890625001
0 0.4577281484375 0.4705200734375 0.4569968420765897 0.4540656962414304 0.45103225937499997 0.4543307890625 0.45176356573591026 0.47078516625856964
0 0.45703336948069956 0.46975073003362794 0.4559479124199196 0.3654993324735548 0.37897059218749996 0.3663008140625 0.3800560492482799 0.47055221162257305
0 0.37641466718750005 0.46833993749999997 0.3731077810184521 0.3635983717995201 0.32929829687500006 0.36498151874999996 0.33260518304404807 0.4697230844504799
0 0.32462431761825655 0.46695994242376343 0.32182814138582294 0.3627709893849342 0.27402735140035483 0.3640538454742847 0.2768235276327885 0.468242798513114
0 0.26409002253518643 0.4991841392718907 0.25342462968750007 0.49910513593750006 0.2533553102773137 0.5084632060406094 0.26402070312500003 0.508542209375
0 0.24756963291229375 0.4746978929885154 0.16772566718750007 0.4742766296874999 0.1674586714815677 0.524881550509565 0.24730263720636136 0.5253028138105804
0 0.2662868890625 0.5771880625 0.2625286234923154 0.49717753997262565 0.21814077115810768 0.49926253244477226 0.22189903672829225 0.5792730549721465
0 0.24896134458877425 0.4988488133279724 0.23687303750000005 0.4987592703125 0.23680473041122582 0.5079807272970277 0.24889303750000003 0.5080702703125001
0 1.0001237673221781 0.3487925652329409 0.9658709624999998 0.34853884062500007 0.9657471951760419 0.3652474209448305 0.9999999999982203 0.3655011455527713
0 0.8232006324246571 0.3463157392781108 0.7535391109375001 0.34579972812500015 0.753418219137843 0.3621201247843894 0.823079740625 0.3626361359375001
0 0.05970450217300306 0.33600341321623506 0.014918740625000038 0.3356716671875 0.014812238451997018 0.35004947584626495 0.059598000000000026 0.350381221875
0 0.2759023540915221 0.33838128979924614 0.2075099265625 0.33787467812500005 0.20740342403347797 0.35225248832575395 0.2757958515625 0.3527591000000001
0 0.445450676620686 0.34080015378182 0.37668829531250003 0.34029080312500004 0.37658465619181414 0.3542820930931801 0.4453470375000001 0.35479144375000005
0 0.6562527107918068 0.34352793269691606 0.5862868140624999 0.343009665625 0.5861774360831931 0.35777565949058404 0.6561433328125 0.3582939265625001
0 1.000097875469687 0.601810712499671 0.9782849250000002 0.6016491359375001 0.9781870495303133 0.6148623937503291 1.0000000000000002 0.6150239703125001
0 0.785188667972719 0.5971114838497462 0.7141567765625002 0.5965853203125 0.7140617757772812 0.6094103927127539 0.7850936671875001 0.6099365562500001
0 0.06864460664225928 0.5863538766282063 0.026046148437500066 0.5860383328125 0.025919505857740853 0.6031350983717937 0.06851796406250008 0.6034506421875
0 0.33335783526643586 0.5898675379984886 0.26533351875000005 0.5893636546875001 0.2652241287960643 0.6041313135640115 0.3332484453125001 0.6046351968750001
0 0.40411925887415984 0.5923477195576548 0.33500881562500007 0.5918357890624999 0.3349109270633403 0.6050507116923451 0.40402137031250007 0.6055626421875
0 0.7129925090949294 0.5950238745657969 0.6441094078125003 0.5945136296875 0.6439885284050709 0.6108323598092033 0.7128716296875001 0.6113426046875001