0 0.6311286859374999 0.6312320265625 0.6307889935315782 0.572918305279473 0.53065297806044 0.5735016232922219 0.5309926704663617 0.631815344575249
0 0.5906494921875001 0.551800653125 0.5904047863418855 0.5288217669040611 0.5682960407938644 0.5290572064820627 0.568540746639479 0.5520360927030016
0 0.5650664125 0.5481356203125001 0.5648644919057526 0.529011384456459 0.550002759375 0.5291683 0.5502046799692473 0.5482925358560411
0 0.59031125625 0.520550653125 0.5900313639869548 0.4941567239686817 0.5706018533085951 0.49436276262557977 0.5708817455716405 0.5207566917818981
0 0.5666751265625 0.5203071890625 0.5663955889410711 0.4939467027230597 0.553819425 0.49408006562500006 0.5540989626214289 0.5204405519644404
0 0.6296439000000001 0.5675784312500001 0.6292708272730094 0.5294918590632909 0.584221941706101 0.5299331303466175 0.5845950144330916 0.5680197025333267
0 0.5812276364361713 0.56731586317714 0.5805748559334482 0.5278771897908907 0.5298634148097768 0.5287165547387508 0.5305161953124999 0.568155228125
0 0.5207806921875002 0.9509656859375 0.4222809000000002 0.9509656859375 0.4222809000000002 1 0.5207806921875002 1
0 0.45841263750000005 0.9471715687499997 0.4579714716307214 0.9055389669457062 0.4221723658086769 0.9059183173335015 0.42261353167795557 0.9475509191377951
0 0.5217618375 0.94869444375 0.5213007727525951 0.9052392017565616 0.49717930349293615 0.9054951331153818 0.49764036824034114 0.9489503751088202
0 0.4915901609375001 0.9477336593750001 0.49152656586327054 0.9368003511856738 0.4616974578125001 0.9369738562500002 0.4617610528867296 0.9479071644393265
0 0.49143475 0.9322843140625002 0.4912757107377099 0.9051413937939705 0.463258425 0.9053055562499999 0.46341746426229 0.9324484765185297
0 0.62987120625 0.9435424843750001 0.6296358268779426 0.9032063967876646 0.5695218593749999 0.9035571890625 0.5697572387470574 0.9438932766498356
0 0.5941996015624998 0.8845702609374998 0.5938745134261988 0.8539247220478139 0.5693724046875 0.854184640625 0.5696974928238011 0.884830179514686
0 0.5666770515625 0.8847320265624999 0.566350620909289 0.8537620586418375 0.553542484375 0.8538970593749999 0.553868915028211 0.8848670272956622
0 0.5934037765625 0.8453758171874999 0.5931146928680862 0.8181143593500115 0.5686125625 0.8183741828125 0.5689016461944137 0.8456356406499882
0 0.5651222234375 0.8443970593749999 0.5649028446356175 0.8236108050668015 0.5517140328765022 0.8237500002137035 0.5519334116783847 0.8445362545219017
0 0.6297918000000002 0.9382467312499999 0.5301013437500002 0.9382467312499999 0.5301013437500002 1 0.6297918000000002 1
0 0.6302091875 0.8445604578125 0.629745896875 0.8007712421875002 0.5812571435065375 0.8012842539994935 0.5817204341315375 0.8450734696244933
0 0.5773937032864598 0.8006063131883817 0.5311073806674206 0.8005735297202877 0.5310765513977401 0.8441007587019517 0.5773628740167793 0.8441335421700457
0 0.5462342012218281 0.8969800847658027 0.5459792975066091 0.8530850800017298 0.42102424665758836 0.8538107094182884 0.4212791503728074 0.8977057141823612
0 0.629873928125 0.79550326875 0.6295359749148088 0.7374477326642863 0.529892446875 0.738027778125 0.5302304000851911 0.7960833142107137
0 0.5409019593750001 0.6822794124999999 0.5407263263934795 0.6657444296682529 0.5297413578124999 0.6658611109374999 0.5299169907940204 0.682396093769247
0 0.5407501453125001 0.7046388890624999 0.5405838964263217 0.6888963219354513 0.5299926453868489 0.6890081705097237 0.5301588942730273 0.7047507376367724
0 0.6299309734375 0.7333643796875001 0.6296736456669157 0.68921492272418 0.5304806911572022 0.6897930748374177 0.5307380189277864 0.7339425318007379
0 0.6291853016447949 0.6821059468128683 0.6291050553421361 0.6358578241880048 0.530214053125 0.6360294125000001 0.5302942994276588 0.6822775351248636
0 0.5205139041258253 0.6090308711696054 0.421818622700345 0.6087225498200032 0.42159433419951986 0.6805184755253977 0.5202896156250001 0.680826796875
0 0.5202217936033442 0.764621674069183 0.5198168151755592 0.6889207358558095 0.42131125625 0.6894477125 0.421716234677785 0.7651486507133736
0 0.4809022875 0.7960441171874999 0.4806241547211165 0.7481604354839386 0.4207576984375 0.7485081703124999 0.42103583121638344 0.7963918520160612
0 0.6298949156249999 0.8968153593749999 0.6292856701984133 0.8539712053857121 0.5824034280109134 0.8546378725732122 0.5830126734374999 0.8974820265625001
0 0.5796969383280774 0.9329403529351472 0.5791922296875 0.888870915625 0.5308964522969226 0.889424026752353 0.5314011609375001 0.9334934640625002
0 0.5460911361748562 0.5201295054590264 0.5460342009273758 0.4789541450390115 0.42069956406250003 0.47912745156250003 0.4207564993099805 0.5203028119825148
0 0.5213406328125 0.603196078125 0.5203381640625 0.5284526140625 0.4701907393174909 0.529125197636601 0.4711932080674909 0.6038686616991009
0 0.49973551250000003 0.555818628125 0.4994464765284132 0.5285114190659284 0.48508794375 0.5286633984375 0.48537697972158683 0.5559706074965716
0 0.4826088234375 0.5540147062499999 0.48233879945812247 0.5283487513213998 0.4584884890625 0.5285996734374999 0.45875851304187754 0.5542656283661
0 0.46726046414818434 0.5703593578136242 0.46721201140389645 0.5273462669259595 0.42131141238543746 0.5273979723472861 0.42135986512972534 0.5704110632349508
0 0.5184612921875 0.09487581718750002 0.5180080522083574 0.052072797203814344 0.4963354765625 0.0523022875 0.49678871654164264 0.09510530748368566
0 0.457328540625 0.09522549062499999 0.45689087824605606 0.05396852498699317 0.4203435547355965 0.05435622651337215 0.4207812171145404 0.09561319215137896
0 0.6281722953125001 0.09973856250000004 0.6279088647263642 0.05476508295929181 0.5688341671875 0.0551111109375 0.5690975977736359 0.10008459047820821
0 0.5885373281249999 0.145576796875 0.58827986600139 0.12121917061649264 0.5675858547612245 0.12143790802642551 0.5678433168848342 0.1457955342849329
0 0.5633217859374999 0.1457303921875 0.5630508053463146 0.12012723449639442 0.5523778874834646 0.12024019531267502 0.5526488680746499 0.1458433530037806
0 0.5623517437500001 0.1767843140625 0.5621149795657002 0.15440735300697417 0.5494979656250001 0.15454085 0.5497347298092998 0.17691781105552584
0 0.589268409375 0.18310784375 0.5889684959224953 0.15484760621985083 0.5656769423881334 0.1550947892177727 0.565976855840638 0.18335502674792187
0 0.6298579156249999 0.25890032656250006 0.6295258068892208 0.20195921068228082 0.5267202625000001 0.20255882343749998 0.5270523712357793 0.2594999393177192
0 0.537185875 0.335129084375 0.5369913219062152 0.31664471259485566 0.5276090046874999 0.3167434640625 0.5278035577812848 0.3352278358426443
0 0.53852618125 0.3095604578125 0.5383541936651376 0.2933374567301631 0.5270278126672812 0.29345753296656135 0.5271998002521434 0.3096805340488983
0 0.6295252359374999 0.472091503125 0.6292862032137585 0.43100702527774065 0.5673049294973084 0.4313676372035508 0.5675439622210499 0.47245211505081014
0 0.6303431374999999 0.52 0.6300879993782098 0.4758506740187355 0.5843800414510492 0.47611481944513095 0.5846351795728393 0.5202641454263955
0 0.5808439734374999 0.48966993437500006 0.5807994570681301 0.4442340107608541 0.5282899596639777 0.4442854575455991 0.5283344760333476 0.48972138115974506
0 0.49727138749999994 0.845300653125 0.4969435240630081 0.8143464846025893 0.4873848031826123 0.814447729611927 0.4877126666196041 0.8454018981343377
0 0.48320370468749996 0.8445343140625001 0.4828900164520121 0.8149251826362297 0.4621012516921609 0.8151454251972696 0.46241493992764876 0.8447545566235399
0 0.520606614165122 0.845373354583233 0.5203624595883614 0.7695012310524901 0.4724562191235826 0.769655392124048 0.47270037370034323 0.8455275156547911
0 0.46930657765403627 0.8448871663567596 0.4690453205604925 0.7999444584157526 0.4212631078125 0.8002222218749999 0.4215243649060437 0.8451649298160069
0 0.4923588922342277 0.5759135481364343 0.4217881700442677 0.5758496735419111 0.4217494124995521 0.6186702650667837 0.492320134689512 0.618734139661307
0 0.4921507625000001 0.6042843140625 0.49204331434903803 0.594207067573984 0.4835726203125 0.5942973859375 0.483680068463462 0.6043746324260161
0 0.49265468437500004 0.6191666671875 0.49253006848424385 0.6073591554822583 0.4833650328124999 0.6074558828125001 0.48348964870325606 0.6192633945177418
0 0.49628968750000013 0.7763447718750001 0.49625177386877894 0.7696664851880608 0.4858583063543193 0.7697254904558675 0.4858962199855405 0.7764037771428067
0 0.4956381625 0.76474673125 0.4954672092415283 0.7487200611254012 0.48545920510475 0.7488268144874334 0.48563015836322165 0.7648534846120321
0 0.492795425 0.09616176406249999 0.4924649693454848 0.06489436378033593 0.4632986203124999 0.0652026140625 0.46362907596701514 0.09647001434466404
0 0.5178546109375 5.739126435720346e-17 0.4194158640625 5.13636295435762e-17 0.4194158640625 0.061465685937500056 0.5178546109375 0.06146568593750007
0 0.6277390328125 7.072814140244643e-17 0.5273391734375 6.458042308152454e-17 0.5273391734375 0.06229248437500007 0.6277390328125 0.06229248437500007
0 0.544309221875 0.06259150312499999 0.5442575979025212 0.053641900663414156 0.5272171031249999 0.053740195312499996 0.5272687270974787 0.06268979777408583
0 0.5771123290196924 0.11589592739605836 0.5764739257473803 0.06740465646059465 0.526661146875 0.0680604578125 0.5272995501473121 0.11655172874796374
0 0.6274972765624999 0.1462009796875 0.6274872063855147 0.10314249201449206 0.5800112562499999 0.10315359531249997 0.5800213264269851 0.14621208298550792
0 0.6281920381046308 0.15575670881982878 0.5818496706964906 0.15556981870211006 0.58167869196686 0.19796670519478138 0.6280210593750001 0.1981535953125001
0 0.5783004718750001 0.19756535937500003 0.5778363881882861 0.15395759333548248 0.5274778678203464 0.15449352007313377 0.5279419515070605 0.1981012861126513
0 0.5449752038459456 0.10415194739158071 0.41891666562499996 0.10352941250000006 0.4187070545212146 0.1459740524638191 0.5447655927421602 0.14659658735539977
0 0.4994252359375002 0.18428267968750003 0.4991128410497553 0.154829802095315 0.48830432031250004 0.15494444375 0.48861671520024486 0.18439732134218503
0 0.485392375 0.18493627500000004 0.48506344966813125 0.15389979930162015 0.4617326796875001 0.154147059375 0.4620616050193688 0.18518353507337987
0 0.4665433360466874 0.19948025056545982 0.46646368068574107 0.15390677364690028 0.4188582223256854 0.1539899805958777 0.41893787768663177 0.19956345751443721
0 0.5203483911753202 0.3089142660010791 0.5195979172282333 0.23756878650790014 0.41925107306945025 0.23862432208981116 0.42000154701653714 0.3099698015829901
0 0.520282240969028 0.3902280079802588 0.5199702629635831 0.3167614440916059 0.42020264492665615 0.31718511032608954 0.4205146229321011 0.39065167421474245
0 0.4954595295705177 0.41921429920966335 0.494952133231343 0.37698600174488245 0.4194985583483253 0.377892618160219 0.4200059546875 0.420120915625
0 0.4985612203125001 0.47135784375 0.4982675051878429 0.44362507331764045 0.48585470168659883 0.44375653613476523 0.48614841681125603 0.4714893065671248
0 0.48227509218750014 0.4717173203125 0.48197848417475253 0.4436863939130311 0.46129756718749987 0.44390522812499994 0.4615941752002475 0.47193615452446885
0 0.5200226260509252 0.47122731506425125 0.5195821954617257 0.39491417953198044 0.4703021359970269 0.39519859250327877 0.4707425665862265 0.4715117280355495
0 0.4682546578494797 0.4702868274097523 0.46785555113320887 0.424216324638753 0.41983170000000003 0.4246323531249999 0.4202308067162709 0.47070285589599925
0 0.5499067890625 0.9459526140624999 0.5498578067575552 0.9376288514691925 0.5301034859375 0.9377450984375002 0.5301524682424448 0.9460688610308076
0 0.4958396875 0.4036683 0.4957879327661751 0.394610854153539 0.4863062828124999 0.3946650328125 0.4863580375463248 0.40372247865896094
0 0.49569099375 0.3902859484375 0.4955565133306896 0.3775922144567002 0.4857527234375 0.377696078125 0.48588720385681033 0.3903898121057997
0 0.5440964421875 0.439486928125 0.5440625542097376 0.43362565684809606 0.5282084234375 0.43371732031249993 0.5282423114152623 0.4395785915894039
0 0.6302176535029153 0.4389890209644209 0.6297811630447311 0.36413671544561843 0.5282537749999999 0.36472875781249997 0.5286902654581842 0.4395810633313024
0 0.6299963477590931 0.3176301553305455 0.5286357955104897 0.3170247307702184 0.5283789540013966 0.360025294189673 0.62973950625 0.3606307187500001
0 0.6309229459983414 0.26376598677624796 0.52794085 0.26226470625000003 0.5272578409239889 0.30911651375949994 0.6302399369223302 0.3106177942857479
0 0.4967278859375 0.24812254843749998 0.4966232740260498 0.2380986586809024 0.4874451703124999 0.23819444375 0.48754978222395007 0.24821833350659758
0 0.5204515625000001 0.2324526140625 0.5194625933961252 0.1545984646058121 0.46984944189464467 0.15522869272240242 0.4708384109985195 0.2330828421790903
0 0.49627241555024765 0.24716096744989874 0.4959071994111507 0.2035318499543269 0.4192904515624999 0.20417320312499995 0.4196556677015969 0.24780232062057178
0 0.496790740625 0.23330392187500001 0.4966680739517483 0.22187842613595907 0.4876256185765525 0.22197550795579754 0.48774828524980424 0.2334010036948385
0 0.6575150187500001 1.0000000000000002 0.6569065238251166 0.9424444270957405 0.6405222234375 0.942617646875 0.6411307183623833 1.0001732197792597
0 0.6565610015625 0.8018627453124999 0.6558453039935574 0.7343222458457149 0.6398416484374999 0.7344918296875 0.6405573460064423 0.802032329154285
0 0.653207771875 0.05361437968750001 0.6526387738162314 -0.00014922605213376765 0.6385386718750001 0 0.6391076699337688 0.05376360573963378
0 0.654690159375 0.26554248437499994 0.6539868818681518 0.1991545673249311 0.6398881063949957 0.1993039220886435 0.640591383901844 0.2656918391387124
0 0.655308278125 0.4317401953125001 0.6545998330759086 0.3649720901821991 0.640880085964951 0.36511766398419 0.6415885310140426 0.43188576911449095
0 0.6563517078125 0.638326796875 0.6556325369968536 0.5704136630013565 0.6411531218751751 0.5705669937665443 0.6418722926908215 0.6384801276401877
0 0.4093939609375 1.0000000000000002 0.40881219830721605 0.9450458410971196 0.3958540317827478 0.9451830204697353 0.39643579441303173 1.000137179372616
0 0.40984898281250004 0.7552630718750001 0.40911925336861643 0.6862167422998658 0.3965414312500001 0.6863496734375 0.39727116069388363 0.7553960030126341
0 0.4077556999999999 0.0527565359375 0.4071951309792855 -0.00017752286515157202 0.39043179687499996 0 0.3909923658957144 0.052934058802651576
0 0.40898177187500007 0.312341503125 0.40828364755885804 0.2463305093296173 0.3938025765626747 0.2464836593915229 0.3945007008788168 0.3124946531869056
0 0.40779967343749995 0.3817205875 0.40708766659541096 0.3145733943039684 0.3941292125387759 0.3147108015061471 0.3948412193808649 0.3818579947021787
0 0.4106214953124999 0.6843643796875 0.40991455200605725 0.6175854988316984 0.3939108939495087 0.6177549188458809 0.39461783725595134 0.6845337997016824