0 0.5767556265624999 0.3776431578125 0.4767920663468156 0.3769026878909342 0.4763669765625001 0.4342898781250001 0.5763305367781844 0.4350303480465659
0 0.5348494109375002 0.4557352734375001 0.5131160201528849 0.4549303327027737 0.5122586046875 0.478080540625 0.5339919954721152 0.4788854813597263
0 0.5095753234375 0.45930310937499985 0.49496755572857476 0.45876208112171757 0.494257234375 0.4779407640625001 0.5088650020839254 0.4784817923157824
0 0.5337041796875001 0.48648281562499995 0.5146045556007526 0.485775422183018 0.5136251640624999 0.5122189953125 0.5327247881492474 0.5129263887544819
0 0.5104346796875002 0.4866851500000001 0.4980720364255139 0.48622727432363017 0.4971000359375001 0.5124712875 0.5094626791994864 0.5129291631763699
0 0.57363993125 0.4402739203125 0.5290438218739275 0.43976395269745583 0.5286151860132299 0.47724768923731614 0.5732112953893024 0.4777576568523603
0 0.5259143734375 0.44045430468750013 0.4751795718371715 0.4395348096182395 0.4744760031250002 0.4783554843750001 0.5252108047253288 0.47927497944426073
0 0.4780101234374999 0.007609454687500046 0.3799532036881013 0.006883107757643335 0.379543765625 0.062157293750000064 0.47760068537439854 0.06288364067985677
0 0.41499207968749996 0.06650781250000005 0.3798007846627728 0.06520443125270813 0.3782512203125 0.10704267031250007 0.41344251533722715 0.108346051559792
0 0.4773793015625 0.06510930156250005 0.45366897959331887 0.06423114155392133 0.45206359375 0.10757656250000006 0.47577391571918115 0.10845472250857877
0 0.4476594625 0.06600682343750006 0.4180384473614711 0.06578740752774948 0.4179587343750001 0.07654861250000006 0.4475797495135289 0.07676802840975064
0 0.44710289375 0.08120783593750004 0.41886953283572154 0.08099869990691204 0.41867166874999995 0.10771034843750005 0.4469050296642784 0.10791948446808805
0 0.5836469578125 0.07034785156250006 0.5235049348232886 0.06990235454108487 0.5232109078125001 0.10959595156250006 0.5833529308017115 0.11004144858391526
0 0.547003453125 0.12831425468750007 0.5229189431723871 0.127422236728359 0.52177998125 0.15817424062500005 0.5458644912026129 0.15906625858414108
0 0.519921459375 0.12811364687500007 0.5073307709942843 0.1276473252268599 0.5061904843749999 0.15843507343750005 0.5187811727557156 0.15890139508564022
0 0.5452003687500001 0.16688061250000005 0.5211158588417912 0.1659885938754459 0.5201002734374999 0.19340940781250007 0.5441847833457089 0.19430142643705423
0 0.5173403593750001 0.1677999531250001 0.5043754846123212 0.1673197720998946 0.50360605 0.18809448593750006 0.5165709247626789 0.18857466696260555
0 0.5852380015625 0.007893950000000054 0.4859074560925408 0.007393461910834534 0.48556516607844624 0.07532685442295894 0.5848957115484055 0.07582734251212446
0 0.5814035968749999 0.16773897812500005 0.5324152776676983 0.16737610195442776 0.532096058161694 0.21047076709230716 0.5810843773689958 0.21083364326287946
0 0.528870975568973 0.16832227549451534 0.48310416537027495 0.1679168078041659 0.4827242468749999 0.21079977500000005 0.5284910570736979 0.21120524269034952
0 0.5000659749999999 0.11603082031250007 0.376083823432416 0.11511244075976781 0.3757638437014241 0.15831002218278323 0.49974599526900815 0.1592284017355155
0 0.5797975468750002 0.2160088125000001 0.48032222107112627 0.2152719576813898 0.47989901250000006 0.27240507187500007 0.579374338303874 0.2731419266936104
0 0.4892831374999999 0.3272741812500001 0.478483089307357 0.32687417938800756 0.4778706093749999 0.34341113437500004 0.48867065756764283 0.34381113623699255
0 0.48971680312500004 0.30527457500000005 0.4793053956867813 0.30488896770731805 0.47872210312499996 0.32063788281250005 0.48913351056321874 0.32102349010518205
0 0.5782357984375001 0.2771506734375001 0.4800059957112487 0.2764230444964418 0.4796841669886964 0.31986987590197613 0.5779139697149478 0.32059750484303445
0 0.5761480875000001 0.3283084078125001 0.47811240996766546 0.3271222974427322 0.4775602000000001 0.3727641531250001 0.5755958775323348 0.373950263494768
0 0.46896052187500004 0.3286723 0.37187248443910237 0.326405768348307 0.3702093281232928 0.3976479160282034 0.4672973655591905 0.39991444767989637
0 0.47106758437499996 0.24642418750000003 0.3730876241308681 0.24470789709151863 0.37176813125 0.32003539375000006 0.469748091494132 0.32175168415848143
0 0.4331923890625001 0.2152444796875 0.37311169853456655 0.21479943887441894 0.372762653125 0.2619207109375001 0.4328433436529335 0.26236575175058113
0 0.582453971875 0.1163226875000001 0.5361478107851384 0.11559220917083776 0.535482561547509 0.15776339636799847 0.5817887226373706 0.1584938746971608
0 0.533100541595558 0.08068914839405768 0.48601036606840287 0.08007505223867675 0.48544470088003555 0.12345144008350273 0.5325348764071907 0.12406553623888368
0 0.4901667543574025 0.4868292193848987 0.3658145915317023 0.48645946697294296 0.3656941171875 0.52697643125 0.49004628001320016 0.5273461836619557
0 0.4679743359375002 0.4050589375000001 0.41868456473065974 0.4030943472871772 0.4157393957986094 0.47698594151316265 0.46502916700544983 0.4789505317259857
0 0.44547493125000004 0.4516398234375001 0.4313617975073304 0.4511171144451664 0.4303536375 0.47833741718750006 0.4444667712426697 0.47886012617983376
0 0.42857431250000005 0.4533897468750002 0.4051305793435082 0.4525214606776469 0.4041736937500001 0.47835737812500023 0.42761742690649196 0.4792256643223535
0 0.4137904609375001 0.43728227968750016 0.3683355557669311 0.4364550132162754 0.36755519843750006 0.47933245312500017 0.4130101036080691 0.48015971959622494
0 0.4519124078125002 0.9052073953124999 0.4306078074860573 0.9044183365399923 0.42902828437500007 0.9470654875 0.450332884701443 0.9478545462725076
0 0.3917545546875001 0.904769821875 0.3558261262358683 0.9034391388768114 0.35428962656250007 0.944924615625 0.39021805501413187 0.9462552986231886
0 0.5600163750000002 0.9005951046874999 0.5007825295596933 0.9001563356513929 0.5004546859375002 0.94441524375 0.559688531377807 0.944854012786107
0 0.5222007265625 0.8554329046875001 0.5018580927460026 0.8546794739040458 0.5009517093750001 0.8791518281249999 0.5212943431914977 0.8799052589084543
0 0.4973858515625002 0.8552426593750001 0.4868957523201975 0.8548541372774248 0.485953078125 0.8803063468750001 0.4964431773673027 0.8806948689725754
0 0.4972406812500001 0.8246865781250001 0.4848378897875647 0.8242272159685886 0.4840110765625002 0.8465511968750002 0.4964138680249356 0.8470105590314118
0 0.5238964515625001 0.8185060734375 0.5010003488581688 0.8176580697771584 0.4999494468750001 0.8460324281250001 0.5228455495793314 0.8468804317853417
0 0.565816421875 0.7439938187499999 0.4632562645700526 0.7432341143045953 0.4628411921875002 0.7992689171874999 0.5654013494924477 0.8000286216329047
0 0.4765937828125001 0.6688446343749999 0.46737078257673553 0.6685030420678582 0.4666886984375 0.6869193296875 0.47591169867326455 0.6872609219946418
0 0.4772475890625002 0.6940042859375001 0.46611350272626184 0.6935919114785188 0.46551202812500003 0.7098316906250001 0.4766461144612384 0.7102440650839813
0 0.5710366796875002 0.5342257484375 0.5090400436620433 0.5337665132468227 0.5087405609375001 0.5741966062500001 0.5707371969629569 0.5746558414406775
0 0.573089615625 0.48708975781249997 0.5271065137211389 0.4867491428804415 0.5267846859375 0.530195975 0.5727677878413613 0.5305365899320584
0 0.5235833031250001 0.5168534953125 0.4707087194052872 0.516821385110767 0.47068159096169737 0.5614927071319151 0.5235561746814102 0.5615248173336481
0 0.45058568593750004 0.16680212031250008 0.4411892415793832 0.16645410389055124 0.44005251874999995 0.19714562343750006 0.4494489631081168 0.1974936398594489
0 0.43671865 0.16753725156250004 0.4162828699600463 0.16678037061662687 0.41518506562499996 0.19642107968750006 0.4356208456649536 0.19717796063337323
0 0.47354424218749996 0.16709279375000002 0.4264342587562752 0.16569453522468885 0.4242128903542155 0.2405366525594587 0.47132287378544024 0.24193491108476986
0 0.42220153221984064 0.16716115445510366 0.3749312975159837 0.1668110035337786 0.37460366718750004 0.21104096718749998 0.42187390189135704 0.2113911181088251
0 0.4391356189089598 0.4318568317295542 0.43902975123482707 0.3896843185888966 0.36918118063897204 0.3898596627920229 0.36928704831310477 0.4320321759326804
0 0.4392714656250001 0.40394253906250005 0.4309461945072523 0.40363419627335 0.4305713953125 0.4137537937500001 0.4388966664302478 0.41406213653915014
0 0.44015636562499993 0.3892987734375001 0.4311469576245856 0.38896509129937695 0.4307083484375001 0.4008075265625 0.43971775643791444 0.40114120870062314
0 0.44782505624999996 0.23465237656250007 0.43743428471221213 0.23457540829726767 0.4373856140625 0.24114598125000003 0.44777638560028776 0.24122294951523243
0 0.44687983750000015 0.2460616890625001 0.43704336177839176 0.24569737547278062 0.43645033906249997 0.26170900312500006 0.44628681478410837 0.2620733167147195
0 0.42668363750000005 0.9039044531250001 0.39801573109421207 0.9028426781636514 0.3968499453125001 0.934318875 0.42551785171828804 0.9353806499613487
0 0.4500776468750002 0.9380409796875 0.3518886546875001 0.9380409796875 0.3518886546875001 1 0.4500776468750002 1
0 0.5583176734375002 0.9373428 0.4581310671875002 0.9373428 0.4581310671875002 1 0.5583176734375002 1
0 0.4765114328125001 0.9370172562500001 0.4595255130637762 0.9368914334585282 0.45946028437499997 0.945697225 0.47644620412372385 0.9458230477914717
0 0.5099785625000001 0.884615671875 0.4599904906105083 0.8838759519743015 0.45928414843750004 0.9316084562499999 0.5092722203269918 0.9323481761506984
0 0.5605613921875002 0.8548775984375 0.5127606790803747 0.8548142250594726 0.5127045375000001 0.8971602015625001 0.5605052506071255 0.8972235749405275
0 0.5625305623563881 0.845476339779592 0.56242884375 0.803761653125 0.5165357923509191 0.8038735604076763 0.5166375109573071 0.8455882470622683
0 0.5134771953125001 0.8042642375 0.4624190823462239 0.8041758362383506 0.4623453514411179 0.8467607588035941 0.513403464407394 0.8468491600652435
0 0.47928392891038785 0.8961209920423346 0.47914386539772397 0.8543594070726662 0.35402303023733606 0.8547790478428317 0.35416309374999994 0.8965406328125001
0 0.4355038718750001 0.81720805 0.4248788722851244 0.8168145312841277 0.4237957609374998 0.846058521875 0.43442076052737555 0.8464520405908722
0 0.4217079921875001 0.8165430046875002 0.3987733457762061 0.8156935733825531 0.39762123437500013 0.8468005828125001 0.4205558807862942 0.8476500141174471
0 0.4034557578125 0.8022045484375001 0.35639608517563615 0.8012015680238435 0.35542568750000003 0.8467324640625 0.402485360136864 0.8477354444761565
0 0.4586576156250001 0.6946031203125 0.36010269653625043 0.6919244653831901 0.35818665232560665 0.7624208850915355 0.45674157141435634 0.7650995400208453
0 0.4613893656250001 0.6146367875000001 0.3616364771675708 0.6138978758153788 0.3611000359375001 0.6863173046875 0.4608529243949294 0.6870562163721212
0 0.4374657609375 0.5860402046875001 0.36296272219886905 0.5850268237331461 0.36239739672178983 0.626589146113303 0.43690043546042084 0.6276025270676568
0 0.4421236156250001 0.5347439093750002 0.4299199619463187 0.534291922512964 0.42889811874999995 0.5618817078125 0.4411017724286813 0.5623336946745363
0 0.42610438281249996 0.53436311875 0.40577459586754927 0.5336101633783189 0.40473436874999996 0.5616962843750001 0.4250641556949507 0.5624492397466812
0 0.4632357390625 0.5350852328125 0.4147812432588315 0.5335232184085845 0.4123502543597338 0.6089337531096849 0.46080475016340233 0.6104957675136004
0 0.4114134950198486 0.5357111262724741 0.3637404043443607 0.5353753898610745 0.3634218152436633 0.5806136379928651 0.4110949059191511 0.5809493744042648
0 0.505007265625 0.06785001875000005 0.485364298208706 0.06770451512359346 0.48530362031249996 0.07589602187500007 0.504946587728794 0.07604152550140666
0 0.437683815625 0.6013418359375 0.4281336099670788 0.6012710926139863 0.4280675828125001 0.6101846250000001 0.4376177884704213 0.6102553683235138
0 0.43718971093750014 0.6145089906250001 0.4275523730284238 0.614152052766571 0.42708092187500013 0.6268812546875 0.4367182597840764 0.627238192545929
0 0.4861102171875 0.566173121875 0.47036540254558884 0.5660564921674629 0.47032267499999997 0.5718246390625 0.48606748964191115 0.5719412687700371
0 0.5705022957167396 0.5667934159423647 0.4691164512240946 0.5660424193222984 0.4685707984375001 0.6397064906250001 0.5699566429301451 0.6404574872450663
0 0.5685329603164393 0.6862006533896358 0.568346553125 0.6438966781250001 0.4680762545480143 0.6443385066913604 0.46826266173945363 0.6866424819559961
0 0.5681315193051819 0.7391923768426226 0.5675329918764356 0.6931068897845948 0.46499894757125376 0.6944385332544722 0.46559747500000015 0.7405240203125001
0 0.4345095875000001 0.7543908531250001 0.4254889371567064 0.754056754751497 0.4251153390625001 0.7641438968750001 0.4341359894057938 0.7644779952485031
0 0.45745164843750014 0.7698463390625001 0.40868445841141554 0.7679361537271546 0.40566817285391854 0.8449421741554219 0.4544353628800031 0.8468523594907674
0 0.4333382336788406 0.7553270819390143 0.35757881616823306 0.7545742685466735 0.3571521375000001 0.7975131 0.4329115550106077 0.7982659133923409
0 0.43418512656250013 0.7689696203125 0.42529616446489865 0.7686403998155935 0.4248716218750001 0.7801030609375001 0.4337605839726016 0.7804322814344066
0 0.6126865546875 0.005014434375000073 0.5965804308298157 0.004417911311284442 0.5941042640624999 0.07127441875000008 0.6102103879201842 0.07187094181371571
0 0.606227878125 0.20979286718750007 0.5904959421905838 0.20921020297592255 0.5880201265625 0.27605723437500007 0.6037520624969163 0.27663989858657756
0 0.5834549843750001 0.9460206859375002 0.569595590978508 0.9455073749372376 0.5675773450803454 0.9999999999914018 0.5814367384768375 1.0005133109916644
0 0.5904286640625002 0.7374974515625001 0.5765692706587426 0.736984140671112 0.57413725 0.8026486953125002 0.5879966434037576 0.8031620062038882
0 0.5953628078125001 0.5739682390625 0.5818759962519942 0.573468727654036 0.5794304515625001 0.6394984515625001 0.592917263123006 0.639997962970964
0 0.6017654531250001 0.3707026687500001 0.5875318718076287 0.37017549886180456 0.5850439437500002 0.4373495296875001 0.5992775250673716 0.43787669957569564
0 0.3685509109375 0.0028313203125000476 0.35581407974134815 0.0023595859472933566 0.3533693578125 0.06836709531250004 0.3661061890086518 0.06883882967770674
0 0.3622009640625 0.25525867656250006 0.3498383207321984 0.25480080104169966 0.347310765625 0.3230448125000001 0.35967340895530164 0.32350268802080046
0 0.3418605453125001 0.9464776953125 0.32538023330578636 0.9458673133150489 0.3233753187500001 1 0.3398556307567139 1.000610381997451
0 0.3498214234375001 0.6910662734375 0.3355862376384457 0.6905390445369887 0.33316767968750016 0.755840134375 0.3474028654865545 0.7563673632755114
0 0.35046183125 0.6227998812500001 0.3377233939741135 0.6223280875113586 0.3352647968750001 0.6887102421875 0.34800323415088663 0.6891820359261415
0 0.36111599375000003 0.32502057812500007 0.3453856623228915 0.3244379734099042 0.34293765625 0.39053415468749997 0.35866798767710856 0.3911167594025958