0 0.5164786012216103 0.39784816151401503 0.4133948375000001 0.3908118265625001 0.4094903213219457 0.4480137968949543 0.5125740850435558 0.45505013184646925
0 0.47541512499999994 0.4960963546875001 0.4751580954208068 0.47181812391933764 0.45335172031250004 0.4720489843750001 0.4536087498916932 0.4963272151431625
0 0.4934739781250001 0.4973245515625 0.49326315626243905 0.4773764427908665 0.4786046764188388 0.477531361137178 0.47881549828139985 0.4974794699088115
0 0.47313906718750004 0.5301181609375 0.4728494247415604 0.5026675090362923 0.45368559062499997 0.5028697140625 0.45397523307093957 0.5303203659637077
0 0.48970655937499996 0.5316239546875 0.4894208662923477 0.504706221440159 0.4770167375001759 0.5048378734540819 0.47730243058282823 0.5317556067014229
0 0.46013110411230507 0.45655989120523693 0.414860465625 0.4536492234375 0.412456976073538 0.49103154092433954 0.45772761456084304 0.49394220869207645
0 0.5155315784000993 0.4604912835353745 0.46271942656250015 0.45745197187500003 0.46048949816240087 0.4961999945896256 0.5133016500000002 0.49923930625000007
0 0.622828911199987 0.04613547507057459 0.5223531328125002 0.03869282500000007 0.5190305163973584 0.08354814769134893 0.6195062947848452 0.09099079776192345
0 0.619653334375 0.1353946234375 0.6191918307687225 0.09171788682539243 0.5838822937499999 0.09209097968749999 0.5843437973562774 0.13576771629960754
0 0.5456126171875001 0.13032718125 0.5451421537678677 0.08570738866068431 0.5213505015625002 0.08595824375 0.5218209649821325 0.1305780363393157
0 0.5813720111934766 0.09117550760956947 0.5511328671875 0.08911117187500006 0.5504007138065234 0.09983602207793067 0.5806398578125 0.10190035781250009
0 0.5809155465376149 0.1063688705987735 0.5512862734375 0.10434743125000004 0.5494697597123852 0.13097300440122664 0.5790990328125001 0.13299444375000008
0 0.4769071229557544 0.087380470563835 0.41463609375 0.08313058593750006 0.41193570829424564 0.12269772631116513 0.47420673750000003 0.12694761093750007
0 0.4743542640625001 0.1756137984375 0.4740126188660483 0.14359644221550028 0.4498458092462255 0.14385431717441097 0.45018745444267727 0.1758716733964107
0 0.4899799281250001 0.177054659375 0.4896461948697328 0.1455733823850711 0.47701326412243866 0.1457073041793874 0.4773469973777059 0.1771885811693163
0 0.4751043015625 0.2109595578125 0.4747999291510463 0.18228102571514423 0.450632975 0.182537515625 0.4509373474114537 0.21121604772235578
0 0.491784765625 0.20689743124999999 0.49155805119916013 0.18543255489488503 0.4785496046875 0.1855699515625 0.4787763191133399 0.207034827917615
0 0.5165005314120433 0.038259297866457556 0.41472260312499987 0.03072019218750005 0.41047659602290115 0.08804128897884324 0.5122545243099446 0.09558039465780074
0 0.4655388678956309 0.18414711744215292 0.41430247187499986 0.18064987968750001 0.4113704574143699 0.22360545336652274 0.46260685343500096 0.22710269112117562
0 0.5121255921875 0.23117950937500004 0.5118977783290799 0.18719900614895676 0.46630238193891393 0.18743518496493017 0.4665301957973341 0.2314156881909734
0 0.6237280044769105 0.14377122585277574 0.4972461640625001 0.13513548281250007 0.4943063104245172 0.17819351463985802 0.6207881508389275 0.1868292576801337
0 0.5172122594378089 0.23602116136220502 0.41463340468749993 0.22901887656250003 0.41074594837469103 0.28596754801279506 0.513324803125 0.2929698328125
0 0.51347394375 0.364099103125 0.513292013473502 0.346988088002622 0.5024573265221395 0.3471032861705118 0.5026392567986375 0.3642143012928898
0 0.5132258781250001 0.341269953125 0.5130536079117056 0.3249693489320219 0.5026072046875 0.32507975000000006 0.5027794749007944 0.3413803541929782
0 0.5143304950672534 0.29705951373907336 0.414577096875 0.2902508359375 0.41162112095442654 0.3335586045887843 0.51137451914668 0.3403672823903577
0 0.5159017543571516 0.34794075418026127 0.41531440781250006 0.34154516093750004 0.41242000033034876 0.3870672505072389 0.5130073468750002 0.3934628437500001
0 0.620074530352277 0.42241795182106606 0.6198470525729322 0.3497382034612076 0.5223620105770886 0.3500433184536639 0.5225894883564335 0.42272306681352234
0 0.6248791316463178 0.2736068593526414 0.5228717562499999 0.26767150625 0.5184975699161821 0.34284803908485867 0.6205049453125 0.34878339218750004
0 0.6242582904176313 0.24365078337024365 0.5616828312500001 0.23937843593750005 0.558475903332369 0.2863490978797565 0.6210513625 0.2906214453125001
0 0.4614887305161358 0.1319839379529486 0.41461268750000013 0.12917712031250006 0.4120930817455449 0.17125650089907504 0.45896912476168056 0.1740633185395236
0 0.5136324124452022 0.10034612919200239 0.4667920895968617 0.09741203357911728 0.4640819456934482 0.14067715924301064 0.5109222685417887 0.14361125485589574
0 0.6240429456530786 0.5157288892009463 0.4973521292857247 0.5065192774122488 0.49441792894514613 0.5468832194613025 0.6211087453125 0.5560928312500001
0 0.5721154678667653 0.5008316506329168 0.5713199348708556 0.4259415871045049 0.521766271875 0.4264679796875 0.5225618048709095 0.5013580432159118
0 0.5575511828125 0.502568578125 0.5572547517477329 0.4745868279870053 0.5430926140626753 0.47473685782905084 0.5433890451274425 0.5027186079670456
0 0.5838074187500001 0.5045762843750001 0.5835207657282729 0.47751765533647356 0.5599967045638169 0.47776686394221934 0.5602833575855442 0.504825492980746
0 0.6235695369077867 0.4663141742564741 0.5752526875000001 0.4627894859375001 0.5721768559558151 0.5049533529449998 0.6204937053636017 0.5084780412639738
0 0.54644878125 0.971186678125 0.5459845715872228 0.9273873036607183 0.5246084405295959 0.9276138595581738 0.5250726501923731 0.9714132340224555
0 0.6214585671874999 0.9747188781249998 0.6209998947044924 0.9313578772705352 0.5849524015625001 0.9317391875000001 0.5854110740455076 0.9751001883544645
0 0.4778954440145401 0.9190014136217737 0.4163130828125 0.9147998796874999 0.4133031950479601 0.9589161473157259 0.4748855562500001 0.9631176812499997
0 0.4761177421874999 0.8978457593750001 0.47584761170877365 0.8723097126397346 0.45543663125 0.8725256281249998 0.4557067617287263 0.8980616748602653
0 0.4911294984375 0.900138053125 0.49085374353922606 0.8741064669579224 0.48032680935862543 0.8742179797042251 0.48060256425689935 0.9002495658713027
0 0.4939722578125001 0.8665462968750003 0.49372877843991086 0.8435543568490832 0.4812843375000001 0.8436861406250002 0.4815278168725893 0.8666780806509173
0 0.4780004296874999 0.8648173234374997 0.4776880258985906 0.8352437017437164 0.4547149828124999 0.8354863796874998 0.45502738660140923 0.865060001381283
0 0.5202682674029149 0.7650358054638338 0.41464921093750007 0.7578271812499999 0.41083700134708534 0.8136827742236663 0.5164560578125 0.8208913984375
0 0.5155787812499999 0.7083006562499999 0.5153795103821738 0.6893844145784582 0.506125484375 0.6894818999999999 0.5063247552428262 0.7083981416715417
0 0.5161508609375 0.7312906812500001 0.5159740184825381 0.7144636574742754 0.5048024734375 0.7145810640625 0.5049793158924618 0.7314080878382246
0 0.47914612523471856 0.5521380879549002 0.4149775984375001 0.5477575859375001 0.4122264161325023 0.5880587465718398 0.4763949429297208 0.5924392485892398
0 0.4624232496327442 0.503781205578139 0.4141702515625 0.5004853046875002 0.41121216286725576 0.5437926287968613 0.4594651609375001 0.5470885296875001
0 0.5182282870017708 0.5381367243131652 0.4630307156250001 0.5339940265625001 0.45969161118515744 0.5784844689615657 0.5148891825619282 0.5826271667122308
0 0.5552823656249999 0.2207681 0.554952959824461 0.1895411663543129 0.545524946875 0.1896406203125 0.545854352675539 0.22086755395818708
0 0.5802412546874999 0.22192933125 0.579915511172246 0.19120702648619764 0.5594111109374998 0.19142443124999997 0.5597368544527537 0.22214673601380236
0 0.5700785161671815 0.18834062561447037 0.5224918640625 0.18818727656250006 0.5222474036639023 0.26404722999532615 0.5698340557685839 0.26420057904729655
0 0.6235622319633837 0.19553594736309815 0.5756545275717129 0.19226526545520042 0.5726447690458293 0.23635106340460235 0.6205524734375001 0.23962174531250008
0 0.6234831789687645 0.4192684510257136 0.5527220953350428 0.413359648378567 0.5492136676112835 0.45537495374736014 0.6199747512450052 0.46128375639450664
0 0.559046953125 0.43799892500000004 0.5589342790251035 0.4274407074825556 0.5505794968583274 0.42752986718767794 0.550692170958224 0.4380880847051224
0 0.5592518640625002 0.42504677500000004 0.5591217753556873 0.4127313939469556 0.5500820781249999 0.41282688125 0.5502121668318127 0.4251422623030444
0 0.5572387611280292 0.25840149855150113 0.5464939796875 0.2576664875000001 0.5460458619467458 0.2642173103402766 0.556790643387275 0.2649523213917776
0 0.5571830828125001 0.2855764640625 0.5570082429040453 0.26903930558083916 0.547137096875 0.26914366875 0.5473119367834547 0.2856808272316608
0 0.5790593546875 0.9608893671875001 0.5787088330639646 0.9279174321890655 0.5499415248553919 0.9282232548099852 0.5502920464789274 0.9611951898084197
0 0.6218203515625003 0.962508065625 0.5252073109375002 0.962508065625 0.5252073109375002 1 0.6218203515625003 1
0 0.5156898015625002 0.9563424734374999 0.4167407531250002 0.9563424734374999 0.4167407531250002 1 0.5156898015625002 1
0 0.516565361356113 0.9587327448727405 0.49909405156250014 0.9575391874999999 0.4984943183168708 0.966318091277253 0.5159656281104835 0.9675116486499936
0 0.5194158112790072 0.9058217984041971 0.4669215046875001 0.9026232984375 0.4640201027834931 0.9502415828458032 0.5165144093750001 0.9534400828125003
0 0.46698684395316964 0.872777760921568 0.41697939062500006 0.869061828125 0.41384523417183045 0.911239981265932 0.4638526875 0.9149559140625
0 0.46304262707694066 0.8215264231133066 0.416462365625 0.8178256875000001 0.41316372591883016 0.8593448653079655 0.4597439873707708 0.8630456009212721
0 0.5188145137637881 0.825980036893589 0.4655413984375002 0.8220408609375001 0.462404882614375 0.8644588618165399 0.5156779979406629 0.8683980377726289
0 0.6261298119771039 0.8847910840548773 0.4986432265625001 0.8747905625000001 0.4953820520853963 0.9163639940701233 0.6228686375000001 0.9263645156250003
0 0.5543763078125 0.8706229390625 0.5540595340485079 0.8407846136089485 0.5433988702459667 0.8408977908247627 0.5437156440099588 0.870736116278314
0 0.580605090625 0.8733516124999999 0.580262309345706 0.8410356598475053 0.5572506796876758 0.8412797484540718 0.5575934609669698 0.8735957011065665
0 0.6261464254632015 0.8319627038696396 0.5759364875000001 0.8283310625000002 0.5727049817322929 0.873008850753201 0.6229149196954942 0.8766404921228403
0 0.6224269098483306 0.716661098116739 0.523431003125 0.7165905625000001 0.5233800346036148 0.7881242815225487 0.6223759413269454 0.7881948171392875
0 0.6264159271078911 0.6435220251375461 0.522811146875 0.6364525093750001 0.517885290079609 0.7086416561124541 0.6214900703125001 0.7157111718750001
0 0.6243416591688064 0.6144510225874071 0.5475616125000001 0.609684646875 0.5449877816969881 0.6511456774560459 0.6217678283657945 0.6559120531684531
0 0.5567943 0.5861858421874999 0.5564947722485444 0.557926683965593 0.5442517562499999 0.5580564515625002 0.5445512840014555 0.5863156097844071
0 0.5810345875 0.5878348859375 0.5807240905499051 0.5586758212032491 0.5603261467582393 0.5588930263637452 0.5606366437083341 0.5880520910979962
0 0.5722578961382031 0.6329352450002976 0.5714458882846856 0.5562839870096401 0.5227095310454888 0.5568002773598245 0.5235215388990063 0.633451535350482
0 0.6256423594172753 0.5654106389167348 0.5769544341881107 0.5613830396757006 0.573221388820781 0.6065102290618407 0.6219093140499458 0.6105378283028748
0 0.5136733436892735 0.08797344998316574 0.493568709375 0.08660232968750006 0.4930118531857265 0.09476747032933437 0.5131164874999999 0.09613859062500005
0 0.5569560039284915 0.6256465028643039 0.5469381718750002 0.6249615890625 0.5463307351340088 0.6338462096356963 0.5563485671875001 0.6345311234375
0 0.5568949828125 0.6512940265625 0.5567529111157252 0.638056631319341 0.547083335851658 0.6381604110237029 0.5472254075484329 0.6513978062668621
0 0.5153797974053468 0.5872328874382724 0.4993040859375001 0.5861348875 0.4989113854071534 0.5918843781867277 0.5149870968750001 0.5929823781250001
0 0.5149423296875 0.6609653531250002 0.5143653811729179 0.5845988340786563 0.414307618370226 0.5853547697732818 0.4148845668848081 0.6617212888196257
0 0.5163029781684637 0.6658180444065147 0.4147660937500001 0.6575833937500001 0.4113517594418316 0.6996836457795415 0.5128886438602953 0.7079182964360562
0 0.5191895544472332 0.7160823100021225 0.4142685656250002 0.7070761656250001 0.41033022836526706 0.7529575353103776 0.5152512171875001 0.7619636796875
0 0.5552243734375001 0.7886452203125001 0.5551123747283858 0.7780866108136535 0.5460598405844437 0.7781826340767967 0.5461718392935578 0.7887412435756432
0 0.5724831827670078 0.869339608462394 0.5716448793430079 0.7913634640458416 0.5226438718749999 0.7918902625 0.523482175299 0.8698664069165524
0 0.625313240809441 0.7843421710744101 0.5485850905022173 0.7792998323891699 0.5457715262552764 0.8221132160022597 0.6224996765625 0.8271555546875
0 0.555044659375 0.804615234375 0.554918177838354 0.7926867918675289 0.5459993921875 0.7927813609375 0.5461258737241461 0.8047098034449712
0 0.40412250937500005 0.08326320312499999 0.4035419737837726 0.028523670354929725 0.38738179748260043 0.028695055769247142 0.3879623330738278 0.08343458853931741
0 0.4047943015625 0.2884151140625001 0.40407542603965274 0.2206330699741205 0.38829068125 0.22080047812500006 0.38900955677284726 0.28858252221337966
0 0.4059495453125 0.9999999999999998 0.4055065688345227 0.9582757811813811 0.3915996332412732 0.9584234279324285 0.3920426097192505 1.000147646751047
0 0.4047484234375 0.815824371875 0.4040433071189543 0.7493183964820223 0.390137384375 0.74946583125 0.3908425006935457 0.8159718066429777
0 0.40376767031250005 0.652346953125 0.4030593326028737 0.5854940757855542 0.3895272390625 0.5856374546874998 0.3902355767721262 0.6524903320269456
0 0.4034997484374999 0.4498625453124999 0.4027786351592062 0.38182450211083135 0.3884972765625 0.38197586562499997 0.3892183898407937 0.45001390882666853
0 0.6456323656250001 0.09862473124999999 0.6450834940389485 0.04670212517921822 0.63230261875 0.04683723125 0.6328514903360517 0.09875983732078177
0 0.6449551609374999 0.35364755 0.6442234590380145 0.28463080003055385 0.6318176888502427 0.2847623235464394 0.6325493907497283 0.3537790735158855
0 0.650662971875 1 0.6504196163235006 0.9770405793351129 0.6338855848063549 0.9772158297657354 0.6341289403578543 1.0001752504306225
0 0.6476586734375 0.7873234171875 0.6469583482003831 0.7211613004681867 0.6326753406250001 0.7213124859375001 0.633375665862117 0.7874746026568133
0 0.647334659375 0.7200635 0.6466234038968374 0.6528924413969472 0.6338421859375 0.6530277781249999 0.6345534414156625 0.7201988367280526
0 0.64755014375 0.42143799218749994 0.6468415672628478 0.354407631491304 0.631056775 0.3545744921875 0.6317653514871522 0.421604852883696