0 0.6051112739758859 0.19708339906314348 0.556534375 0.19666250000000005 0.555719976024114 0.2906541009368567 0.604296875 0.2910750000000001
0 0.666657793924885 0.2897398885319284 0.6650489586938755 0.1942430642444164 0.6079661647689905 0.19520473821248802 0.6095749999999999 0.2907015625
0 0.5511343750000001 0.1590796875000001 0.44347474294588574 0.15871946850967425 0.44270130544588576 0.38987884350967417 0.5503609375 0.39023906250000007
0 0.6989302452068229 0.29977939533469533 0.5555203125 0.2976031250000001 0.5532784696828124 0.44533409501167054 0.6966884023896353 0.4475103653463658
0 0.6878498007873949 0.46037915002851343 0.5643156249999999 0.4582828125000001 0.5619598984902051 0.5971024103986218 0.6854940742776001 0.5991987479271351
0 0.6136513372093054 0.6038753340179319 0.5482053576517825 0.6034808490572122 0.5478001377108715 0.6707077869885684 0.6132461172683945 0.6711022719492881
0 0.3359406250000001 0.25456718750000007 0.3355015625000001 0.1406 0.2704515716519265 0.14085060732157434 0.2708906341519265 0.25481779482157435
0 0.33980781250000003 0.4573093749999999 0.3358542756984647 0.2583120248552749 0.2219499176191606 0.2605749950465577 0.22590345442069587 0.45957234519128276
0 0.431925 0.46298281250000006 0.22913437500000006 0.46298281250000006 0.22913437500000006 0.6125796875 0.431925 0.6125796875
0 0.5534086216935191 0.3950258540822539 0.3415691733557866 0.3934353541126105 0.3406893123659913 0.5106244583248787 0.5525287607037238 0.512214958294522
0 0.36858275436978716 0.7188114151763098 0.36834687499999996 0.6179203125 0.23020943313021283 0.6182432723236901 0.23044531249999997 0.719134375
0 0.43404999999999994 0.61564375 0.3718203125000001 0.61564375 0.3718203125000001 0.7190453125 0.43404999999999994 0.7190453125
0 0.4263530891841022 0.7264214372773966 0.38641741962461806 0.725619242017419 0.38555651794051593 0.7684774922400224 0.4254921875 0.7692796875
0 0.47611669729579836 0.5168817358017196 0.43574786070199056 0.5161061624548836 0.43490156250000006 0.5601562499999999 0.47527039909380786 0.5609318233468359
0 0.23431406250000006 0.347159375 0.1763147476282536 0.3463179699949051 0.1708986324130812 0.7196589530462351 0.22889794728482765 0.7205003580513301
0 0.7314610795625416 0.6014652505755458 0.7290304187698545 0.3591547699802175 0.6849291762720789 0.3595971576177013 0.687359837064766 0.6019076382130295