0 0.6307343750000001 0.5022734374999999 0.6301724657742844 0.40580025271075987 0.5744171875000001 0.406125 0.5749790967257158 0.50259818478924
0 0.5545899796301605 0.44379644760502107 0.5323500000000001 0.4435390625 0.5321053328698396 0.46468011489497896 0.5543453125000001 0.4649375
0 0.5509657562779459 0.4681810242584736 0.5324984374999999 0.46796562500000005 0.5323326810095137 0.48217680646374744 0.5507999997874596 0.48239220572222097
0 0.5246627225880413 0.44345532271598326 0.4991890625 0.44315937500000013 0.4989732149119588 0.4617384272840169 0.524446875 0.462034375
0 0.5243162744216703 0.46605087752030644 0.4989562500000001 0.46575625 0.4988165380783299 0.47778193497969357 0.5241765625 0.47807656249999997
0 0.56973125 0.4499171875000001 0.5696420805501408 0.40634407460493593 0.5330609378795257 0.40641893545720087 0.5331501073293851 0.4499920483522651
0 0.5698609375000001 0.5016421875 0.5696174209846325 0.4530105069310048 0.5319056263155496 0.4531993436053419 0.5321491428309172 0.5018310241743371
0 0.9901750000000001 0.6139125000000001 0.9896258149514955 0.5192711880923178 0.9359234375 0.5195828125 0.9364726225485047 0.6142241244076824
0 0.9328932818662142 0.5786522642620902 0.8926468750000002 0.5781843750000001 0.8922489056337859 0.6124164857379101 0.9324953125000001 0.612884375
0 0.9341537786140934 0.5181046705837409 0.8923078125 0.5176187500000001 0.8920399713859067 0.5406843919162594 0.9338859375000002 0.5411703125
0 0.9329984375 0.575409375 0.932831741017471 0.5467470156549517 0.9223781159130147 0.5468078125528487 0.9225448123955436 0.5754701718978972
0 0.9182156249999999 0.573421875 0.9180567175251099 0.5462979581110485 0.8921046783462921 0.5464500000536276 0.8922635858211821 0.5735739169425791
0 0.9291593750000002 0.4719187500000001 0.9288210614778223 0.4139359226499236 0.8902546784367532 0.41416094666963044 0.8905929919589312 0.472143774019707
0 0.8728424109803953 0.44747350716496725 0.8432390625000001 0.4471296875000002 0.842966945874841 0.4705593051242959 0.8725702943552361 0.47090312478926294
0 0.8728008695793292 0.4737931175825687 0.843028125 0.4734453125000001 0.8428850500964502 0.4856927832029717 0.8726577946757794 0.4860405882855403
0 0.8353612704937705 0.44740161687817837 0.8089968750000001 0.4470953125000001 0.8087246670062298 0.4705249456218218 0.8350890625000001 0.4708312500000001
0 0.8342377789191637 0.47442288641438324 0.8141984375 0.4741890625000001 0.8140512835808362 0.48680055108561693 0.834090625 0.4870343750000001
0 0.9917208266556091 0.4160621050309402 0.9250930982156191 0.4147493903544106 0.9232179992480887 0.5099213169279821 0.9898457276880788 0.5112340316045116
0 0.8344405308287584 0.45802920296834654 0.8341691761609111 0.4114529439366986 0.7923 0.41169687499999996 0.7925713546678474 0.4582731340316479
0 0.8340681937384746 0.462339049677669 0.7921421875000001 0.4618953125000001 0.7916724312615255 0.5062797003223312 0.8335984375000001 0.5067234375
0 0.8846750764311505 0.4933287730803861 0.8427008522165517 0.4929206148238349 0.8415382757854013 0.6124777792434488 0.8835125000000001 0.6128859375
0 0.787815625 0.50649375 0.7872568544503624 0.4104925499181943 0.7317484284587812 0.4108156341470831 0.7323071990084188 0.5068168342288889
0 0.6791749754030507 0.4941380578831705 0.6632328125000001 0.493953125 0.663110961886719 0.5044572727397627 0.6790531247897696 0.5046422056229332
0 0.7005493565418774 0.4947583015340161 0.6853671874999999 0.49458125 0.6852490809581224 0.5047088859659838 0.7004312500000001 0.5048859375
0 0.7283921875 0.5044625 0.7280248514984369 0.4096347111965004 0.6857853448482834 0.40979833508435687 0.6861526808498464 0.5046261238878565
0 0.6791028548013243 0.5036395611425738 0.6781443161468335 0.4084011121366918 0.6338142552604619 0.40884727728699666 0.6347727939149526 0.5040857262928787
0 0.677611288536015 0.5125069861020344 0.609021279381857 0.5120791087014273 0.6084303033458421 0.606814310099393 0.6770203125000002 0.6072421875
0 0.7581442725915888 0.5156680766335684 0.6856734375 0.5144453125000001 0.6840845233861287 0.6086171397231614 0.7565553584777175 0.6098399038567297
0 0.7881109375000002 0.6109640625 0.787775048812818 0.553129417461282 0.7419921875 0.5533953125 0.7423280761871822 0.6112299575387179
0 0.8848868900832908 0.4135970927799371 0.8436187500000003 0.4134984375000002 0.8435115474167094 0.45834196972006314 0.8847796875 0.45844062500000005
0 0.9192156250000002 0.5085593750000001 0.9186759931725529 0.46142855555815887 0.8765453125 0.46191093750000006 0.8770849443274473 0.5090417569418413
0 0.5241015625000001 0.6052203125000001 0.5239358479489332 0.485372667176246 0.48456311874712527 0.4854271082470432 0.48472883329819216 0.6052747535707973
0 0.603726137534321 0.5111640861167573 0.5318953125 0.51053125 0.5314727948242022 0.5584896272804397 0.6033036198585233 0.5591224633971971
0 0.5583035355407734 0.5308168494088129 0.5320171875 0.5305109375 0.5318574019592267 0.5442409630911872 0.55814375 0.5445468750000001
0 0.5567387245298799 0.5471578016514143 0.5319031250000001 0.5468671875 0.5316362571890055 0.569673448134669 0.5564718567188853 0.5699640622860833
0 0.5720171875 0.6052796875 0.5719683685781842 0.5619395085552515 0.530838129918366 0.5619858381725784 0.5308869488401816 0.6053260171173269
0 0.11765046126913156 0.503116722417948 0.07645625000000006 0.5026375000000001 0.07621516351944026 0.5233614207565402 0.11740937478857176 0.5238406431744882
0 0.11823244501234942 0.5615852161798427 0.07833750000000009 0.561121875 0.07793161748765075 0.5960694713201573 0.11782656250000009 0.5965328125
0 0.12226718749999999 0.454596875 0.12193309673500521 0.3975528560878344 0.07893280340278483 0.39780469670440255 0.0792668941677796 0.4548487156165681
0 0.1661149504500325 0.43718370328536793 0.14257187500000007 0.4369093750000001 0.14234129954996763 0.45669754671463225 0.16588437500000006 0.4569718750000001
0 0.1660953401260901 0.46129738589672264 0.14148281250000008 0.46101093750000005 0.14136403487391003 0.4712166766032774 0.16597656250000004 0.471503125
0 0.1958232644466146 0.4628852661203699 0.17427187500000008 0.46263437500000004 0.17413142305338555 0.47469910887963024 0.19568281250000008 0.4749500000000001
0 0.20204763398588219 0.4372826325635442 0.17474218750000006 0.436965625 0.17448361601411794 0.4592376799364559 0.20178906250000012 0.4595546875000001
0 0.2747078125 0.49813750000000007 0.2741303955963609 0.39912469980221055 0.21968750916492139 0.3994421965586462 0.22026492606856046 0.4984549967564358
0 0.34718619037307213 0.4903143306051613 0.32939687500000003 0.4901062499999999 0.32929193462692796 0.4990778568948386 0.34708125000000006 0.49928593749999994
0 0.32276961091593814 0.4884897070728408 0.3071171875 0.4883078124999999 0.3069913265840619 0.4991384179271591 0.32264375000000006 0.4993203124999999
0 0.47834374999999996 0.4640140625 0.4779960164845159 0.40423867118828083 0.4387140625 0.4044671874999999 0.43906179601548406 0.46424257881171904
0 0.5242947950023699 0.4051634156630889 0.4822096036609369 0.40481082631756093 0.4818453573693321 0.44828739494342945 0.523930548710765 0.44863998428895735
0 0.4948093750000001 0.4518484375 0.4513941155050964 0.4518059005043563 0.4513455152810007 0.501409576285792 0.49476077477590436 0.5014521132814357
0 0.8350422427083475 0.5393237474040938 0.8053250000000001 0.5389781250000001 0.8052186947916526 0.5481184400959065 0.8349359375000001 0.5484640625000001
0 0.8344936488187779 0.5527618265851021 0.8059296874999999 0.5524296875000001 0.8056985386812221 0.572308485914898 0.8342625 0.572640625
0 0.8353661419694827 0.5170170019739727 0.7626125000000001 0.5156343750000001 0.7617422149863156 0.5614286532029616 0.8344958569557981 0.5628112801769343
0 0.8347484375 0.6112312500000001 0.8345516578230286 0.5653665766462526 0.7915798023940408 0.5655509448584701 0.7917765820710121 0.6114156182122177
0 0.6183383586515718 0.5388410064555795 0.5772796875000001 0.5384531250000001 0.576643715350128 0.6057731037913262 0.6177023865016998 0.6061609852469056
0 0.6045498832817309 0.5390984992409644 0.5948125 0.5389859375 0.5947188667182691 0.5470858757590358 0.6044562499999999 0.5471984375000001
0 0.618792884100619 0.5389330266029243 0.6073921875000001 0.5388000000000001 0.6072899283993813 0.5475638483970758 0.6186906250000002 0.5476968750000001
0 0.7689984375 0.5487046874999999 0.7689415560194467 0.5386840666758593 0.76255625 0.5387203125 0.7626131314805533 0.5487409333241405
0 0.758016834524988 0.539173784780021 0.7425718750000001 0.5389953125000002 0.7424612904750121 0.5485652777199794 0.7579062500000001 0.5487437500000002
0 0.11900468231935321 0.5276884935419892 0.08875156250000008 0.5273359375 0.08842654926229136 0.5552255869520331 0.11867966908164451 0.5555781429940223
0 0.08550942224587413 0.5024932960211758 0.015898437500000064 0.5020312499999999 0.015276191841951472 0.5957776108070295 0.08488717658782555 0.5962396568282053
0 0.0862678668827836 0.39680273434959595 0.01562812500000005 0.39664374999999996 0.015410904092636174 0.49315909170958283 0.08605064597541971 0.49331807605917877
0 0.086509375 0.4939640624999999 0.08641477260929833 0.4775615846588427 0.07785781249999998 0.4776109374999999 0.07795241489070166 0.4940134153411571
0 0.13800540037551495 0.494385382102901 0.13738468040259938 0.44722333191586705 0.09102846111445882 0.4478334460026569 0.09164918108737438 0.49499549618969085
0 0.16636729636867603 0.3994720646364776 0.12521364352813877 0.3994624385013633 0.12520312239373266 0.44444239231436977 0.16635677523426992 0.44445201844948407
0 0.21604912356453884 0.4001229876420255 0.17550312500000004 0.3999046875 0.17526353133175762 0.4444056412716998 0.21580952989629645 0.4446239414137253
0 0.21549063270128327 0.4957539924279545 0.2154843598605245 0.4479580822662432 0.1740992430295611 0.4479635137403335 0.1741055158703199 0.4957594239020448
0 0.16667940721233876 0.47876332553834483 0.12608733714247816 0.4785856426886383 0.12556105493013947 0.5988160671502933 0.16615312500000007 0.5989937499999999
0 0.20296380213791773 0.5232177273083602 0.1746687500000001 0.5228890625000001 0.17454869765129394 0.5332244783386106 0.20284374978921163 0.5335531431469709
0 0.20379683102091478 0.5366529595371236 0.17383593750000007 0.5363046875 0.17357660647908532 0.5586142279628764 0.20353750000000007 0.5589625
0 0.21739375 0.5997593749999999 0.21731503783445089 0.5547234223594195 0.1737370931405076 0.5547995862728248 0.17381580530605673 0.5998355389134052
0 0.3229640625 0.6011640624999999 0.32194595089823724 0.5043523577245315 0.25373777702453754 0.5050696628615179 0.2547558886263003 0.6018813676369864
0 0.40016321456245996 0.5076554543778546 0.3295390625000001 0.5063859375 0.32782465597899463 0.6017596256710263 0.39844880804145444 0.6030291425488807
0 0.42830312499999995 0.6041718750000001 0.42743302452105764 0.5317379769012807 0.38706299194559995 0.5322229153845162 0.3879330924245423 0.6046568134832355
0 0.47750524533202043 0.5301445929521409 0.4508343750000002 0.5298343750000001 0.4506963171679798 0.5417038445478594 0.47736718750000007 0.5420140625000001
0 0.47798643715483846 0.545727444851934 0.45093125 0.5454125000000001 0.4507010448705321 0.5651881617500285 0.4777562320253706 0.5655031066019625
0 0.47755187810447247 0.5096231670699216 0.4046354219463705 0.508423629182455 0.40386037497111743 0.5555365043838068 0.4767768311292194 0.5567360422712734
0 0.476445747439298 0.5589565788273576 0.43235187244049217 0.5585745227850027 0.43195456250119424 0.6044288814576452 0.4760484375000001 0.6048109375
0 0.931240625 0.5099828125 0.9311288604271774 0.49098755756689066 0.9231703033609474 0.491034384247234 0.9232820679337701 0.5100296391803434
0 0.41262187499999997 0.54033125 0.4125694495632959 0.5311552099271835 0.4039093660732659 0.5312046875510011 0.40396179150996997 0.5403807276238177
0 0.3999371144974313 0.5311659657209002 0.38767968750000004 0.5310234374999999 0.38757067983642024 0.5403980965678653 0.3998281068338515 0.5405406247887656
0 0.446909375 0.5010578125 0.4468213083397396 0.48582385289387575 0.4412171875000001 0.48585625 0.4413052541602605 0.5010902096061243
0 0.44718904848811086 0.4034032822728156 0.37580785366289454 0.403052795218737 0.37533140900146156 0.5000868762366448 0.4467126038266779 0.5004373632907233
0 0.37141870159165713 0.4019129042281464 0.3302937500000001 0.40162343749999996 0.3296114262985942 0.498562140506878 0.37073637789025127 0.4988516072350245
0 0.32335468750000007 0.4008 0.27850027814972866 0.4002713540046602 0.277353125 0.49760468749999986 0.32220753435027144 0.49813333349533967
0 0.2639831057864116 0.5271533706709972 0.254284375 0.5270390625 0.2541809385177059 0.5358153606990956 0.26387966930411744 0.5359296688700927
0 0.24899271105957715 0.5041342156439383 0.1747491922215101 0.5034274628525847 0.17429753604181955 0.5508733937288633 0.2485410548798866 0.551580146520217
0 0.2635187499999999 0.6002812499999999 0.26349405133516046 0.5270140329018272 0.22169062499999997 0.527028125 0.22171532366483943 0.6002953420981727
0 0.24981025356040076 0.5267782954913615 0.2387765625000001 0.5266515625 0.23867724643959942 0.5352982670086387 0.2497109375000001 0.5354250000000002
0 0.9926340643954423 0.3894906818939332 0.9278484375000001 0.38873593750000013 0.9276659176161329 0.40440304969357604 0.9924515445115751 0.40515779408750907
0 0.7936107215828999 0.3860812287192355 0.72883125 0.3853281250000001 0.7286533409171001 0.4006312712807647 0.7934328125000001 0.4013843750000001
0 0.07806472442562724 0.3733870923900102 0.015137500000000048 0.3726546875 0.014980570314293621 0.3861378710316587 0.07790779473992081 0.3868702759216689
0 0.28072239988203107 0.376473044095859 0.2170671875000001 0.3757328125 0.21691041261796912 0.38921445590414117 0.28056562500000004 0.3899546875000001
0 0.43964296102577416 0.37941359539425096 0.3756312500000001 0.37867031250000005 0.37547891397422595 0.39178952960574914 0.4394906250000001 0.3925328125000001
0 0.6372048114837408 0.38280594372899623 0.5720859375 0.38204843750000006 0.5719248760162594 0.395894056271004 0.6370437500000001 0.3966515625000001
0 0.9943223079672249 0.6267759515251441 0.9303218750000001 0.6260312500000002 0.930177692032775 0.6384224859748561 0.9941781249999998 0.6391671875000001
0 0.7489932664257947 0.6210087025292285 0.6828156250000001 0.6202375000000001 0.6826754651558857 0.6322647529647599 0.7488531065816804 0.6330359554939883
0 0.0772911477421591 0.6080829469838768 0.014684375000000074 0.6073546875 0.014497914546447896 0.6233842586891011 0.07710468728860692 0.6241125181729779
0 0.32548001923022774 0.6124262437658143 0.2621828125000001 0.6116890624999999 0.26202154326977245 0.6255362562341855 0.32531875000000005 0.6262734375
0 0.39179865589689156 0.6150306327895583 0.32743437500000006 0.6142828125 0.32729040660310854 0.6266740547104417 0.3916546875000001 0.6274218749999999
0 0.6812530655607613 0.6187640457707576 0.6172015625000001 0.6180187500000002 0.617023496939239 0.6333218917292427 0.6810750000000001 0.6340671875000001