0 0.42790625000000004 0.4975625 0.3721453125000001 0.4975625 0.3721453125000001 0.5940359374999999 0.42790625000000004 0.5940359374999999
0 0.47056373225546516 0.5544123285112984 0.4701953125 0.5332749999999999 0.4479534552445347 0.5336626714887016 0.44832187499999987 0.5548
0 0.4704364536108919 0.5299878804334897 0.4701890625000001 0.515778125 0.4517229213891082 0.5160996195665104 0.4519703125 0.5303093750000001
0 0.503679002816971 0.553828713183147 0.5033546602305712 0.535250000476063 0.4778803449136003 0.5356947247929161 0.47820468750000006 0.5542734375000001
0 0.5039286973324948 0.5312228972912257 0.50371875 0.519196875 0.4783588026675053 0.5196396027087743 0.4785687500000001 0.531665625
0 0.4697364741974046 0.591559002233017 0.46898463652239586 0.5484939635266389 0.43226847482499126 0.5491349612936218 0.43302031249999995 0.5921999999999998
0 0.4715847834271035 0.545160789229472 0.470734375 0.49656406250000007 0.4326886540728965 0.4972298357705281 0.43353906250000007 0.5458265625000001
0 0.06703593750000006 0.3963984375 0.013328125000000048 0.3963984375 0.013328125000000055 0.4910421875 0.06703593750000006 0.4910421875
0 0.11125381780798065 0.43022238008467245 0.11065624999999998 0.39599375000000003 0.07041024469201933 0.3966963699153275 0.07100781249999999 0.43092499999999995
0 0.11104715448481646 0.49079138050705184 0.11064369534925356 0.46772812595603774 0.0687965408644371 0.4684601829489859 0.0692 0.4915234375
0 0.08074218750000005 0.434 0.07028593750000003 0.434 0.07028593750000005 0.46266093750000004 0.08074218750000006 0.46266093750000004
0 0.11101406250000005 0.435284375 0.08505937500000005 0.435284375 0.08505937500000006 0.462409375 0.11101406250000005 0.462409375
0 0.11209375000000006 0.53690625 0.07352500000000006 0.53690625 0.07352500000000006 0.5948875 0.11209375000000008 0.5948875
0 0.1597118582460659 0.5598647433880208 0.159303125 0.5364390625000001 0.1297006417539341 0.5369555691119792 0.130109375 0.56038125
0 0.1598829899868393 0.5335415640363335 0.15966869533997013 0.5212937509563627 0.12989508035313083 0.5218146869200292 0.13010937499999997 0.5340625
0 0.1939603573686467 0.5589021865823336 0.19354997263736956 0.5354750004793238 0.16718336526872288 0.5359368763969903 0.16759375 0.5593640625
0 0.18872538586815776 0.5319586369520042 0.18850466015877504 0.5193484379785739 0.16846677429061727 0.5196991760265697 0.16868750000000002 0.532309375
0 0.0791949179778045 0.5950881520166713 0.07896849925546806 0.499481274157877 0.012606393777663566 0.4996384346412057 0.012832812499999999 0.5952453125
0 0.2100431872630085 0.5943561824951689 0.20981562499999998 0.5474578125 0.1679396252369915 0.5476610050048311 0.16816718749999998 0.5945593749999999
0 0.2107156250000001 0.4994890625 0.16914241420124515 0.4992770969738512 0.16891599299012555 0.5436855293742016 0.2104892037888805 0.5438974949003504
0 0.16048593750000004 0.3945515625 0.11851250000000005 0.3945515625 0.11851250000000005 0.5145390625 0.16048593750000004 0.5145390625
0 0.2705921875000001 0.497915625 0.2150781250000001 0.497915625 0.2150781250000001 0.59391875 0.2705921875000001 0.59391875
0 0.3397801616212128 0.5078014894782559 0.3395968750000001 0.4972968750000001 0.32365265087878725 0.4975750730217442 0.3238359375 0.5080796875
0 0.31764120399530527 0.5078172138149509 0.31746403517599947 0.49768906297797083 0.30228064368069424 0.49795466166301994 0.30245781250000003 0.5080828125
0 0.31671093750000007 0.4983890625 0.2744953125000001 0.4983890625 0.2744953125000001 0.5935625 0.31671093750000007 0.5935625
0 0.36811875000000005 0.4975546875000001 0.3239087685336316 0.4973473550838528 0.32346251656346775 0.5925027181326119 0.3676724980298362 0.5927100505487592
0 0.39428621750322895 0.48809826836294407 0.39393302698574395 0.39370810256506733 0.324987434482515 0.39396608420212337 0.325340625 0.48835625
0 0.31764843750000005 0.39374843750000005 0.2455320560489843 0.3934601920454144 0.24515082956158557 0.4888395791167631 0.3172672110126013 0.4891278245713487
0 0.2611765625000001 0.3936078125 0.21539062500000009 0.3936078125 0.21539062500000009 0.4514421875 0.2611765625000001 0.4514421875
0 0.1589985080004732 0.5498247523554204 0.11782931304871491 0.5495729465269222 0.11755391632207968 0.5945991542026793 0.15872311127383795 0.5948509600311774
0 0.12608495040395817 0.5461343174494109 0.1257398587752873 0.5002513908208411 0.08361829254014405 0.5005681927548573 0.08396338416881495 0.546451119383427
0 0.5187578124999999 0.3917828125000001 0.4793920668846006 0.3914777475533523 0.4784583103404431 0.5119701967447056 0.5178240559558425 0.5122752616913534
0 0.4711770153829902 0.48740032933022465 0.47020538095426384 0.43945483453709633 0.3985939905712736 0.4409060677068717 0.39956562500000004 0.4888515625
0 0.4712739872985969 0.46741612995672777 0.47103437500000006 0.45368906249999996 0.4447463252014033 0.45414793254327224 0.4449859375000001 0.467875
0 0.47163880302603733 0.4510524764565108 0.4712421875 0.42824999999999996 0.4464111969739627 0.42868189854348904 0.4468078125 0.4514843749999999
0 0.47245312500000003 0.3926859375000001 0.43126406250000004 0.3926859375000001 0.43126406250000004 0.436828125 0.47245312500000003 0.436828125
0 0.9268256278246355 0.48204056621496766 0.9264640625 0.46131874999999994 0.8852681221753645 0.46203755878503233 0.8856296875 0.482759375
0 0.9255320265717522 0.42359715875169035 0.9249218749999999 0.38865312499999993 0.8850273484282475 0.3893497162483095 0.8856374999999999 0.4242937499999999
0 0.9233750000000001 0.5306765625000002 0.8803703125 0.5306765625000002 0.8803703125 0.5877218750000002 0.9233750000000001 0.5877218750000002
0 0.860306099288182 0.5497033537901166 0.8599609375 0.5299171874999999 0.8364173382118179 0.5303278962098833 0.8367624999999999 0.5501140625
0 0.8613687733423048 0.5255687649797001 0.8611906250000002 0.5153640625 0.8365781016576955 0.5157937350202999 0.83675625 0.5259984375
0 0.8286180702748671 0.5248994608460558 0.8284078125000001 0.512834375 0.806858492225133 0.5132099141539443 0.80706875 0.525275
0 0.8281781452607095 0.550582264223401 0.8277890352074382 0.5283125004768713 0.8004827649467288 0.5287896112534703 0.8008718750000001 0.551059375
0 0.7826203125 0.49136562500000014 0.7281734375 0.49136562500000014 0.7281734375 0.5903765625000001 0.7826203125 0.5903765625000001
0 0.6735893850231449 0.5019347667446116 0.6734328125000001 0.49296562499999996 0.6556434274768552 0.4932761707553885 0.6557999999999999 0.5022453125000002
0 0.6958924443203308 0.503087315355455 0.695703125 0.4922578125 0.6800513056796691 0.492531434644545 0.6802406249999999 0.5033609375
0 0.5636078125 0.5316828124999999 0.5243234375 0.5316828124999999 0.5243234375 0.591459375 0.5636078125 0.591459375
0 0.5207265624999999 0.54838125 0.4785109375 0.54838125 0.4785109375 0.59255625 0.5207265624999999 0.59255625
0 0.5513140625 0.49445625 0.5077859375 0.49445625 0.5077859375 0.545015625 0.5513140625 0.545015625
0 0.19791520068927854 0.4669034855671209 0.19775625 0.4577640625 0.16803948681072142 0.45828088943287904 0.1681984375 0.4674203125
0 0.19757793777244617 0.4534627031202481 0.19723124999999997 0.4335859375 0.16866581222755378 0.43408417187975196 0.16901249999999998 0.45396093750000005
0 0.24080559283313532 0.48900462678692563 0.24034245221292555 0.44319445380982525 0.1677759083166042 0.44392810120651643 0.16823904893681396 0.4897382741836168
0 0.2117281250000001 0.3944296875 0.16875156250000006 0.3944296875 0.16875156250000006 0.4402515625 0.2117281250000001 0.4402515625
0 0.4261453125000001 0.3934609375000001 0.38522411254323347 0.3932605761227578 0.3848929177276049 0.4609028006947725 0.4258141176843716 0.4611031620720148
0 0.4084252482942433 0.4607693700226709 0.4082828125 0.4526703125 0.39854506420575664 0.4528415674773291 0.3986875 0.460940625
0 0.39585526013480943 0.4613223587650207 0.39570312500000004 0.45255937500000004 0.3843009898651907 0.4527573287349793 0.384453125 0.4615203125
0 0.2405265625000001 0.456009375 0.2341421875000001 0.456009375 0.2341421875000001 0.4660296875 0.2405265625000001 0.4660296875
0 0.2606788660294669 0.4650596075654521 0.26051250000000004 0.45549062500000004 0.24506800897053319 0.4557591424345479 0.24523437500000003 0.465328125
0 0.9147983527871378 0.4576914798272642 0.9143109101953509 0.4298062504772938 0.8840578699082131 0.4303350831500296 0.8845453125 0.45822031250000006
0 0.9878765625000001 0.38711875000000007 0.9183700085193827 0.38648407156527853 0.9175001778050195 0.48174323304665834 0.9870067317856369 0.48237791148137993
0 0.9881440700677778 0.5862703221537868 0.9870203125 0.490471875 0.9161151369555227 0.4913036236345557 0.9172388945233007 0.5871020707883425
0 0.924915625 0.4908640625000002 0.9163593750000001 0.4908640625000002 0.9163593750000001 0.5072687500000002 0.924915625 0.5072687500000002
0 0.9114554302070615 0.5386006688149834 0.911228125 0.4904265624999999 0.8649154114758328 0.4906450848918501 0.8651427166828943 0.5388191912068335
0 0.8776497626860748 0.5871261152175309 0.8773734375 0.5416812500000001 0.8356705498139254 0.5419348222824691 0.8359468750000001 0.5873796875
0 0.8272409378184497 0.5441606060459837 0.7867064541875217 0.5437615510761044 0.7862687500000002 0.5882218750000001 0.8268032336309282 0.5886209299698795
0 0.8291102142043962 0.5400421356244757 0.82839375 0.4917781249999999 0.7863929107956038 0.4924016143755242 0.7871093750000001 0.540665625
0 0.8779125000000002 0.38760937500000014 0.8373322580110827 0.38717270429635053 0.8360293254235804 0.5082555231211147 0.876609567412498 0.5086921938247643
0 0.828542837160376 0.46464685306944764 0.8283625000000001 0.4543124999999999 0.8000665378396239 0.45480627193055223 0.8002468749999998 0.465140625
0 0.8296620100644025 0.4511994268621834 0.8292718749999999 0.4288921874999999 0.7993098649355973 0.4294161981378165 0.7996999999999999 0.4517234375
0 0.829509375 0.3878890625000001 0.7859 0.3878890625000001 0.7859 0.43371406250000016 0.829509375 0.43371406250000016
0 0.7492373771031222 0.48478773895979393 0.7485096718454045 0.3889584675597314 0.6802285447422822 0.38947697859993746 0.68095625 0.48530625
0 0.6736078125 0.39035156250000014 0.6034192874825892 0.390187019489828 0.6031936403435041 0.4864405148538358 0.673382165360915 0.4866050578640079
0 0.6160283651082937 0.4624529086787475 0.6154887314452752 0.39043081585108547 0.5750892826026927 0.39073351328331674 0.5756289162657112 0.46275560611097877
0 0.5524246155762985 0.4657338746628139 0.5522171601996477 0.4538640629771436 0.5255472321233492 0.45433018831432975 0.5257546875 0.46620000000000006
0 0.5525556322222671 0.45015336628240793 0.5522109375 0.4303796874999999 0.5251553052777328 0.4308513212175919 0.5254999999999999 0.45062499999999994
0 0.5989826559878301 0.4857980727522184 0.5983867162600964 0.43867503014452297 0.5253384352722663 0.4395988323923046 0.525934375 0.486721875
0 0.570871875 0.39059531250000007 0.52691875 0.39059531250000007 0.52691875 0.43674843750000003 0.570871875 0.43674843750000003
0 0.07962343750000007 0.4994296875 0.07166406250000007 0.4994296875 0.07166406250000007 0.5184234375 0.07962343750000007 0.5184234375
0 0.5991546875 0.4539765625 0.59049375 0.4539765625 0.59049375 0.46315156249999995 0.5991546875 0.46315156249999995
0 0.6155478699565776 0.46270808584378065 0.6153843750000001 0.453334375 0.6031271300434224 0.45354816415621935 0.603290625 0.462921875
0 0.5615796875 0.49430625 0.555975 0.49430625 0.555975 0.509540625 0.5615796875 0.509540625
0 0.627546875 0.493896875 0.5559703125000001 0.493896875 0.5559703125000001 0.591728125 0.627546875 0.591728125
0 0.6731556314720339 0.4942250358012064 0.6320481741186874 0.49373942131607296 0.6309000000000002 0.5909328125000001 0.6720074573533468 0.5914184269851336
0 0.7255234375 0.4929234375 0.6807396207702119 0.49200998191956424 0.6787188983155505 0.5910795656076331 0.7235027150453388 0.5919930211880688
0 0.7489177632345605 0.46281136996912275 0.748764035136508 0.45403593797935393 0.7390665844019475 0.4542058180102312 0.7392203125 0.46298125
0 0.8287207664308633 0.4841050107281716 0.8277926498583887 0.4366709450818703 0.7531437584275256 0.43813155935369874 0.754071875 0.485565625
0 0.7816750000000001 0.3886296875000001 0.7399595472320762 0.38852420160315104 0.7397736174020271 0.4620520121944118 0.7814890701699508 0.4621574980912609
0 0.7644232667996873 0.4627489110788742 0.7642718476433321 0.4541031254791147 0.7532360808436447 0.45429640190024034 0.7533874999999999 0.46294218749999994
0 0.07462356256039751 0.6207327228587957 0.07435000000000001 0.6050671875 0.009563937439602512 0.6061985271412043 0.009837500000000002 0.6218640625
0 0.27362933014459595 0.6183515970003122 0.27336249999999995 0.60305 0.20858160735540396 0.6041796529996878 0.2088484375 0.61948125
0 0.9872633396859973 0.6102646462594037 0.9870281249999999 0.5967828124999999 0.9241022853140027 0.597880666240596 0.9243375 0.6113624999999998
0 0.785338601138539 0.6130599491516648 0.7851030977142364 0.5995781254766337 0.7214488715756973 0.6006900513249688 0.7216843749999999 0.614171875
0 0.626775965438449 0.6147350611898581 0.6265468477175851 0.6016171879765165 0.5625333822791359 0.6027352517866585 0.5627624999999999 0.615853125
0 0.43033894852169013 0.6170707672115426 0.43009684768718015 0.6032250004775797 0.3649797741654899 0.6043636082660369 0.3652218749999999 0.618209375
0 0.07347418933307606 0.3834696582466076 0.07325778521758504 0.37107968797651664 0.009257033384508975 0.372197529729909 0.009473437500000001 0.38458749999999997
0 0.32095833867724066 0.3820635234268682 0.32074841023302453 0.3700375004759773 0.25456975905578383 0.3711927270491091 0.2547796875 0.38321875000000005
0 0.9891296480809219 0.3755107458276473 0.9888499727465083 0.35948125047550655 0.9262406371655866 0.3605736296478592 0.9265203125000001 0.37660312500000004
0 0.7415996702534524 0.37837389975613467 0.7413578125 0.3645296875 0.6780612672465474 0.3656354752438652 0.6783031249999999 0.3794796874999999
0 0.6763351331253078 0.3776805960035112 0.6761187499999999 0.3652906249999999 0.611753929374692 0.3664147164964887 0.6119703124999999 0.3788046875
0 0.38662035625456814 0.3823734575196094 0.38635309771758497 0.36707187547651665 0.32230149146301684 0.3681906054569073 0.32256874999999996 0.3834921875