0 0.604521175 0.3479653656250001 0.6040178155307752 0.257992548908021 0.439220071875 0.258914521875 0.4397234313442248 0.3488873385919791
0 0.296559915625 0.24278670624999998 0.2963752102468165 0.00017770590504448785 0.049376728125000005 0.000365753125 0.049561433503183476 0.24297475346995548
0 0.7880472821872726 0.005837387470934834 0.2945202640625 0.002181631250000036 0.2927151204524258 0.24587598320520399 0.7862421385771985 0.2495317394261388
0 0.6100706525370254 0.3552344121488833 0.4426983625000001 0.3550818734375001 0.4426220646504747 0.43879928316361677 0.6099943546875 0.43895182187500004
0 0.7291436099713706 0.26214226093127285 0.6089947843750002 0.25965175000000007 0.6081018802235687 0.30272780472335026 0.7282507058199391 0.3052183156546231
0 0.7328962140625 0.2486171046875001 0.7322589382393182 0.1625847079273015 0.6432235453125001 0.163244228125 0.643860821135682 0.24927662488519858
0 0.9176958378674159 0.6273175906185685 0.7931658859375001 0.6253164703125002 0.7921059460573703 0.6912766536762419 0.9166358979872861 0.6932777739823102
0 0.9210971354986368 0.7006225973399969 0.7969398796875001 0.6981006281250001 0.7955690450734878 0.7655872028359876 0.9197263008846244 0.7681091720509844
0 0.9327158493635119 0.7750588123677422 0.6287286562500001 0.771170140625 0.626455862083916 0.9488401433353413 0.930443055197428 0.9527288150780835
0 0.6180566171875 0.8417684921875 0.6175127022094701 0.7683398897543099 0.5373328328124999 0.7689338140624999 0.5378767477905299 0.8423624164956902
0 0.5402794804349557 0.7706172340982163 0.18560044687500007 0.76528943125 0.18288530910772002 0.9460398206161221 0.5375643426676756 0.9513676234643385