0 0.624807428125 0.6784379046875001 0.6226850046875 0.5869804125 0.4599497378323411 0.590756955418683 0.4620721612698412 0.6822144476061831
0 1.0053769634411467 0.9529448792479627 1 0.6839057484375 0.7692931799050846 0.6885166098149383 0.7746701433462313 0.9575557406254012
0 0.7660678828209757 0.957748965870105 0.7600645318311148 0.6875981636048529 0.26454006776013916 0.698609818047248 0.27054341875 0.9687606203125002
0 0.6248927359375 0.5805840046874999 0.6224480863334019 0.4954678563338094 0.45785568125 0.5001951703125 0.46030033085409816 0.5853113186661907
0 0.452115928125 0.6828051125000001 0.4517260593630632 0.6389256763857135 0.3324741724816543 0.6399852293247255 0.3328640412435911 0.683864665439012
0 0.4136825734212656 0.7829692125883857 0.4116120394638216 0.6957400830708034 0.3256497296875 0.6977805468749999 0.32772026364494405 0.7850096763925822
0 0.2792139114102789 0.31587169450429725 0.2783038046875 0.24871147656249998 0.15547921124034925 0.2503759066618144 0.15638931796312822 0.31753612460361164
0 0.277433421875 0.24185475312500002 0.2767940113613313 0.17311228461230113 0.15396298167383132 0.17425480179980107 0.1546023921875 0.24299727031249999
0 0.4516667484375 3.693384583482225e-17 0.151508728125 1.8554467894116782e-17 0.151508728125 0.167309565625 0.4516667484375 0.16730956562500002
0 0.5448031635218092 0.16187459697273754 0.5446592765625 0.08834396250000001 0.46482998130762104 0.08850017486836036 0.4649738682669303 0.1620308093410979
0 0.9019260781758065 0.15780632739014894 0.9008908806957028 -0.002261481970382992 0.551208359375 -6.938893903907229e-19 0.5522435568551038 0.16006780936053194