0 0.75 0.4335206000000002 0.682532346875 0.43352060000000014 0.682532346875 0.5383895125 0.75 0.5383895125000001
0 0.9547134937499999 0.4400749062500002 0.8123844734375 0.4400749062500002 0.8123844734375 0.6619850187500002 0.9547134937499999 0.6619850187500002
0 0.9556448898702324 0.3789170804951879 0.9551755999999999 0.15355805312499998 0.8128393976297676 0.1538544554423121 0.8133086875000002 0.37921348281250006
0 0.750263111737065 0.87635942164241 0.7498599243318337 0.674225949843095 0.6817294375947689 0.6743618469506851 0.6821326250000002 0.87649531875
0 0.8084565625 0.15496254687500008 0.64463955625 0.15496254687500008 0.64463955625 0.3792134828125001 0.8084565625 0.3792134828125001
0 0.3165434375000001 0.5514981265625 0.19179330426808675 0.5506390390719456 0.18956573751978031 0.8741092929047054 0.31431587075169365 0.8749683803952599
0 0.3156192234375001 0.38764045 0.19316081406250005 0.38764045 0.19316081406250005 0.540262171875 0.3156192234375001 0.540262171875
0 0.3165539757057444 0.16895681140654656 0.22181146093750007 0.1685393265625 0.2208767086692558 0.3806686573434535 0.3156192234375001 0.38108614218750003
0 0.46373868353413455 0.1595552186381189 0.32280366886455386 0.15944446096457257 0.32233489111625735 0.7559466871089959 0.463269905785838 0.7560574447825423
0 0.21672828125000004 0.15730337031250002 0.047134935937500025 0.1573033703125 0.04713493593750003 0.378277153125 0.21672828125000007 0.378277153125
0 0.18622920468750007 0.38857677968750004 0.04621072031250008 0.38857677968750004 0.046210720312500106 0.892322096875 0.1862292046875001 0.892322096875