0 0.5960175578125 0.7486257718749999 0.5932138371955464 0.6785922626717471 0.4842484543830464 0.682954581421747 0.487052175 0.7529880906249998
0 0.5972139365916228 0.9614720063611196 0.5906482234375001 0.8137434593749999 0.3597310759083773 0.8240064436388804 0.36629678906250007 0.9717349906250001
0 0.8932427014490523 0.9487923832591114 0.8863696447227868 0.8010768628763568 0.6539022093750001 0.8118933421874999 0.6607752661012655 0.9596088625702546
0 0.34592566590409607 0.7593187131057794 0.3423488812161374 0.6881140644351575 0.13284484905481866 0.6986379674146744 0.13642163374277733 0.7698426160852961
0 0.8885621906484165 0.7964234528351416 0.8815367437500001 0.6263625187500002 0.6496671624765837 0.6359413643523585 0.6566926093750001 0.8060022984374999
0 0.463474157933908 0.30372758801418576 0.45860956093749994 0.17418542500000006 0.12390873690352107 0.186754187057128 0.1287733338999291 0.31629635007131374
0 0.6353705990978143 0.29512631133614464 0.6297215279791419 0.16802220538815513 0.4694391585688276 0.1751458659270105 0.4750882296875 0.302249971875
0 0.863065918162968 0.28598828317031105 0.8591279484375001 0.18762267031250002 0.636527953712032 0.19653424026718896 0.6404659234375 0.294899853125
0 0.8754747175379005 0.43849847798252306 0.8690880473065767 0.2922091663365772 0.25110226761839183 0.3191890689563133 0.2574889378497155 0.4654783806022592
0 0.8745921650534305 0.18164893003072233 0.866768734375 0.00562173437499997 0.6332777271340695 0.01599911215677769 0.6411011578125 0.19202630781250005
0 0.632901164138991 0.16067210340107246 0.6264420372677472 0.015341747893337537 0.10242074439112998 0.038631582987308094 0.10887987126237375 0.18396193849504305