0 0.4530849470073333 0.4149283873316296 0.16627982187500004 0.406330771875 0.159452135972475 0.6340933787880579 0.44625726110480823 0.6426909942446876
0 0.33448059081751336 0.6421228855152428 0.1644140531250001 0.6368863453125001 0.16262056461539862 0.6951332735151087 0.3326871023079118 0.7003698137178513
0 0.44751878393494754 0.6463051653559231 0.34102060000000006 0.6429519265624999 0.3391991711633039 0.7008001369718942 0.44569735509825137 0.7041533757653174
0 0.58860383125 0.41884162500000005 0.45896444010613724 0.414997624862511 0.4569993197936372 0.481271556112511 0.5866387109375 0.48511555624999997
0 0.7702540071434147 0.42412530084683764 0.5954795828125001 0.41924375156250016 0.5936284037940855 0.4855216335281626 0.7684028281250002 0.4904031828125001
0 0.9052056270553204 0.4281719637279101 0.7799775437500001 0.4247103578125001 0.7781441380094417 0.4910361881992036 0.9033722213147621 0.4944977941146136
0 0.9046551234755047 0.5005419310709883 0.5916537619652488 0.4908114212807083 0.5889938983854981 0.57637126756185 0.9019952598957539 0.58610177735213
0 0.8520014784384757 0.5871625829138518 0.8061586937500002 0.5862890984375001 0.8051181559365246 0.6408992858361484 0.8509609406250002 0.6417727703125001
0 0.9065274779864494 0.6455687201833542 0.6757303843132505 0.6392563972375566 0.6721577922643013 0.7698808708042024 0.9029548859375002 0.7761931937500001
0 0.32292342129603 0.08876822861417696 0.17158062496689644 0.08457333467596719 0.16994789860573345 0.14347860779573257 0.32129069493486706 0.14767350173394236
0 0.3224109248183569 0.15160595981805602 0.16984829584217837 0.15016367760227806 0.16832509914882146 0.311285328721722 0.320887728125 0.3127276109375
0 0.5868265135039017 0.017387452240259345 0.4503260390625 0.013342993750000056 0.44821570524609833 0.08456676025974078 0.5847161796875 0.08861121875000007
0 0.5816914536356144 0.10129521061284352 0.3342833796875 0.09396460000000004 0.32781901355188575 0.31213692688715655 0.5752270875000001 0.31946753750000006
0 0.9110098551316875 0.10875272630138537 0.6025270958145021 0.09947214705687189 0.5958887853691524 0.3201269434259927 0.9043715446863377 0.32940752267050616
0 0.44870763033816863 0.7098748368353853 0.16672477031250008 0.70165076875 0.16290061776070308 0.8327714577489722 0.4448834777863716 0.8409955258343574
0 0.3338485946744186 0.642764109519798 0.1645001843750001 0.6376971984375002 0.16277509907558163 0.6953537170427022 0.3321235093750001 0.7004206281250002
0 0.2732835444843174 0.8356942943562403 0.1639834281250001 0.8325560218749999 0.16088666654392086 0.9404103918101538 0.27018678290323817 0.9435486642913944
0 0.6774659837218128 0.053060185583518236 0.6003764282548898 0.05274559212924227 0.5998517054705771 0.1813262909207241 0.6769412609375001 0.1816408843750001