0 0.691225140625 0.4107413359375 0.6703315271034104 0.12867755583845777 0.45207432343749987 0.14484475625 0.47296793695908945 0.4269085363490423
0 0.7419265453125 0.3006943375000001 0.7295142255592475 0.13557202221911968 0.6736984187499999 0.13976772187499997 0.6861107385032524 0.3048900371558803
0 0.7500216046875 0.4093409812499999 0.7425241116214312 0.3055216600922508 0.6870748078124999 0.30952602812499996 0.6945723008785687 0.413345349282749
0 0.5457897812500001 0.5479872703125 0.5362938533757833 0.4214517601398671 0.4727933175046671 0.4262171932406905 0.4822892453788838 0.5527527034133234
0 0.5586383890625001 0.7227167515625 0.546244185539642 0.5528015009604256 0.4827302202229782 0.5574344283162052 0.4951244237458362 0.7273496789182795
0 0.5682022890624999 0.8524660562499997 0.5595362602838954 0.7302748494733038 0.4959621343749999 0.7347836453124998 0.5046281631536046 0.856974852089196
0 0.6562182453125001 0.8498385828125002 0.6334670070547836 0.5465908531138037 0.5515681574238657 0.5527353351939739 0.574319395681582 0.8559830648926703
0 0.707722840625 0.7999586640625 0.7062275778685938 0.7558393805854605 0.6524556578124999 0.757661784375 0.6539509205689061 0.8017810678520396
0 0.8392033265625001 0.8480479671875001 0.8225434995585277 0.6228139773640278 0.6973852239901414 0.6320715286808564 0.7140450509941138 0.8573055185043286
0 0.20992419999999998 0.29760532500000003 0.19939910722513876 0.15111362732776584 0.14297039001084583 0.15516790134659586 0.15349548278570704 0.3016595990188301
0 0.3686689156249999 0.2948658046875 0.36510568982119884 0.1480596540198053 0.20589873933432576 0.15192386755267973 0.20946196513812682 0.29873001822037437
0 0.1644264234375 0.5517838625 0.15418937161860202 0.4180284353689868 0.07906502274048569 0.4237781224569953 0.08930207455938363 0.5575335495880085
0 0.3860140890625 0.5393711046874999 0.3676261653844151 0.2951464335501618 0.15859472279702788 0.31088462328634703 0.17698264647511278 0.5551092944236851
0 0.40940477656249996 0.8557820171875002 0.38725872743027495 0.5555044845257883 0.17586922549382727 0.5710948693755106 0.1980152746260523 0.8713724020372225
0 0.8821032167165754 0.40643177382883733 0.8613316539883806 0.13160100826486906 0.7355486186142761 0.1411076230139658 0.7563201813424709 0.4159383885779341
0 0.7419570625 0.3001513359375 0.7295933720468717 0.13569575141835596 0.674350471816673 0.13984888565320902 0.6867141622698013 0.30430447017235307
0 0.9729180718749999 0.23713247031249995 0.9652164497882637 0.12919146620808714 0.861837303125 0.13656759843749997 0.8695389252117363 0.2445086025419128
0 0.25782373593749996 0.6391532718749999 0.25642246470753804 0.5649783333930365 0.13064201493829278 0.5673545069249657 0.13204328616825473 0.6415294454069291