0 0.6500353484375 0.15917892187500007 0.43778791406249995 0.15917892187500005 0.43778791406249995 0.421678921875 0.6500353484375 0.421678921875
0 0.7069555296875001 0.31613970625 0.7067835027038103 0.15897244352591283 0.65249715 0.1590318625 0.6526691769836896 0.31619912522408716
0 0.7071835796875 0.32300735312500006 0.6532736237681809 0.32290738563505306 0.6530902733911172 0.4217836378100007 0.7070002293104363 0.42188360529994784
0 0.4995451731041821 0.5524082386223105 0.49942759375 0.4311764703125 0.437668053458318 0.43123636919018954 0.43778563281250005 0.5524681375
0 0.4996351203125003 0.5587401953125001 0.43787877039484496 0.5586704843280075 0.43769632976984496 0.7202930343280075 0.4994526796875003 0.7203627453125001
0 0.49977195000000013 0.7301200984375 0.43797274715040146 0.7299256012956227 0.4376078674629015 0.8458618747331228 0.49940707031250015 0.8460563718750003
0 0.5847207534890091 0.8455273625236751 0.5844455520318902 0.5557188004167634 0.5047923269834668 0.5557944389121832 0.5050675284405857 0.845603001019095
0 0.6381997244107895 0.7562878141371355 0.5876653493291909 0.7561764263579314 0.5875712656250001 0.7988602937499999 0.6381056407065986 0.798971681529204
0 0.7618472062500001 0.6347622546875 0.6401368310846615 0.6347492144028346 0.6401140250000001 0.84760784375 0.7618244001653387 0.8476208840346656
0 0.19295812900331522 0.161532489959442 0.13809848264694552 0.16141054697054544 0.13778687551863034 0.3015961945111035 0.19264652187500003 0.30171813750000004
0 0.34652434136138793 0.3024800846312746 0.3462337515624999 0.16043382343749998 0.19871853207611198 0.16073560130622538 0.19900912187499997 0.30278186249999994
0 0.1304332953125 0.546571078125 0.13039956970619743 0.42087512530684795 0.05732089314369741 0.4208947331193479 0.057354618749999996 0.5465906859375
0 0.34563283906250003 0.31344362812500004 0.14232611250000005 0.31344362812500004 0.14232611250000005 0.539524509375 0.3456328390625001 0.539524509375
0 0.34567868918153183 0.5614719896579237 0.14011814143212886 0.5614058789511505 0.14002668193809714 0.8457843799182267 0.3455872296875001 0.845850490625
0 0.8348699553667801 0.4218378314477224 0.8347490897939126 0.16157323745647903 0.7124903094271323 0.16163001382125658 0.7126111749999999 0.4218946078125
0 0.7070245290522431 0.3161441355710232 0.7068511689579229 0.15905849218202478 0.6531219649056799 0.15911778786100148 0.653295325 0.3162034312499999
0 0.9351881406249998 0.15900000000000009 0.8346898406245765 0.15872669851068494 0.8344159059171214 0.2594578451989871 0.9349142059175447 0.2597311466883023
0 0.21459521093750006 0.5612965687499999 0.0965804061330576 0.5611465956648923 0.0964891858205576 0.6329284581648924 0.21450399062500006 0.63307843125