0 0.11214481718750005 0.187306815625 2.3039133179067728e-17 0.187306815625 3.889479745765386e-17 0.4462494640625 0.11214481718750005 0.4462494640625
0 0.1561869218750001 0.4570237265625 0.11147905022584839 0.45569904892236845 0.10818362968750009 0.5669194953125001 0.1528915013366518 0.5682441729526315
0 0.09904065000000009 0.6680015046875 8.185151260357067e-17 0.6680015046875 9.462876873289021e-17 0.8766699328125 0.09904065000000009 0.8766699328125
0 0.10472537343750003 0.45716192031249997 5.606465710122929e-17 0.45716192031249997 6.825540108010228e-17 0.656251878125 0.10472537343750006 0.656251878125
0 0.767763528125 0.15015017968750008 0.6560111911914402 0.14683899928693567 0.6518384250000001 0.2876698562500001 0.7635907619335599 0.2909810366505645
0 0.7629037421875 0.3022760546875001 0.6522874319846811 0.29876954707080555 0.6480570343750001 0.4322216953125001 0.7586733445778189 0.4357282029291946
0 0.9251857781250001 0.5296887078125001 0.7630177859937247 0.5246219415559803 0.7521924375000001 0.8711003343750002 0.9143604296312755 0.87616710063152
0 0.7483996406250001 0.7589256312500001 0.6349446426509124 0.7576359829584001 0.6336498984375001 0.8715392874999999 0.7471048964115877 0.8728289357915999
0 0.9364963859375003 0.14883435000000012 0.7747782444043854 0.14394034314117787 0.7634619484375 0.5178773656250001 0.9251800899706147 0.5227713724838223
0 0.3205329093750002 0.5095081031250001 0.11097246891283494 0.5026499777591067 0.09877025105624729 0.8755072838326805 0.3083306915184125 0.8823654091985738
0 0.32963570000000003 0.18465607031250003 0.11661684503336542 0.1795909801573513 0.10911583999831602 0.4950553558587309 0.3221346949649507 0.5001204460138797
0 0.7647748063785345 0.0699682026179287 0.33603408929382744 0.061048456608141274 0.31912757187500007 0.8736850937500001 0.747868288959707 0.8826048397597874