0 0.1559484375000001 0.23654843750000004 0.04686000648595036 0.23643316109043666 0.04661406250000005 0.469175 0.1557024935140498 0.46929027640956333
0 0.2027890625000001 0.47889687500000006 0.16250781250000007 0.47889687500000006 0.16250781250000007 0.5782484375 0.2027890625000001 0.5782484375
0 0.15697343750000012 0.6691812500000001 0.04624729121616509 0.6680600215500613 0.044345728716165066 0.8558475215500614 0.15507187500000008 0.8569687500000001
0 0.1566332099890115 0.6579430381842531 0.1564671875 0.47942187500000005 0.046493352510988475 0.47952414931574705 0.046659374999999996 0.6580453125000001
0 0.74514375 0.2074718750000001 0.64445625 0.2074718750000001 0.64445625 0.3313703125000001 0.74514375 0.3313703125000001
0 0.7448265625000002 0.3443828125000001 0.6451488648517457 0.3441764210319284 0.6449078125000001 0.46059375 0.7445855101482546 0.4608001414680718
0 0.8969781250000002 0.5501812500000001 0.750851019280329 0.5499453021938254 0.7503562500000001 0.8563656250000001 0.8964833557196714 0.856601572806175
0 0.7439500000000001 0.7553609375000001 0.6441566484602074 0.7546320586823373 0.6434160234602074 0.8560336211823373 0.7432093750000002 0.8567625000000001
0 0.8970015625000004 0.20741250000000008 0.7512893335778691 0.20732025179921026 0.7510796875000001 0.5384703125000001 0.8967919164221312 0.53856256070079
0 0.35213281250000017 0.5279828125000001 0.16328245011078424 0.5273978749662056 0.16226471942373752 0.8559779334497375 0.3511150818129535 0.856562870983532
0 0.3532937720514693 0.5143195731867155 0.3516483280254489 0.23319118128441504 0.15979574737810537 0.23431409413062973 0.16144119140412577 0.5154424860329302
0 0.7464661285188527 0.13243459435237773 0.36150286101514534 0.13194446328026338 0.36058125000000013 0.8558046875 0.7455445175037075 0.8562948185721144