0 0.7536189728650069 0.9040719775454292 0.7450252414187932 0.7845522172063878 0.4699607982412865 0.8043299505984585 0.4785545296875001 0.9238497109375
0 0.48288762743964764 0.7953321740235763 0.47974027762515303 0.7511978130649987 0.36413939862300543 0.7594416484164226 0.3672867484375001 0.8035760093750002
0 0.27448822128061046 0.9378352064436442 0.26614596874999996 0.8164164937499999 0.04279013340688948 0.8317624873063558 0.051132385937500004 0.9531812000000001
0 0.4843462600017305 0.9232147998898013 0.4762186343749999 0.802969434375 0.26130086343576947 0.8174961579226988 0.26942848906250005 0.9377415234375001
0 0.832859782688933 0.24171898741431558 0.8256228374999999 0.1310728953125 0.6739095376235669 0.14099589227318446 0.6811464828125 0.251641984375
0 0.681511906342763 0.2508216599044828 0.6739998752890918 0.14152968325585458 0.5296161236338287 0.15145369835137176 0.5371281546875 0.260745675
0 0.4679523856481128 0.14801395276800872 0.4567578310377737 -0.012167435975509303 0.09635754070216085 0.01301976438148202 0.10755209531250001 0.173201153125
0 0.22669062524137146 0.2821978316183688 0.21886575625000004 0.17283863906250002 0.09141343725862856 0.1819581074441312 0.09923830624999999 0.29131730000000006
0 0.8353973609375 7.99925421034806e-17 0.459606240625 5.698197247154555e-17 0.459606240625 0.14893379531250003 0.8353973609375 0.14893379531250006
0 0.45289060276486187 0.7969480738533764 0.4384971796875 0.5899001156249999 0.04535769879763818 0.6172301261466233 0.059751121875 0.8242780843749997
0 0.7761233062568202 0.7778317677540793 0.7620718342246792 0.5670596820763334 0.4309193940004935 0.5891365108804084 0.4449708660326346 0.7999085965581543
0 0.921556696698957 0.5422664397358303 0.8904500333662627 0.12138119331079937 0.04509729604230582 0.1838592754499691 0.07620395937499999 0.604744521875