0 0.5342044645946025 0.03224969942868185 0.3868045556385449 0.02851801103731121 0.3842964728352469 0.12758608374007602 0.5316963817913046 0.1313177721314467
0 0.8330661360418933 0.6925800645222681 0.6134560248150587 0.686997975869589 0.6112328173511619 0.7744632364208348 0.8308429285779966 0.7800453250735139
0 0.6121384390625001 0.8644241125000001 0.5941999547675212 0.4001150511320958 0.5464814187500001 0.40195864687499994 0.564419903044979 0.8662677082429042
0 0.8243542406250001 0.5895524890625001 0.8130175486411287 0.296145968504589 0.5765739109375 0.30528171875 0.5879106029213714 0.5986882393079112
0 0.8386823823157222 0.7874770689588273 0.6174099093750001 0.7818521015625 0.6153297426832688 0.8636807763933676 0.8366022156239911 0.8693057437896948
0 0.8306518850881226 0.5960091295831147 0.6105812312500002 0.5904144140625001 0.6082970916833066 0.6802620722763313 0.8283677455214289 0.6858567877969458
0 0.8195792706314906 0.14451146358809336 0.5730828453125001 0.1382468718750001 0.5689524481185095 0.3007679410994068 0.8154488734375 0.3070325328125001
0 0.8056133467337474 0.0422352562908308 0.7576628750000001 0.041016579687500096 0.7566012543306377 0.08278747424565644 0.8045517260643852 0.08400615084898715
0 0.8112388297576552 0.04045112689350999 0.672228490625 0.038567379687500083 0.6708721311798448 0.1386593590439902 0.8098824703125 0.14054310625000013
0 0.6727850799523974 0.03831699308842405 0.5339364484375001 0.034170607812500066 0.5309987044226028 0.1325458694115761 0.6698473359375001 0.13669225468750007
0 0.5742137765625 0.3952282906250001 0.5656450474800876 0.09315046203595263 0.5319066244289821 0.09410748495995555 0.5404753535113944 0.39618531354900294
0 0.5260018579326767 0.3080173061376671 0.35286358906250004 0.30361699218750005 0.35083965925482336 0.383252151674833 0.5239779281250001 0.38765246562500005
0 0.4877009817405325 0.20618713214891096 0.3939570578125 0.20380267812500005 0.39177228088540506 0.2896963711882842 0.48551620481343755 0.292080825212195
0 0.5335104734375 0.2941417046874999 0.5296943922773574 0.20502548929735234 0.4869701007971109 0.2068550032986419 0.49078618195725354 0.29597121868878945
0 0.5331202207958365 0.1383692755551072 0.4610259390625 0.13653685000000004 0.45937125839459847 0.20163800181373565 0.531465540127935 0.2034704273688428
0 0.4583448203124999 0.2016172421875 0.45563639482213547 0.13152399638373616 0.39109834681704403 0.13401776725011494 0.39380677230740846 0.20411101305387874
0 0.6224017450781487 0.8707442111859971 0.40848615611800093 0.8687113940189299 0.40765546885235227 0.9561255297079331 0.6215710578125001 0.9581583468750002
0 0.5600984948180675 0.7773535089993566 0.41430018750000003 0.7736482109375 0.4120638156629847 0.8616463214612328 0.5578621229810522 0.8653516195230895
0 0.5577291302589189 0.6988291329316938 0.41170202656250005 0.6951171171875 0.4098073931785812 0.7696501592558065 0.5558344968750001 0.7733621750000002
0 0.5550015100460918 0.5837942411318151 0.4078697453125001 0.580053178125 0.40505036316409726 0.6909362801195976 0.552182127897689 0.6946773431264127
0 0.5500673652805257 0.49453257564288966 0.4041164421875001 0.4908228859375 0.40200910034447457 0.5737323774821105 0.5479600234375002 0.5774420671875002
0 0.5443373556296386 0.40298722019512895 0.4006007515625001 0.4004883640625 0.39907906800716997 0.4880170632348883 0.5428156720743085 0.4905159193675172