0 0.6768553570757898 0.9350699420034532 0.5302373719096279 0.9340614563628401 0.5298704781250001 0.9874020546875 0.6764884632911619 0.9884105403281132
0 0.477524423646605 0.26964358011256756 0.2553459064125833 0.2681150566152882 0.25472227256732954 0.35876334778127766 0.4769007898013512 0.36029187127855705
0 0.5366180390625002 0.1768951437500001 0.4871394233967979 0.17621388873022512 0.48056384375000005 0.6537892000000002 0.5300424594157024 0.6544704550197752
0 0.4954147420596069 0.4643942325545535 0.25023407000449943 0.4628892216606234 0.24845141856989256 0.7533001937935699 0.4936320906250001 0.7548052046875
0 0.4783642828125001 0.17734770781250003 0.25432621897813207 0.1758059701635042 0.25374261683605315 0.26061228857060315 0.4777806806704212 0.26215402621959893
0 0.47516116249999996 0.36712101875 0.25284219909064387 0.36559177768878387 0.25220169687500005 0.458707109375 0.47452066028435624 0.46023635043621614
0 0.49050285000000005 0.7592574984374999 0.2451502488287438 0.7575699955384969 0.2439917765625001 0.9260047781249998 0.4893443777337563 0.9276922810240029
0 0.38270629375000015 0.9308125875 0.24272284725396537 0.9298492512449169 0.24229504758113718 0.9920132903292647 0.38227849407717196 0.9929766265843478
0 0.5224542345239973 0.9887194877029917 0.5216398768020001 0.9293180788039338 0.38624089852800275 0.931174317663442 0.38705525625 0.9905757265624999
0 0.5346361046875001 0.6612500375000001 0.4994772096720907 0.6605745619954109 0.4934867265625001 0.9723827109375002 0.5286456215779095 0.9730581864420893
0 0.7263902484375001 0.6697056328125001 0.5520098485163849 0.6685071571480914 0.5514426192309403 0.7510400550451826 0.7258230191520556 0.7522385307095912
0 0.6784988343750001 0.7673564109375002 0.5866165231637921 0.766723522603481 0.5860033671875 0.8557411031250002 0.6778856783987081 0.8563739914590192
0 0.581954415625 0.7657007765625 0.5376427244720996 0.7649268985246923 0.5360825057220996 0.8542638844621921 0.5803941968750002 0.8550377624999997
0 0.6050840453125002 0.8598378406250001 0.5343626824382732 0.859352130162228 0.5338993020518715 0.9268221456699894 0.6046206649260985 0.9273078561327616
0 0.6773874000000002 0.8603290203125002 0.6104711855639613 0.8594076705860114 0.6095252515843059 0.9281094015412871 0.6764414660203448 0.9290307512677758
0 0.699212402725627 0.08142277890338331 0.48193383758174735 0.07968095797858411 0.48120843124999996 0.17016973593750004 0.6984869963938796 0.17191155686229925
0 0.6883785937500001 0.17554899062500007 0.5427757224259351 0.17454777926602255 0.5421485895371568 0.2657496503685682 0.6877514608612219 0.2667508617275457
0 0.68661816875 0.2707632093750001 0.539979707245313 0.2697546153201027 0.5394483953125 0.34700151562500003 0.6860868568171872 0.34801010967989743
0 0.6848629890625 0.352158275 0.5392349041527462 0.35115460828632883 0.5384428906250001 0.46607265 0.6840709755347538 0.46707631671367117
0 0.6835091953125 0.4734643359375001 0.5374469470021797 0.4724604250482498 0.536856360356865 0.5583867897887838 0.6829186086671852 0.5593907006780341
0 0.6820560745216203 0.5638349970140133 0.5374178363502483 0.5622240073421998 0.5364065656250001 0.65301814375 0.6810448037963721 0.6546291334218134