0 1 0.3011157890625001 0.9264645921874999 0.3011157890625001 0.9264645921874999 0.4464649515625002 1 0.4464649515625002
0 0.38683919616732265 0.7601225173952542 0.3811165491819751 0.5439256754301618 0.2939742625369163 0.5462322981330325 0.2996969095222638 0.7624291400981249
0 0.6646751409770897 0.5164819957397138 0.6614425046875001 0.4691175109374999 0.20117500746041034 0.5005308667602862 0.20440764375000003 0.5478953515625
0 0.7752630853128848 0.7308145412153835 0.75924469375 0.49612521718749997 0.47299428499961527 0.5156628384721166 0.4890126765625 0.7503521625000001
0 0.29265392314377914 0.76859374533745 0.28688675156250004 0.5506915234374998 0.20536022052357011 0.5528492687272375 0.21112739210484924 0.7707514906271876
0 0.4828568755532093 0.7548043284342028 0.477126275 0.5382726812499998 0.38761035772661795 0.540641757418397 0.3933409582798272 0.7571734046026
0 0.9317457829642345 0.7289012195010101 0.9253613859375 0.4877373234375001 0.7634404842232655 0.49202389924899004 0.76982488125 0.7331877953125001
0 1 0.6701733843750002 0.9901136218750001 0.6701733843750002 0.9901136218750001 0.7158010187500002 1 0.7158010187500002
0 1 0.5848441734375002 0.9317414984375001 0.5848441734375002 0.9317414984375001 0.7227568343750002 1 0.7227568343750002
0 1 0.4484102562500002 0.9308279765625 0.4484102562500002 0.9308279765625 0.5837009062500002 1 0.5837009062500002
0 0.9692502124435004 0.4790643594817038 0.9673089382171456 0.44557382404361734 0.6676325273361454 0.4629445254994137 0.6695738015625 0.4964350609375
0 0.7538656267752717 0.4442675051784013 0.7493611234374999 0.274111484375 0.6700200419747283 0.2762118635715987 0.6745245453125001 0.446367884375
0 0.8532663388060197 0.40312531331940155 0.8508543625 0.311941834375 0.7652777288475752 0.3142054989676224 0.7676897051535948 0.40538897791202394
0 0.8557013022958009 0.44672399507981336 0.8526291245864428 0.40431795694604233 0.7650417176031419 0.41066337592872904 0.7681138953125 0.4530694140625001
0 0.9231397940081789 0.44665060010733937 0.9212829734375001 0.37650441250000005 0.8564222178342316 0.37822132384389373 0.8582790384049105 0.44836751145123294
0 0.9245558521490251 0.3711074242275488 0.9201834453125002 0.30704822343749993 0.8519794197259752 0.31170353827245123 0.8563518265625001 0.3757627390625
0 0.1985626074442453 0.5563251702121211 0.18962956742353243 0.34587461513122814 0.10264115841678716 0.349567030856607 0.11157419843750002 0.5600175859375
0 0.2883573258927421 0.49174885812445945 0.2845762125 0.34892487031249997 0.1969030703192867 0.3512459236394785 0.20068418371202884 0.49406991145143786
0 0.3664203980931099 0.4873808846057207 0.36262627500000005 0.34403194062500003 0.288368440970484 0.34599737793560625 0.29216256406359387 0.48934632191632693
0 0.48078502782003535 0.4804796523119671 0.4769840906249999 0.336837559375 0.3665103660028885 0.3397608228864454 0.3703113031979239 0.48340291582341244
0 0.5694140862504243 0.47357116015642087 0.5656264859375 0.330483096875 0.48302314968707555 0.33266964140607913 0.4868107499999999 0.4757577046875
0 0.660247885354895 0.46528353273661754 0.6553804859374999 0.3243318421875 0.5682269989464681 0.32734146080329285 0.5730943983638632 0.4682931513524104