0 0.49292645504053995 0.9514841791416722 0.4858713704056411 0.8551415283403454 0.3381442452942485 0.8659594512629811 0.34519932992914726 0.9623021020643078
0 0.779573795762012 0.29274804204196664 0.7733213829935679 0.20770967404612373 0.5553530170106213 0.2237357129589978 0.5616054297790655 0.3087740809548407
0 0.5588522921875001 0.1356191796875001 0.5122339820511462 0.1341904434843528 0.4982578656250002 0.5902178953125002 0.544876175761354 0.5916466315156474
0 0.7685024328125001 0.39398881562500004 0.5375184947214593 0.38690863524469654 0.5284369390625001 0.683185478125 0.7594208771535409 0.6902656585053035
0 0.7841474090555514 0.1998481962020035 0.7782978949277043 0.12029027101405869 0.5588013968096528 0.1364287998120552 0.5646509109374999 0.215986725
0 0.7780986790970668 0.38713414758734166 0.7716763484375 0.29978137187500004 0.5530443240279331 0.31585558522515844 0.5594666546875 0.4032083609375001
0 0.7736144218238105 0.8282442616206295 0.76199725 0.6702332593749999 0.5147082406761894 0.6884142649418704 0.5263254124999999 0.8464252671874999
0 0.7560683694686967 0.9290985565145584 0.75308264375 0.8884851125000001 0.7045832274063034 0.8920505809854417 0.7075689531250001 0.932664025
0 0.7638621143954211 0.930452467617268 0.75785331875 0.8330371468750002 0.618040148104579 0.8416611370702324 0.62404894375 0.9390764578125002
0 0.6284108629843291 0.9389972192024791 0.620957009375 0.8433889999999999 0.4814044651406709 0.8542688620475211 0.48885831875 0.9498770812500001
0 0.525427746875 0.5954801609375 0.4924579566017705 0.5948076177942931 0.4864112669653503 0.8912318564082231 0.5193810572385799 0.8919043995514299
0 0.48205761606679065 0.682667586284994 0.4763648342030343 0.6052424019653464 0.3040099556362438 0.6179150063053525 0.3097027375 0.6953401906250001
0 0.4456444689994418 0.7838698964919325 0.43950397342069436 0.7003614216464501 0.34452252942125267 0.7073455407795175 0.3506630250000001 0.7908540156249999
0 0.48641457031250024 0.6960891078125002 0.44468410511580736 0.6946359263565876 0.4415906589304237 0.7834692567378363 0.4833211241271166 0.784922438193749
0 0.4897789883869164 0.8480007794129902 0.48512455739576293 0.7847063894846761 0.4121143502588465 0.7900752850716858 0.41676878124999994 0.8533696749999999
0 0.41363902968750005 0.7899570953125001 0.35059120053890275 0.7880246053334559 0.34841205156250005 0.859119728125 0.41145988071109735 0.8610522181040443
0 0.5722473588311697 0.12877167309652934 0.5673443953124999 0.043664649999999985 0.35492886108842286 0.0559017789372694 0.3598318246070926 0.14100880203379876
0 0.5120644680193169 0.22282484356559512 0.5057732684631999 0.13726726302691927 0.35982130513138305 0.14799936789882415 0.36611250468749995 0.23355694843750002
0 0.5098364548595752 0.2996397976700894 0.5045086171875 0.2271734140624999 0.35885490295292477 0.23788209451741055 0.364182740625 0.310348478125
0 0.5094759054058269 0.4119735678821218 0.5015496390625 0.30416740000000003 0.35340717584417314 0.3150593243053782 0.3613334421875 0.4228654921875
0 0.5042625276028428 0.49942888250197476 0.4983345352041618 0.41882044302564997 0.35242956697631894 0.4295503808361752 0.358357559375 0.5101588203125
0 0.499204945380778 0.589113177954837 0.4936273621530482 0.5039524060214233 0.35004859802227023 0.5133560608790865 0.35562618125 0.5985168328125001