0 0.9478925564499777 0.35851982812575944 0.8562051656394102 0.3558792312704163 0.8523061712693025 0.49126098023255593 0.94399356207987 0.49390157708789906
0 0.3379866720878204 0.5590114006110671 0.25705508360168744 0.5566566151124747 0.251168070515245 0.7589872820922114 0.33209965900137794 0.761342067590804
0 0.6029259431050041 0.5453038653773967 0.601896875 0.501084375 0.17282874439499585 0.5110695721226033 0.1738578125 0.5552890625
0 0.69632485654296 0.7494202229282965 0.691225 0.530321875 0.42230795595704 0.5365813395717035 0.4274078125 0.7556796875
0 0.25022500000000014 0.5613453125000001 0.17450918028459886 0.5591422379585634 0.16857651707498647 0.7630374986782856 0.24429233679038775 0.7652405732197223
0 0.4273406250000001 0.5577484375 0.34420642136431767 0.5553297997976234 0.33830937500000013 0.7580250000000001 0.4214435786356825 0.7604436377023766
0 0.8457546875000002 0.5294671875000001 0.6953745979845543 0.5250922280556156 0.6887890624999999 0.7514562500000002 0.8391691520154458 0.7558312094443846
0 0.9350687499999999 0.70174375 0.8964166928640674 0.7006194732784148 0.8951390624999999 0.74454375 0.9337911196359323 0.7456680267215852
0 0.9376265625 0.6226796875 0.8450207030007834 0.6210826362118065 0.8428203125 0.7486734375 0.9354261719992166 0.7502704887881937
0 0.9421656250000001 0.4947046875000002 0.851136100715695 0.4916517935988227 0.8468625 0.6190796875000001 0.9378920242843052 0.6221325814011776
0 0.8871953406618289 0.523226154739458 0.8867889359501152 0.49197183944672374 0.6076185952882865 0.4956019347072657 0.6080250000000001 0.52685625
0 0.6935296875000001 0.32322500000000015 0.619843604046243 0.3210809094749961 0.6152062513218064 0.480453079573412 0.6888923347755636 0.4825971700984161
0 0.7857234375000001 0.3626921875000001 0.706247807381638 0.3603792235788698 0.7037500000000001 0.4462062500000001 0.7832256301183622 0.44851921392113037
0 0.7836387413032273 0.48844223256632124 0.7825917687893004 0.4488460753592773 0.7006311524860729 0.45101321779295606 0.7016781249999999 0.490609375
0 0.8477203125000002 0.42574531250000003 0.7874825488232305 0.4239919338953394 0.785560938822714 0.49000932955782767 0.8457987024994837 0.49176270816248835
0 0.8516810194051481 0.4208426763324044 0.8502890624999999 0.3610390625 0.7861330430948519 0.3625323236675956 0.7875250000000001 0.42233593750000004
0 0.17058696927147152 0.3666366944116789 0.08971331620830303 0.3655715426336702 0.08711718750000007 0.5626875000000001 0.16799084056316854 0.5637526517780087
0 0.25850937500000004 0.373415625 0.17708359276671892 0.3710458762813876 0.17318437632230935 0.5050249545647738 0.25461015855559044 0.5073947032833862
0 0.3311640625000001 0.37212656250000004 0.26219733669392553 0.3701201198597411 0.2582890625 0.5044578125 0.32725578830607455 0.506464255140259
0 0.4376187500000001 0.37021718750000004 0.33501890564399067 0.3672320733827162 0.3310921875 0.5021953124999999 0.43369203185600946 0.5051804266172838
0 0.5201765625000001 0.3680109375000001 0.44346085037233857 0.36577759013797195 0.43955469014622056 0.4999545966020552 0.5162704022738821 0.5021879439640833
0 0.6037531250000001 0.3660437500000001 0.522767237017652 0.3643381456738856 0.5199832418636179 0.49652842933811725 0.6009691298459658 0.49823403366423175