0 0.3272367647491964 0.29073793713108875 0.3270413866907401 0.24045529726481898 0.18953516964193698 0.2409895909650725 0.18973054770039327 0.2912722308313423
0 0.4607515177383535 0.21933392376551844 0.3338750000000001 0.21898750000000003 0.33374058742064566 0.2682156468715106 0.46061710515899906 0.268562070637029
0 0.5298453125 0.2730515625 0.33532656250000004 0.27305156249999996 0.33532656250000004 0.37980781250000006 0.5298453125 0.37980781250000006
0 0.7789359985476352 0.280584195347325 0.7787162664668047 0.22499091481933098 0.5307566927668432 0.22597097342665678 0.5309764248476737 0.2815642539546508
0 0.8169163669504093 0.2861125364554218 0.5369115206379437 0.28572579720930646 0.5367358811329707 0.41289135666666715 0.8167407274454362 0.4132780959127825
0 0.36001869314930535 0.2953093076980814 0.19537135339854492 0.2948859919739377 0.19494442953089608 0.4609367079653932 0.3595917692816565 0.4613600236895368
0 0.6965343749999999 0.523309375 0.6962744899743686 0.41323686470432064 0.5199703124999999 0.4136531249999999 0.5202301975256314 0.5237256352956793
0 0.39208435478264514 0.593156108920881 0.3917884267830628 0.4686533319586335 0.23921813450041762 0.46901597303775244 0.23951406249999999 0.59351875
0 0.5117812500000001 0.4824140625 0.45087968749999996 0.4824140625 0.45087968749999996 0.5229468749999999 0.5117812500000001 0.5229468749999999
0 0.6110671875 0.5283765625 0.45753281250000005 0.5283765625 0.45753281250000005 0.5967749999999999 0.6110671875 0.5967749999999999
0 0.817315625 0.5276515625000001 0.5865015625 0.5276515625 0.5865015625 0.6344125 0.817315625 0.6344125
0 0.4962361849373512 0.6040290304900019 0.36930228293186607 0.6036431575486483 0.368983285494515 0.7085781895586465 0.4959171875000002 0.7089640625
0 0.6207906249999999 0.642375 0.5046171875 0.642375 0.5046171875 0.7089640625 0.6207906249999999 0.7089640625
0 0.6985828125000001 0.6427359375 0.501034375 0.6427359375 0.5010343750000001 0.8399734375 0.6985828125000002 0.8399734375
0 0.6723460010511618 0.8901446453678729 0.6722884143028252 0.8443626616406114 0.5338736632516633 0.8445367662727385 0.53393125 0.8903187499999999
0 0.46626460194864167 0.9060023658913774 0.46602511943042524 0.8550598457565398 0.3391272393117263 0.8556563970030568 0.3393667218299427 0.9065989171378945
0 0.33166130643151753 0.8340491074389913 0.19705685251713298 0.833450823546956 0.19682968750000013 0.884559375 0.3314341414143847 0.8851576588920353
0 0.3313097650133513 0.8291608518616126 0.3309571556761599 0.7124110673820839 0.19900520316280854 0.7128095905204714 0.1993578125 0.8295593750000002
0 0.3068984375 0.7098312499999999 0.3063359375 0.6635671875 0.21790539792542396 0.6646423671496622 0.21846789792542393 0.7109064296496621
0 0.5281397394737706 0.8515029732054804 0.5278621900967045 0.7455099499859266 0.3362630756229339 0.7460116642804462 0.3365406249999999 0.8520046875
0 0.5250984375000002 0.78651875 0.4702015625000001 0.78651875 0.4702015625000001 0.8513296875 0.5250984375000002 0.8513296875