0 0.2774337156250001 0.63891655 0.16686671562500008 0.63891655 0.16686671562500008 0.6850141421875 0.2774337156250001 0.6850141421875
0 0.2781176406250001 0.5923320390625 0.1676731593414976 0.5922906810767197 0.16765736562500005 0.6344670296875 0.2781018469085026 0.6345083876732802
0 0.2789575734375001 0.5372518000000001 0.16830012500000008 0.5372518000000001 0.16830012500000008 0.5879042734375 0.2789575734375001 0.5879042734375
0 0.35026730792527083 0.532858594222317 0.35026419218749993 0.4439153578125 0.19233554869484962 0.44392089015267 0.19233866443262052 0.5328641265624869
0 0.4047569042294866 0.4395639002559462 0.40473605937499996 0.32081585156250003 0.19377952389551334 0.320852882556554 0.19380036875 0.4396009312500001
0 0.8088458451214061 0.6733169644067188 0.808845778125 0.5817946640625 0.6663047423785937 0.5817947684057814 0.6663048093749999 0.6733170687500001
0 0.5958537581248601 0.7781564021556509 0.595794762266217 0.6776811860681586 0.49181418695385676 0.6777422401625078 0.4918731828124999 0.7782174562499999
0 0.6366739812500002 0.7166005703125001 0.6024611619115918 0.7160679339363725 0.6014929211954593 0.7782609162068803 0.6357057405338675 0.7787935525830079
0 0.84794128125 0.6777991187500001 0.8138684187641015 0.6772943356730008 0.8124584531249999 0.7724670296875 0.8465313156108983 0.7729718127644992
0 0.8071992515625 0.6777882406250001 0.6199412073791714 0.6777693375534132 0.6199224333757234 0.8637488039591055 0.8071804775590522 0.8637677070306923
0 0.34883482812500005 0.5372819468750001 0.2848660836168288 0.5372319853851207 0.28482589687500004 0.5886855234375001 0.3487946413831713 0.5887354849273794
0 0.3489855593750001 0.5372823624999998 0.2849882293821116 0.5372407432998911 0.28495478277056835 0.5886711847903758 0.34895211276345683 0.5887128039904845
0 0.3478863578125 0.5915799015625 0.2845985424028762 0.5914415833533316 0.2845483531250001 0.6144058031249999 0.3478361685346239 0.6145441213341682
0 0.347637079680892 0.6345358990046337 0.3476358171875 0.6188132609375001 0.28410985863438165 0.6188183619328009 0.2841111211277737 0.6345409999999345
0 0.48761568590580734 0.7816364001754256 0.4876112656250001 0.7476766640625001 0.41785600862787 0.7476857435742692 0.41786042890867725 0.7816454796871947
0 0.32547706406250004 0.677801709375 0.18850896888941843 0.6777267861467614 0.1884454828125001 0.79378648125 0.3254135779855817 0.7938614044782386
0 0.6356466938665652 0.6778124939558321 0.3300234196455068 0.6777668007865355 0.3299979101956866 0.8483892745095204 0.6356211844167451 0.848434967678817