0 0.3899058328125 0.17530736093750005 0.3487061109375 0.17530736093750005 0.3487061109375 0.2736326390625 0.3899058328125 0.2736326390625
0 0.4315775000000001 0.17543263906250006 0.3938825921875 0.17543208281250006 0.39388114358879245 0.2735980059385415 0.43157605140129257 0.2735985621885415
0 0.48076870312500003 0.17535402812500006 0.43549805625 0.17535402812500006 0.43549805625 0.2736194437500001 0.48076870312500003 0.2736194437500001
0 0.5641881484375 0.33611388906249995 0.5641832442871352 0.19612847086602228 0.484690185436507 0.19613125576975426 0.48469508958687185 0.33611667396623196
0 0.6742411537538237 0.19620191549205657 0.5680441731470152 0.19618327317376413 0.5680113522056915 0.3831495514317077 0.6742083328125001 0.3831681937500001
0 0.4409586111392124 0.6216126989533628 0.35916037031250003 0.6216126390625001 0.35916027792328775 0.7477967463591375 0.44095851875000003 0.7477968062500001
0 0.35529580937554284 0.5591933064868418 0.35513376875921593 0.46694571785329986 0.2652977734461731 0.46710352230395813 0.2654598140625001 0.5593511109375001
0 0.320475740625 0.59570319375 0.3204511109375 0.56511805625 0.2653409019910261 0.5651624355575775 0.26536553167852617 0.5957475730575775
0 0.3551940734375001 0.753550278125 0.27054509218750006 0.753550278125 0.27054509218750006 0.7840095828125 0.3551940734375001 0.7840095828125
0 0.35518766850793015 0.7475962490804313 0.35518111093749993 0.5806624999999999 0.1889592684450324 0.580669029604979 0.1889658260154627 0.7476027786854105
0 0.480741759375 0.2795452781250001 0.43476768593750004 0.2795452781250001 0.43476768593750004 0.33607263906250007 0.480741759375 0.33607263906250007
0 0.4807781484375001 0.27968194375000005 0.4348126336611955 0.2796520516469639 0.43477587428619546 0.33617746883446387 0.4807413890625001 0.33620736093750003
0 0.43233601874999994 0.27963777812500007 0.4118123140625 0.27963777812500007 0.4118123140625 0.3360944437500001 0.43233601874999994 0.3360944437500001
0 0.4078731484375001 0.33608055625000005 0.4078312031250001 0.27948194375 0.39377912757723876 0.2794923577632432 0.3938210728897388 0.33609097026324325
0 0.29270148125 0.46288986093749995 0.29269342519889086 0.4009956343983814 0.2623418531252729 0.40099958490926974 0.26234990917638207 0.46289381144838837
0 0.3551783677597896 0.3170572179860131 0.35516037660703326 0.19610165139269933 0.2514835822847436 0.1961170724691862 0.2515015734375 0.31707263906249994
0 0.3551831484375 0.3229461109375 0.20267953750000003 0.3229461109375 0.20267953750000006 0.595840971875 0.35518314843750004 0.595840971875