0 0.27220540587359865 0.312188333682866 0.16484330156250004 0.31138840312500005 0.16451601181970602 0.3553153604843315 0.2718781161308046 0.3561152910421975
0 0.2744884505720071 0.3604140296700974 0.16738180156250007 0.35957694531250006 0.1670677061122772 0.39976609809880415 0.27417435512178423 0.40060318245640153
0 0.27727725859930585 0.40476371599157357 0.1696387000000001 0.4039682171875 0.1692819804631943 0.45223576525842646 0.2769205390625 0.45303126406250005
0 0.3488199510079866 0.45774982461390146 0.19449914062500004 0.4566121140625 0.19387428805451354 0.5413680785110987 0.3481950984375001 0.5425057890625001
0 0.40532947089922 0.5470766873473043 0.19918525625000005 0.54551351875 0.19832720878828017 0.6586692720276957 0.4044714234375001 0.660232440625
0 0.7811539660756943 0.32710069642788414 0.6413872906250002 0.3260652843750001 0.6407412042368059 0.41327824107211597 0.7805078796875 0.41431365312500007
0 0.5731276811269495 0.22565274506017952 0.4713919171875001 0.22483943437500006 0.47062652739601185 0.3205808485325377 0.5723622913354612 0.32139415921771713
0 0.6116109531250001 0.2845969640625 0.608416163913847 0.22386540000222793 0.5758947455320443 0.22557619204562837 0.5790895347431975 0.2863077561059005
0 0.8143891390625001 0.3230755343750001 0.8096099429760872 0.23090529252586106 0.77721958125 0.2325847921875 0.7819987773364127 0.324755034036639
0 0.7768855293954491 0.14561450868749123 0.5968978068041709 0.14425661362926273 0.595560746933282 0.32148265158497186 0.7755484695245601 0.3228405466432004
0 0.34387104712351246 0.4044766522114858 0.2806989531250001 0.404044603125 0.28036369818898776 0.4530639321635144 0.34353579218750013 0.45349598125000024
0 0.3440106033582141 0.40448616154719896 0.2808223328125 0.4040592421875001 0.280491202891786 0.4530697322028011 0.34367947343750005 0.4534966515625
0 0.34089588297470397 0.3800387805101008 0.2795262125000001 0.37952533437499997 0.2793431469043355 0.4014062572472403 0.34071281737903936 0.40191970338234106
0 0.3396237516210924 0.3607870807846147 0.2783987968750001 0.36033847812500003 0.2782890186914077 0.3753209223403854 0.3395139734375 0.37576952500000005
0 0.4686427430747894 0.22156061370380248 0.4007126859374999 0.22106626718750005 0.4004771850502105 0.25342735035869757 0.4684072421875 0.253921696875
0 0.31713490506567343 0.20887205269105752 0.18157445625000002 0.20785586875 0.18074585240605853 0.3183928536763789 0.3163063012217319 0.3194090376174364
0 0.6087863173289271 0.1591039180636967 0.31594163601694625 0.15676504974934433 0.3146427194141096 0.3193996094953371 0.6074874007260904 0.32173847780968945