0 0.3384574374999999 0.27104557968750004 0.3381365843301868 0.21522360014818212 0.22072178301497872 0.2158984760930316 0.22104263618479184 0.2717204556323495
0 0.5466195624999999 0.18025186093749998 0.5462356032185831 0.09076007696330425 0.40389420675952803 0.09137078442574612 0.4042781660409448 0.18086256839994186
0 0.5401095859375 5.741788875267011e-17 0.3975956984375 4.8691429944624063e-17 0.3975956984375 0.08657540625000006 0.5401095859375 0.08657540625000007
0 0.3276041046875 3.403721344508606e-17 0.21188172968750002 2.695126163841208e-17 0.21188172968750002 0.09920165625000003 0.3276041046875 0.09920165625000005
0 0.32937158657614746 0.10085806455611131 0.21779121065147922 0.10060298077479217 0.21768809751283175 0.14570738809368092 0.3292684734375 0.14596247187500005
0 0.8558585125 0.5672082125 0.8554465595656355 0.4898801787648366 0.7166420737747552 0.4906196378259625 0.7170540267091197 0.5679476715611259
0 1.0008597104218637 0.5664473446694254 0.999764320311135 0.3027312959823024 0.8472155352448967 0.303364933682386 0.8483109253556254 0.5670809823695089
0 0.48808750312500004 0.6074242765625001 0.4879027780722887 0.550800691388559 0.42496015624999994 0.55100603125 0.42514488130271133 0.6076296164239411
0 0.497363853125 0.5451310312500001 0.49473033103963904 0.4629433671295434 0.4217423328125 0.46528210625 0.424375854897861 0.5474697703704566
0 0.41587079843749997 0.5459670843750001 0.411053914998819 0.46150152960425805 0.3318384692906919 0.46601901095573767 0.3366553527293729 0.5504845657264796
0 0.33445910156249997 0.608878134375 0.32420716921148135 0.4567578653403467 0.2318573885790748 0.4629816493875545 0.24210932093009344 0.6151019184222078
0 0.5673384453125 0.654016259375 0.5669666797564374 0.6108937881035306 0.42847507238319366 0.6120877458686362 0.42884683793925615 0.6552102171401055
0 0.5627211015625 0.5465077484374999 0.5584137841287198 0.4597036500586743 0.5010368609374999 0.4625507578125 0.5053441783712801 0.5493548561913257