0 0.5080890625000001 0.5264125000000001 0.5034778221403033 0.3471932977732453 0.3182356426505215 0.3519595069950713 0.32284688301021813 0.5311787092218261
0 0.2372591128859638 0.5348807393169823 0.23397772221440696 0.16059625773828018 0.1098640625 0.161684375 0.11314545317155686 0.5359688565787021
0 0.3117850920959294 0.5295182986314007 0.30856548109010296 0.4198139405500723 0.20781945149417358 0.4227706419186716 0.21103906249999999 0.532475
0 0.35361937224295625 0.2944505089728965 0.21106093750000002 0.2943453125 0.21094870974498328 0.4464322850893348 0.3535071444879395 0.4465374815622313
0 0.30121406249999993 0.28634375 0.29935617806760445 0.1626377839444823 0.2055328125 0.16404687499999998 0.20739069693239548 0.2877528410555177
0 0.5079859374999999 0.2839359375 0.5065391275855922 0.15967006129456715 0.30628749999999993 0.1620015625 0.30773430991440776 0.2862674387054328
0 0.5903968749999999 0.27863437499999993 0.5868969154510317 0.15832168610009073 0.5130906249999999 0.16046875 0.516590584548968 0.2807814388999092
0 0.6843 0.28015 0.6807693136691293 0.15877158443531386 0.5956734375000001 0.16124687499999998 0.5992041238308708 0.2826252905646861
0 0.779796875 0.3363921875 0.7747252776633936 0.16206095255265734 0.6922281250000001 0.1644609375 0.6972997223366064 0.33879217244734267
0 0.6878859374999999 0.5225890624999999 0.682641227417932 0.3423639189861496 0.511571875 0.34734218749999995 0.516816585082068 0.5275673310138502
0 0.684284375 0.33924375 0.6837080301221391 0.2897149245751131 0.36138750000000003 0.29346562499999995 0.3619638448778608 0.34299445042488685
0 0.7982625 0.5230328125 0.7947454684291207 0.402187798091658 0.6905483920640247 0.4052203138223529 0.694065423634904 0.5260653282306949
0 0.745565625 0.39635000000000004 0.7450709205042794 0.3538773039228208 0.6898656250000001 0.3545203125000001 0.6903603294957208 0.3969930085771793
0 0.7931421875 0.39493437499999995 0.7926741883915944 0.3546152673467186 0.7503749818659158 0.35510625021048914 0.7508429809743212 0.3954253578637705
0 0.8727406249999999 0.5209937499999999 0.8678793603532744 0.3539351558333461 0.8057265624999997 0.3557437499999999 0.8105878271467255 0.5228023441666538
0 0.8690984374999997 0.3365625 0.868538779960015 0.28852149676770716 0.7939328125 0.28939062499999996 0.7944924700399848 0.3374316282322928
0 0.8670625 0.281675 0.86348066030827 0.15856742248233954 0.788465625 0.16075 0.7920474646917299 0.28385757751766044