0 0.6564728358792855 0.4461957492831954 0.6398955013786849 0.2417063764223395 0.44124912956189954 0.25781003651414414 0.4578264640625001 0.462299409375
0 0.8436676580530577 0.14541446796252808 0.8388140593749999 0.0004178000000000015 0.4259451785171864 0.014238116580382206 0.43079877719524423 0.1592347845429103
0 0.5620130107956254 0.23658850430153505 0.5567774477955652 0.12574788979297694 0.4339556975509037 0.13154938245011077 0.439191260550964 0.24238999695866892
0 0.7058014951031477 0.2779424847814153 0.697733153125 0.12008627343749997 0.5293259117527309 0.1286938993485745 0.5373942537308787 0.2865501106924898
0 0.8486378458644834 0.21029079952901925 0.84169085 0.1064842375 0.7048220541355165 0.11564384109598076 0.71176905 0.21945040312500003
0 0.863817371861955 0.43952834761329396 0.8497402671875 0.21792909062500004 0.7122278493414601 0.22666457433719658 0.7263049540159152 0.4482638313254905
0 0.8699257271010026 0.5284272036212403 0.8633108546875004 0.44682724531250007 0.7302935978989976 0.4576102432537598 0.7369084703125 0.5392102015625001
0 0.8748171419329644 0.6323947893783813 0.8671906562499998 0.538313096875 0.7329951221295354 0.5491913059341187 0.7406216078125001 0.6432729984375001
0 0.8765693051640879 0.7366179307003808 0.8691754062499999 0.64540939375 0.6764354620234122 0.6610340239871192 0.6838293609375 0.7522425609375001
0 0.6716389847209558 0.645008234328986 0.6563049718750001 0.45587470156250004 0.4570488402790443 0.472029404733514 0.47238285312499995 0.6611629375000001
0 0.7299966589798291 0.643166696411422 0.7073380234375001 0.28648732499999996 0.6525295087148382 0.2899691247878679 0.6751881442571672 0.64664849619929
0 0.6118343423826385 0.7725722147779635 0.6024941898795044 0.6573723991369808 0.46888849124686593 0.6682048609215174 0.47822864374999996 0.7834046765625
0 0.6624732413031099 0.7147970412676142 0.6585934 0.6537055109375001 0.6115931502451513 0.6566904338764079 0.6154729915482612 0.717781964206522
0 0.6643908143268507 0.7675457562161708 0.6614169546875 0.7207392421875001 0.6167999059856493 0.7235739937838293 0.619773765625 0.7703805078125
0 0.6694617711630315 0.8507805498999239 0.6638907468750002 0.7820646796875 0.47919147727446865 0.7970388641625761 0.4847625015625 0.8657547343750001
0 0.7419283047439909 0.8477562899080382 0.7366842109374999 0.7651962703125001 0.6835221011608386 0.7685730511319034 0.6887661949673295 0.8511330707274416
0 0.8855333601719181 0.8346932086620271 0.8788097654889541 0.7517568873843583 0.7427025240670361 0.7627910146598311 0.74942611875 0.8457273359374998