0 0.6101498515625001 0.4883424671875001 0.6099381429265132 0.2881987279048861 0.41694731562500004 0.2884028703125 0.41715902426098694 0.488546609595114
0 0.8157545484374997 0.07388706250000007 0.4157063041935604 0.06647161207409072 0.4132812304432553 0.19729933530745927 0.8133294746871945 0.20471478573336865
0 0.5359020029795821 0.1701645196343257 0.41682140156249997 0.16811610625000004 0.41497642935379997 0.2753700433170655 0.5340570307708821 0.27741845670139115
0 0.6739908388163005 0.1773811082965714 0.5103814329115308 0.17273567393121386 0.5060413769077304 0.32558983750964254 0.6696507828125001 0.33023527187500007
0 0.8122547965176293 0.17643033128349986 0.6797444517349437 0.17640969375100038 0.6797287677173143 0.2771142999675006 0.8122391125 0.27713493750000007
0 0.8134095828124999 0.49719817343750006 0.8131822427182648 0.2835421420186751 0.6798568575531029 0.283684006516607 0.6800841976473379 0.4973400379354319
0 0.813109374152468 0.5065271989434813 0.6847517890625001 0.5056450796875 0.6842071430350324 0.5848967776190189 0.8125647281250001 0.5857788968750002
0 0.8114312508098266 0.5950939990653088 0.6820475765625001 0.5942050703125001 0.6814197929401737 0.6855790431221915 0.8108034671875002 0.6864679718750002
0 0.8068668077148228 0.6985582746850756 0.620628596875 0.6972763968750001 0.620018899483412 0.7858565645560264 0.8062571103232348 0.7871384423661019
0 0.613478775443299 0.49769221691955307 0.421821065625 0.49637296718750007 0.42055668203158014 0.6800598446292679 0.6122143918498791 0.6813790943613209
0 0.6718877703125 0.6836501875 0.6715229329975932 0.3382193780317016 0.6183832578124999 0.33827550312499993 0.6187480951274067 0.6837063125932984
0 0.5487846463033241 0.6874631637860459 0.420165175 0.686577553125 0.41939480837349186 0.798459842453122 0.5480142796768159 0.7993454531141679
0 0.6023562640625 0.7471362046874999 0.6022948129496668 0.688320062810819 0.5567256890624999 0.6883676734374999 0.5567871401753332 0.7471838153141808
0 0.6010266218750002 0.7982160328125001 0.6009785683397477 0.7532303756954419 0.5577183470668804 0.7532765861256364 0.5577664006021329 0.7982622432426946
0 0.6001972187313378 0.8129372355835395 0.4215552578125001 0.8117079796875 0.4210960328311623 0.8784449800414604 0.59973799375 0.8796742359374999
0 0.6710668531249999 0.8820133859374998 0.6709844390481031 0.8024323420142225 0.6194410515625 0.8024857203125 0.6195234656393968 0.8820667642357772
0 0.8096912589109767 0.8019441270491937 0.6783484343749999 0.8010408281250001 0.6777944614015232 0.8815904370133063 0.8091372859374999 0.8824937359375001