0 0.6497681203125001 0.4656806484375001 0.45705075508496673 0.4569086601994665 0.4474840796875001 0.6670850109375001 0.6402014449150334 0.6758569991755337
0 0.8410026528441694 0.878580678142886 0.8376182022810932 0.747924862487275 0.43306416974942386 0.7584042515318891 0.4364486203125 0.8890600671875001
0 0.5632147394871956 0.7844141720366189 0.560582474565854 0.6772927386508553 0.43937705695365825 0.6802710853642362 0.4420093218749999 0.7873925187499999
0 0.7077483386196798 0.7759377113678715 0.702297390625 0.6233729171875 0.5342598390683649 0.6293766873207696 0.5397107870630448 0.7819414815011412
0 0.843395208126324 0.7761087452070707 0.8426654359375 0.6754252671875001 0.704833016873676 0.6764243016679294 0.7055627890625 0.7771077796875001
0 0.853622484375 0.4553171140625002 0.7204860959109152 0.44925626003226365 0.7104435854701026 0.6698561234397145 0.8435799739341874 0.6759169774699509
0 0.8578455671067926 0.4459301603501483 0.8567156609375 0.3667280625 0.7240832563307071 0.3686202115248515 0.7252131625 0.4478223093749999
0 0.8607325029625892 0.35735225509685875 0.8594299406249999 0.26603545781250004 0.7251416595374106 0.26795097459064127 0.726444221875 0.35926777187500003
0 0.8606192972614899 0.2539067761925774 0.859355455786518 0.16538210556410432 0.6682839210250279 0.16810997937152689 0.6695477624999999 0.25663464999999996
0 0.6630392135969758 0.456168725967905 0.6604183430511543 0.2725969307387403 0.4589894575791784 0.2754727485208355 0.461610328125 0.45904454375000003
0 0.7202516781250001 0.269883221875 0.6671872918484081 0.26746795534000894 0.6513367265625 0.6157113093750002 0.704401112839092 0.6181265759099912
0 0.6029969264279037 0.2668991159148522 0.6014003359375 0.15508693906249998 0.4668139235720963 0.1570087278351478 0.4684105140625 0.2688209046875
0 0.653474459375 0.20690205156250005 0.6079698484250333 0.2048313925633582 0.6051855703125 0.2660184312500001 0.6506901812624667 0.2680890902491419
0 0.6544148390625001 0.1558236640625001 0.6112159592656169 0.1538569136080618 0.6090654770937421 0.2010913864098951 0.6522643568906253 0.20305813686433338
0 0.6576991546889271 0.14105679535251106 0.6567470921874999 0.0743615953125 0.47441400781107285 0.07696436870998893 0.4753660703125 0.14365956875
0 0.7282504484375 0.0714934375000001 0.6767799854554822 0.06915177859485078 0.6730373218750001 0.1514168031250001 0.7245077848570178 0.15375846203014945
0 0.8676274876177 0.15048893006583916 0.8664786718749997 0.069989759375 0.7307898483197997 0.07192619493416083 0.7319386640624999 0.152425365625