0 0.6830908617664915 0.628754154545622 0.6789093750000001 0.4491328124999999 0.4844419507335086 0.45365990795437794 0.4886234375 0.63328125
0 0.8857078125 0.44345156250000023 0.764084697406008 0.4384964145459822 0.7487755585228748 0.8142561653448276 0.8703986736168667 0.8192113132988457
0 0.7909843750000001 0.44652500000000017 0.6912676362629576 0.4425952580948905 0.6868333452127884 0.555114872057017 0.7865500839498308 0.5590446139621268
0 0.784588062347855 0.5368573719178009 0.642581050515947 0.5296741271759556 0.6347015625000001 0.6854453125000001 0.7767085743319082 0.6926285572418454
0 0.7777750000000001 0.6916656250000001 0.684039122725802 0.6895971971696457 0.6812234375000001 0.8171968749999999 0.7749593147741982 0.8192653028303543
0 0.6807519682313019 0.8180797742502837 0.6778624627890205 0.693990589482554 0.4732745570577186 0.6987545652322703 0.47616406249999993 0.82284375
0 0.4709578125000002 0.7031468750000001 0.39722484876311687 0.7010019723700601 0.39365000000000006 0.823890625 0.4673829637368834 0.8260355276299398
0 0.3885015625000001 0.7024609374999999 0.3034904533153721 0.6999881126589937 0.2998734375000001 0.8243343750000001 0.3848845466846281 0.8268071998410063
0 0.29374062500000014 0.6473703124999999 0.21132884384382122 0.6449720663606154 0.20617187632209086 0.8221827670685237 0.28858365747826975 0.8245810132079082
0 0.485040625 0.45797968750000007 0.31414500677849505 0.45300643096084714 0.3087265170679511 0.6392015611778759 0.4796221352894562 0.6441748177170287
0 0.6294231609137049 0.6873037283693557 0.628271875 0.6378453125 0.30422371408629506 0.6453884591306444 0.305375 0.694846875
0 0.30785937500000005 0.460375 0.2037681612178933 0.45734560502573035 0.20014531249999998 0.5818281249999999 0.30423652628210673 0.5848575199742696
0 0.3043508489084109 0.630059222519086 0.30336406250000003 0.5876468749999999 0.24667727609158913 0.5889657774809139 0.2476640625 0.631378125
0 0.24380488028633018 0.6301789934111219 0.24286715197635425 0.5899156622177852 0.19916227169002404 0.5909335438066633 0.2001 0.631196875
0 0.19124531250000007 0.4642609375 0.12915561409952148 0.4624541964833194 0.12423125000000008 0.6316828125 0.1863209484004787 0.6334895535166806
0 0.19685634188336815 0.6964149650780446 0.195740625 0.6484421874999999 0.11945928311663187 0.6502162849219555 0.12057500000000002 0.6981890625
0 0.19586718750000012 0.7032968750000002 0.1209267196252846 0.7011164670367943 0.11726875000000012 0.826840625 0.19220921787471562 0.8290210329632058