0 0.297321009375 0.5209367578125 0.29399111944922324 0.3414434503016249 0.1396022484375 0.3443076125000001 0.14293213836327678 0.5238009200108753
0 0.34565344090312644 0.8113937716621017 0.1502800718750001 0.8070521406249999 0.14733792444862587 0.9394487560803488 0.3427112934767522 0.9437903871174507
0 0.46817149687500004 0.800695396875 0.4649150406588384 0.6341888659531143 0.32344046693647915 0.6369557589541051 0.3266969231526408 0.8034622898759908
0 0.3180380390625 0.7929795921875 0.3162734389399879 0.6288671233019865 0.148193534375 0.6306743828125 0.14995813449751205 0.7947868516980134
0 0.2484676779956653 0.5268419797475985 0.14609297968750007 0.5252285890625 0.14450620325433486 0.6259145296274015 0.24688090156250012 0.6275279203124999
0 0.38886816562500004 0.5207325359375001 0.38883334002727954 0.4606291242473989 0.30285015 0.4606789453125001 0.3028849755977205 0.5207823570026012
0 0.3879889765624999 0.4538225265625 0.38422884561268594 0.3452433076635454 0.2983357884822136 0.34821781002012425 0.30209591943202757 0.45679702891907886
0 0.24186276406250004 0.3400044375 0.2397171088916586 0.2174426199188813 0.1389745958188384 0.21920629068000713 0.14112025098967984 0.3417681082611258
0 0.29239700085516784 0.06570880880824018 0.13824950156250002 0.06404015625000002 0.13663276164483218 0.21339204744175994 0.2907802609375 0.21506070000000008
0 0.5747429937499999 0.20506146875 0.5722561619778935 0.0701997928128835 0.48117087031250005 0.07187939374999999 0.48365770208460646 0.20674106968711653
0 0.7244654101978761 0.07654784194216015 0.581189109375 0.07463937187500007 0.5793989210521238 0.20903580024534002 0.7226752218749999 0.2109442703125001
0 0.8709285070504877 0.2128571227082189 0.8673297018782721 0.076118585304497 0.7293094031249999 0.07975112499999999 0.7329082082972157 0.2164896624037219
0 0.1294826984375 0.39004418125 0.1255637977065613 0.18777315430572805 0.052363921354147226 0.18919136557046412 0.05628282208508593 0.3914623925147361