0 0.639754732788834 0.7173608332959399 0.47521370896118426 0.7168017334682768 0.47472032187500013 0.8620037390625 0.6392613457026498 0.8625628388901634
0 0.2011086515625001 0.6823719625 0.0756217296875001 0.6823719625 0.07562172968750011 0.8621233640625 0.2011086515625001 0.8621233640625
0 0.365929578125 0.6936392515625001 0.364808096357038 0.5595743593608692 0.21375980573203796 0.5608379109233692 0.2148812875 0.694902803125
0 0.3693230753156053 0.7040335771512497 0.21734027598118177 0.7028980846550693 0.21616096562500015 0.8607457937499999 0.3681437649594237 0.8618812862461805
0 0.4680040234375002 0.76682990625 0.3728812875000001 0.76682990625 0.3728812875000001 0.8607719625 0.4680040234375002 0.8607719625
0 0.533189134375 0.630444859375 0.47627958963581696 0.6299214469666172 0.47553722343750005 0.7106373828125002 0.5324467681766831 0.711160795220883
0 0.6389356140625 0.711558878125 0.6384588438353865 0.6289314909308914 0.5407424546874999 0.6294953265624998 0.5412192249146134 0.7121227137566084
0 0.7596676711864754 0.860439448413582 0.7592092095115944 0.7649846609387998 0.6454909453125 0.7655308406249999 0.6459494069873809 0.8609856280997823
0 0.9066537410847303 0.8578743892995252 0.9063487713748787 0.716239029137687 0.7648852796650614 0.7165436287798388 0.765190249374913 0.858178988941677
0 0.9045352109374998 0.5331794390625 0.904327038392337 0.4470386736139561 0.7798018883923372 0.4473396079889561 0.7800100609374999 0.5334803734375
0 0.9040261562499999 0.43848598124999993 0.9028482579703402 0.3062068050065171 0.7766933298453402 0.30733016906901706 0.7778712281249999 0.43960934531249996
0 0.904782696875 0.16742803750000007 0.7771921216287893 0.16690503588859884 0.7766557478344052 0.29775786593840986 0.9042463230806159 0.2982808675498111
0 0.7849670940720544 0.9416087440571909 0.7846729283074845 0.8722453931429687 0.59368973736043 0.873055341273278 0.5939839031249999 0.9424186921875002