0 0.5316660756349538 0.5312349788906581 0.531625984375 0.5304617921875 0.5304333915525461 0.5305236304843419 0.5304734828125001 0.5312968171875
0 0.8459465051344551 0.5312163594938549 0.8436615546874998 0.4871494499999999 0.7746187776780447 0.49072944519364503 0.776903728125 0.5347963546875001
0 0.7684444502039729 0.7871773460779337 0.7604668796875 0.6333241984375 0.44515160917102703 0.6496738789220662 0.45312917968749994 0.8035270265624999
0 0.7053808559541193 0.8679659542437344 0.7020135249999999 0.8030245765624997 0.5523827221708806 0.8107832113812652 0.5557500531249999 0.8757245890624998
0 0.5407941482732966 0.8757248134668135 0.5372664531249999 0.8076906874999998 0.4510697486017031 0.8121601459081866 0.4545974437499999 0.880194271875
0 0.7388548069953014 0.6251432227988426 0.7322402546875 0.49757685468750007 0.45525413831719874 0.5119390975136575 0.4618686906250001 0.639505465625
0 0.7187784875000001 0.4199777781250001 0.6565688501836858 0.415830470146657 0.6516676265625 0.4893488453125002 0.7138772638788142 0.49349615329084323
0 0.7339110750000001 0.2587273812500001 0.6433273652736715 0.25268846688719704 0.632704046875 0.4120382328125002 0.7232877566013286 0.4180771471753032
0 0.4509444745171013 0.8448083768281538 0.4446201355078011 0.7094007089189118 0.27799951567819975 0.7171828774032581 0.2843238546875 0.8525905453125002
0 0.6463770182629125 0.4919695357225682 0.6428532484374999 0.4216748078125 0.4646480098620874 0.43060797052743177 0.46817177968749996 0.5009026984375
0 0.3814278363295969 0.7033464882148206 0.3739395093749999 0.5589287656249999 0.19652115117040297 0.5681282367851793 0.204009478125 0.712545959375
0 0.5604125539631426 0.26476986127015295 0.5528744907193912 0.13051877363361877 0.2919013398812487 0.14517215298846586 0.299439403125 0.279423240625
0 0.6386371752343241 0.41417289939933727 0.632684771875 0.26795595781250003 0.20443291947546113 0.2853898320078909 0.21038532283478512 0.4316067735947281
0 0.4663115605717336 0.5507912923623478 0.4597543047811182 0.42432992968218264 0.27789854889688453 0.43375948731983477 0.2844558046875 0.56022085
0 0.27365017111445106 0.45674493435414537 0.1752519323046483 0.4524798312788586 0.17067252343750006 0.558129275 0.2690707622473028 0.5623943780752868
0 0.16563045781250002 0.40488167031249994 0.11789551243088887 0.40169934043316713 0.11397593125000001 0.4604930546874999 0.16171087663161116 0.46367538456683277
0 0.28443929544574165 0.444388679217143 0.2798949953125 0.3567486203125 0.17226592330425833 0.3623293879703572 0.17681022343749997 0.44996944687500007
0 0.5230313862462401 0.12606255431081922 0.5195764640625 0.059431912499999975 0.36496201219125973 0.06744895818918077 0.36841693437499995 0.13407960000000002
0 0.36251274559440483 0.13072909695862084 0.3592297125 0.06741347656249999 0.26066286690559526 0.07252435147887915 0.26394590000000007 0.13583997187500002
0 0.8498285406250001 0.5394936453125001 0.7397283896364579 0.532842298602046 0.7292307166659067 0.7066109246262221 0.8393308676544488 0.7132622713366763