0 0.43978593750000006 0.43255156250000004 0.439025 0.43255156250000004 0.439025 0.433628125 0.43978593750000006 0.433628125
0 0.4664171875 0.12911718750000006 0.4230484375 0.12911718750000006 0.4230484375 0.19152343750000006 0.4664171875 0.19152343750000006
0 0.32717812500000004 0.201209375 0.17576250000000004 0.201209375 0.17576250000000004 0.4917296875 0.3271781250000001 0.4917296875
0 0.16358906250000005 0.247478125 0.09967656250000002 0.247478125 0.09967656250000004 0.38628125 0.16358906250000005 0.38628125
0 0.16739375000000006 0.408875 0.10043750000000004 0.408875 0.10043750000000004 0.485271875 0.16739375000000006 0.485271875
0 0.46185312500000003 0.23779687500000005 0.33630781249999997 0.237796875 0.3363078125 0.49388437500000004 0.46185312500000003 0.49388437500000004
0 0.538703125 0.2560875000000001 0.4740296875 0.2560875000000001 0.4740296875 0.3174187500000001 0.538703125 0.3174187500000001
0 0.696203125 0.2517859375000001 0.5508765624999999 0.2517859375000001 0.5508765624999999 0.3410906250000001 0.696203125 0.3410906250000001
0 0.26935156250000003 0.6552796875000001 0.2681441387445235 0.5057223546250691 0.1350068077447678 0.5067972145005409 0.13621423150024436 0.656354547375472
0 0.5409015625 0.3304984375000001 0.47174062499999997 0.3304984375000001 0.47174062499999997 0.4967671875 0.5409015625 0.4967671875
0 0.41987031250000006 0.5854609375000001 0.2777468119499902 0.5848769949259119 0.2770952494499902 0.743458244925912 0.4192187500000001 0.7440421875000001
0 0.830758837471784 0.4366268656678862 0.6985299809993217 0.4363363816355898 0.6980015625000001 0.6768734375000001 0.8302304189724623 0.6771639215322965
0 0.692296875 0.35053750000000006 0.5486515625 0.35053750000000006 0.5486515625000001 0.764140625 0.692296875 0.764140625
0 0.5476140625 0.5082046874999999 0.42315625 0.5082046874999999 0.42315625 0.673940625 0.5476140625 0.673940625
0 0.5303734375000001 0.6897234375 0.43100000000000005 0.6897234375 0.43100000000000016 0.7850234375 0.5303734375000002 0.7850234375
0 0.5816718750000002 0.8 0.5297171875000002 0.8 0.5297171875000002 0.8470609375 0.5816718750000002 0.8470609375
0 0.6231000000000001 0.690996875 0.5368484375 0.690996875 0.5368484375000001 0.7860765625 0.6231000000000002 0.7860765625
0 0.9027234375000001 0.4752000000000002 0.8371484375 0.4752000000000002 0.8371484375 0.6186812500000002 0.9027234375000001 0.6186812500000002
0 0.90305 0.6320609375000001 0.8407375 0.6320609375000001 0.8407375 0.7211062500000002 0.90305 0.7211062500000002
0 0.4150379921923464 0.1196410165780604 0.2523640625 0.1186203125 0.2516837761981135 0.22704042017121387 0.4143577058904599 0.22806112424927422