0 0.9034053156249999 0.5628770765625002 0.8691528234374999 0.5628770765625002 0.8691528234374999 0.6391140640625002 0.9034053156249999 0.6391140640625002
0 0.90301495 0.48283277968750016 0.8711046515625 0.48283277968750016 0.8711046515625 0.5456744187500002 0.90301495 0.5456744187500002
0 0.7665155237425405 0.3570146574697042 0.5846096343749999 0.34488759687500004 0.5771389606324593 0.45694769096779586 0.7590448499999999 0.46907475156250006
0 0.5653783858491466 0.34226830546389253 0.37698505000000004 0.32970874843750014 0.36930600008835357 0.44489448516110774 0.5576993359375001 0.45745404218750013
0 0.06935215937500004 0.30425802812499997 0.02898671093750003 0.30425802812499997 0.028986710937500042 0.4213012171875 0.06935215937500004 0.4213012171875
0 0.12317275781250006 0.30821317812500004 0.07473421875000005 0.30821317812500004 0.07473421875000005 0.424449059375 0.12317275781250006 0.424449059375
0 0.21418604687500004 0.31212901406250004 0.12674418593750006 0.31212901406250004 0.12674418593750006 0.4309651171875 0.2141860468750001 0.4309651171875
0 0.3799409045919143 0.32945729933848183 0.21823089687500002 0.3186766328125 0.21078999228308581 0.4302902084740182 0.3725000000000001 0.44107087500000003
0 0.5656482820693198 0.3436318122679335 0.37653654531249997 0.3310243625 0.36903610386818014 0.44353097835706656 0.558147840625 0.45613842812500005
0 0.6386295687500001 0.540296234375 0.572799003125 0.540296234375 0.5727990031250001 0.72867165 0.6386295687500001 0.72867165
0 0.5529983390625001 0.5367646734375 0.5103571421875001 0.5367646734375 0.5103571421875001 0.60435825 0.5529983390625001 0.60435825
0 0.5095579629185636 0.5692363113562808 0.45825581406250004 0.56581616875 0.4562227683314365 0.5963118605187192 0.5075249171875 0.5997320031250001
0 0.5103122346961194 0.6027915802676165 0.4586378734375002 0.5993466218750001 0.4566312871788808 0.6294454072323836 0.5083056484374999 0.632890365625
0 0.5554398317765817 0.6066306504611493 0.510132890625 0.6036101875 0.5081814307234183 0.6328820839138507 0.553488371875 0.635902546875
0 0.510264719662235 0.5381752043338747 0.43355481718750005 0.532890365625 0.4270280386203159 0.6276271352679668 0.5037379410950508 0.6329119739768414
0 0.3772425250000001 0.5213327796875 0.29096345468750007 0.5213327796875 0.29096345468750007 0.7067358796875001 0.3772425250000001 0.7067358796875001
0 0.2856478406250001 0.5131766328125 0.18830564843750003 0.5131766328125 0.18830564843750006 0.69974916875 0.2856478406250001 0.69974916875
0 0.18299003281250006 0.5072995578125 0.10687707656250005 0.5072995578125 0.10687707656250008 0.6920249171874999 0.1829900328125001 0.6920249171874999
0 0.08696843906250008 0.5004252499999999 0.023696014062500062 0.5004252499999999 0.023696014062500072 0.6869523796875 0.0869684390625001 0.6869523796875
0 0.07035714218750005 0.4222414171875 0.030008306250000054 0.4222414171875 0.030008306250000054 0.48591140624999996 0.07035714218750007 0.48591140624999996
0 0.9096391096633004 0.36637682607302474 0.7640149500000001 0.3566685484375001 0.7563581714295381 0.47152022315387 0.9019823310928385 0.4812285007893946
0 0.5540371305014556 0.5298673038673342 0.3831693371454859 0.528294236093634 0.38140961601903034 0.7194364556638 0.552277409375 0.7210095234375001
0 0.9150449350245591 0.566828086384074 0.6611976750000002 0.5484087484375002 0.6482150201862306 0.7273300192171107 0.9020622802107896 0.7457493571636845
0 0.8679214752092805 0.4837556786937971 0.07604485000000005 0.42597497187499994 0.07163375363941735 0.48642843968122645 0.8635103788486977 0.5442091465000236
0 0.6376411953125002 0.7476522703125 0.5732558140625001 0.7476522703125 0.5732558140625001 0.8723100765625 0.6376411953125002 0.8723100765625
0 0.0876578078125001 0.7055254703125 0.02420265781250009 0.7055254703125 0.024202657812500094 0.8330282390624999 0.08765780781250011 0.8330282390624999
0 0.99482558125 0.3989357703125001 0.9272674421874999 0.3989357703125001 0.9272674421874999 0.7209645625000002 0.99482558125 0.7209645625000002