0 0.5090602736837365 0.9418913749816106 0.43204238281249996 0.9373273515625 0.42994469037876365 0.9727259093933895 0.5069625812500002 0.9772899328125002
0 0.41231106720123395 0.9381823055196715 0.34902310156250016 0.9344319078125001 0.3470688499862663 0.9674099054178287 0.41035681562500015 0.971160303125
0 0.35576684709872264 0.6359848815508279 0.23926422187500007 0.6308069875000002 0.2311686232137776 0.8129579715741722 0.34767124843750014 0.818135865625
0 0.3671781076801768 0.42128789136945494 0.24742592656250006 0.41596557187500005 0.23903953294482333 0.604659416443045 0.35879171406250004 0.6099817359374999
0 0.379994016749959 0.06291638004146541 0.2610958390625 0.05587056250000002 0.2586237770000411 0.09758661214603466 0.37752195468750005 0.10463242968750004
0 0.37755887636046326 0.11021629021005885 0.2599291703125 0.10324564062500004 0.2569626955145368 0.15330490041494121 0.37459240156250007 0.16027555000000007
0 0.3762273975308787 0.16407632670936778 0.2580021 0.15707038281250005 0.2526469821566213 0.24743799204063235 0.37087227968750003 0.25444393593750003
0 0.3702986156938292 0.2568857204354723 0.2542602140625 0.25172845781250003 0.24709199055617082 0.4130134764395277 0.36313039218750004 0.4181707390625
0 0.36580514418018883 0.4207826542394991 0.2488382968750001 0.415584128125 0.24041249644481127 0.605164653573001 0.35737934375 0.6103631796875001
0 0.6340598521332608 0.6419536141493635 0.4427453234375001 0.6306164578125 0.43871372599173936 0.6986496702256366 0.6300282546875 0.7099868265625001
0 0.5138958933252373 0.5700750503375634 0.4462688046875001 0.5660675187499999 0.44365737073726275 0.6101354621624365 0.511284459375 0.61414299375
0 0.5140112753180955 0.515578500046461 0.48230660625 0.5141694031250001 0.4800207981194046 0.5656000671410394 0.5117254671875002 0.5670091640625002
0 0.5482374262650109 0.51800905820679 0.5169453984375001 0.5166183015625002 0.5146415346724893 0.5684552417932103 0.5459335625 0.5698459984375002
0 0.5458695461267883 0.5712863643578465 0.515437190625 0.5699338156250001 0.513424078873212 0.6152288434546536 0.5438564343750002 0.6165813921875001
0 0.549618175 0.49081837812500007 0.4510545533645033 0.4867008974765284 0.44780250582326586 0.5645479138344911 0.5463661274587626 0.5686653944829627
0 0.6426636313099507 0.35017505882956196 0.4555213828125001 0.339085146875 0.4502374765025493 0.42825105835793814 0.637379725 0.4393409703125001
0 0.6466412728314219 0.24394553707863015 0.45888335156250004 0.23281914218750005 0.45292191779357827 0.33341834104637 0.6406798390625001 0.3445447359375001
0 0.6491498574464798 0.159645557879421 0.4621628484375 0.14856484687500005 0.45750153630352014 0.22722449368307912 0.6444885453125 0.2383052046875001
0 0.6541523274201219 0.07367587591798812 0.46461225625000013 0.06244387187500007 0.4607373241423782 0.127833352207012 0.6502773953125 0.13906535625000008
0 0.44670796723562683 0.06792928226601468 0.3830162265625 0.06415495625000005 0.38054518120187314 0.10585383960898542 0.44423692187499997 0.10962816562500007
0 0.3505984597532884 0.8221001520108366 0.23083108125000013 0.8163664374999999 0.22389068782457722 0.9613392513318256 0.34365806632786555 0.9670729658426623
0 0.640828045085813 0.44395153722123215 0.45212103906250006 0.43454730781250006 0.44332021741418715 0.611146222153768 0.6320272234375002 0.6205504515625001
0 0.6271511583134272 0.7301560249123108 0.44097701406250006 0.7221889140625 0.43018011356157304 0.9744891204001893 0.6163542578125002 0.9824562312500001
0 0.44450014120364 0.11427859747896538 0.3815871328125 0.11181424218750005 0.34961971348386023 0.9279167447085348 0.4125327218750002 0.9303811000000002
0 0.7826593950416862 0.6512332658879179 0.65717449375 0.6437971234375002 0.6532314018333139 0.7103367981745824 0.7787163031250002 0.7177729406250001
0 0.8051799378410424 0.08315109437862252 0.6767023671875002 0.07553760937500009 0.6728162449714578 0.14111592749637772 0.801293815625 0.1487294125000001