0 0.15120312500000005 0.48276562500000003 0.11898437500000006 0.48276562500000003 0.11898437500000007 0.5523281250000001 0.15120312500000008 0.5523281250000001
0 0.14936718750000005 0.4073515625 0.11935156250000005 0.4073515625 0.11935156250000005 0.4644609375 0.14936718750000005 0.4644609375
0 0.4188515625 0.29556250000000006 0.25477343750000003 0.2955625 0.25477343750000003 0.4014375 0.4188515625 0.4014375
0 0.6141484375 0.29430468750000005 0.44416406249999996 0.29430468750000005 0.44416406249999996 0.4031328125 0.6141484375 0.4031328125
0 0.9414843749999999 0.2921875000000001 0.903515625 0.2921875000000001 0.903515625 0.3997500000000001 0.9414843749999999 0.3997500000000001
0 0.898453125 0.29303906250000006 0.852890625 0.29303906250000006 0.852890625 0.39933593750000007 0.898453125 0.39933593750000007
0 0.8495312500000001 0.2934609375000001 0.76728125 0.2934609375000001 0.76728125 0.3997578125000001 0.8495312500000001 0.3997578125000001
0 0.7634765625 0.2938828125000001 0.6183671875 0.2938828125000001 0.6183671875 0.39933593750000007 0.7634765625 0.39933593750000007
0 0.6145703124999999 0.2955703125000001 0.4437421875 0.2955703125000001 0.4437421875 0.4018671875 0.6145703124999999 0.4018671875
0 0.42996093750000003 0.48010937499999995 0.36803906250000007 0.48010937499999995 0.36803906250000007 0.653171875 0.42996093750000003 0.653171875
0 0.4886953125 0.48070312499999995 0.44858593750000003 0.48070312499999995 0.44858593750000003 0.541609375 0.4886953125 0.541609375
0 0.537703125 0.511296875 0.49135937500000004 0.511296875 0.49135937500000004 0.540109375 0.537703125 0.540109375
0 0.53734375 0.5428124999999999 0.490625 0.5428124999999999 0.490625 0.57125 0.53734375 0.57125
0 0.48890625 0.54359375 0.448125 0.54359375 0.448125 0.57125 0.48890625 0.57125
0 0.5624999999999999 0.57140625 0.5609188648840389 0.4808072078554268 0.490156167695301 0.48204215894074515 0.4917373028112621 0.5726412010853184
0 0.6950624999999999 0.47994531250000005 0.61390625 0.47994531250000005 0.61390625 0.6489296875 0.6950624999999999 0.6489296875
0 0.791625 0.4787109375000001 0.7000625 0.4787109375 0.7000625 0.6481015625000002 0.791625 0.6481015625000002
0 0.8682187499999999 0.4782890625000002 0.7966249999999999 0.4782890625000002 0.7966249999999999 0.6472734375000002 0.8682187499999999 0.6472734375000002
0 0.9464609375 0.47703906250000017 0.8869453125 0.47703906250000017 0.8869453125 0.6485234375000002 0.9464609375 0.6485234375000002
0 0.9405234374999999 0.4031015625000002 0.9025703125 0.4031015625000002 0.9025703125 0.46046093750000017 0.9405234374999999 0.46046093750000017
0 0.25131822469216664 0.4027569165269337 0.25008141974843423 0.29389588241539055 0.11824218750000001 0.29539375 0.11947899244373239 0.40425478411154314
0 0.6098953125000001 0.6506953124999999 0.6082932034207028 0.48031892066635207 0.4476697208150637 0.4818293197131995 0.44927182989436093 0.6522057115468474
0 0.3470894802366313 0.6513795376070228 0.3468109375 0.4821968750000001 0.11989958226336875 0.48257046239297735 0.120178125 0.6517531250000002
0 0.897521080150929 0.4608915833334268 0.8972203124999998 0.4037265624999999 0.15591313620632957 0.40762687102398976 0.1562139038572586 0.46479189185741665
0 0.42953125000000003 0.675125 0.36896875000000007 0.675125 0.36896875000000007 0.78834375 0.42953125000000014 0.78834375
0 0.9459843749999999 0.6699296875000001 0.886296875 0.6699296875000001 0.886296875 0.7858828125000001 0.9459843749999999 0.7858828125000001
0 0.09653906250000005 0.3249140625 0.03299218750000004 0.3249140625 0.03299218750000006 0.6235859375 0.09653906250000006 0.6235859375