0 0.46655349062500007 0.9131768984375 0.3927701908600642 0.9078269334232137 0.39030510874728136 0.9418237711570969 0.4640884085122172 0.9471737361713831
0 0.5460102187500002 0.9208844875000001 0.4853983446268981 0.9164889554981931 0.48310127409141057 0.9481642453360608 0.5437131482145127 0.9525597773378678
0 0.6875197781250002 0.6452793171875002 0.5758363145335308 0.6360474209238102 0.5614413515625002 0.81019141875 0.6731248151539695 0.81942331501369
0 0.7058704687500001 0.43944202500000007 0.5910717740125327 0.4299536301469729 0.5761612015731017 0.6103544545592318 0.6909598963105691 0.6198428494122589
0 0.7366378687500001 0.09443938437500009 0.6226759077431204 0.0861768803683082 0.6197710218465563 0.12624300233394395 0.733732982853436 0.13450550634063582
0 0.7319896468750001 0.13974961562500007 0.619282057387991 0.13157689041192913 0.6157956984211543 0.17965621585041686 0.7285032879081635 0.18782894106348777
0 0.7272795984374999 0.19130307968750004 0.6141792018628646 0.18310354244805718 0.6078867397679362 0.26989867948869606 0.7209871363425715 0.27809821672813895
0 0.7193329921875 0.28201353125000017 0.6080945896710597 0.2728177390175621 0.5953525974244458 0.4269533291400033 0.7065909999408861 0.43614912137244133
0 0.7045705296875001 0.4389014296875001 0.5924419440735353 0.42963325084207965 0.5774593152690825 0.6108965825755265 0.6895879008830472 0.6201647614209469
0 0.49365506718749996 0.6194394937500001 0.31028574687741173 0.6061424504041283 0.30554743906250004 0.6714848171875 0.4889167593725883 0.6847818605333716
0 0.49814802656249996 0.5574592953125002 0.4334177971944168 0.5527670495300998 0.4303496867621483 0.5950920898662764 0.49507991613023145 0.5997843356486767
0 0.47011902031249997 0.5034399328125001 0.4397258033254303 0.5009278994807987 0.4356614468750001 0.5501027515625001 0.46605466386206984 0.5526147848942016
0 0.43681589062499987 0.5014069296875 0.4068181763018256 0.49892817505653414 0.40272253907309646 0.548493288934264 0.43272025339627085 0.5509720435652298
0 0.43176991718749996 0.552422771875 0.4025947068734337 0.5500116133350852 0.39901651406250005 0.59330803125 0.4281917243765664 0.5957191897899149
0 0.5035860515062943 0.481227266417709 0.4088214265625 0.472692409375 0.4021036117840916 0.5472819654427934 0.49686823672788594 0.5558168224855025
0 0.5169359609375 0.3399102312500001 0.3376674894430969 0.3269118949173601 0.33145798750000005 0.41255115625000005 0.5107264589944032 0.42554949258264
0 0.526655409375 0.23818173750000007 0.3468467071827842 0.22514508520261267 0.33984133048920445 0.32176710617133925 0.5196500326814204 0.3348037584687266
0 0.5337771421874999 0.15744917500000005 0.35460980044945445 0.1444581714625373 0.34913195312499995 0.2200067109375 0.5282992948630454 0.23299771447496273
0 0.541915940625 0.07504158437500005 0.36023948174542336 0.06186915766370012 0.3556859421875 0.12467238750000006 0.5373624010670767 0.13784481421130002
0 0.61945805 0.08696204687500009 0.5584970474722879 0.0825427505273155 0.5555936945583986 0.12259240784780154 0.6165546970861107 0.12701170419548613
0 0.6731651828329298 0.8232539252982851 0.5586713973671188 0.8136428197832084 0.5470013254716891 0.9526643616724233 0.6614951109375001 0.9622754671875
0 0.508565615625 0.4313412546875 0.32840115292946925 0.41657725664096007 0.3145195828125001 0.5859734875 0.49468404550803086 0.6007374855465399
0 0.48420290937500016 0.7069565453125 0.3058413970807742 0.6911538997434302 0.2844261118444424 0.93286422883165 0.46278762413866836 0.9486668744007197
0 0.6150237375000002 0.1325764578125001 0.5547586956803197 0.12721226614506884 0.4851769665701665 0.9089415694003934 0.5454420083898471 0.9143057610678247
0 0.2877306203125 0.604962375 0.16755655265206165 0.5962478821102367 0.16292223425411376 0.6601557766670396 0.28309630191455215 0.668870269556803
0 0.338233553125 0.06077854843750004 0.2151817711546337 0.05185569328011748 0.21061457031250003 0.11484026406250003 0.33366635228286634 0.12376311921988259
0 0.628438028125 0.9829007703125001 0.3127146705414884 0.9600079593793739 0.3098148843750001 1 0.6255382419585118 1.0228928109331261