0 0.15441888858086453 0.5493703706898442 0.1540109375 0.47924531249999996 0.12179047732963151 0.47943275436303373 0.12219842841049604 0.549557812552878
0 0.15207336326411072 0.4615078746631256 0.15173750000000003 0.40387500000000004 0.12171726178895206 0.40404994694224233 0.12205312505306276 0.4616828216053679
0 0.42303595330287525 0.39164446195326663 0.420571838639594 0.2858125008465894 0.2546436978367188 0.2896758513933228 0.25710781250000003 0.39550781250000006
0 0.6183917971404028 0.3887949044219381 0.6158609375000001 0.2800109375 0.4439785153595973 0.2840097830780619 0.44650937500000004 0.39279375
0 0.943813231756694 0.3784996756850742 0.9431843750000002 0.270275 0.9052117773749095 0.27049564584102087 0.9058406341316033 0.3787203215260951
0 0.9007811941981221 0.3792191304879839 0.9001578125 0.2721265625 0.8545906808018779 0.2723918070120161 0.8552140625 0.379484375
0 0.8518645994713069 0.3814223864759494 0.8512390625 0.2736875 0.7689791505813673 0.27416512259602904 0.7696046875526741 0.38190000907197846
0 0.767638739729216 0.3815228392074423 0.7651859375000001 0.2761125 0.6182378227707842 0.27953184829255767 0.6206906250000002 0.3849421875
0 0.6187614592986065 0.38752096674073994 0.6162890625 0.2812671875 0.44360729070139343 0.28528528325926 0.4460796874999999 0.3915390625
0 0.43376723582864996 0.6442456173546679 0.43275312499999996 0.4701015625 0.3708249516713501 0.4704621951453321 0.3718390625 0.64460625
0 0.4918493723193741 0.5309361844868224 0.4914921875 0.469328125 0.4513787436220299 0.4695606905656966 0.451735928441404 0.5311687500525191
0 0.5413481369252076 0.5275836149661703 0.540678125 0.4987828125000001 0.49383155057479244 0.49987263503382995 0.4945015625000001 0.5286734375000002
0 0.541162300430031 0.5587322415221949 0.5405015625 0.53030625 0.493287699569969 0.5314036959778051 0.4939484375 0.5598296875000001
0 0.49271274074089744 0.5598590597654993 0.4920687136212737 0.5322125008474431 0.4508044103803763 0.5331737535819436 0.4514484375 0.5608203125
0 0.5658234375 0.5583140625 0.563740625 0.46881874999999995 0.4929570717323684 0.4704660862170811 0.49503988423236833 0.5599613987170812
0 0.6988457413256091 0.6341685726186426 0.6978546875 0.46376718750000007 0.6166901961743908 0.4642392398813574 0.6176812499999998 0.634640625
0 0.7954046053132412 0.6312756639023399 0.7944109375 0.46028593749999996 0.7028375822395241 0.4608180951774661 0.7038312500527653 0.631807821579806
0 0.8719916493934736 0.6283163812069488 0.8710015625 0.45808125000000005 0.7994005381065264 0.45849768129305135 0.800390625 0.6287328125000001
0 0.9502388487239395 0.6275336754739327 0.9492359374999998 0.4550109375 0.8897142762760601 0.4553569495260672 0.8907171875 0.6278796874999999
0 0.943205406980909 0.43923289885761563 0.94286875 0.38121093749999996 0.9049117805716922 0.38143117270806937 0.9052484375526012 0.439453134065685
0 0.25378461995152707 0.3985815638019226 0.25181562500000004 0.2895734375 0.11994853091232094 0.291955330037186 0.12191752586384796 0.40096345633910857
0 0.6137098024837899 0.6384803606057381 0.6110953124999998 0.4665515625 0.45043863501620984 0.468994639394262 0.45305312499999995 0.6409234375
0 0.353831814274772 0.6432272888703735 0.3496171875 0.4741250000000001 0.11975568572522802 0.4798539611296267 0.12397031250000004 0.6489562500000001
0 0.9011990375495669 0.4399729677268255 0.8995687499999999 0.38284375000000004 0.15752908745043287 0.4040192197731748 0.15915937499999994 0.4611484375000002
0 0.43412490370490203 0.7794035040454945 0.433459375 0.6651281250000001 0.3728907212950979 0.6654808709545056 0.37355625 0.7797562499999999
0 0.9505623132943054 0.7649056297925731 0.9498812500000001 0.6479109375 0.8901876867056945 0.6482584327074268 0.8908687499999998 0.7652531249999999
0 0.10017363557916173 0.6224474710717288 0.0984296875 0.3226671875 0.03487636442083828 0.3230369039282711 0.0366203125 0.6228171874999999