0 0.15791419218750002 0.5351515828125001 0.15748302884055818 0.4610350807711422 0.1234603953125 0.46123300312499993 0.12389155865944183 0.5353495051663578
0 0.15643894375 0.6147743171875 0.156083947307668 0.5538554979132659 0.12438613918226382 0.5540402127394609 0.12474113562459581 0.6149590320136948
0 0.44320686289264843 0.6248118840002393 0.26779537968750006 0.6224935703125001 0.2663178902323518 0.734285437874761 0.4417293734375001 0.7366037515625001
0 0.649510514612339 0.6257496468091472 0.46780197968750015 0.6233480390625001 0.4662832135126614 0.7382597172533532 0.6479917484375003 0.7406613250000003
0 0.9937062703124999 0.7474680484374999 0.9930400991920051 0.6331025363988007 0.9529438858304827 0.6333360940413669 0.9536100569509776 0.7477016060800662
0 0.948255775 0.7459680109375001 0.9475953040955722 0.6327863750341791 0.8994801986957535 0.6330671505056275 0.9001406696001812 0.7462487864089484
0 0.8965858078124999 0.744839396875 0.8959227166089034 0.6309198803464338 0.8090660079501987 0.6314254470942567 0.8097290991537951 0.745344963622823
0 0.8071706932362306 0.6318444798273162 0.6518003296875001 0.6297918468750001 0.6503293067637698 0.7411382842351839 0.8056996703125001 0.7431909171875001
0 0.6499143459999417 0.6270939680917575 0.4673630359375001 0.6246781203124999 0.4658777102933834 0.7369153831611485 0.648429020355825 0.7393312309404061
0 0.4523283828125001 0.5418505812500001 0.4512567688725446 0.3578240690667468 0.3858679780117654 0.3582048377884486 0.38693959195172095 0.5422313499717019
0 0.5143547859375 0.542044359375 0.513975503187486 0.47691185763084193 0.47162046249999995 0.4771585015625 0.47199974525001387 0.5422910033066579
0 0.5663268999565559 0.47999378361783507 0.5168036296875 0.47933807656250005 0.5164008216505711 0.5097607647386935 0.565924091919627 0.5104164717940285
0 0.5657486362363198 0.4471000009089895 0.5158349828125001 0.4464398125 0.5154378309511805 0.47646654440351044 0.565351484375 0.4771267328125
0 0.5145772606331355 0.4464238518463234 0.4709521453125 0.4458449703124999 0.47056463166325646 0.47504840253275027 0.5141897469838919 0.4756272840665738
0 0.5917425749999999 0.44727766718750017 0.5169864587141191 0.44640730259063444 0.5158857977766191 0.5409437041531344 0.5906419140625 0.5418140687500002
0 0.7323036296875 0.5457264515624998 0.7312561873332083 0.3656217716875438 0.6455561062499999 0.36612018124999995 0.6466035486042916 0.546224861124956
0 0.8342920796875001 0.5483779609375 0.8332401056644428 0.3676341261993488 0.7365511548161431 0.3681968799151612 0.7376031288392004 0.5489407146533124
0 0.91518481875 0.5498930078125002 0.9141384970299196 0.3699812885783991 0.8385379531159133 0.37042096250005285 0.8395842748359937 0.5503326817341538
0 0.9978250828125003 0.5523071390625001 0.9967636623025491 0.3699975357901561 0.9339158406341497 0.37036344063404375 0.9349772611441007 0.5526730439063876
0 0.9920099015625 0.63031356875 0.9916523167219106 0.5689701897246502 0.9515726159968885 0.5692038236330255 0.9519302008374779 0.6305472026583752
0 0.26442750766061407 0.6192795069651653 0.1251692034020442 0.6181677528206568 0.1242499473039302 0.7333137552304916 0.2635082515625001 0.7344255093750001
0 0.6413186849648916 0.3618413091781126 0.4716617156250001 0.36123306406250005 0.4710096978476085 0.5430994814468877 0.6406666671875001 0.5437077265625001
0 0.36715579398522 0.35985632480599855 0.12410891093750001 0.3562427578125 0.12145311695228009 0.5348702611315015 0.3645000000000001 0.538483828125
0 0.9473879527942868 0.568698434785584 0.16357095781250006 0.5542083374999999 0.16245528158071337 0.6145589324019161 0.9462722765625001 0.6290490296875001
0 0.4506765671875 0.33587795000000004 0.44997309836480903 0.21508431924576782 0.3860197935252268 0.21545676567180685 0.3867232623479177 0.33625039642603904
0 0.9961369640625 0.3485801125 0.9954170962980013 0.2249142659434081 0.9323877875000532 0.22528116407159512 0.9331076552645519 0.348947010628187
0 0.10115346562500002 0.7011024203125001 0.09931105315202171 0.3843828586211851 0.03220462044104551 0.38477322834758765 0.03404703291402382 0.7014927900389026