0 0.15421250000000003 0.5181140625 0.15380563134165126 0.4481766390649149 0.12158906250000001 0.44836406249999994 0.12199593115834877 0.5183014859350851
0 0.15281562500000004 0.5935171875 0.15248078246880892 0.5360594667721379 0.12246562505306273 0.5362343841053678 0.12280046758425385 0.59369210483323
0 0.423564989036895 0.6010055952454076 0.25825625 0.6000453125 0.2576412609631051 0.7059131547545925 0.42295000000000005 0.7068734375000001
0 0.618886881124658 0.6004464205175459 0.4476375 0.5994515625000001 0.44700530637534214 0.7082738919824543 0.6182546875000001 0.7092687500000001
0 0.9456031249999999 0.7132890625 0.9449739817385326 0.6052850899909259 0.9070062409514732 0.605506259154563 0.9076353842129403 0.713510231663637
0 0.9025671874999999 0.7121875 0.9019444204448444 0.6053609700271553 0.8563834548698741 0.6056265769729989 0.8570062219250296 0.7124531069458436
0 0.8536421874999999 0.71148125 0.8530187296421229 0.6042281614493362 0.7707727255968029 0.6047062541382645 0.7713961834546799 0.7119593426889282
0 0.768196363790508 0.6051118032709226 0.6218609375 0.6042625000000001 0.6212489487094921 0.7097085092290775 0.7675843750000001 0.7105578125
0 0.6192874543806276 0.6017156495856202 0.447221875 0.6007140625 0.446603166929523 0.7070037343044111 0.6186687463101507 0.7080053213900313
0 0.4329859375 0.5223921875 0.4319739234160691 0.3486081875989449 0.3700562409542288 0.3489687591517427 0.37106825503815954 0.5227527590527978
0 0.49171718750000004 0.522140625 0.49135978407370945 0.46076800140175134 0.45125312499999987 0.4610015625 0.45161052842629046 0.5223741860982487
0 0.5407149259333763 0.4630207145490906 0.49403593749999997 0.46274843750000005 0.49386788646030383 0.49155899117831475 0.5405468748936801 0.49183126822740525
0 0.5401701598838734 0.4318784892230124 0.49311875 0.4316046875 0.4929532776161267 0.4600402607769876 0.5400046875000001 0.46031406250000007
0 0.4917218653114741 0.43159541501551235 0.45062031250000006 0.43135625000000016 0.45045938468852603 0.4590123974844878 0.4915609375000001 0.4592515625
0 0.5649937500000001 0.43186562500000003 0.49421515503279523 0.4310416412871657 0.4931700263506449 0.5208161581014308 0.5639486213178497 0.5216401418142651
0 0.6980875 0.5240984375 0.6970991980862946 0.3541702149765716 0.6159484375 0.3546421875 0.6169367394137054 0.5245704100234283
0 0.7946578124999999 0.52589375 0.7936659086380485 0.3554375438112956 0.7021096094199715 0.35597032022824726 0.7031015132819228 0.5264265264169516
0 0.8712531250000002 0.5267609375 0.8702654737262676 0.35694458574457866 0.7986781249999999 0.35736093750000003 0.7996657762737324 0.5271772892554214
0 0.949503125 0.5284671875000001 0.9485006595684903 0.35629100423210236 0.8889890625 0.35663750000000005 0.8899915279315097 0.5288136832678977
0 0.9439968749999998 0.6023703125 0.943659926029101 0.5445693932397104 0.90570782166134 0.5447906340551477 0.9060447706322389 0.6025915533154372
0 0.2547992170978956 0.5975286933516285 0.12294433309125505 0.5967969131505138 0.12234199099335949 0.7053291572988852 0.25419687500000004 0.7060609375
0 0.6119318636662769 0.3518102767668323 0.4512921875000001 0.35123437500000004 0.4506790738337231 0.5222537857331678 0.6113187499999999 0.5228296875
0 0.35108547817430924 0.35065442277936987 0.12220312500000004 0.34894687500000005 0.12094108432569088 0.5181127647206303 0.3498234375000001 0.5198203125
0 0.9013223147516847 0.544336768166992 0.15956875000000006 0.53611875 0.15893549774831545 0.5932757318330083 0.9006890625 0.6014937500000002
0 0.431421875 0.32737343750000003 0.4307583893392092 0.21345043395677354 0.3701999909003349 0.2138031250529963 0.3708634765611257 0.3277261285962228
0 0.9479046875 0.33557499999999996 0.9472256365972329 0.2189260011705295 0.8875421874999997 0.2192734375 0.8882212384027668 0.3359224363294705
0 0.10046718749999999 0.675646875 0.09872539189357762 0.37623659607226967 0.035181250052876936 0.37660625908941253 0.03692304565929931 0.6760165380171428