0 0.18432500000000004 0.24069687499999998 0.05275468750000002 0.24069687499999998 0.05275468750000004 0.4722578125 0.18432500000000004 0.4722578125
0 0.2794171875 0.24098906250000002 0.19409687500000003 0.24098906250000002 0.19409687500000003 0.3623234375 0.2794171875 0.3623234375
0 0.3022358857692441 0.40733049424956214 0.30156562499999995 0.3689109375 0.24357505173075591 0.36992263075043785 0.2442453125 0.40834218750000006
0 0.42149424038828476 0.4690839618123571 0.41976605428209046 0.3672037689052708 0.19231556389380566 0.3710619945929136 0.19404375000000001 0.4729421875
0 0.27064531250000007 0.4810734375 0.05124531250000006 0.4810734375 0.05124531250000007 0.7243234375000001 0.27064531250000007 0.7243234375000001
0 0.5677187499999999 0.20844218750000007 0.44520312500000003 0.20844218750000007 0.44520312500000003 0.46922031249999996 0.5677187499999999 0.46922031249999996
0 0.9456671875 0.22427500000000009 0.8151437500000001 0.22427500000000009 0.8151437500000001 0.4635687500000002 0.9456671875 0.4635687500000002
0 0.9456640625 0.4741031250000002 0.7406796875 0.4741031250000002 0.7406796875 0.7114937500000001 0.9456640625 0.7114937500000001
0 0.8050421875 0.2256203125000001 0.7250515625 0.2256203125000001 0.7250515625 0.3546406250000001 0.8050421875 0.3546406250000001
0 0.7501311021638303 0.3935071728759132 0.7495578125000001 0.3606890625 0.6971954603361697 0.36160376462408683 0.69776875 0.39442187500000003
0 0.806806793453162 0.4654794608834547 0.8051779527249403 0.3606883936736517 0.5916524092717784 0.3640073702901969 0.59328125 0.46879843749999994
0 0.7129324270201318 0.39112120431022046 0.710594894993745 0.22880626114460756 0.5880095966073693 0.23057163810469428 0.5903471286337563 0.3928865812703072
0 0.4287941551512312 0.3975016998533697 0.42537968760038974 0.23541424986849835 0.2957647097966486 0.23814466567709566 0.2991791773474902 0.40023211566196704
0 0.5003142380528 0.7211324004447536 0.4999632042831307 0.47855954536615597 0.2826536537303307 0.47887401992140227 0.28300468749999996 0.7214468749999999
0 0.730115833905851 0.7159517538269403 0.7291468750000001 0.47584531250000006 0.509273228594149 0.4767326211730597 0.5102421875 0.7168390625
0 0.5042438879694717 0.7930959019500278 0.50329375 0.7387062499999999 0.41361548703052825 0.740272848049972 0.414565625 0.7946624999999999
0 0.5997392308957653 0.7901917264771943 0.5988171875 0.7373406250000001 0.5048404566042347 0.7389801485228058 0.5057625 0.7918312500000001