0 0.43544559106440905 0.9222852067829337 0.4226906504456284 0.7888693249835101 0.1663941250062194 0.8133720072630766 0.17914906562499996 0.9467878890625
0 0.325420009204896 0.788168449035951 0.31714890937500007 0.7016523046875001 0.18066218610760404 0.7147006822140493 0.1889332859375 0.8012168265625002
0 0.36670314375000007 0.6742513390625 0.3274080084431907 0.6721500810605809 0.3239406016229206 0.7369932464604673 0.36323573692973 0.7390945044623862
0 0.43754426562500015 0.5447854234375 0.3332354592308563 0.5398445460203785 0.3214522453125001 0.7886046093750002 0.425761051706644 0.7935454867921218
0 0.7084852956194552 0.8977249872624963 0.687216434375 0.6752516609374999 0.40710814188054484 0.7020305314875038 0.42837700312500004 0.9245038578125001
0 0.45957871658469174 0.5183907006686039 0.44770178750000006 0.394157984375 0.1625049693528083 0.421423446206396 0.1743818984375 0.5456561625
0 0.4819663822245592 0.1376966045143141 0.46931421874999996 0.0053436218750000045 0.20518981621294077 0.03059235486068592 0.21784197968750005 0.1629453375
0 0.72250026875 7.640274163842717e-17 0.47124792187500003 6.101797251949069e-17 0.47124792187500003 0.21491993593750008 0.72250026875 0.21491993593750008
0 0.3554422409439323 0.24198207419248532 0.34768644700880647 0.16086751141805583 0.20398780606487416 0.1746073012880705 0.21174359999999998 0.25572186406249997
0 0.385148290625 0.21406548750000004 0.3515807588777366 0.21227106444318836 0.34846443906250013 0.2705667734375 0.38203197080976353 0.27236119649431173
0 0.46342866406250005 0.14925037500000007 0.3562935535129759 0.143318745923748 0.3436394162000563 0.3718735632430249 0.4507745267495804 0.37780519231927695
0 0.37867787623705085 0.27484253613832743 0.2127622370235822 0.26553170243214985 0.2054710015625001 0.3954588421875001 0.3713866407759687 0.4047696758936777
0 0.3724737378403008 0.6868252088437502 0.365447065625 0.5521444796874999 0.18489078559719924 0.5615646083437498 0.1919174578125 0.6962453375
0 0.7202640338983833 0.659568951871939 0.7000578187500002 0.43901564843749996 0.4218477692266168 0.4645041450030611 0.4420539843750001 0.6850574484375
0 0.7340818578287097 0.42578525294216474 0.7140157921875001 0.2025290453125 0.44913570835472205 0.226336227229942 0.46920177399593166 0.4495924348596068
0 0.7790444562500001 0.42840771718750015 0.723412902561723 0.42543317097922717 0.7180877392548832 0.5250272225287935 0.7737192929431604 0.5280017687370664
0 0.7830209703125001 0.3302815656250001 0.7289631593401579 0.3273910882635016 0.72341245625 0.4312005359375001 0.7774702672223422 0.4340910132989985