0 1 0.26974856718750007 0.8651745296875 0.26974856718750007 0.8651745296875 0.5225709125000002 1 0.5225709125000002
0 0.863406090625 0.39843692656250007 0.8540484201885749 0.25807187690160754 0.7641005531319137 0.26406840166620577 0.7734582235683387 0.4044334513270983
0 0.8164508069350894 0.40379181122444957 0.7496204859375002 0.3986697296875001 0.7465232623593864 0.43908073143229487 0.8133535833569757 0.4442028129692444
0 0.879513683589963 0.4089037408846994 0.6290296243126355 0.3897066893049631 0.6208185985351724 0.4968445515452637 0.8713026578124999 0.516041603125
0 1 0.5198602312500002 0.7904420828125 0.5198602312500002 0.7904420828125001 0.7891506593750002 1 0.7891506593750002
0 0.6040255812499999 0.49626178281249994 0.5844543560978983 0.20269340553097348 0.4552937984375 0.21130410937500002 0.4748650235896017 0.5048724866565265
0 0.21033266875000006 0.4669472625 0.1922129937429795 0.19515211885536612 0.0546102984375 0.20432563125000006 0.07272997344452055 0.47612077489463395
0 0.307068771875 0.7352132406249999 0.28842235599781546 0.45551702004871153 0.07232015323561947 0.46992383447179203 0.09096656911280399 0.7496200550480804
0 0.29839147187500004 0.35681907343749997 0.2885364204752271 0.20899328030997633 0.20420730781250002 0.21461522031250002 0.21406235921227293 0.36244101344002366
0 0.33286145969995296 0.3663109756116271 0.2727669984375001 0.36170541250000005 0.27012148550262216 0.39622468207270045 0.33021594676507504 0.4008302451843275
0 0.45459006555007403 0.37577277653412 0.21364197031250004 0.3583191828125 0.20562233757492604 0.4690307797158801 0.4465704328125 0.4864843734375001
0 0.43999003281250004 0.4056477171875 0.4363281392640892 0.22148418142730647 0.3048498328125 0.2240984859375 0.30851172636091084 0.40826202169769343
0 0.7491974240666978 0.2536997088017897 0.6085437421875 0.24926109218750003 0.6029406696833023 0.4268147865107104 0.7435943515625001 0.4312534031250001
0 0.79433898125 0.7746281046874999 0.7747754769404263 0.49775176419248635 0.5458857708493787 0.5139246330751199 0.5654492751589525 0.7908009735701336
0 0.5524310078124999 0.7554134984375002 0.5317210509805599 0.46885944074607516 0.30020436250647553 0.4855917134027588 0.3209143193384155 0.7721457710941838
0 0.6640471257562474 0.7869680006738807 0.5613678843750002 0.7790987578125 0.5569834398687529 0.8363077477636196 0.65966268125 0.8441769906250002
0 0.566768477672537 0.7798325572262366 0.45971793906249997 0.771628965625 0.45545786206083355 0.8272196824373642 0.5625084006708705 0.8354232740386008