0 0.8669971593750001 0.8786596890625 0.6116862093750002 0.8786596890625 0.6116862093750002 1 0.8669971593750001 1
0 0.8608798397460641 0.778587673736806 0.7247161421875001 0.7765704343750001 0.7233371743164361 0.869650793450694 0.859500871875 0.8716680328124999
0 0.717077790625 0.81483651875 0.7143627338673906 0.7498783287022952 0.6724891796875 0.7516285171875 0.6752042364451094 0.8165867072352049
0 0.719081103125 0.8696457093750002 0.708442028354294 0.6151243652845182 0.5974267544585052 0.6197648397558765 0.6080658292292112 0.8742861838463586
0 0.6029896984375002 0.78033135 0.33248180937500005 0.78033135 0.33248180937500005 1 0.6029896984375002 1
0 0.8800655799156551 0.4642797340964756 0.5900180125000001 0.45998273281250013 0.5880378841278161 0.5936413890629633 0.8780854515434712 0.5979383903469386
0 0.8388087559679459 0.05125445447240464 0.571883125 0.047300000000000064 0.569773572133911 0.18969479396475267 0.8366992031018569 0.19364924843715722
0 0.5705619017936778 0.047283835814533125 0.3025317906250001 0.04331302031250005 0.2992187825813223 0.266941117310467 0.5672488937500001 0.2709119328125001
0 0.8433159742243479 0.20477001187369406 0.6989860828124999 0.20263179062500009 0.697693253900652 0.28989771625130617 0.8420231453124998 0.2920359375000001
0 0.6968110734375 0.319655415625 0.6943626354970666 0.2610822879962379 0.6585940968097992 0.2625774625027255 0.6610425347502327 0.3211505901314876
0 0.7012412238024371 0.43081264369831834 0.6903863676363411 0.19497315482063377 0.5758213807620386 0.20024617529786268 0.5866762369281346 0.4360856641755473
0 0.8469581593749999 0.44048208750000006 0.8407667234245455 0.30588195905593984 0.6639591797038494 0.3140148828143211 0.6701506156543038 0.44861501125838127
0 0.8576271531250003 0.76000628125 0.855520555637488 0.6178108095941671 0.6753142340366876 0.6204805302251932 0.6774208315241997 0.7626760018810261
0 0.5962564440253559 0.5340302206998241 0.32176992812500005 0.5295669187500001 0.3179154654889718 0.7666107108853712 0.5924019813893278 0.7710740128351954
0 0.5782763306672041 0.2836931665483086 0.3098767921875 0.27863495156250007 0.30535783087956647 0.5184205543610989 0.5737573693592706 0.5234787693469075
0 0.30158366875000003 0.6228289984375002 0.29739363826404003 0.5225914085225548 0.2381142203125001 0.525069346875 0.24230425079846007 0.6253069367899453
0 0.29709096250000006 0.5232491984375 0.2927067628995319 0.4183822045552982 0.23510429687499998 0.42079040468750006 0.23948849647546813 0.5256573985697018