0 0.20994579375 0.4701459984375001 0.19954773051752195 0.23359110859719165 0.063749796875 0.23956027500000002 0.07414786010747806 0.4761151648403084
0 0.3032276953125 0.35512186406250007 0.29779066687086553 0.23144896061443618 0.20972988177142865 0.23532037447979728 0.2151669102130631 0.3589932779278612
0 0.328213859375 0.4024987453125 0.3265159007245353 0.3628702526346758 0.2673086730888029 0.36540709967429047 0.26900663173926764 0.4050355923521147
0 0.4547983765625 0.46146953437499993 0.44965422045455483 0.3564328052057015 0.21497634545455485 0.36792611458070146 0.2201205015625 0.47296284375
0 0.3104682671875 0.7262154125000001 0.2996039632811777 0.4790873103124828 0.0731586375 0.48904235312500005 0.08402294140632226 0.7361704553125173
0 0.6058473953125001 0.4571161296875001 0.5941166555150782 0.19028198648990427 0.46766590156551413 0.19584109850605916 0.4793966413629359 0.462675241703655
0 0.9959905984374998 0.44122688281250005 0.9852417675163627 0.1966818726979364 0.8505259843094667 0.2026032250715593 0.8612748152306038 0.4471482351861229
0 1.0069866041567486 0.6955410051988261 0.9966535871938321 0.45443488754980627 0.7849886374805973 0.463506152672268 0.7953216544435138 0.7046122703212878
0 0.8458326046875 0.333505196875 0.8400446197393503 0.2018153621853201 0.7574815421874999 0.20544414531249994 0.7632695271356496 0.33713398000217987
0 0.7903450781249999 0.3764891875 0.7888940516183222 0.3426370250064991 0.7354024968052828 0.3449298671235139 0.7368535233119606 0.3787820296170148
0 0.8514816359375 0.44924181562500004 0.8470554884850927 0.3411478267528476 0.6279036619225927 0.35012148300284757 0.632329809375 0.458215471875
0 0.7493609167303926 0.3750534587322488 0.7426314986060968 0.20762205995999627 0.6167814959867673 0.21268023479924011 0.6235109141110632 0.3801116335714927
0 0.4563136138277293 0.38914774835285015 0.448543838139425 0.22195590936109805 0.31513213834711923 0.22815584703648145 0.3229019140354235 0.39534768602823356
0 0.5475459927361902 0.7166914895872348 0.5363092981900939 0.46920194174796287 0.31204189607890365 0.4793842880982281 0.32327859062500003 0.7268738359375
0 0.7847791875000001 0.7074250890625 0.775328502848622 0.46182719046021303 0.548346257536122 0.4705615388977131 0.5577969421875 0.7161594375
0 0.554076665625 0.7949919953124999 0.5516725203449548 0.7388885631804477 0.4600299522931519 0.7428156321503885 0.4624340975731971 0.7989190642824406
0 0.6526153640625 0.7894897843750001 0.650279306292107 0.7349734256670669 0.5541716015625001 0.7390916968750001 0.5565076593328931 0.7936080555829332