0 0.8642402000704464 0.8217201061724871 0.8521953741548012 0.550711538363099 0.6661484907956254 0.5589802892012118 0.6781933167112706 0.8299888570105999
0 0.510943771922703 0.5455314432322745 0.21354280290985925 0.5279076825954626 0.19851584392990212 0.7814876224308219 0.4959168129427458 0.7991113830676337
0 0.6743349383175665 0.8097518780678102 0.6622143820941011 0.5370393774829372 0.4899487495876399 0.5446956282220397 0.5020693058111053 0.8174081288069127
0 0.2836319000599551 0.45196506719578017 0.2778755082224031 0.3224462346502125 0.19617238033228296 0.3260774843244534 0.201928772169835 0.4555963168700211
0 0.19659293710483333 0.44650095316393223 0.18781140505448596 0.24891646272944778 0.09626452639198967 0.25298521249475664 0.10504605844233705 0.450569702929241
0 0.2724445496854514 0.2631192594785199 0.2021679486639743 0.2589547203515012 0.1991975033430191 0.3090809874629171 0.26947410436449626 0.31324552658993576
0 0.892355309375 0.491169128125 0.8886833858616393 0.4085508287373113 0.8266756343749998 0.4113067281249999 0.8303475578883605 0.4939250275126887
0 0.8242417375000001 0.4857913734375 0.8195659129950472 0.38058532627605174 0.7488011593749998 0.38373042656250006 0.7534769838799527 0.48893647372394833
0 0.963012418829822 0.5016765521156994 0.10588062500000006 0.45088355625 0.10263666554517799 0.5056253713218007 0.959768459375 0.5564183671875002
0 0.6683640051669325 0.2894138623243178 0.2789324890625 0.26633643906250004 0.2678940807705674 0.45260957830068216 0.657325596875 0.4756870015625
0 0.8227305550425885 0.4794522273349167 0.8154495490742754 0.28163560100496177 0.6559561890624999 0.28750604843749994 0.663237195030813 0.48532267476745494
0 0.9567348109375 0.4948721640625 0.9493338504813253 0.293323753472513 0.8230467181200168 0.29796108139781785 0.8304476785761915 0.4995094919878048
0 0.9704170187500003 0.8263698437500002 0.958802017566193 0.5650323154940016 0.8690900140625001 0.569019515625 0.8807050152463074 0.8303570438809986
0 0.20934370468750002 0.7804406937499999 0.19766643718089758 0.5177021594770947 0.11045868437499998 0.521578059375 0.1221359518816024 0.7843165936479052