0 0.8304461911014892 0.5267727639592129 0.8301739172058532 0.26817449050683095 0.643225549112519 0.26837132538814723 0.6434978230081552 0.5269695988405292
0 0.4696454656643331 0.26326848841814976 0.19026916298494984 0.25536333135395467 0.18304196847832496 0.5107797466900623 0.4624182711577083 0.5186849037542574
0 0.6405257288146095 0.5240665221520011 0.6402535428147831 0.2633383066072384 0.4671531791962173 0.26351901392134086 0.4674253651960437 0.5242472294661036
0 0.26485071628374346 0.7141217531022981 0.2647209474352837 0.5897466689183557 0.18262109127989243 0.5898323291923719 0.18275086012835218 0.7142074133763143
0 0.1778749874746363 0.778583064354727 0.1776725714136833 0.5865562551304813 0.08568088655377265 0.5866532238535727 0.08588330261472561 0.7786800330778184
0 0.2586290512185755 0.7307793069818841 0.19170355118320995 0.7285855683927416 0.19005046989316496 0.7790169609401156 0.25697596992853056 0.7812106995292581
0 0.8735417015624998 0.6856711671875 0.8734600363788072 0.6073109762728004 0.81115028125 0.6073759140624999 0.8112319464336926 0.6857361049771995
0 0.8054951124999998 0.706483684375 0.8053884760677752 0.6061266587701664 0.734280871875 0.606202215625 0.7343875083072247 0.7065592412298336
0 0.9399626911160736 0.5501246637226543 0.08643691875000006 0.522128340625 0.08463041669642643 0.5772032894023458 0.9381561890625001 0.6051996125000001
0 0.6447867240190022 0.6034796343383618 0.26828382500000003 0.5911312953125 0.2621373603559979 0.7785380187866381 0.638640259375 0.7908863578124999
0 0.80575383125 0.7975454640624999 0.8040469619603654 0.6005991196939053 0.6440061488109712 0.6019861408642075 0.6457130181006059 0.7989324852328021
0 0.9395176859375001 0.799944303125 0.9378391916043866 0.6091724265977356 0.8111202464587132 0.6102873552507269 0.8127987407918267 0.8010592317779912
0 0.9367249640625002 0.53197679375 0.9364564614891124 0.27665681603965775 0.8463097390625001 0.27675161718749997 0.8465782416358877 0.5320715948978423
0 0.17549493593750004 0.5095036562499999 0.17522543774198263 0.2526052233829555 0.08759510927873784 0.25269715160194023 0.08786460747425524 0.5095955844689848