0 0.3603515625000001 0.515625 0.17578125000000006 0.515625 0.17578125000000006 0.7646484375 0.3603515625000001 0.7646484375
0 0.8076171875 0.5117187500000001 0.5390625 0.51171875 0.5390625000000001 0.763671875 0.8076171875 0.7636718750000001
0 0.5341796875000001 0.51171875 0.3632812500000001 0.51171875 0.3632812500000001 0.7646484375 0.5341796875000002 0.7646484375
0 0.8154296875 0.3125000000000001 0.734375 0.3125000000000001 0.734375 0.43261718750000017 0.8154296875 0.43261718750000017
0 0.9111328125 0.24609375000000008 0.8203125 0.24609375000000008 0.8203125 0.43261718750000017 0.9111328125 0.43261718750000017
0 0.806640625 0.24609375000000008 0.7421875 0.24609375000000008 0.7421875 0.2958984375000001 0.806640625 0.2958984375000001
0 0.19491406250000004 0.360296875 0.13339843750000005 0.360296875 0.13339843750000005 0.435515625 0.19491406250000004 0.435515625
0 0.27080468750000003 0.3375625 0.2006015625 0.3375625 0.20060156250000002 0.4341875 0.2708046875000001 0.4341875
0 0.9103203125 0.4417734375000001 0.06952343750000003 0.44177343750000003 0.06952343750000005 0.4961640625000001 0.9103203125 0.4961640625000002
0 0.730859375 0.24889843750000007 0.365421875 0.24889843750000007 0.36542187500000006 0.4339765625000001 0.730859375 0.43397656250000016
0 0.35977187499999996 0.43542968749999994 0.35848958170291356 0.2466638569535428 0.20043906249999996 0.24773749999999994 0.20172135579708636 0.4365033305464571
0 0.19515395958431342 0.43472895980726534 0.1932640625 0.24826093749999995 0.06793487844364027 0.24953117813749218 0.0698247755279537 0.4359992004447576
0 0.15985937500000008 0.5139609375 0.07085937500000007 0.5139609375 0.07085937500000009 0.7628203124999999 0.15985937500000008 0.7628203124999999
0 0.9088984375000001 0.5115000000000002 0.8223828125000001 0.5115000000000002 0.8223828125000001 0.7620000000000002 0.9088984375000001 0.7620000000000002