0 0.3548728612112989 0.23959100219747329 0.1703523714774705 0.23529167478667498 0.16450131581348604 0.4864099436272042 0.34902180554731443 0.49070927103800255
0 0.8020737708234069 0.24670606288246105 0.5317809615208068 0.24234392472056707 0.527710793689625 0.4945452664922664 0.7980036029922252 0.4989074046541604
0 0.5286778403108954 0.2425673126531133 0.3578256162131411 0.2385920136750701 0.35192132828486117 0.49234921026124967 0.5227735523826155 0.49632450923929283
0 0.8022233803654217 0.5769159212891724 0.7211898091276955 0.5750297684500771 0.7183733028464789 0.6960335162110172 0.7994068740842052 0.6979196690501123
0 0.8979262605332166 0.5780299208604035 0.8071271076488549 0.5759177928733088 0.8027650571097465 0.763439806789999 0.8935642099941082 0.7655519347770937
0 0.7902410626595475 0.7134882522447172 0.7252317788476457 0.7127304297362813 0.7246511196370782 0.762541881623198 0.7896604034489799 0.763299704131634
0 0.18177656250000013 0.5667515625 0.12027609575235557 0.5653194473520127 0.11850781334680549 0.6412562136349558 0.18000828009445005 0.642688328782943
0 0.2576359375 0.5689640625000001 0.18745184061762693 0.5673297362736605 0.18518277613491332 0.6647718741531926 0.25536687301728644 0.6664062003795322
0 0.8985937500000002 0.514428125 0.05716261739794981 0.5046379328065426 0.05652968750000007 0.5590359375000002 0.8979608201020506 0.5688261296934576
0 0.7176843750000002 0.5745281250000001 0.35009338558274666 0.5702499184350935 0.3479390625000002 0.755353125 0.7155300519172536 0.7596313315649065
0 0.34663125000000006 0.5687546875 0.18866254452224085 0.5640043818413757 0.18293125000000007 0.7545953125 0.3408999554777593 0.7593456181586244
0 0.18197164776074706 0.5683155504563742 0.056722327175439104 0.564130223084129 0.05047514898536276 0.7510821038548454 0.17572446957067073 0.7552674312270906
0 0.15433906250000007 0.23904062500000003 0.06536311551135598 0.23696970199874484 0.0595468386523655 0.4868624991540056 0.14852278564100957 0.4889334221552607
0 0.9033578125000001 0.24857656250000013 0.8168655772902609 0.2465636974203623 0.8110125 0.4980687500000001 0.8975047352097393 0.500081615079638