0 0.76681847026624 0.22213202339814578 0.6617599635771676 0.21901917885165903 0.6542293948734276 0.4731758804535134 0.7592879015625 0.47628872500000013
0 0.7590404161333271 0.48386387535778874 0.6601421990197193 0.4818300105325116 0.6578762063238922 0.5920156211122228 0.7567744234375 0.5940494859375
0 0.6605581781082782 0.2205230117995612 0.4884012890625001 0.21141910781250006 0.48116407627933944 0.34827644285052817 0.6533209653251176 0.35738034683758935
0 0.48447500802627497 0.17329234053305034 0.37630836729552775 0.17030829342517537 0.37128602333175287 0.3523597341421251 0.47945266406250003 0.3553437812500001
0 0.3415888319020911 0.27649676285554886 0.28817275937500003 0.2751893765625001 0.28641056653540903 0.3471875465194513 0.3398266390625001 0.3484949328125001
0 0.37228723750000003 0.16753972656250007 0.29103677840736303 0.1656905473554194 0.288577681532363 0.27373997235541936 0.369828140625 0.2755891515625001
0 0.28432438750000016 0.19721321406250006 0.18088364321328637 0.19432996536289943 0.17559629321328635 0.38402134348789946 0.27903703750000014 0.38690459218750006
0 0.22553888165110272 0.33548883193246276 0.17936413906249998 0.33232445000000005 0.175919850491107 0.3825835974668056 0.22209459307970975 0.3857479793992683
0 0.22242243437500003 0.3883944578124999 0.1773044469502033 0.38631416939976126 0.17498598593750003 0.4365977234374999 0.22010397336229676 0.43867801185023875
0 0.2804180837997264 0.3905182531409636 0.17671629472540124 0.387445607390698 0.1713511640506749 0.5685187589372344 0.275052953125 0.5715914046874999
0 0.27477616406250005 0.57779404375 0.17081719218750008 0.5744408796875 0.16200842889122635 0.8475411392340311 0.2659674007662264 0.850894303296531
0 0.32274868593750006 0.70286305 0.2760160768292841 0.7016997480654833 0.27225920781250007 0.8526221234375001 0.3189918169207161 0.8537854253720167
0 0.7531469856737997 0.6932843037983328 0.6808796807786782 0.6912634132263382 0.67525504375 0.8924011515625001 0.7475223486451215 0.8944220421344948
0 0.6768600551033448 0.6909699170735448 0.5869208083246108 0.6886077771300437 0.5817186235337661 0.8866826553689989 0.6716578703125002 0.8890447953125001
0 0.6256953328125001 0.8462399906250002 0.5828233494416529 0.8442883874099417 0.5809177046875 0.886150775 0.6237896880583473 0.8881023782150586
0 0.5814288196073268 0.7132100719439499 0.5402836468750001 0.7121357609375002 0.5384589053495208 0.7820217667653774 0.5796040780818474 0.7830960777718271
0 0.5364646354192613 0.7113043716988997 0.5053058216149241 0.7101503408954176 0.5025912236956629 0.7834444426340179 0.5337500375000002 0.7845984734375
0 0.49975823803799974 0.70911432652091 0.41048104149852804 0.706822610211866 0.40607436093750005 0.878491365625 0.49535155747697174 0.880783081934044
0 0.4044359076555096 0.7342630515205117 0.378185220053591 0.7334852535524277 0.3768737748980816 0.777746537969416 0.4031244625000002 0.7785243359375001
0 0.37685594036881037 0.7055573286461593 0.32763196622172874 0.7042271209576738 0.32571343679041853 0.7752217813740147 0.3749374109375001 0.7765519890625001
0 0.6147336203125 0.5078114375 0.5854240365477505 0.5064155250421648 0.5828597865477505 0.5602563656671647 0.6121693703125001 0.561652278125