0 0.42933271250000005 0.3736088734375 0.4256026397338375 0.26927413331399125 0.1734530616088374 0.2782887364389912 0.17718313437499997 0.38262347656249995
0 0.5464604765625001 0.36215535625000006 0.5422401447301228 0.2639820577571984 0.43355266035512274 0.2686543796321984 0.4377729921875 0.36682767812500006
0 0.3185423319955413 0.5514510864968952 0.3138553328125 0.38217188593750007 0.17771922737945872 0.3859412197531049 0.1824062265625 0.5552204203125
0 0.32924201492438676 0.6620199134027487 0.325709234375 0.5545669281250001 0.14631590226311328 0.5604649240972515 0.14984868281250002 0.6679179093750001
0 0.3319589348025373 0.7455890096979535 0.32914182824294425 0.6925873334911813 0.257508584065407 0.6963947316057278 0.26032569062500005 0.7493964078124999
0 0.25881506447715374 0.7483141456119088 0.2546801484409743 0.6676748299852808 0.14745084531250002 0.6731731921875 0.15158576134867946 0.753812507814128
0 0.3764259903469542 0.8533460734743581 0.3716568406091608 0.7497014275663081 0.183325503125 0.7583673875000001 0.18809465286279342 0.8620120334080502
0 0.3755217562386597 0.8525589976922403 0.37474763906249997 0.807556115625 0.3241757953238403 0.80842602730776 0.3249499125 0.8534289093750003
0 0.428618071875 0.850869625 0.4269273548130614 0.8052202945551125 0.3773568859375 0.8070562390625 0.3790476029994386 0.8527055695073875
0 0.5584871984375 0.845787471875 0.5550572328125001 0.7427900203125 0.375791093811421 0.7487598446641933 0.37922105943642104 0.8517572962266936
0 0.8364643166858358 0.8354972971123704 0.8325068056843165 0.7322551329035738 0.5612250796874999 0.7426539890624999 0.5651825906890192 0.8458961532712965
0 0.8337951765625002 0.7269689296875 0.8318598108697642 0.6805732042983618 0.681656153053082 0.686838846312225 0.6835915187458179 0.7332345717013633
0 0.8436019140624997 0.32503380625 0.8409442580662665 0.25327709547414023 0.6405315073854378 0.26069979005990873 0.6431891633816712 0.33245650083576844
0 0.8438532184296259 0.41828312142770707 0.8405397703124999 0.32882003437499996 0.6440515158024407 0.33609737811969065 0.6473649639195667 0.4255604651723977
0 0.8443405421874998 0.4189203328125 0.8427385033616306 0.37566529879253296 0.8014935375000001 0.377192890625 0.8030955763258693 0.42044792464496694
0 0.7442346515625001 0.46739734062499994 0.7422949180913758 0.4265602161326341 0.6729190774663756 0.4298555176951341 0.6748588109375 0.4706926421874999
0 0.7478884851033555 0.5033368558983371 0.7471575937500001 0.47237322812500004 0.6743156138147257 0.47409265111011367 0.6750465051680811 0.5050562788834507
0 0.8495995515625001 0.59266853125 0.846656486164996 0.5040337923755 0.676125601789996 0.509696172063 0.6790686671875001 0.5983309109375
0 0.7512437234375 0.628289709375 0.7507379453125 0.602203890625 0.7073871103897872 0.6030444202711853 0.7078928885147872 0.6291302390211853
0 0.7531265218749998 0.6791252796875 0.7508540951784741 0.6302486186592249 0.680372171875 0.633525540625 0.6826445985715258 0.6824022016532751
0 0.521300302794441 0.4379776863371033 0.5204110154115259 0.4088080751648942 0.466878946875 0.41044009531250014 0.46776823425791497 0.4396097064847092