0 0.8077781250000001 0.3759953125 0.8076533441228279 0.2788382060949285 0.5728502191228277 0.27913976859492856 0.572975 0.3762968750000001
0 0.5657175718764268 0.279154237320815 0.4644829283625018 0.27823730291626375 0.46365468749999994 0.3696796875 0.5648893310139249 0.37059662190455134
0 0.8088656249999998 0.5366859374999999 0.8080076175863301 0.3795872979117979 0.6806609374999999 0.38028281249999996 0.6815189449136696 0.5373814520882021
0 0.8430249999999999 0.6403703125000001 0.8426093385072828 0.5403201134311814 0.675575 0.5410140625000002 0.675990661492717 0.6410642615688189
0 0.7435765625000001 0.6705562500000002 0.677128065195196 0.6699025065985957 0.6766421276951958 0.7192946940985957 0.743090625 0.7199484375000001
0 0.8454359375000001 0.6451749999999999 0.745515625 0.6444890625 0.7449998778698238 0.7196177942258262 0.844920190369824 0.7203037317258262
0 0.8150078125 0.7256390625000001 0.6392040882501517 0.7253306349135967 0.6390362672350579 0.8209886135170793 0.8148399914849062 0.8212970411034825
0 0.686575 0.8189218749999998 0.685744852788834 0.7770436872610785 0.6386843749999999 0.7779765624999999 0.6395145222111659 0.8198547502389213
0 0.6362406250000002 0.7776015625 0.5900781250000001 0.7776015625 0.5900781250000001 0.8201124999999999 0.6362406250000002 0.8201124999999999
0 0.636074676123656 0.819128153033011 0.6356546238860176 0.7232253006415978 0.46870807276236165 0.7239565226085868 0.469128125 0.8198593750000001
0 0.4631540491292022 0.8201898699694434 0.4630296875 0.7240421874999999 0.21038311822094755 0.7243689716528877 0.21050747985014978 0.820516654122331
0 0.34910937500000006 0.6762921875 0.20921076040598038 0.6756301112824952 0.20900625000000006 0.71884375 0.3489048645940197 0.7195058262175048
0 0.37267672058241585 0.28022318700398485 0.18664825867751947 0.27853676451315684 0.1860421875 0.3453921875 0.3720706494048964 0.34707860999082796
0 0.3720677100766124 0.3494233333418829 0.18902031250000004 0.34880781250000004 0.18874064468230572 0.4319771590622972 0.37178804225891804 0.43259267990418004
0 0.2269984375000001 0.3924484375 0.18858906250000004 0.3924484375 0.18858906250000004 0.4327296875 0.2269984375000001 0.4327296875
0 0.3481197129485195 0.4369910953502438 0.28348688866301697 0.43676384838527865 0.2833531132144974 0.47481181553503476 0.3479859375 0.4750390624999999
0 0.3486234375000001 0.47909218750000004 0.2808078125000001 0.47909218750000004 0.2808078125000001 0.507909375 0.3486234375000001 0.507909375
0 0.34846718750000005 0.5938843750000001 0.34815127227810994 0.5113549747971288 0.1893668972781099 0.5119627872971287 0.18968281250000002 0.5944921875000001
0 0.32271875 0.6233218749999999 0.3221715582246286 0.5990479965523381 0.2818309332246286 0.5999573715523381 0.28237812500000004 0.6242312499999999
0 0.3484671875000001 0.626659375 0.28279841219900587 0.6260530382045884 0.2823781250000001 0.6715718749999999 0.34804690030099433 0.6721782117954116
0 0.5395042517784703 0.4389998074848525 0.5393265625 0.4118421875 0.48948690067566564 0.41216828284832985 0.489664589954136 0.43932590283318235