0 0.9179274625000001 0.21036068750000014 0.8450346705874807 0.20607356792999446 0.8353440750000003 0.37084027343750015 0.9082368669125197 0.37512739300750586
0 0.9080008385794647 0.47408533244739165 0.9040506423648328 0.16320169477141716 0.6494364037853678 0.16643691232402544 0.6533865999999999 0.47732054999999995
0 0.7636227376202182 0.1931181957109843 0.7615233955194853 0.07509227318061464 0.5806867047742672 0.07830883840713036 0.582786046875 0.19633476093750002
0 0.5808669984375 0.08687482343750007 0.5382163919137529 0.0828870802168055 0.5314149029295657 0.15563189210307452 0.5740655094533128 0.15961963532376905
0 0.6662469546875001 0.20701161562500006 0.5284921470962717 0.1984621884554748 0.5107964562500001 0.48358848281250005 0.6485512638412285 0.49213790998202533
0 0.5192296796875 0.22808411406250007 0.44281455046144796 0.22675324321530424 0.4416161687500001 0.29556119218750004 0.5180312979760521 0.2968920630346959
0 0.5146864890625 0.3054466703125001 0.44253112479134976 0.3008875111127892 0.431154553880836 0.4809383894099873 0.5033099181519863 0.48549754860969807
0 0.8596929124999999 0.4940374921875 0.7154098865347278 0.4838359935832761 0.7036788207871306 0.6497521721298332 0.8479618467524028 0.6599536707340572
0 0.5335834062482053 0.7892552962897745 0.5328304546875 0.6876067796874998 0.4207988765642946 0.6884366427727253 0.42155182812499997 0.790085159375
0 0.4203404218750002 0.6884400390625001 0.3274427485538135 0.6816760129410355 0.31419073901900474 0.8636801670508631 0.4070884123401914 0.8704441931723276
0 0.4207404203125 0.8022562562500001 0.36185066954678835 0.8017855992522831 0.3614406421875001 0.8530892218749997 0.4203303929532118 0.8535598788727168
0 0.26513222656250013 0.4176393750000001 0.1280380029046848 0.4091597469181905 0.11180476250000008 0.6716103484375001 0.24889898615781542 0.6800899765193096
0 0.11610952500000007 0.45957855312500007 0.04637763694863832 0.4549297602596358 0.035659689062500076 0.6156989671875002 0.10539157711386182 0.6203477600528644
0 0.43855204843749995 0.22173167187499998 0.275551921818755 0.2214292948106157 0.2753702109375 0.3193828109375 0.438370337556245 0.3196851880018843
0 0.7025887046875001 0.5742668140625001 0.5404134489564723 0.5717265405289952 0.5377279078125002 0.7431759203125001 0.699903163543528 0.7457161938460051
0 0.43159778437500007 0.326045625 0.28190952130715213 0.31497026132481126 0.24820933756731525 0.7704426157346593 0.3978976006351632 0.781517979409848
0 0.707920265625 0.4942933921875 0.4138265258810194 0.49376495483478616 0.4135068008386808 0.671703045146284 0.7076005405826613 0.6722314824989979