0 0.162475 0.40637968750000003 0.16188950741869554 0.2556691498350772 0.09309700043271515 0.25593640057357014 0.09368249301401962 0.40664693823849307
0 0.3270328125 0.50531875 0.32644755727582614 0.21146684725490622 0.09418692655265579 0.21192943315695692 0.09477218177682968 0.5057813359020507
0 0.411103125 0.12919062500000006 0.2503625 0.12919062500000006 0.2503625 0.24039375000000004 0.411103125 0.2403937500000001
0 0.4602515625 0.13655000000000003 0.41977656249999995 0.13655000000000003 0.41977656249999995 0.2019640625000001 0.4602515625 0.2019640625000001
0 0.4614089960209002 0.25131323682393225 0.3312944774579988 0.25102210712298 0.3307151689370985 0.5099323077990477 0.4608296875 0.5102234375000001
0 0.53773125 0.332790625 0.5362075021043216 0.2681630483014339 0.46689866393302004 0.2697971680025025 0.4684224118286986 0.33442474470106853
0 0.5359953125 0.3417843750000001 0.46776718749999996 0.3417843750000001 0.46776718749999996 0.50940625 0.5359953125 0.50940625
0 0.2682875000000001 0.5200359375000001 0.13184291464380726 0.5195029452114224 0.13126478964380725 0.6675013827114223 0.2677093750000001 0.6680343750000001
0 0.5255875000000001 0.7023765625 0.4267156250000001 0.7023765625 0.4267156250000002 0.7980421875 0.5255875000000001 0.7980421875
0 0.6209921875000001 0.7015578125000002 0.5331147255985405 0.7009426336884903 0.5319584755985405 0.8661113836884902 0.6198359375000001 0.8667265625
0 0.5787828125 0.8086718750000002 0.5238512018822942 0.8080136065737612 0.5232730768822942 0.8562573565737612 0.5782046875 0.8569156250000001
0 0.8245291228885275 0.6862167792115286 0.8233713641026246 0.44583418173683115 0.693843803714097 0.44645802752530256 0.6950015625000001 0.686840625
0 0.8996875 0.4848765625000002 0.833771875 0.4848765625000002 0.833771875 0.6312390625000002 0.8996875 0.6312390625000002
0 0.6926890625000001 0.2624703125000001 0.545246875 0.2624703125000001 0.545246875 0.3540500000000001 0.6926890625000001 0.3540500000000001
0 0.4215109375 0.596896875 0.27464687500000007 0.596896875 0.27464687500000007 0.7563421875 0.42151093750000007 0.7563421875
0 0.6869078125 0.3614093750000001 0.545246875 0.3614093750000001 0.5452468750000001 0.7833249999999999 0.6869078125000001 0.7833249999999999
0 0.5426793591230373 0.686602237369804 0.5412000000000001 0.5192187500000001 0.2734898555108384 0.5215848104209104 0.2749692146338755 0.6889682977907143