0 0.32591508437500016 0.899981675 0.1595473489354288 0.894466701443576 0.1570144239253834 0.9708763149527201 0.32338215936495474 0.9763912885091441
0 0.4411973991309746 0.7212563248381872 0.11593787034340153 0.7098579880641559 0.10689822632823773 0.9678105658014851 0.4321577551158108 0.9792089025755164
0 0.1476252312500001 0.6168975046875002 0.023884033793623482 0.6142453415040758 0.020070572311393007 0.7921688920661956 0.14381176976776963 0.7948210552496198
0 0.1061630364991907 0.5596304192338668 0.03345682812500006 0.558014725 0.03245714561895681 0.6030004178798123 0.10516335399314744 0.604616112113679
0 0.4486638125000001 0.5727498703125 0.16158780937500009 0.5614745375000001 0.1559133125607677 0.7059502609455592 0.4429893156857677 0.7172255937580592
0 0.2534150453125001 0.4800019296875 0.18174711385237996 0.4767166999417916 0.17821617322737993 0.5537448624417917 0.24988410468750008 0.5570300921875001
0 0.4501345077506921 0.48921824138789793 0.26336523906250003 0.4823008609374999 0.26055903571463185 0.5580683499212158 0.44732830440282384 0.5649857303716138
0 0.6192446507746435 0.793729271214748 0.45481246249999996 0.7870894421875 0.4486949217896953 0.9385874102415892 0.6131271100643388 0.9452272392688371
0 0.77006138125 0.5126411390625001 0.663731265423 0.5102782472299976 0.6612899841729999 0.6201358862924976 0.7676201 0.6224987781250001
0 0.8487044750000001 0.41074717031250013 0.6652121921875 0.4026653812500001 0.6609155500840871 0.5002181213532733 0.8444078328965873 0.5082999104157733
0 0.8367991299556949 0.4559643150511258 0.783185609375 0.453972671875 0.7808959700443052 0.5156080224488743 0.8345094906250001 0.5175996656249999
0 0.6553114434894767 0.17594987061002537 0.3881525386036896 0.16736324170621103 0.383528248239213 0.3112404679711857 0.650687153125 0.31982709687500005
0 0.5939616125 0.09011014687500006 0.4322311637091786 0.0845085143105457 0.4296956308966786 0.1577144689980457 0.5914260796875 0.1633161015625001
0 0.28087511463149634 0.30832924626888436 0.17910748437500004 0.3049327406250001 0.17364174078222763 0.46869980929677874 0.27540937103872387 0.47209631494066295
0 0.7193329402163527 0.6245274375294578 0.5421210138222567 0.6225957721413751 0.540320057980904 0.7878163408619174 0.7175319843750001 0.7897480062500002
0 0.7586521423276608 0.33282625807707317 0.2907130015625 0.31549517812499994 0.2848865274909867 0.4728099720244012 0.7528256682561475 0.49014105197647445
0 0.6460150344187564 0.4853546615674168 0.4592405408625087 0.4838080881426573 0.4567645672552275 0.7828231294947876 0.6435390608114753 0.7843697029195471