0 0.5878033328125001 0.2660572734375001 0.4166941171875 0.2660572734375001 0.4166941171875 0.3586548484375001 0.5878033328125001 0.3586548484375001
0 0.41005965316643805 0.4013490842260673 0.4100396078125 0.266074090625 0.21980622964606197 0.26610227983643275 0.21982627500000004 0.4013772734375
0 0.4867039727555995 0.36065295907309897 0.41675432299426696 0.36056362768579175 0.4167131375000001 0.3928133328125 0.48666278726133266 0.39290266419980724
0 0.5690870593749999 0.3624360609375001 0.4915090203125 0.3624360609375001 0.4915090203125 0.3927460609375001 0.5690870593749999 0.3927460609375001
0 0.4112829544447636 0.40518490684596487 0.2199345093750001 0.4049969703125001 0.21983595275459106 0.5053428462256249 0.4111843978243546 0.5055307827590896
0 0.3768323531250001 0.50912818125 0.28993764687500007 0.50912818125 0.28993764687500007 0.559339090625 0.3768323531250001 0.559339090625
0 0.2850703921875 0.5092556062499999 0.21976941249999998 0.509208484375 0.2197333099967825 0.5592389390051944 0.2850342896842825 0.5592860608801944
0 0.4076584869660154 0.665526598739412 0.40753268702936146 0.5464529006157038 0.21973949381334604 0.5466513018762919 0.21986529375 0.665725
0 0.47521137187500007 0.55421939375 0.3886786281250001 0.55421939375 0.3886786281250001 0.6486115156250001 0.47521137187500007 0.6486115156250001
0 0.5901319609375 0.6063242421874999 0.480073725 0.6063242421874999 0.480073725 0.6485960609375 0.5901319609375 0.6485960609375
0 0.7534619609375 0.6485642421875 0.7534358958992293 0.5542541868002868 0.5950014107278578 0.5542979742935975 0.5950274757661285 0.6486080296808107
0 0.5901876163615322 0.5557353277878327 0.4800681139528062 0.5555388982749462 0.47998647031250014 0.6013087875 0.5901059727212261 0.6015052170128865
0 0.504785490625 0.3965389390625001 0.39457117656250007 0.3965389390625001 0.39457117656250007 0.43645681875 0.504785490625 0.43645681875
0 0.7533731308519894 0.30023379608714323 0.5794525202581509 0.3002098415469882 0.5794327222186615 0.443952409522345 0.7533533328125 0.4439763640625
0 0.753460784375 0.5038360609375001 0.753409920464255 0.44913459260807553 0.6422809001517551 0.4492379254205755 0.6423317640625001 0.5039393937500001
0 0.7534150984375 0.509205 0.6422976441140854 0.5091818041776615 0.6422890124683662 0.5505309094144604 0.7534064667917808 0.550554105236799
0 0.5708188234375 0.39843681875000014 0.5570255571148678 0.3806410728264802 0.5002374263134085 0.42465686263800795 0.5140306926360407 0.44245260856152785