0 0.31355984254650104 0.4136891466085542 0.21689520849647131 0.40796087170300466 0.20624350877628356 0.5877082952188057 0.3029081428263133 0.5934365701243552
0 0.34731113281250015 0.5988868390625 0.206092748773389 0.5905393048985526 0.19409253977315122 0.793551366887383 0.33531092381226235 0.8018989010513305
0 0.34310250156250005 0.5184682328125 0.30943505254595116 0.5164879548326234 0.30507762500000013 0.590570215625 0.338745074016549 0.5925504936048765
0 0.3481721796875 0.43227194375000016 0.31653090609955314 0.43039690487728943 0.31167512812500003 0.5123381390625001 0.343316401712947 0.5142131779352109
0 0.4559641307386835 0.6016119421676989 0.35120496693032266 0.5954713295123006 0.33934644062500013 0.7977783906250002 0.44410560443336095 0.8039190032803983
0 0.510231432229329 0.6389591417398903 0.4578044962374432 0.6359761500885809 0.45257995156249997 0.7277990250000002 0.5050068875543857 0.7307820166513095
0 0.5046852218750002 0.7345194046875002 0.4524492658098418 0.731423940931709 0.4483155703125001 0.8011800593750001 0.5005515263776584 0.8042755231307913
0 0.6232555079174544 0.6125203856232831 0.4989402188102027 0.6052851186285809 0.48750303810800205 0.8017970685824704 0.6118183272152538 0.8090323355771727
0 0.60977395 0.53836613125 0.5099349624347411 0.5354079395187665 0.5072513737543686 0.6259790725731709 0.6070903613196275 0.6289372643044044
0 0.6169358781250002 0.4181889296875001 0.5728041667069221 0.4156105983026069 0.5660057125 0.5319755546875001 0.610137423918078 0.5345538860723933
0 0.627120259375 0.24738817500000013 0.5286704702321964 0.24152685618663777 0.5186360908049381 0.41006956308398956 0.6170858799477419 0.41593088189735183
0 0.5676077656250001 0.4167542656250001 0.519828632534965 0.41391118711165936 0.51289796875 0.5303839140625 0.560677101840035 0.5332269925758407
0 0.38989797656250014 0.5008698015624999 0.34822682737233235 0.4984004000495009 0.3413570091883504 0.6143285781716423 0.38302815837851817 0.6167979796846413
0 0.41316542031250003 0.24116257031250005 0.26312316782017786 0.2321178827548125 0.251887788968964 0.41850149630571903 0.4019300414612862 0.4275461838634066
0 0.4757704531250001 0.24290497031250008 0.41866168265684356 0.23957394127193007 0.411787596875 0.35742658750000006 0.4688963673431565 0.36075761654057004
0 0.52461820625 0.24448254062500005 0.4814550460382592 0.24190106580731321 0.47443705669797576 0.3592442977395054 0.5176002169097165 0.36182577255719234
0 0.3967808683202133 0.4914443535142043 0.354230615625 0.43063727812500013 0.3346473764872394 0.44434081128407793 0.37719762918245264 0.5051478866732821