0 0.7685468765625001 0.5803766218749999 0.7621415591160319 0.4044337928426862 0.6676082129521748 0.4078753431166401 0.674013530398643 0.5838181721489538
0 0.7760567265625001 0.781611778125 0.7687054415814598 0.5821142901052891 0.6305926609375 0.587203609375 0.6379439459185402 0.786701097394711
0 0.6720348765625 0.5803084625 0.6690948200068529 0.507524279737186 0.6361774304313879 0.5088539503241527 0.639117486987035 0.5816381330869669
0 0.6672857890625 0.5037692671875 0.6642057867556537 0.42339370015371475 0.6332632125780941 0.4245794236685061 0.6363432148849405 0.5049549907022914
0 0.63406071875 0.7815366031250002 0.6265151830307902 0.5830701746939091 0.5240731264190425 0.5869649401886268 0.5316186621382523 0.7854313686197179
0 0.5249500031250001 0.7099679015625 0.5215998348296528 0.6198742722814906 0.47033688140980623 0.62178050608119 0.4736870497051536 0.7118741353621993
0 0.5275248468749999 0.7817053937499999 0.5249341260042606 0.713092719432273 0.4738575745231072 0.7150213002556185 0.47644829539384653 0.7836339745733454
0 0.48354783061478307 0.7816829559490692 0.4833883314036284 0.5896986306710208 0.36144916114046594 0.5897999368658764 0.36160866035162054 0.7817842621439248
0 0.47343785395387716 0.608943569262889 0.4733678036112245 0.5204731670828984 0.37548079687499997 0.5205506734375 0.37555084721765264 0.6090210756174906
0 0.4183806609375 0.5155795781250001 0.4139871037998458 0.40140918843577883 0.3708338141729871 0.40306983305799166 0.3752273713106414 0.5172402227472129
0 0.4671946328125001 0.3979818328125001 0.4611340889316346 0.23254967947982524 0.36484405625000005 0.236077228125 0.3709046001308655 0.40150938145767484
0 0.47030108281249994 0.5155619375 0.46586453009084894 0.40127911737640226 0.41914129829784075 0.40309295152007685 0.4235778510194918 0.5173757716436745
0 0.6359398227797044 0.6023753011620105 0.6318696716878784 0.48885382029039776 0.591111315625 0.49031515312500007 0.595181466716826 0.6038366339966128
0 0.72752720625 0.41392710624999995 0.7207689494895483 0.2307730387079457 0.5740114953125 0.23618828593750002 0.5807697520729517 0.4193423534795543
0 0.57283618125 0.34969276562500007 0.5686504142108963 0.2340570905860583 0.5127987240786366 0.23607880372566786 0.5169844911177404 0.3517144787646096
0 0.511550290625 0.34965627968750007 0.5072661637237247 0.2346331831021245 0.46505087968750003 0.236205525 0.46933500658877536 0.3512286215853756
0 0.6462810723339046 0.4366355849419364 0.6274037953350865 0.4227480722473862 0.5845900601663998 0.4809447238659665 0.6034673371652179 0.49483223656051667