0 0.2702166740774451 0.5026620701511358 0.09122915267924495 0.49072956800546175 0.07856683050205385 0.6806643892166642 0.257554351900254 0.6925968913623384
0 0.47010212720174005 0.7339844592128069 0.3382742569065085 0.7251959340929901 0.3252058267497285 0.921222376776267 0.45703369704496 0.9300109018960836
0 0.3822645840451836 0.2853925339194713 0.23594434663238997 0.2751962839435408 0.18543677500000008 1 0.3317570124127937 1.0101962499759305
0 0.7456651765625002 0.9635014000000002 0.6747028763505996 0.9608731666588184 0.6732537343750001 1 0.7442160345869008 1.0026282333411818
0 0.5106776624999999 0.024122693750000028 0.11658409487462465 0.009526634934421758 0.11458075624999997 0.06361677500000004 0.5086743238753753 0.07821283381557831
0 0.30970103125000004 0.09647359062500002 0.11203728319941979 0.0891527106513557 0.10541809843750005 0.26787068906250006 0.3030818464880803 0.27519156903614433
0 0.48664055000000017 0.5143027874999999 0.3524256317357051 0.5053551257589759 0.3379152343750001 0.7230110734375 0.4721301526392952 0.7319587351785242
0 0.49311145468750006 0.4107024937500001 0.3574783137614083 0.40567904426288826 0.3543962203125001 0.4888955703125001 0.49002936123859187 0.4939190197996119
0 0.29709541718750004 0.4060607734375 0.09314951370407976 0.3985072220423259 0.09009965625000005 0.4808533796875 0.2940455597334203 0.48840693108267413
0 0.25951317343750013 0.6938570703125 0.07201193073916778 0.6869125791275388 0.0653681546875001 0.8662945140625 0.2528693973858324 0.8732390052474612
0 0.18735452500000016 0.87807095625 0.06392076772623301 0.869842038887511 0.05524357009729656 0.999999999985653 0.1786773273710637 1.008228917348142
0 0.6644962203125002 0.9513833515625002 0.3417437619470882 0.9394295581466683 0.33950041250000007 1 0.6622528708654121 1.011953793415832
0 0.5144398640625 0.10307471093750005 0.32222664023681213 0.09595570193349452 0.31557560156250003 0.275533728125 0.5077888253881879 0.28265273712900557
0 0.5011513171875001 0.28899357343750004 0.36512051402362783 0.2839553956590521 0.363994615625 0.31435465312500005 0.5000254187888722 0.319392830903448
0 0.49980481250000003 0.328387934375 0.36113170117722604 0.3232518932148973 0.35883276093750005 0.3853232796875001 0.4975058722602741 0.3904593208476028
0 0.24698430781250003 0.280308578125 0.10070465986517471 0.2748908124407298 0.09691363125000005 0.3772485671875 0.24319327919732533 0.38266633287177015