0 0.8370715231419213 0.4059464869639949 0.655922035157433 0.4040287083977489 0.6539334335472868 0.5918679979921978 0.8350829215317754 0.5937857765584437
0 0.574884726476008 0.16834012389616532 0.4414632262902914 0.16692774293551818 0.43939761116784737 0.3620574396120502 0.572819111353564 0.36346982057269733
0 0.7123247687500001 0.03616666718750007 0.5638631562499999 0.03404861093750007 0.5527513203386348 0.8129141756441453 0.701212932838635 0.8150322318941454
0 0.22001199633220855 0.0895073977533739 0.149184296875 0.08826909687500001 0.14836826584242271 0.1349440219538222 0.21919596529963123 0.13618232283219608
0 0.21951251320491597 0.034690832501884664 0.15002515468749997 0.033477431250000016 0.14928795085758403 0.07569458468561537 0.218775309375 0.07690798593750002
0 0.8333323640170569 0.8229373492029467 0.6390064812500001 0.8208802078125 0.6371103121288197 0.9999999999960707 0.8314361948958764 1.0020571413865174
0 0.5732709538163248 0.36864648407093203 0.43743356406249995 0.36720833281250004 0.4351377258711753 0.584056640929068 0.570975115625 0.5854947921875
0 0.5704536809175729 0.6061593653946844 0.43536863437500006 0.6038020828125 0.43390307064492734 0.6877868142928157 0.5689881171875001 0.6901440968750001
0 0.8372970506575299 0.6090603183487729 0.6331920906249999 0.6054965281250001 0.6317410665299701 0.6885994035262273 0.8358460265625001 0.6921631937500001
0 0.8411204063843412 0.2196345960800826 0.6558491125 0.21639930625000003 0.6526878498656589 0.3974313773574175 0.83795914375 0.4006666671875001
0 0.8430279906461987 0.037118744901379654 0.718100367777697 0.03579685685282049 0.7162465286939983 0.2109975557014409 0.8411741515625 0.2123194437500001
0 0.5574120873627793 0.03421198834826382 0.23242835624999997 0.028536457812500027 0.23038464113649687 0.14556061242370127 0.5553683722492762 0.15123614295946508
0 0.6210748168234785 0.819390617648844 0.43228016761706334 0.8173923609255087 0.4303561055129282 0.9991771264962113 0.6191507547193434 1.0011753832195465
0 0.57027609844598 0.7824741718667634 0.4335778921875001 0.7800885421875001 0.4330424953040202 0.8107671484457368 0.5697407015625002 0.8131527781250002
0 0.5716882580013822 0.7107609919783838 0.43304729843750006 0.708340278125 0.4319535232486181 0.7709838002091163 0.5705944828125002 0.7734045140625001
0 0.8364206585177334 0.7137467831007468 0.6910200625 0.7112065968750001 0.6892154133572665 0.8145049528367533 0.8346160093749999 0.8170451390625001