0 0.3399365895996972 0.4429673959262934 0.17233661052596194 0.4387077791440427 0.16784899984390056 0.6152784649246396 0.3354489789176358 0.6195380817068903
0 0.5354613148396112 0.6524653132804716 0.41201934975194143 0.6493289453572465 0.4073805743855683 0.8319030440734891 0.530822539473238 0.8350394119967145
0 0.4361896502093317 0.2364284281733345 0.2988495459407602 0.23252720470563762 0.27826950000000006 0.9570347031249999 0.41560960426857163 0.9609359265926969
0 0.8015755625000004 0.8578547218750001 0.735317859143912 0.8576815428459026 0.7352048852763472 0.9009049576156019 0.8014625886324355 0.9010781366446994
0 0.7999405140625 0.91271700625 0.734987606890544 0.9125453799846144 0.7348843046875 0.95164066875 0.7998372118594561 0.9518122950153856
0 0.5457447765625 4.435946988743112e-17 0.17773073749999999 2.1825109138472132e-17 0.17773073749999999 0.039138429687500045 0.5457447765625 0.039138429687500066
0 0.36117417031249993 0.06257500156250001 0.17747849683409528 0.062088687730846824 0.17703632186671606 0.22911175625411465 0.36073199534512074 0.22959807008576782
0 0.5424501609375001 0.44689400937500007 0.4167729476759609 0.44370201419587463 0.41162290000000007 0.6464728843750001 0.5373001132615391 0.6496648795541254
0 0.5445064906250001 0.34998425625 0.4182076110827054 0.3496503990063721 0.41800202343750004 0.4274246265625 0.5443009029797947 0.4277584838061278
0 0.36131576718749997 0.3519445875 0.17113111292090047 0.35144236598754164 0.17092789062500005 0.42839996562500005 0.36111254489159955 0.4289021871374584
0 0.33729915468750005 0.6217762421875 0.16311206260050554 0.6213159404846268 0.16266904843748917 0.788961092191629 0.33685614052448365 0.7894213938945023
0 0.2770160781250001 0.7960371687500002 0.16143268834904462 0.7931001627933567 0.157264101391732 0.9571513830546424 0.27284749116768753 0.9600883890112859
0 0.7253242234374999 0.8491505421875001 0.4227306964034609 0.8483520848572942 0.42244473787564496 0.9567225590753509 0.725038264909684 0.9575210164055568
0 0.5525843156250001 0.06216401093750008 0.37399056084584653 0.06169178226176657 0.3735468015625001 0.22951860156250006 0.5521405563416536 0.22999083023823358
0 0.5473288078124999 0.2361239015625 0.42032200434025135 0.2357896284683234 0.42024723125 0.26419960625000005 0.5472540347222485 0.2645338793441766
0 0.5475882453125 0.27293746562500004 0.41831204206672884 0.272596119852756 0.4181588671833635 0.33060728906661485 0.5474350704291346 0.33094863483885895
0 0.30968881718749997 0.23617694375000003 0.17355806792994716 0.2358161180729692 0.17330451406250005 0.33147582343750004 0.3094352633200529 0.3318366491145309