0 0.8465793707844357 0.6457822852080438 0.8411516374786144 0.46259627319974533 0.6719701730096989 0.46760905697814836 0.6773979063155201 0.6507950689864469
0 0.6054746992432166 0.8583694766263429 0.5999066153258422 0.670446623449813 0.47530110109429424 0.6741386382744129 0.48086918501166875 0.8620614914509428
0 0.7364661609375001 0.9879643937499999 0.7076277876324928 0.2522702845454719 0.569094123914474 0.2577006467838352 0.5979324972194814 0.9933947559883632
0 0.2755066510283794 0.8762357673085649 0.20729162968750012 0.8747198781250001 0.20632279740912085 0.9183173358164352 0.27453781875000016 0.919833225
0 0.27595181590975393 0.9316150226572903 0.2091767906250001 0.9301311328124999 0.20830045596524624 0.9695661820302097 0.27507548125000003 0.9710500718750001
0 0.8351293289508368 0.018558429147483232 0.4619870125 0.010266378125000057 0.4609971726116632 0.05480917554001692 0.8341394890624999 0.06310122656250008
0 0.8393986425506821 0.08735803628812873 0.6488941796875 0.08312460312500006 0.6451502996368179 0.2515991793368714 0.8356547624999999 0.25583261250000006
0 0.6004034390624999 0.6711718624999999 0.5942263469531157 0.4626950272031866 0.46736456249999997 0.4664538953125 0.4735416546093843 0.6749307306093133
0 0.5947688653169513 0.37148265882710285 0.4648755171875001 0.3685961406250001 0.4631322534330488 0.44704302711039723 0.5930256015625 0.44992954531249996
0 0.8443984331807336 0.37949589096698516 0.649981096875 0.3751755046875001 0.6482560652567666 0.452801909033015 0.8426734015624999 0.4571222953125001
0 0.8563112274973422 0.6521347313419885 0.6753944203125 0.6481143578125 0.6716366318776579 0.8172148358455116 0.8525534390624999 0.8212352093750003
0 0.8587275734375 0.991120959375 0.8537179994483841 0.8220478708681705 0.7370467171875 0.8255047984375 0.742056291176616 0.9945778869443295
0 0.5932169929021398 0.8747139892257122 0.28429854531250004 0.867849134375 0.28186941959786027 0.9771597842117877 0.5907878671875001 0.9840246390624999
0 0.6408629664461479 0.08202141636723323 0.4554901390625 0.07790202031250006 0.45172824292885216 0.24718735082026694 0.6371010703125001 0.2513067468750001
0 0.5906988449153017 0.2564792904817327 0.4615382515625 0.2536090546875 0.4609014316471984 0.2822659470182674 0.5900620250000002 0.2851361828125
0 0.5937553309566248 0.2936980582516618 0.46143357343750013 0.2907575750000001 0.46013326904337537 0.3492712776858384 0.5924550265625002 0.35221176093750006
0 0.8420050684348077 0.2627501094811532 0.7016511296875001 0.2596311328125001 0.6995068846901925 0.35612214989384705 0.8398608234375002 0.3592411265625002