0 0.6194343115464664 0.8005046564039944 0.6175373668798716 0.6374739156317599 0.4449675260343556 0.6394818525254796 0.4468644707009505 0.802512593297714
0 0.8323905719633796 0.5597947585716989 0.8309933176015241 0.43971821184972776 0.6527516103670725 0.441792297170274 0.6541488647289281 0.5618688438922452
0 0.9508823132838028 0.6808736173930097 0.9506062500000002 0.5472203125000001 0.24850863490058012 0.5486705076398025 0.24878469818438279 0.6823238125328122
0 0.9018078125000002 0.17509375000000013 0.8598166848551898 0.17435989235642663 0.8586859111554881 0.23906244492555015 0.9006770388002986 0.23979630256912365
0 0.9511203125 0.17475468750000014 0.9131396034765515 0.17409171823557756 0.9120328125 0.23749843750000013 0.9500135215234484 0.2381614067644227
0 0.05996875000000011 0.4548078125 0.010857754412787244 0.45395064789487904 0.004603125000000102 0.8123078125 0.05371412058721296 0.813164977105121
0 0.24245781250000015 0.6305859375 0.08019651493834348 0.6277527738291592 0.07705937500000007 0.8074234375 0.2393206725616567 0.810256601170841
0 0.6521848782416712 0.5623476799633086 0.6507625000000001 0.44009687499999994 0.45288230925832884 0.44239919503669134 0.4543046874999999 0.56465
0 0.43782812500000007 0.4429703125000001 0.3622711477818878 0.44165232788959213 0.3601203125000001 0.5649546875000001 0.43567728971811237 0.5662726721104081
0 0.4363031250000001 0.6210453125000001 0.36153952840479053 0.6197404030753669 0.3583031250000001 0.8051671875 0.4330667215952098 0.8064720969246331
0 0.7864906250000001 0.6336546875 0.6236249240245921 0.6308117564126228 0.6206500000000001 0.8012390625 0.7835157009754081 0.8040819935873772
0 0.9503416169512159 0.7985009812729313 0.9490327945251252 0.6860687683982944 0.7888536775739093 0.6879334121253632 0.7901625 0.8003656250000001
0 0.9555671875 0.2488187500000001 0.8502862826570448 0.24698083314448754 0.8451374732073672 0.5419187222552944 0.9504183780503224 0.5437566391108068
0 0.2455968750000001 0.4444625000000001 0.08255470453294972 0.4416162315525195 0.07950468750000002 0.6163296875000001 0.2425468579670504 0.6191759559474806
0 0.27917031250000013 0.4448843750000001 0.25157026462783305 0.4444028910822332 0.2494125000000001 0.5680921875 0.27701254787216717 0.5685736714177669
0 0.3437437500000001 0.4429718750000001 0.28738643429502864 0.44198824028340145 0.28518593750000004 0.5680656250000001 0.34154325320497153 0.5690492597165988
0 0.3411640625000001 0.6752046875 0.24823159928285995 0.6735817634895872 0.2459093750000001 0.8065578125 0.3388418382171402 0.8081807365104128