0 0.8554639337107028 0.6054620138003542 0.8475120900206745 0.4219918719113651 0.673639706177352 0.42952773580779835 0.6815915498673804 0.6129978776967875
0 0.6113653521154723 0.845820930883497 0.6031408599232819 0.6560939751326332 0.47507842444995835 0.6616453660591091 0.48330291664214864 0.8513723218099727
0 0.7473855936192406 0.9657080999157776 0.7077538239930439 0.21700117691077034 0.5652935647488033 0.22454211449499278 0.6049253343750001 0.9732490375000001
0 0.2740598133830917 0.9364615414325389 0.2710218843433668 0.8916776653509089 0.20232318189777504 0.8963378645433699 0.20536111093749998 0.941121740625
0 0.2752330770550119 0.9891961392491051 0.2724857753961598 0.9486895535156142 0.20514634084904443 0.9532567550431545 0.20789364250789646 0.9937633407766455
0 0.8346738762139354 0.011268809202430192 0.8334703389338772 -0.016495521344789127 0.45293612968749997 0 0.45413966696755803 0.02776433054721932
0 0.8427806471424963 0.20015826858250746 0.8310428890625001 0.027097259374999995 0.6404975747325038 0.040020879854992565 0.6522353328124999 0.2130818890625
0 0.6035094101020299 0.6533631852443191 0.594378 0.4426890375 0.4639974803986654 0.44834021970029747 0.47312889050069523 0.6590143674446166
0 0.5946397019786798 0.4227476812524908 0.5891741107265165 0.34216433126431006 0.45823118687283665 0.3510455765743192 0.46369677812499993 0.43162892656249985
0 0.850550473655689 0.40708501363426935 0.8451420000000001 0.32734614843750004 0.6480327482193109 0.3407155410532308 0.653441221875 0.4204544062500001
0 0.8681345019020543 0.7812242816427537 0.8563532234374998 0.6075203703125001 0.6756536105979454 0.6197761246072466 0.6874348890624999 0.7934800359375002
0 0.8727583614745063 0.9589302999020524 0.8653703328125 0.7884619999999999 0.745461265354437 0.7936588115345998 0.7528492940164433 0.9641271114366521
0 0.6006989555355711 0.973269160222906 0.5930830000000001 0.8609821484375002 0.27959611630153736 0.882244644689471 0.28721207183710823 0.9945316564748767
0 0.6392701933182884 0.21384297424569604 0.6274741066447045 0.03994933310370211 0.44220791332641607 0.05251687760800607 0.45400399999999996 0.22641051874999998
0 0.5880173899216489 0.2532896262950987 0.5860206671874999 0.22385288906250006 0.454427722578351 0.23277896745490131 0.45642444531250004 0.2622157046875
0 0.5921698521798655 0.3221382467289075 0.5880927765624999 0.26203051874999994 0.4540997025076344 0.2711191985835924 0.458176778125 0.33122692656249997
0 0.8467516356217304 0.30645006004561076 0.8400296671874999 0.2073331484375 0.6988718081282697 0.2169062743293893 0.7055937765625001 0.31602318593750006