0 0.5624221375000003 0.31227147187500004 0.5613746639385576 0.24156701376925108 0.5045934390625001 0.2424082171875 0.5056409126239426 0.31311267529324893
0 0.43338670700463167 0.3181775869077417 0.21192745156249998 0.31161583125000003 0.20894938518286826 0.4121255724672584 0.43040864062499995 0.41868732812500015
0 0.4290839031249999 0.521094915625 0.42821514714555053 0.4163487803617669 0.21408387058305056 0.41812476786176694 0.2149526265625 0.5228709031250001
0 0.4740428953125001 0.4976111359375001 0.4723824668063778 0.12388344725582894 0.4315577828125 0.12406482656250002 0.43321821131862226 0.4977925152441712
0 0.47451887754119015 0.08506609865177059 0.43150872656250006 0.08315976718750004 0.42996085995880984 0.11808232791072952 0.47297101093749994 0.11998865937500006
0 0.4262312200241162 0.10011353162187424 0.3892002312500001 0.09901631718750006 0.388413033100884 0.12558425587812588 0.4254440218750001 0.12668147031250007
0 0.42650584531249996 0.19813417968749997 0.42643967515777603 0.08278587452871156 0.2114127382541922 0.0829092258485696 0.21147890840891614 0.19825753100735805
0 0.4310843204781884 0.20523246672307352 0.2131172109375 0.19877418281250003 0.20992485452181167 0.3065162254644266 0.42789196406250013 0.3129745093750001
0 0.7713868998310669 0.11471099489769428 0.50790553125 0.10690413906250004 0.5053395579814332 0.19350573166480586 0.7688209265625 0.20131258750000008
0 0.7714758836707456 0.580081160478098 0.5855071406250001 0.5745709750000001 0.5823147835167546 0.6823130176469022 0.7682835265625001 0.6878232031250001
0 0.772836962264899 0.698272216852255 0.5867517546875001 0.6927585812500001 0.5838193314851012 0.7917278675227453 0.7699045390625001 0.7972415031250002
0 0.585689562174721 0.7248486249684003 0.5063847000000001 0.7224988515625002 0.5044796815752793 0.7867932312816 0.5837845437500001 0.7891430046875001
0 0.582666884375 0.7188825578124999 0.5812986783028423 0.569350922363504 0.5048838776551087 0.5700501135007843 0.5062520837272664 0.7195817489497801
0 0.5841520828124999 0.4433057734375 0.581497952490156 0.3580239904911685 0.5037645629841292 0.36044320053836415 0.506418693306473 0.4457249834846955
0 0.7686633768170703 0.3641665231812976 0.588422646875 0.3613637734375001 0.5868524200579299 0.4623427596312027 0.7670931500000002 0.4651455093750001
0 0.5834630967155279 0.4188013917015351 0.5048751640625001 0.4179734562500001 0.5033435113808353 0.5633584830312081 0.5819314440338631 0.564186418482743
0 0.4757061598173145 0.5028928645567228 0.4014319522655033 0.5027053737164798 0.40110537369818894 0.6320789700972571 0.47537958125000007 0.6322664609375
0 0.47671184354468343 0.6705571104061627 0.21529618750000007 0.6628114609375001 0.21218602676781678 0.7677793802188375 0.4736016828125001 0.7755250296875001
0 0.3964590934828792 0.5292692405810954 0.21580421250000006 0.528757940625 0.21552633464212093 0.6269390391064047 0.3961812156250001 0.6274503390625
0 0.7723811493115645 0.472824964251833 0.5564655187696916 0.46294046296083613 0.5518497655465147 0.5637663152995561 0.7677653960883875 0.573650816590553
0 0.7683185421874998 0.35669351250000003 0.7678435595236273 0.24423089939971146 0.5040411468711599 0.24534506142425833 0.5045161295350324 0.35780767452454687