0 0.73923125 0.4871062500000001 0.6734015624999999 0.48710624999999996 0.6734015624999999 0.5414390625000001 0.73923125 0.5414390625000002
0 0.6679953125 0.20613906250000008 0.5717692913304144 0.2050188324626641 0.5693406252117339 0.4136374818123807 0.6655666463813195 0.41475771184971666
0 0.5661609375000001 0.2068578125000001 0.46597968749999996 0.20604062500000006 0.4643089476772868 0.4108611880460451 0.5644901976772869 0.41167837554604503
0 0.8511671875 0.4189125000000001 0.49471464121537573 0.41780684982418703 0.49459355458334403 0.4568441866355516 0.8510461008679681 0.45794983681136464
0 0.89029375 0.41944531250000006 0.8568360882902762 0.4185622860999304 0.8557796875000001 0.4585890625000001 0.8892373492097239 0.45947208890006985
0 0.8743984375000002 0.3787453125000001 0.8489628109715086 0.3784496842062551 0.8485609374999997 0.4130265625000001 0.8739965640284912 0.41332219079374505
0 0.8885964767810688 0.41307808747166286 0.8878444846509443 0.20696339946762846 0.7793109375 0.207359375 0.7800629296301244 0.41347406300403444
0 0.77595 0.20887812500000008 0.6727983583205182 0.20767712438901823 0.6704109379235701 0.4127280886203735 0.773562579603052 0.41392908923135535
0 0.8688984375000002 0.49219531250000015 0.7859862273514647 0.4912304889285333 0.7830859374999999 0.7404671875000001 0.8659981476485352 0.741432011071467
0 0.4229078125000001 0.5598062500000001 0.3197577113359392 0.5586062028282172 0.31772812500000003 0.7330593750000002 0.420878226164061 0.7342594221717832
0 0.30988281250000005 0.559321875 0.21513002006541077 0.5582191867363627 0.213095312711584 0.7330593568188251 0.30784810514617333 0.7341620450824624
0 0.2800515625000001 0.4820156250000001 0.21849582248629149 0.4812998758802511 0.21763750000000007 0.5551171875 0.27919324001370865 0.5558329366197491
0 0.42682010116550567 0.48354803226861137 0.285654243363724 0.48194363770963333 0.2848234375000001 0.5550437500000001 0.42598929530178165 0.5566481445589782
0 0.6278156250000001 0.5590750000000001 0.6266008582523881 0.48463573488698375 0.5472258582523881 0.48593104738698367 0.5484406250000001 0.5603703125
0 0.6285869515015192 0.5656298074473789 0.5319643854282352 0.564910976669011 0.5306883714267159 0.7364280442216321 0.6273109375 0.737146875
0 0.5713046875 0.48488749999999997 0.4327206818728815 0.48429418541961455 0.43240138667006345 0.5588738597557945 0.5709853922971819 0.55946717433618
0 0.49004392190333557 0.38478489255731707 0.366896875 0.38261718750000007 0.36564687285313624 0.45362964949961926 0.4887939197564718 0.45579735455693615
0 0.33213281250000015 0.20438593750000006 0.2316370388482253 0.20321680191649943 0.22876718749999997 0.44990156250000013 0.32926296115177484 0.4510706980835007
0 0.46503118190527226 0.20682785540632875 0.37113461973275663 0.2057016001626028 0.36906875000000017 0.37793437500000004 0.4629653121725158 0.379060630243726
0 0.5292212449161675 0.5322240141691252 0.4326131396291021 0.5295385008506998 0.4269231060433337 0.7342306019731548 0.5235312113303991 0.7369161152915803
0 0.739090766799887 0.7370505970687264 0.7373209425392122 0.4846752341773765 0.6310734375 0.4854203124999999 0.6328432617606747 0.7377956753913498