0 0.7491448025815287 0.47593518632403464 0.68236875 0.47438125000000014 0.6811051974184714 0.5286788761759655 0.74788125 0.5302328125000001
0 0.6750124999999999 0.8094640624999998 0.6737899725888562 0.5991671775970753 0.577565625 0.5997265625 0.5787881524111437 0.8100234474029244
0 0.5770425824837913 0.6020032754304367 0.4768622203928743 0.6001112663700923 0.47299531250000015 0.8048609375 0.5731756745909171 0.8067529465603446
0 0.8599271552476152 0.5619771070610727 0.5030609375000001 0.5573718750000001 0.5025572197523848 0.5964057054389275 0.8594234374999999 0.6010109375000001
0 0.8985515624999998 0.6013906249999998 0.8977182327255415 0.5607684356146928 0.8642656249999998 0.5614546874999999 0.8650989547744581 0.6020768768853071
0 0.8824203125000001 0.6417109375 0.8822160015503909 0.60668757143499 0.856781268282429 0.6068359465082878 0.856985579232038 0.6418593125732978
0 0.898148020810071 0.6073965585092929 0.7884546874999999 0.605240625 0.7844146506369248 0.8107966443744635 0.8941079839469956 0.8129525778837566
0 0.7829828125 0.8092390625 0.7817794123792454 0.6023874243522477 0.6786328125 0.6029874999999999 0.6798362126207546 0.8098391381477521
0 0.8775796874999999 0.5281625000000001 0.8761203316151158 0.27747829029970306 0.7932109375529509 0.2779609465957715 0.7946702934378349 0.5286451562960686
0 0.4319828125000001 0.45018906249999996 0.430957539908207 0.2739343717663526 0.3278109375 0.274534375 0.3288362100917931 0.4507890657336474
0 0.3189546875 0.4480421875 0.3179277134639069 0.2715486836031491 0.2231796875 0.27210000000000006 0.2242066615360931 0.4485935038968509
0 0.2886734375 0.5246312500000001 0.2882396256336346 0.44974187529825543 0.22668593750000005 0.4500984375 0.22711974936636548 0.5249878122017446
0 0.4355326105194483 0.4533376330370037 0.2938718750000001 0.4517359375000001 0.29304480100191693 0.5248858640563623 0.43470553652136523 0.5264875595933659
0 0.6369157698000106 0.45459441074512297 0.5575187500000001 0.45254687500000007 0.5555857926999896 0.5275009017548772 0.6349828125000001 0.5295484375000001
0 0.6374171875000001 0.27765468750000005 0.5407937500000001 0.2774765625000001 0.5404776355208687 0.4489520298246153 0.6371010730208686 0.4491301548246153
0 0.5803803234720187 0.45362017747134303 0.4416076067525282 0.4528115265788542 0.44117103328050933 0.5277319741075112 0.5799437499999999 0.528540625
0 0.49746873968081207 0.5557372368843609 0.3742843750000001 0.555003125 0.37386116155023374 0.6260185669843388 0.4970455262310457 0.6267526788686997
0 0.33913906250000003 0.8034000000000001 0.337693931379732 0.5549607736020742 0.23720312500000001 0.5555453124999999 0.238648256120268 0.8039845388979259
0 0.4709921875 0.632234375 0.3770859375000001 0.6307578125 0.3743787292133875 0.8029305299872155 0.4682849792133874 0.8044070924872153
0 0.5381212418990613 0.4795003662577645 0.53360192471224 0.27380856323270597 0.43701463080981195 0.2759307120541086 0.4415339479966332 0.4816225150791671
0 0.7470116625035228 0.5292559848308025 0.7459410085836474 0.27675296436743696 0.6386462961071839 0.277207911418304 0.6397169500270593 0.5297109318816695