0 0.7322066637772895 0.49601294793373557 0.6594833890625 0.49170342031250014 0.6560724065352106 0.5492637473787647 0.72879568125 0.5535732750000001
0 0.6495880406250001 0.62092275 0.5472740859375 0.62092275 0.5472740859375002 0.847580484375 0.6495880406250002 0.847580484375
0 0.5417795462581629 0.6178362685400901 0.43525578519245 0.617622969570868 0.4348101264342872 0.8401896666557779 0.5413338875000001 0.8404029656249999
0 0.8489811862581579 0.5916635989210253 0.46831893750000003 0.5730545578124999 0.4662945621793422 0.6144647120164746 0.8469568109375001 0.6330737531249999
0 0.8885581390624996 0.634972571875 0.8879076283367693 0.5906899833505143 0.8523504984374999 0.5912123171875001 0.8530010091632301 0.6354949057119859
0 0.871156146875 0.6391626046875002 0.8441112953125 0.6391626046875002 0.8441112953125 0.6772104453125002 0.871156146875 0.6772104453125002
0 0.8852596964870931 0.8578990998204141 0.8832518637408444 0.6338529796855055 0.7659879963781775 0.6349038625693544 0.7679958291244261 0.858949982704263
0 0.7643903656250001 0.6282563562500001 0.6547142859374999 0.62825635625 0.6547142859375 0.8514732859375 0.7643903656250002 0.8514732859375
0 0.8667109640625 0.2871681421875001 0.7785548171875 0.2871681421875001 0.7785548171875 0.5563357328125001 0.8667109640625 0.5563357328125001
0 0.39340531562500003 0.26572222187500005 0.2837292359375 0.265722221875 0.28372923593750005 0.456409253125 0.3934053156250001 0.456409253125
0 0.27323920312500005 0.25913046562500003 0.17249335625000004 0.25913046562500003 0.17249335625000004 0.44980324843749997 0.27323920312500005 0.44980324843749997
0 0.2405697671875001 0.44845895156250004 0.17512126250000004 0.44845895156250004 0.17512126250000004 0.530053328125 0.2405697671875001 0.530053328125
0 0.3995642139937772 0.460970287270053 0.24654651093750007 0.4527696328125 0.2423936463582092 0.530258789600661 0.3954113494144863 0.538459444058214
0 0.6113547240791745 0.46639173784799837 0.5268687703125 0.46371853125000007 0.5242698602958256 0.5458563621520016 0.6087558140625 0.54852956875
0 0.6129396626172238 0.2784448881913807 0.5101694359375001 0.27699638281250005 0.5075669826952764 0.4616382305586195 0.6103372093750001 0.4630867359375002
0 0.5528683647470272 0.46553092179549366 0.40431163093686584 0.4606469599116291 0.4016874521273387 0.5404672865536354 0.5502441859375 0.5453512484375
0 0.46358846828151334 0.5711519291944556 0.33140697656250007 0.5656106921874999 0.328247342720713 0.6409810677857732 0.4604288344397262 0.6465223047927289
0 0.29250332187500006 0.5609400875 0.18565116250000008 0.5609400875 0.18565116250000008 0.82828535625 0.29250332187500006 0.82828535625
0 0.4338223956607374 0.6489180024470863 0.33391860468750006 0.6462362734374999 0.3289550137142628 0.8311474084904138 0.42885880468750004 0.8338291375000001
0 0.5060540318845983 0.49027203162951255 0.5024940496162364 0.2697760342501086 0.39983392391885225 0.2714335166148412 0.40339390618721416 0.4919295139942452
0 0.7283081036777679 0.5497088354737392 0.7268131384369443 0.2800652047928902 0.6123056749215186 0.2807000600547712 0.6138006401623421 0.5503436907356202