0 0.23907249799958435 0.5268867072118877 0.23513877593975047 0.46871499433313807 0.15590824356516614 0.47407276837125034 0.159841965625 0.53224448125
0 0.3384019015625001 0.5991895265625 0.23539853621766865 0.5909622069522843 0.21625646053434294 0.8306147679904867 0.3192598258791744 0.8388420876007026
0 0.44430280156250007 0.594952553125 0.33633198891251687 0.5904187791265858 0.32659165468750007 0.8223826578125001 0.4345624673374833 0.8269164318109142
0 0.42485905579239647 0.5888774711455105 0.42216103083917594 0.5470580616633136 0.030889875046779473 0.5723013483303032 0.033587900000000004 0.6141207578125001
0 0.03152077031250007 0.5715899015625 7.072246746074514e-17 0.5715899015625 7.343080275106993e-17 0.6158203734375001 0.03152077031250007 0.6158203734375001
0 0.03597616250000009 0.620291178125 0.008749331478229183 0.6181173324803402 0.005467154687500075 0.6592257125 0.03269398570927098 0.6613995581446599
0 0.10997215937500009 0.615283484375 0.005878252268957019 0.6086433136032211 -0.009000066083252007 0.8418816355800034 0.09509384102279106 0.8485218063517823
0 0.2288789421875001 0.607570946875 0.1184655543412769 0.5987521052877908 0.09955148738589717 0.8355594217410879 0.20996487523212037 0.8443782633282971
0 0.13103716250000005 0.26169620781249997 0.042286653545826315 0.25460782593230963 0.019793231250000064 0.5362380640625001 0.10854374020417383 0.5433264459426905
0 0.6344483859375 0.23563018125000004 0.5240349804764153 0.22681141595607537 0.5077636998858981 0.43053239517858904 0.6181771053469828 0.43935116047251377
0 0.7477581953125001 0.2279710953125001 0.6463350931411341 0.21987020610787988 0.6301281824552338 0.4227806665349627 0.7315512846265998 0.4308815557395829
0 0.7297135250000001 0.42057030781250015 0.6638233159109743 0.4153078376790581 0.6567297674500988 0.5041245681152098 0.7226199765391247 0.5093870382486518
0 0.661365772921038 0.5040119042980897 0.6569489484375 0.42556873125 0.49552605281752554 0.4346578153585793 0.4999428773010637 0.5131009884066691
0 0.37769660944416666 0.5190932568550364 0.37186036093749997 0.43911313750000003 0.2761128874308333 0.4460999493949639 0.28194913593750004 0.5260800687500001
0 0.4039610875000001 0.24904433125000006 0.3007128995425921 0.23996386741536777 0.2832229989726286 0.4388304203018813 0.38647118693003657 0.4479108841365135
0 0.49755753482505316 0.5124626242687499 0.4924952752959701 0.43254635663298835 0.33646927172091695 0.44242975267673856 0.3415315312500001 0.5223460203125001
0 0.5655709094116135 0.6173722748387508 0.5617468718749999 0.5410725984375 0.42370104739541403 0.5479912701734925 0.4275250849320276 0.6242909465747433
0 0.7098993984375002 0.5350722609375002 0.6023288921711164 0.5264805720715451 0.5798501525328531 0.807921094516421 0.6874206587992369 0.816512783382376
0 0.5526517140625 0.6231041671875001 0.4517447548863756 0.6170398369393164 0.4398685847671614 0.8146524609792405 0.5407755439432858 0.820716791227424
0 0.5146163031250002 0.2424241734375001 0.4116021962524563 0.23331416685043044 0.39134984614034696 0.4623236345087937 0.4943639530128909 0.4714336410958634
0 0.2917988 0.25371280000000007 0.17792877446947988 0.24746231300360924 0.162748715628135 0.52400935466882 0.27661874115865515 0.5302598416652108