0 0.8295054265624999 0.2144514328125001 0.6277242881102469 0.20847273252614004 0.6184705328125 0.5207869796875 0.8202516712647532 0.5267656799738601
0 0.6228261812500001 0.2297610062500001 0.5380839977662423 0.22725012678650153 0.529190659375 0.5274003031250001 0.6139328428587578 0.5299111825884987
0 0.7682180282913811 0.2019454010320243 0.76279275625 0.12870422812500001 0.5909353857711189 0.14143440365547583 0.5963606578125 0.21467557656250005
0 0.4394586765625002 0.5491663765625001 0.29630830718682477 0.5449248844544795 0.2889189609375001 0.7943153390625001 0.43206933031317546 0.7985568311705207
0 0.448623025 0.21747193125000006 0.30560589380009917 0.21323438661487729 0.29813636093749996 0.4653311203125 0.4411534921374008 0.46956866494762267
0 0.2172505640912167 0.6642538064891694 0.20927252499999996 0.5626903671875 0.09054712965878324 0.5720165169483306 0.09852516874999999 0.67357995625
0 0.2956205453125001 0.295023003125 0.14191199617891898 0.28998556864115116 0.1297174243316437 0.6620817124142719 0.2834259734652248 0.6671191468981209
0 0.26638231166957305 0.29118784687472987 0.26152198906249996 0.22557349218749997 0.15384565239292694 0.2335495171877701 0.158705975 0.299163871875
0 0.4021320720392409 0.2044519189515218 0.39777752187500004 0.14566550156250002 0.31222749046075915 0.15200254198597826 0.31658204062500006 0.21078895937500003
0 0.6715839625000001 0.5321476234375 0.529067488563846 0.527225817855007 0.5204533466440091 0.776658086526397 0.6629698205801632 0.78157989210889
0 0.51865365625 0.6362261828125 0.45348171004135807 0.6342951624644646 0.44913580312500007 0.7809695421875 0.5143077493336421 0.7829005625355354
0 0.5138194265625 0.5415699984375 0.4435656437426532 0.5394884052330705 0.4410108890625001 0.6257113906250001 0.5112646718823469 0.6277929838294296
0 0.5290524 0.19927853593750006 0.46006829165856467 0.19723456236273787 0.45572345625000005 0.34387275781250004 0.5247075645914354 0.3459167313872622
0 0.5307789322157574 0.43189498572641305 0.5253510015624998 0.35861792499999995 0.44368958653424223 0.36466691896108683 0.44911751718749987 0.43794397968750004