0 0.927701190336618 0.5159202133746319 0.12452500000000007 0.5153625 0.12447352896062033 0.5894871582959679 0.9276497192972384 0.5900448716705998
0 0.9247125 0.5070765625 0.9215833940741189 0.32065338982727254 0.8510375000000001 0.3218375 0.8541666059258812 0.5082606726727275
0 0.8466265625 0.5057000000000001 0.8435138697252464 0.3215898116800274 0.7475717648516651 0.32321187452923617 0.7506844576264186 0.5073220628492088
0 0.9308875000000001 0.7648578125000001 0.9273129420781828 0.5967158636293342 0.8386859374999999 0.5986 0.8422604954218171 0.7667419488706659
0 0.8360375 0.764415625 0.8342364389735559 0.5980203518616983 0.6908953125 0.599571875 0.692696373526444 0.7659671481383017
0 0.6878078125000001 0.7627296875 0.6845980231925143 0.5968207262326553 0.5717125000000001 0.5990046875 0.5749222893074858 0.7649136487673447
0 0.5712703124999999 0.7613406249999999 0.5711901683041287 0.5991663912608857 0.411490625 0.5992453124999999 0.4115707691958711 0.7614195462391141
0 0.41016718750000003 0.7606781249999999 0.40517929888492893 0.5983441546872942 0.32316119646782593 0.6008642505026554 0.3281490850828971 0.763198220815361
0 0.3196891154088206 0.7614884756904036 0.3192431482358987 0.5999679904502009 0.22615937499999994 0.600225 0.22660534217292186 0.7617454852402027
0 0.22174687499999995 0.7624703124999999 0.22086031461350514 0.6000112655059745 0.125575 0.6005312499999998 0.12646156038649484 0.7629902969940253
0 0.4546796875 0.5058406249999999 0.4546613275951348 0.3363009434974607 0.20366093749999997 0.336328125 0.20367929740486512 0.5058678065025392
0 0.20321875 0.50660625 0.1987395638102962 0.3349231528393486 0.118506283301182 0.3370164270635127 0.1229854694908858 0.5086995242241641
0 0.7434031093782799 0.33691669992928325 0.5628093750000001 0.3367468750000001 0.5626500156217202 0.506211425070717 0.7432437500000001 0.5063812500000001
0 0.5597203124999999 0.5065218749999999 0.5547851486556438 0.33408200517652664 0.4560484374999999 0.3369078125 0.46098360134435606 0.5093476823234733