0 0.8767072190937141 0.48750811496559515 0.8750343749999999 0.4134203125 0.072340844102336 0.4315444987700441 0.07401368819605011 0.5056323012356392
0 0.1489625 0.69796875 0.14453302184456285 0.5127905165786812 0.07397687730940154 0.514478225199593 0.0784063554648387 0.6996564586209117
0 0.25247834372991745 0.6957641726050805 0.24910625000000003 0.5118000000000001 0.15310651025939087 0.5135596911174002 0.1564786039893083 0.6975238637224805
0 0.161315625 0.4209203125 0.15801270442856152 0.25503770341125825 0.0691125 0.25680781250000007 0.07241542057143846 0.4226904215887418
0 0.3091247264907837 0.4174360740926065 0.30554694134090415 0.25198212046158974 0.16396250000000004 0.25504374999999996 0.16754028514987956 0.4204977036310168
0 0.4282875 0.4143031250000001 0.4250987521129477 0.25107401131143237 0.3121628146129477 0.25328026131143233 0.31535156249999996 0.41650937500000007
0 0.588509375 0.4103328125 0.5836228812791238 0.24731334071725578 0.42872968750000007 0.25195625 0.4336161812208764 0.4149757217827442
0 0.6745973891582184 0.4067954775046994 0.6719328124999998 0.24710312499999998 0.5898262373737344 0.24847312963789445 0.592490814031953 0.40816548214259385
0 0.7738533892506873 0.40597322123761853 0.771634375 0.2435734375 0.6785356732493127 0.24484552876238136 0.6807546875 0.4072453125
0 0.8744329051459688 0.4028576442813539 0.8722203125 0.2404859375 0.7769217823540313 0.24178454321864615 0.779134375 0.40415625000000005
0 0.796340625 0.6684125000000001 0.7933151085479206 0.49895785697089223 0.5452961281369941 0.5033860950660403 0.5483216445890735 0.6728407380951481
0 0.8810421874999997 0.6657640624999999 0.8770707347206178 0.4962440078197514 0.7967812500000001 0.49812500000000004 0.800752702779382 0.6676450546802485
0 0.43719062500000005 0.676353125 0.4334080463919894 0.5069722023971337 0.25562054639198933 0.5109425148971336 0.25940312500000007 0.6803234375
0 0.5439515625 0.67370625 0.5386578124999999 0.50341875 0.43986438894557167 0.506489954204309 0.44515813894557177 0.676777454204309