0 0.8707783320648789 0.47210210844748624 0.8678187499999999 0.398146875 0.06262010543512088 0.4303697665525138 0.0655796875 0.504325
0 0.13678757407907707 0.696586514197828 0.13558593750000003 0.5110421875 0.06498430092092297 0.5114994233021719 0.0661859375 0.69704375
0 0.2403344056397035 0.6938776643386652 0.240171875 0.5074515625 0.14413907175753776 0.5075352861459358 0.14430160239724127 0.6939613879846009
0 0.15399175256939582 0.42059891077782546 0.15244374999999996 0.2527453125 0.06371605993060417 0.25356358922217453 0.06526406249999998 0.4214171875
0 0.30185713913523826 0.41695402080956423 0.301153125 0.24794531250000004 0.1594957439950043 0.24853539332829486 0.16019975813024256 0.4175441016378591
0 0.4210907195352477 0.4095987072727493 0.4190375000000001 0.24456562500000004 0.30602803046475247 0.24597160522725078 0.30808125 0.4110046875
0 0.5858327284380856 0.39987859773824275 0.5793182860882548 0.23822755087471573 0.42036368265016905 0.24463332813647307 0.426878125 0.4062843750000001
0 0.6676187500000001 0.23537343750000006 0.5855002322165104 0.23507448572070527 0.5849080604785672 0.39773705795181274 0.667026578262057 0.39803600973110753
0 0.7673828125000002 0.23010468750000004 0.6742752464034891 0.22975140992689855 0.6736468750000001 0.3953609375000001 0.7667544410965113 0.39571421507310156
0 0.8680218749999999 0.2252609375000001 0.772714543038892 0.22489569776074075 0.7720796875000001 0.3905578125000001 0.8673870194611082 0.3909230522392594
0 0.7878687643373816 0.6543980687772433 0.7818953125 0.48520624999999995 0.5315718606626183 0.49404411872275666 0.5375453125 0.6632359374999999
0 0.8694352562158152 0.65262546704503 0.8684093750000003 0.48105000000000003 0.7880698818349722 0.48153036457860543 0.7890957630507872 0.6531058316236353
0 0.4306302079910386 0.668513311242529 0.423905941222129 0.49943372513583795 0.2408022957310903 0.506715726393309 0.2475265625 0.6757953125
0 0.532227413717294 0.6667930476741207 0.5298703125 0.4940156250000001 0.43097727378270595 0.4953647648258793 0.43333437499999994 0.6681421875