0 0.8721752598513687 0.4510321504708335 0.8658626828125 0.37387175468750006 0.0181136760861312 0.4432270354666665 0.024426253124999995 0.5203874312499999
0 0.09969758839479681 0.721733755929365 0.0978978859375 0.5243590281249999 0.023795549105203175 0.525034708133135 0.025595251562499997 0.7224094359375
0 0.2083235707342322 0.7153474445253973 0.20762205156250002 0.5160060234375 0.10684740582826784 0.5163606679746024 0.10754892499999998 0.7157020890624998
0 0.1170007758134504 0.43237469199223455 0.1148683421875 0.25281895625 0.021730492936549592 0.2539250767577656 0.0238629265625 0.43348081250000015
0 0.27213356142003664 0.42420633470865293 0.270886240625 0.24126072812499996 0.12221603607993341 0.24227435966933894 0.12346335687497008 0.4252199662529919
0 0.39724488852814643 0.4101181691150522 0.39456255 0.23254445781249994 0.27592413334685356 0.23433654963494782 0.278606471875 0.4119102609375001
0 0.5654589048045963 0.3992864250728702 0.5627190515625 0.2188795984375 0.3999532997068752 0.22135153523302492 0.40269315294897134 0.40175836186839514
0 0.6553576562500002 0.2120025984375001 0.5691995774188314 0.21191638313241384 0.5690256343156069 0.38574402991457146 0.6551837131467757 0.3858302452196577
0 0.7600174375 0.20210050937500007 0.6623286730655648 0.20198798718862293 0.6621242390625002 0.37947214218750003 0.7598130034969354 0.37958466437387717
0 0.865598215625 0.19260737187500013 0.7656014947458619 0.19248846934755898 0.7653902859375001 0.37011453593750004 0.8653870068166383 0.37023343846494117
0 0.7895645154434241 0.6455086163454038 0.77595041875 0.4689161390625 0.5064526423690758 0.4896926117795962 0.5200667390624999 0.6662850890625001
0 0.8682922501074242 0.6438838160634881 0.8667128718750001 0.4607630109375 0.782391683621123 0.46149026336066773 0.7839710618535468 0.6446110684866558
0 0.41475031012980035 0.6759505903703541 0.4003614890365525 0.499539289716912 0.2014170804692522 0.5157660024715579 0.21580590156250007 0.692177303125
0 0.5145616827955107 0.6743094485970997 0.5115441281249999 0.489210103125 0.4077192031419892 0.4909026935904003 0.41073675781249996 0.6760020390625