0 0.5027111108074096 0.10244051435315435 0.4277984217436431 0.09574478685545815 0.3552545359375001 0.9073754218750001 0.43016722500126664 0.9140711493726963
0 0.6983868638000994 0.11993598879480012 0.511551265625 0.10432552656250005 0.5055867658874005 0.1757123221427 0.6924223640624999 0.19132278437500005
0 0.691430429473445 0.19889988203211723 0.5052397721751036 0.1833204720957248 0.49711608493426285 0.28040724709129644 0.6833067422326043 0.2959866570276889
0 0.41892922290382517 0.09546103561716619 0.251067828125 0.08067900937500003 0.24317162240867501 0.17034656125783393 0.4110330171875002 0.18512858750000008
0 0.41011033750000003 0.1922459921875 0.242878059375 0.1766105484375 0.22949924773398447 0.31970652864159843 0.3967315258589844 0.33534197239159846
0 0.39616719375 0.34081656093750007 0.2310871624835472 0.3265677628898838 0.2212286187335472 0.44078432382738386 0.38630865000000003 0.455033121875
0 0.385621328610095 0.45920256615627403 0.22187689843750008 0.44452077968750003 0.20772698388990513 0.6023332979062261 0.37147141406250006 0.6170150843750001
0 0.36900786053196566 0.6209006020018636 0.20747397002974166 0.6074213789652895 0.2005435640625001 0.6904747890625 0.3620774545647241 0.7039540120990742
0 0.3621173000000001 0.7102196203125 0.19665845362561743 0.6987316701880308 0.19011442960288805 0.792984052355044 0.3555732759772707 0.8044720024795131
0 0.35234746875 0.8096360765625 0.18718489492927906 0.7977194756040156 0.18022450078688496 0.8941896532469098 0.34538707460760587 0.9061062542053941
0 0.6413720134787845 0.5951509656815709 0.469989978125 0.5796528484375 0.4474050958962156 0.8294020936934292 0.6187871312500001 0.8449002109375
0 0.6178873070119124 0.8497968028457967 0.44631434531250014 0.8338502109375 0.43877121358426213 0.9150084583263525 0.6103441752836744 0.9309550502346491
0 0.6670977843750002 0.3019701484375001 0.4958281627309238 0.286704691172614 0.4798050627309237 0.46647462711011406 0.6510746843750002 0.48174008437500015
0 0.6507224062395565 0.4898116338978918 0.4785965438986288 0.4733757486264468 0.4690609517215723 0.5732378491035552 0.6411868140625 0.5896737343750001