0 0.5845771502825315 0.1515696616581066 0.5070276453125 0.15101002187500007 0.5009333559674686 0.9954980945918935 0.5784828609375001 0.9960577343750001
0 0.49867506529031785 0.9153562029757586 0.2990207703125001 0.8972697171874999 0.292386588207854 0.9705035651756718 0.4920408831856718 0.9885900509639305
0 0.4997824023182467 0.8060183443234864 0.3057988698400727 0.7895314701154227 0.29732322925379384 0.8892553280276522 0.49130676173196786 0.9057422022357159
0 0.7616821515625002 0.9036480390625 0.5881681187500002 0.9036480390625 0.5881681187500002 1 0.7616821515625002 1
0 0.7749436689692948 0.765430918421494 0.5907024562500002 0.7491635078125001 0.5777225497807054 0.8961711518910063 0.7619637625 0.9124385625000002
0 0.7724824201811111 0.642009304993034 0.5910325468750001 0.6244883453125001 0.5797269528565 0.7415708932842487 0.7611768261626111 0.7590918529647825
0 0.7763224934845541 0.4747153971513377 0.5925253078125 0.4569528328125001 0.5770018580779459 0.6175808997236625 0.76079904375 0.6353434640625002
0 0.768222984144082 0.3814708992453318 0.5947948187499998 0.3675141609375 0.5879260221059179 0.45286668200466834 0.7613541875000001 0.4668234203125
0 0.7693276280037489 0.27721635964919206 0.5949854515624999 0.26321067500000006 0.5872109187802492 0.35998773374590176 0.7615530952214982 0.3739934183950938
0 0.772531643230609 0.1722122208262497 0.5960848703125002 0.15804575156250006 0.5881312251484758 0.2571103099926625 0.7645779980665846 0.27127677925641214
0 0.4965643582042604 0.2226179666163392 0.31918914218750005 0.2212848578125001 0.31713743085823975 0.49427288338366104 0.4945126468750002 0.4956059921875002
0 0.504771500076883 0.1493529448259175 0.320552809375 0.13275196093750002 0.3130425061731171 0.21609269736158265 0.4972611968750001 0.2326936812500001
0 0.4936786151716171 0.5976340341587372 0.31642061092056295 0.5968923415270442 0.31558469731144606 0.796668329243307 0.4928427015625002 0.7974100218750001
0 0.5043827154497038 0.5034950882239355 0.31784028125 0.4852599125000001 0.30782696043339564 0.5876943100528653 0.49436939463309937 0.6059294857768006