0 0.973758959885387 0.4305389288768177 0.15636834375000006 0.39750628906249996 0.15336906019508542 0.47172337394270347 0.9707596763304723 0.5047560137570212
0 0.9830946546874999 0.69828301875 0.9701762673507167 0.5064386462648731 0.899460316331344 0.5112005062784009 0.9123787036681273 0.7030448787635277
0 0.9042778828125 0.6951352203125 0.8912308664269204 0.5010493726441627 0.7950544837896838 0.5075146294119725 0.8081015001752633 0.7016004770803097
0 0.9655316562499998 0.4209229562500001 0.9545178764650026 0.24565838648402166 0.8655937040075411 0.25124645972847326 0.8766074837925382 0.4265110294944517
0 0.8688989515625002 0.41702201250000004 0.8586247208523824 0.23819570776362645 0.7165214890625 0.24636006250000003 0.7267957197726178 0.42518636723637365
0 0.720488784375 0.41044496874999997 0.709172825068118 0.23573693760941272 0.5959543009040159 0.2430701792690091 0.6072702602108979 0.41777821040959645
0 0.6006280921875 0.4056949687500001 0.5916125475731293 0.2286656325585846 0.43595524218750004 0.23659276718750002 0.44497078680187074 0.4136221033789155
0 0.43831792343750003 0.3971037734375 0.4293634347272395 0.2293088115469392 0.3469076515625 0.23370911875000006 0.35586214027276053 0.4015040806405608
0 0.351574528125 0.3947028296875 0.33743848334335713 0.2209800060565858 0.24440205265400902 0.22855049750417472 0.25853809743565187 0.40227332113508896
0 0.25220041875 0.389869496875 0.23853539691746675 0.21614158892807378 0.1432449611946426 0.22363690674990472 0.15690998302717585 0.39736481469683094
0 0.5133564124839858 0.4958871037776122 0.24867264218750007 0.48511320781249995 0.2417634256025568 0.6548528731498693 0.5064471958990425 0.6656267691149815
0 0.25223490625000006 0.6540660375 0.24192068744164658 0.47625631563085324 0.1613356390625 0.4809308171875001 0.17164985787085346 0.6587405390566469
0 0.8055362848954015 0.5071504208129551 0.6098788250000001 0.4998333328125001 0.6035305901045984 0.6695838557495449 0.7991880499999999 0.67690094375
0 0.61169821875 0.6691996859374999 0.6016758009792516 0.4884980372641719 0.5024571433806307 0.49400109074712006 0.5124795611513792 0.6747027394204481