0 0.733282253125 0.38589689531250004 0.7274679948901326 0.2534191208638848 0.6303641421874999 0.25768086874999996 0.6361784004223673 0.39015864319861526
0 0.7137660887401869 0.4723799920999262 0.7094497845580883 0.3752631698787825 0.635725410807184 0.37853980945023624 0.6400417149892828 0.47565663167137995
0 0.7198108096677769 0.4791222934032227 0.6482087625 0.4748524578125001 0.644969791543787 0.5291676524503746 0.7165718387115638 0.5334374880410973
0 0.7143139120172005 0.451791510246532 0.684056134375 0.4500950796875 0.6827181270452995 0.473959969440968 0.7129759046875 0.4756564
0 0.7216417219440878 0.5367509933281263 0.6506502765625002 0.5326373750000001 0.6478709577434125 0.580601926984374 0.718862403125 0.5847155453125001
0 0.6848132734375 0.694341128125 0.6797572530171277 0.5842449151579281 0.6528601650643405 0.5854801277258528 0.6579161854847128 0.6955763406929247
0 0.7475215828125001 0.7062991734375 0.741559156104321 0.5721445740925211 0.6824391896143784 0.574772128189864 0.6884016163225575 0.7089267275348429
0 0.8466288315968502 0.4396460026043158 0.738323446875 0.4333911187500001 0.73310681371565 0.5237188489581844 0.8414121984375 0.5299737328125002
0 0.8400743578124998 0.49892713593749993 0.8379473647791308 0.4510697785459275 0.8113745449424468 0.4522507924119282 0.8135015379758157 0.5001081498035007
0 0.9009241984375 0.551972725 0.8978121345665722 0.47969422810392787 0.8413740593749998 0.4821242578125001 0.8444861232459276 0.5544027547085724
0 0.900458731469367 0.4856448079475822 0.8711179859374999 0.483892075 0.8697811276929099 0.5062710789553952 0.899121873224777 0.5080238119029776
0 0.9761722809670192 0.6192399290560655 0.9700083718437794 0.48257815890025857 0.9000613895193343 0.485733004926336 0.9062252986425742 0.622394775082143