0 0.6942186967898301 0.2488292077841466 0.5963510875 0.24877466093750006 0.59627942196017 0.37735652190335356 0.6941470312500001 0.3774110687500001
0 0.6706486953125 0.37002986093750007 0.5963407890625 0.37002986093750007 0.5963407890625 0.465559478125 0.6706486953125 0.465559478125
0 0.6740007040335498 0.47079738506682667 0.6045922031250001 0.46665828750000005 0.6013339227928861 0.5212963697729026 0.6707424237014359 0.5254354673397292
0 0.671052902861291 0.44346189953204884 0.6417589312499998 0.4418197390625 0.6404133737012089 0.4658227067179513 0.6697073453125 0.46746486718750013
0 0.673548400906592 0.5286354999218666 0.6044647468750002 0.5246326640625001 0.6016692787809084 0.5728787469531336 0.6707529328125001 0.5768815828125001
0 0.6316008265624999 0.68686659375 0.6315695939633804 0.577628960501524 0.6044542414409094 0.5776367131679827 0.604485474040029 0.6868743464164588
0 0.6941462546875 0.5652159921875 0.6345583484375 0.5652159921875 0.6345583484375 0.6988638453125 0.6941462546875 0.6988638453125
0 0.8017234543704109 0.43110315340405736 0.6970947421875001 0.42506101250000017 0.6918478878170894 0.5159181481584428 0.7964766000000001 0.5219602890625001
0 0.796518859375 0.4439813250000002 0.7697357125 0.4439813250000002 0.7697357125 0.4908119015625002 0.796518859375 0.4908119015625002
0 0.8554552664169434 0.47403307768740266 0.7985774875 0.47395393125000007 0.7984800835830571 0.5439522613750974 0.8553578625000002 0.5440314078125
0 0.8568551314111701 0.47742629257468094 0.8284187 0.47572754375 0.827073859017521 0.4982396878654626 0.8555102904286912 0.49993843669014354
0 0.928045440171297 0.6127271646741018 0.9279561159111728 0.47752525776924604 0.85745137795676 0.4775718383515558 0.8575407022168842 0.6127737452564117