0 0.9754868568944811 0.8735092307228849 0.9709182109375 0.7831525234375001 0.8331845884180188 0.7901166567771152 0.8377532343749998 0.8804733640625001
0 0.9752059422977523 0.7727394056233817 0.9693810656249997 0.6720541343749998 0.8315380014522473 0.6800286756266181 0.8373628781249998 0.780713946875
0 0.8266006508308145 0.8838338402467597 0.8215974609375001 0.678845503125 0.6617917757316856 0.6827459113157401 0.6667949656250001 0.8877342484374997
0 0.6574922826342952 0.8926111490050121 0.6506070140625 0.6886625031250001 0.40920255955320484 0.6968122728699881 0.41608782812499995 0.9007609187500002
0 0.35936574412149647 0.9129773532534697 0.35805814696882515 0.6726758312253391 0.15197481056719042 0.6737972306306257 0.1532824077198618 0.9140987526587562
0 0.24209845898208338 0.668618171576576 0.24079398125 0.5680889984374999 0.1500670222679166 0.5692662815484237 0.1513715 0.6697954546874998
0 0.24478145435663082 0.5589082007109507 0.24060629220909352 0.4902901353669796 0.1456373253524627 0.4960686549685289 0.1498124875 0.5646867203125001
0 0.967540514887045 0.6734879440532313 0.9639538921875002 0.4556511375 0.7598644167571144 0.4590114141993279 0.7634510394566593 0.6768482207525592
0 0.5107898447047743 0.21082365832485003 0.4987405403356913 0.0066840384135099015 0.226989033130917 0.022724122276159834 0.23903833750000003 0.2268637421875
0 0.2319734162982829 0.22665023650558203 0.22743487187500006 0.1463780390625 0.13633676182671717 0.15152867443191795 0.14087530625 0.23180087187499998
0 0.22607252508380093 0.14146235796775952 0.22421843593750004 0.023208782812500002 0.1364074092911991 0.024585565469740493 0.1382614984375 0.142839140625