0 0.9463688515625 0.16716223125000002 0.9389910484374999 0.039841090625 0.8533810726866109 0.04480188145302426 0.860758875811611 0.17212302207802427
0 0.8520686007983118 0.172465393252165 0.8437430695422277 0.044881799222203776 0.7483266515625 0.0511082453125 0.7566521828185839 0.17869183934246122
0 0.95486380983346 0.3289295271225242 0.9456767359375 0.177867696875 0.7555019417290401 0.18943349006497584 0.764689015625 0.3404953203125
0 0.9685078421874997 0.5661230546874999 0.9554371390907969 0.33787095609884144 0.7634830515907968 0.34886307797384153 0.7765537546874999 0.5771151765625
0 0.9829492890624998 0.813756503125 0.9723668870146858 0.6189330034764284 0.7486279587764402 0.6310860306863649 0.7592103608242544 0.8259095303349365
0 0.7519156140625 0.82681965625 0.7470664286549247 0.7410229018670714 0.6550921502492068 0.7462212375375173 0.659941335656782 0.832017991920446
0 0.6525156750000001 0.8327117718749999 0.6477746990393963 0.7456859677428126 0.5826807459143962 0.7492321443053127 0.587421721875 0.8362579484375001
0 0.754291484375 0.24571717499999995 0.7421044934814638 0.05280715114547683 0.543692715625 0.0653417125 0.5558797065185362 0.25825173635452314
0 0.3323813937500001 0.7622964390625001 0.3164987511258229 0.5128756841665061 0.12299983862582278 0.525197329479006 0.13888248125 0.7746180843750001
0 0.337737921875 0.8551648828125001 0.33240210468750003 0.7717129421875 0.25633347726974454 0.7765766791667165 0.2616692944572445 0.8600286197917166
0 0.2536170484375001 0.8613790609375002 0.24880470156250004 0.778350721875 0.13985654497500677 0.7846653889731358 0.1446688918500068 0.867693728035636