0 0.15335458601685495 0.22645803884204585 0.15273035804928148 0.10198385396912477 0.069001296875 0.1024037484375 0.06962552484257346 0.22687793331042108
0 0.255607003125 0.227155025 0.2554926612995677 0.10214799072826304 0.16212710781249998 0.10223339062500003 0.16224144963793224 0.22724042489673701
0 0.2583476 0.385260646875 0.2581175947346231 0.2369762202058991 0.07145265937499999 0.2372657578125 0.07168266464037694 0.3855501844816009
0 0.2621569390624999 0.6164787046875001 0.26171348637545444 0.39334025071918044 0.07289234687499999 0.393715503125 0.07333579956204547 0.6168539570933197
0 0.2946022632173509 0.8578747664649153 0.2936646747229435 0.6674450065196778 0.07548226956510043 0.6685192362662098 0.07641985805950782 0.8589489962114474
0 0.39163049846048803 0.8581756726612652 0.3914786 0.7743015328124999 0.30222812810201194 0.7744631679637346 0.30238002656249996 0.8583373078125
0 0.4632555125000001 0.858035775 0.46285025510845446 0.7729719077235114 0.39920044885845435 0.7732751452235115 0.3996057062499999 0.8583390124999999
0 0.456637799219987 0.10442729564604444 0.2625162125 0.10410732500000001 0.2622052617175131 0.2927566902914557 0.45632684843750015 0.29307666093750007
0 0.8963101722379557 0.5276610684751832 0.7068741890625001 0.5276166953125002 0.7068169355745443 0.7720408049623172 0.8962529187499999 0.7720851781250002
0 0.7819507140625002 0.7804275984375001 0.7075226984375002 0.7804275984375 0.7075226984375002 0.8620408859375001 0.7819507140625002 0.8620408859375001
0 0.8964202328124997 0.8629352640624999 0.8961887107812408 0.7817635578267877 0.789400778125 0.78206814375 0.789632300156259 0.8632398499857121