0 0.4963935997826888 0.3095349236806284 0.3285898366750201 0.2995909969440626 0.32328067504020763 0.389183099226192 0.4910844381478762 0.3991270259627578
0 0.342551785368148 0.0799667615380072 0.24839487308181457 0.0771769267996896 0.24216466924184918 0.2874462837721965 0.33632158152818264 0.2902361185105141
0 0.6974532363954548 0.8243850945798149 0.5600057899694721 0.8203125799120542 0.5555638710359172 0.9702274272375966 0.6930113174618998 0.9742999419053573
0 0.5868885371351262 0.09825488988785021 0.4776354127069345 0.09178063118627548 0.4730938410876102 0.16841965846284915 0.582346965515802 0.17489391716442387
0 0.5560697504904586 0.8200151985560323 0.4519081283400358 0.8138426577417824 0.4489017354470416 0.8645755358189678 0.5530633575974644 0.8707480766332176
0 0.7035052864800839 0.4122633824952813 0.4972110609375 0.4062216078125 0.48540450249848943 0.8093523032421631 0.6916987280410734 0.8153940779249444
0 0.6984431988997362 0.6906483250237117 0.5348759953125002 0.6809554531250002 0.5303773057877642 0.7568708343512888 0.6939445093750002 0.7665637062500003
0 0.7022856172243477 0.5542992686456311 0.538915621875 0.5446180828125 0.5315571999631523 0.6687914407293689 0.6949271953125 0.6784726265625001
0 0.556859173700738 0.8754254543016933 0.45202933593750005 0.8692133156249999 0.4465988950492622 0.960852003510807 0.5514287328125002 0.9670641421875003
0 0.48710775771169246 0.6846552201357857 0.31524166249999996 0.6744705625 0.30826887822580773 0.7921362954892143 0.4801349734375001 0.802320953125
0 0.7545704143246763 0.24343209787020365 0.5634130718750001 0.23210425468750007 0.5591393372378239 0.30422352244229656 0.7502966796875 0.3155513656250001
0 0.7582932332863602 0.1070707536274514 0.5918957578125 0.09721016250000006 0.5871721135886399 0.17692165887254876 0.7535695890625 0.1867822500000001
0 0.4726157137597176 0.0901469156703644 0.3485513140625 0.08279495156250004 0.34376360186528243 0.1635875983921357 0.4678280015625001 0.17093956250000006
0 0.40351248854356847 0.2443951890500078 0.3422415859375 0.24076432187500005 0.33918924114393156 0.29227265626249227 0.40046014375000005 0.29590352343750004
0 0.46982715670255704 0.24723826761726414 0.4112564265625 0.2437674109375001 0.4081718432974431 0.29581977457023606 0.46674257343750014 0.2992906312500001
0 0.40301719399978203 0.21497869023868152 0.34473535937500005 0.21152495156250004 0.3433214591252181 0.2353845160113186 0.40160329375000003 0.23883825468750008
0 0.4697855800692383 0.21893880273540095 0.4126366390625001 0.21555219843750004 0.4113191480557618 0.23778485663959917 0.46846808906250004 0.24117146093750005
0 0.7551136941948504 0.19103635316287212 0.34535709375 0.16796288593750003 0.33841972938024256 0.29116200518704344 0.7481763298250931 0.31423547241241556
0 0.4471058523123898 0.8105317667060856 0.30513367968750005 0.8063251828125001 0.3006317617501103 0.9582648770439144 0.442603934375 0.9624714609374999
0 0.4901200998070606 0.5572554448001348 0.31874004843750015 0.547099590625 0.31168037363043954 0.6662316114498654 0.483060425 0.6763874656250002
0 0.4957721773767233 0.4074119317113947 0.32416987031250005 0.3972429062499999 0.3156666148107768 0.5407353448511053 0.487268921875 0.5509043703125001
0 0.5396832550266216 0.3115264483409329 0.49978669843749995 0.31034432812500007 0.49710782778587836 0.40075621103406717 0.5370043843750001 0.40193833125000006
0 0.7077496300712887 0.4188608824531963 0.543142228125 0.40910636875 0.5355057339912113 0.5379721941093039 0.7001131359375 0.5477267078125
0 0.7085280628955039 0.3231700029777077 0.545518890625 0.31351019999999996 0.5401867011669961 0.40349089545979233 0.7031958734374999 0.4131506984375001