0 0.6828171166299797 0.5070354199295858 0.6017725877630254 0.5051478469780128 0.5982821766132618 0.6550115791049322 0.679326705480216 0.6568991520565053
0 0.8757714855926251 0.6530228918696687 0.6877996727525499 0.6497401841254318 0.6863157537109923 0.7347111818754465 0.8742875665510672 0.7379938896196834
0 0.23036269626972952 0.3023830216131865 0.09854388059125274 0.2993152382664873 0.09565396454445967 0.42349131840212556 0.22747278022293643 0.4265591017488247
0 0.8799030293612005 0.43426578553362666 0.8105756542634053 0.43265161315009965 0.8083155914832849 0.5297194490894109 0.8776429665810801 0.531333621472938
0 0.2273764407629873 0.4306923205367979 0.18148420064569548 0.42962442806241635 0.17931959169570985 0.5226476079011106 0.2252118318130017 0.5237155003754922
0 0.6051110507965857 0.3254520610999091 0.24173228517000225 0.30610888370416667 0.23185889575820048 0.49158927214339077 0.5952376613847838 0.5109324495391332
0 0.3545031250000001 0.30865156250000003 0.2858311772760733 0.3070534100552216 0.2824312500000001 0.453146875 0.35110319772392684 0.4547450274447785
0 0.4775984375000001 0.31226718750000004 0.3652730071246576 0.3096532984967365 0.36190156250000005 0.4545328125000002 0.47422699287534253 0.45714670150326375
0 0.17749062500000007 0.42873906249999993 0.09459401522244888 0.4268093726764615 0.09243590199362459 0.5195187128011731 0.1753325117711758 0.5214484026247115
0 0.3441515625000001 0.5003531250000001 0.2377128120529599 0.49787607577663395 0.234159375 0.6505671875 0.34059812544704016 0.6530442367233661
0 0.7615875000000001 0.27698437500000017 0.6963494551934646 0.27546593363749683 0.6923671875000001 0.4465593750000001 0.7576052323065356 0.44807781636250343
0 0.8847109374999998 0.27962343750000007 0.8126066277998966 0.2779450721410576 0.8091484375000002 0.4265125 0.8812527472001035 0.42819086535894246
0 0.8787015625000002 0.5376546875000001 0.8056177324651366 0.5359535168291756 0.80305 0.6462656250000001 0.8761338300348637 0.6479667956708246
0 0.7346109375000001 0.5925593750000001 0.6880172006835086 0.5914759566104812 0.686756213687685 0.6457062491556499 0.7333499505041765 0.6467896675451688
0 0.7369859375 0.5327296875 0.689898598510178 0.5316326399225161 0.6886921883476703 0.5834140261164001 0.7357795273374924 0.5845110736938841
0 0.7610937500000002 0.5935140625000002 0.739509185684208 0.5930114322501657 0.7382953133468282 0.64513902613447 0.7598798776626203 0.6456416563843045
0 0.7624953125 0.5331718750000001 0.742385524312587 0.5327038044676458 0.7411952761513227 0.5838406241539571 0.7613050643387359 0.5843086946863115
0 0.8088750000000001 0.2769171875000001 0.6974683695181814 0.27399609714950923 0.6877699320181814 0.6438820346495092 0.7991765625000002 0.6468031250000001
0 0.22405156250000008 0.5278249999999999 0.08987918066291334 0.5254823175946892 0.08764218702380136 0.6536015897733154 0.22181456886088807 0.6559442721786259
0 0.4591515625000001 0.5030875000000001 0.3513864642334371 0.5005793975470176 0.34784374999999995 0.6527984375 0.455608848266563 0.6553065399529825
0 0.5945546875000002 0.5050062500000002 0.4647519411647659 0.5019857403343126 0.46121718750000007 0.6538875000000001 0.5910199338352343 0.6569080096656876
0 0.6832296875000001 0.46567812500000005 0.6024344977967077 0.46426822348312247 0.6018062227421832 0.5002718745243426 0.6826014124454757 0.5016817760412202
0 0.6000218750000001 0.3132218750000001 0.4834516935979038 0.31050892791184925 0.480056213655499 0.4564062491541517 0.5966263950575953 0.4591191962423025
0 0.6863140624999999 0.3155437500000001 0.6049172467623241 0.3136493710922826 0.6015359375000001 0.45893593750000006 0.6829327532376761 0.4608303164077176