0 0.5368708180315971 0.6556890538026899 0.3711414311024782 0.6542882100700103 0.3704136245831007 0.7403926951353856 0.5361430115122195 0.7417935388680654
0 0.3996903866127687 0.9489218193738745 0.3847390455469328 0.7426556637199935 0.2948022902779489 0.7491747899339788 0.3097536313437848 0.9554409455878599
0 0.7101476794871273 0.25750228547628884 0.7007506992126223 0.10824794438789023 0.5690178305034587 0.1165417813358609 0.5784148107779636 0.2657961224242595
0 0.6330059309396211 0.8764457019456495 0.5243512811045251 0.8755279707410788 0.5237291523640918 0.9491848106823021 0.6323838021991878 0.9501025418868728
0 0.5742091709326843 0.2078120433412734 0.47172815314940825 0.20694612969727366 0.4713161714002851 0.25570423537078374 0.5737971891835612 0.2565701490147835
0 0.7219899486760621 0.6450593066567353 0.7073478801584078 0.2622026601849689 0.5099489484374999 0.2697520359375 0.5245910169551544 0.6526086824092664
0 0.7163966178759896 0.3167955744026273 0.55535858125 0.3154356703125 0.5547424724063923 0.38839446148226126 0.7157805090323819 0.38975436557238846
0 0.7247164617865842 0.4012933445912739 0.561480953125 0.3999134609375 0.5604721335259157 0.5192533632212262 0.7237076421874999 0.5206332468750001
0 0.572003959446062 0.11545185701276213 0.4666701000000001 0.11456170781250004 0.46592582895671636 0.2026333944914692 0.5712596884027782 0.20352354369173126
0 0.5120562082203948 0.268686898000142 0.3409737546875001 0.26724045781250005 0.3400176570745377 0.38032603635219264 0.5111001106074324 0.3817724765398346
0 0.788932479587166 0.7525770511324915 0.6015489468750002 0.75099409375 0.6009634204128345 0.8203061410550084 0.7883469531250002 0.8218890984374999
0 0.7979629956723558 0.876172129070716 0.6340150609375002 0.8747868953125 0.6333677899352522 0.9513939974733411 0.7973157246701079 0.9527792312315571
0 0.5232269252740941 0.8728066559012115 0.3999349953125001 0.8717649562500001 0.39927894503840605 0.9494127737862884 0.5225708750000001 0.9504544734374999
0 0.450873402892372 0.7486837945002113 0.3894103000000001 0.7481642187500002 0.3889918252326282 0.797667602374789 0.4504549281250001 0.7981871781250001
0 0.5146780844568133 0.7497399307007986 0.4557817281250001 0.749241109375 0.4553580049407369 0.7992705494885829 0.5142543612725501 0.7997693708143815
0 0.4521662836644843 0.8034128058818496 0.3949403109375001 0.8029304296875001 0.3947470053980159 0.8258629409931506 0.45197297812500015 0.8263453171875002
0 0.5164062540647567 0.8055194000842831 0.4603482843750002 0.8050441984375002 0.4601671553018994 0.8264113973067706 0.5162251249916558 0.8268865989535537
0 0.7935145980532825 0.7524915868324379 0.39782595427616285 0.7505891128893903 0.39725066872288045 0.8702406651194525 0.7929393125000002 0.8721431390625002
0 0.47042668906250007 0.25456451249999995 0.4593483712486811 0.10174551256076543 0.3237388676605212 0.11157626122370153 0.33481718547434014 0.2643952611629361
0 0.5201561291358799 0.38953594203067243 0.34947131875 0.38809440000000006 0.34850433647592477 0.5025892829692162 0.5191891468618046 0.5040308249998887
0 0.5312604721686761 0.5100546393084538 0.35915448593750005 0.5085998906250001 0.35798879473409134 0.6465085455600623 0.5300947809652674 0.6479632942435161
0 0.5803613515625 0.7415824421874999 0.5739276886584599 0.652829504439363 0.5358179390624999 0.6555920640624999 0.54225160196654 0.7443450018106368
0 0.7354448745706069 0.526904861148118 0.57078704375 0.5255126125000001 0.5697398307913232 0.649363919101072 0.73439766161193 0.6507561677491899
0 0.7409116542904264 0.6560188404044178 0.5797142859375001 0.6546574140625 0.5789839156924799 0.741135659558096 0.7401812840454062 0.7424970859000138