0 0.6943359375 0.35568750000000005 0.61328125 0.35568750000000005 0.61328125 0.5051015624999999 0.6943359375 0.5051015624999999
0 0.890625 0.27756250000000005 0.703125 0.27756250000000005 0.703125 0.36252343750000005 0.890625 0.36252343750000005
0 0.23730468750000008 0.5783437499999999 0.10546875000000008 0.5783437499999999 0.10546875000000008 0.7023671874999999 0.23730468750000008 0.7023671874999999
0 0.8896484375 0.48459375000000016 0.8203125 0.48459375000000016 0.8203125 0.5812734375000002 0.8896484375 0.5812734375000002
0 0.23730468750000008 0.4806875 0.19140625000000006 0.4806875 0.19140625000000006 0.5734609374999999 0.23730468750000008 0.5734609374999999
0 0.6095178154086898 0.6942406177261212 0.6079866734464054 0.5094419904914957 0.24717364665018868 0.512431493033444 0.24870478861247297 0.6972301202680695
0 0.36154062500000006 0.551965625 0.2928593750000001 0.551965625 0.2928593750000001 0.697659375 0.36154062500000006 0.697659375
0 0.48467031250000003 0.551965625 0.37232968750000006 0.551965625 0.37232968750000006 0.6961921875 0.48467031250000003 0.6961921875
0 0.18739218750000006 0.4823046875 0.10448593750000004 0.4823046875 0.10448593750000006 0.5745312499999999 0.18739218750000008 0.5745312499999999
0 0.355653125 0.3537828125 0.2492 0.3537828125 0.24920000000000003 0.50585625 0.35565312500000007 0.50585625
0 0.7677234375000002 0.5657031250000001 0.7024765625 0.565703125 0.7024765625 0.736415625 0.7677234375000002 0.7364156250000001
0 0.8908578125 0.5877781250000002 0.8187421875 0.5877781250000002 0.8187421875 0.7359265625000002 0.8908578125 0.7359265625000002
0 0.8908531249999999 0.3680078125000001 0.817759375 0.3680078125000001 0.817759375 0.47789531250000017 0.8908531249999999 0.47789531250000017
0 0.7481 0.3665390625000001 0.7015 0.3665390625000001 0.7015 0.42049843750000016 0.7481 0.4204984375000002
0 0.7490796875 0.4288390625000001 0.7019875 0.4288390625 0.7019875 0.48034531250000007 0.7490796875 0.4803453125000002
0 0.77459375 0.3680062500000001 0.7530078125 0.3680062500000001 0.7530078125 0.4200046875000002 0.77459375 0.4200046875000002
0 0.774590625 0.4293296875000002 0.7544765625000001 0.4293296875000002 0.7544765625000001 0.48034843750000017 0.774590625 0.48034843750000017
0 0.8149890624999999 0.7373078125 0.8139 0.36740312499999994 0.7024698775480878 0.3677311942887483 0.7035589400480877 0.7376358817887483
0 0.23624062500000004 0.34819218749999997 0.10281250000000004 0.34819218749999997 0.10281250000000004 0.4762984375 0.23624062500000007 0.4762984375
0 0.47067031249999997 0.35353437500000007 0.362890625 0.35353437500000007 0.362890625 0.5051296875 0.47067031249999997 0.5051296875
0 0.6060625 0.3544265625000001 0.47624374999999997 0.3544265625000001 0.47624374999999997 0.505571875 0.6060625 0.505571875
0 0.6937875 0.51043125 0.6132 0.51043125 0.6132 0.54643125 0.6937875 0.54643125
0 0.6070656249999999 0.55215625 0.4904796875 0.55215625 0.4904796875 0.697375 0.6070656249999999 0.697375
0 0.6933765625 0.5517453125 0.6119703125 0.5517453125 0.6119703125 0.696559375 0.6933765625 0.696559375