0 0.633550040391725 0.32551908187585443 0.6285061572278885 0.24040354807713432 0.4633854996022738 0.25018847531461097 0.46842938276611046 0.33530400911333114
0 0.7190807842797615 0.02838708847904862 0.6296726390286748 0.025075675745059055 0.6220336874212535 0.23132737245200766 0.7114418326723403 0.23463878518599718
0 0.3758693795857311 0.7371864415962902 0.24535404183457402 0.7323525407528992 0.23974545935943584 0.8837842849618645 0.37026079711059284 0.8886181858052554
0 0.504618746301664 0.11499247412738667 0.5003040990707041 0.042182799119834684 0.3913713521358362 0.04863807274761338 0.39568599936679616 0.12144774775516536
0 0.4817692458732573 0.7790801784913526 0.47891307094425695 0.7308822256811677 0.3764809666267427 0.7369522761961473 0.379337141555743 0.7851502290063322
0 0.4618159765625002 0.3420910890625001 0.2675876253395411 0.33395532131458 0.2509018726392662 0.7323007923633317 0.4451302238622253 0.7404365601112517
0 0.41286821219686604 0.6762531488763743 0.4085943046875 0.6041309609375 0.24776594092813392 0.6136615308111256 0.2520398484375 0.68578371875
0 0.4204012752341864 0.5920619077282216 0.4134105249999999 0.4740930078125 0.24970708570331362 0.4837939532092784 0.2566978359375 0.6017628531250001
0 0.4805108938365647 0.8707503015591452 0.475351790625 0.783690440625 0.3695488171009353 0.7899602468783549 0.37470792031250005 0.8770201078125
0 0.6242903746742389 0.7097321404656901 0.61766599375 0.597945703125 0.4462720862632611 0.6081023782843097 0.45289646718750004 0.7198888156249998
0 0.4140340954171903 0.2445345116615106 0.40997390312500004 0.17601876249999998 0.22307114989530988 0.18709448052598932 0.2271313421875 0.2556102296874999
0 0.3959643976204306 0.12308602515238712 0.391476775 0.04735740156249999 0.22770795237956937 0.05706222172261288 0.232195575 0.13279084531250002
0 0.6281257420338064 0.11036399172379444 0.6235772531250001 0.0336082390625 0.5001168939036937 0.040924408276205596 0.5046653828125001 0.11768016093750003
0 0.6224444473815884 0.2332133583852268 0.619544615625 0.18427869531250002 0.5578352260559115 0.18793554786477318 0.5607350578125 0.2368702109375
0 0.5567180159142333 0.23659453694761384 0.5537875562500001 0.18714302656249998 0.49461904658576666 0.19064930836488614 0.49754950624999994 0.24010081875
0 0.620374666988191 0.17905771364463932 0.6190314140625 0.15639031875000003 0.5619279845743089 0.1597742254178607 0.5632712375 0.1824416203125
0 0.5555189266488083 0.18135326712363936 0.554267265625 0.1602314875 0.4983476546011916 0.16354524225136063 0.499599315625 0.184667021875
0 0.6284756907086444 0.2304551923429794 0.621045373799096 0.11228905403719544 0.2277309068518926 0.13702076801574062 0.2351612237614411 0.2551869063215245
0 0.6188994625000003 0.7237080312500002 0.48408760084825053 0.718714999669158 0.4783866890625001 0.8726396281250002 0.6131985507142499 0.8776326597058424
0 0.6291342014619549 0.5896393173696871 0.6224272703125 0.4764598578125 0.4514038735380452 0.4865945779428129 0.45811080468750004 0.5997740375
0 0.6348592770174101 0.4698499269084553 0.6267808953125 0.33352724531249994 0.45399923860759 0.3437661590290447 0.46207762031250005 0.480088840625
0 0.465454834375 0.25064378437500007 0.4275704458140944 0.24924065915610144 0.4242828515625 0.33800572187500005 0.4621672401234056 0.3394088470938987
0 0.4252516283922369 0.4672694639922379 0.41799669999999994 0.3448425609375 0.25281517317026314 0.35463109694526207 0.2600701015625 0.477058
0 0.4268725090691311 0.33914808954795894 0.4218067484375001 0.253663378125 0.260617836243369 0.2632153135770411 0.26568359687500004 0.3487000250000001