0 0.5116804823375884 0.6950793687238744 0.5079763594763698 0.6097871995657657 0.34463014863303876 0.6168811032599796 0.34833427149425744 0.7021732724180884
0 0.35494634603897535 0.7113054074419348 0.26550424933395833 0.7085115605161054 0.25912197723043306 0.9128333483004407 0.3485640739354501 0.9156271952262701
0 0.7332518660948745 0.06478768375326073 0.6026846764037744 0.060713590700042494 0.5980469869618336 0.2093430081395801 0.7286141766529337 0.21341710119279828
0 0.5850013525990712 0.8978065835352526 0.5818332954582812 0.8248447792877311 0.47451716608321143 0.8295045274051878 0.4776852232240015 0.9024663316527093
0 0.5964224406057577 0.20956681792758994 0.5943246413716284 0.1612688715129537 0.49297362510094445 0.1656710065951698 0.4950714243350737 0.21396895300980603
0 0.723579191792599 0.21619567572268822 0.5290719703528963 0.20613876859842667 0.5085624561962395 0.602806308866924 0.7030696776359422 0.6128632159911855
0 0.7252486544734642 0.3349492859311092 0.7221098264901619 0.2626790607960201 0.5629716720166977 0.269590721739911 0.5661105000000001 0.34186094687500007
0 0.7230764343032007 0.4648562927490783 0.7179432828125 0.3466424640625 0.5569185547592993 0.3536345760009218 0.56205170625 0.4718484046875
0 0.6021856050112684 0.15669717508547734 0.5983970747901578 0.069456579456734 0.4945585541538896 0.07396589499625668 0.4983470843750001 0.161206490625
0 0.5260228861134675 0.33739639250168907 0.5211588421148198 0.2253778498419318 0.3523188794388523 0.23270918077774275 0.3571829234375 0.3447277234375
0 0.7524806583954053 0.761991793220749 0.749499571875 0.6933337734375 0.5642323947295946 0.701377953654251 0.5672134812499999 0.7700359734374999
0 0.748445722808977 0.8919819420065117 0.7451502858650041 0.8160977623508725 0.5831524911810272 0.8231328719068607 0.586447928125 0.8990170515625
0 0.4762506631461184 0.9037992305609152 0.4729104625000001 0.8268841578125002 0.3512089384163817 0.8321693053765851 0.3545491390625 0.909084378125
0 0.41830781142622814 0.7558161454422611 0.4161785233727204 0.7067798672581608 0.35557429319649225 0.7094114671283998 0.35770358124999996 0.7584477453125
0 0.48146543892812643 0.754106909787057 0.47931285052995537 0.7045495481384703 0.4212578741018289 0.7070712414764133 0.4234104625 0.756628603125
0 0.4149460005620873 0.7838924371633453 0.41395972343749987 0.7611763468750001 0.3573909369379126 0.7636324253366549 0.3583772140625 0.7863485156250001
0 0.47850562779079364 0.7811289794090671 0.47758640976979133 0.7599633713080148 0.42216628510399756 0.7623702559614476 0.42308550312499993 0.7835358640624999
0 0.7485471054359141 0.8119995429268423 0.7437984585244869 0.6947010933295289 0.3516972030885728 0.7105747082151868 0.35644585000000006 0.8278731578125003
0 0.49479788593750007 0.07219042968750007 0.3599339865738941 0.06797876370499442 0.35522020625000006 0.21892112187500007 0.490084105613606 0.2231327878575057
0 0.5215705570412537 0.45884624220448 0.5166449093749999 0.34543190312499994 0.34820416483374617 0.3527473781080199 0.3531298125 0.46616171718749994
0 0.5193073744576974 0.6016842611822173 0.513373964383863 0.4650770853691343 0.3436719555511656 0.4724479398119169 0.349605365625 0.6090551156249999
0 0.5519748812500002 0.6077893296875001 0.5140747000964928 0.6066056124926789 0.5113290597097027 0.6945153501369395 0.54922924086321 0.6956990673317607
0 0.720624150712311 0.5940003588133163 0.7152959225509357 0.47131779509325644 0.5528878827761246 0.47837134096744033 0.5582161109375 0.6010539046875001
0 0.7141478812351981 0.6852747210941807 0.7104275139223913 0.5996126123596384 0.5512174764371932 0.6065272193904577 0.55493784375 0.692189328125