0 0.659994255765506 0.3486383939112398 0.48976587654028725 0.3383830775241109 0.48452253685420105 0.42541746854591905 0.6547509160794197 0.4356727849330479
0 0.7353700018615821 0.34359703817690296 0.7265223572407253 0.13208457855378722 0.6349364440269144 0.13591565126617633 0.6437840886477711 0.34742811088929204
0 0.43676217694037406 0.9696833113999904 0.43025423299249976 0.8141090451651058 0.2965622722404976 0.8197016139614247 0.30307021618837193 0.9752758801963093
0 0.5103293392508274 0.1291416328245333 0.39836871992846495 0.1223974299101501 0.39388397549480236 0.1968487432335569 0.5058445948171648 0.20359294614794007
0 0.5414635619199752 0.8340212774377964 0.43630901781676307 0.8276884964354337 0.4333409483539602 0.8769726878690648 0.5384954924571723 0.8833054688714274
0 0.5016084078125 0.8177037656249999 0.48716803011670934 0.4271510939140053 0.2879437991111848 0.4345172530783243 0.30238417680697544 0.8250699247893187
0 0.4612964181201698 0.6953091302906643 0.2960265140625001 0.6853555437500001 0.2915849756298302 0.7591030947093358 0.45685487968749994 0.7690566812500002
0 0.4605267534765781 0.5625707975685568 0.2920493109375001 0.5524242984375001 0.28478455746092196 0.6730518243064433 0.45326200000000005 0.6831983234375001
0 0.5461420084119937 0.8880910784408093 0.43719097812500013 0.8815287171874997 0.43182889603905056 0.9705522172962466 0.5407799263260442 0.9771145785495561
0 0.6802589183661806 0.7148414752688322 0.5039346109375 0.7042221593749999 0.4970504285088195 0.8185278934811677 0.6733747359375 0.8291472093750001
0 0.42769075340982876 0.255559115383298 0.23571223750000003 0.24399637187500006 0.23149257940267137 0.3140561893042021 0.4234710953125001 0.3256189328125001
0 0.3989812061962855 0.12113269796593182 0.23067748906250002 0.11099562187500003 0.22601360005371446 0.18842917859656821 0.39431731718749996 0.19856625468750003
0 0.637006206724706 0.13547261236146874 0.5100151781250001 0.12782382343750007 0.5052879245196463 0.20630929398230205 0.6322789531193521 0.2139580829062707
0 0.6421370656168621 0.28962104744122696 0.5786026265624999 0.28579585781250005 0.5755900319439174 0.3358335102604758 0.6391244709982795 0.3396586998892027
0 0.5747041341545048 0.28450412858958374 0.5137697328125002 0.2808327078125001 0.5107229428314478 0.33140014063552625 0.5716573441734526 0.3350715614126099
0 0.6366056615159656 0.26073817648199066 0.5779381265625001 0.25720401562500006 0.5765417608016388 0.28038387087157485 0.6352092957551043 0.28391803172856545
0 0.5700558544017392 0.25673244378957943 0.5126135390625001 0.2532727109375001 0.5113128120876566 0.27486882030597615 0.5687551274268957 0.2783285531580555
0 0.6359003523901854 0.21834345526617688 0.23261017187500005 0.19287205937500002 0.22505672133587984 0.31246630715195484 0.6283469018510652 0.3379377030431317
0 0.6860416296875 0.9876656656249999 0.6794213666065976 0.8293840988586686 0.5413280281249999 0.8351599718749998 0.5479482912059023 0.9934415386413311
0 0.6754739802953292 0.5906044353061355 0.49952332343750017 0.5800073203125 0.4925531587671711 0.6957374084438648 0.668503815625 0.7063345234375003
0 0.6708130396701851 0.4444156268085905 0.49292317343750003 0.43370238906250014 0.4845281524179085 0.5730990123420232 0.6624180186505936 0.5838122500881135
0 0.48733867656249996 0.4256732359375001 0.483531976293035 0.33464006482773717 0.4447254 0.33626282500000004 0.448532100269465 0.42729599610976293
0 0.4552574463921209 0.4303526054327612 0.28523846406250003 0.4201128640625001 0.2776988826914059 0.5452988336640067 0.44771786502102673 0.5555385750342677
0 0.4479348312336298 0.3368975231472547 0.2822203703125 0.32691697968750005 0.27695572189137035 0.41432989247774543 0.4426701828125001 0.42431043593750006