0 0.7060904596811468 0.5090552878573084 0.702560572366367 0.357398326376016 0.6215607563209146 0.3592836353019343 0.6250906436356942 0.5109405967832268
0 0.8994707502163954 0.2827580413949094 0.7096134878140336 0.28165385566563594 0.7091194460392929 0.3666009948814095 0.8989767084416549 0.36770518061068297
0 0.2535732841670553 0.7027539126049367 0.2531129702010261 0.5784691417770332 0.11894797610800951 0.578966049162563 0.11940829007403875 0.7032508199904665
0 0.9031769749067928 0.5863920515175868 0.900880987955821 0.4877813020127202 0.8315911005302402 0.48939460155827924 0.833887087481212 0.5880053510631458
0 0.2506503869314343 0.5747858289854041 0.24846248551582012 0.48076166501095363 0.2025951012875699 0.48182897909960404 0.2047830027031841 0.5758531430740546
0 0.6210612797348858 0.5142050051499756 0.2621468750000001 0.5138609375 0.26196982766851185 0.6985479826072857 0.6208842324033976 0.6988920502572613
0 0.377778125 0.6997625 0.37434105577224297 0.5520730607958606 0.3057078125 0.5536703124999999 0.30914488172775706 0.7013597517041392
0 0.500875 0.6990124999999999 0.4974410947730689 0.5515175619023365 0.3851765261423438 0.5541312508464611 0.388610431369275 0.7016261889441247
0 0.200765625 0.5756234374999999 0.19856265437133022 0.4809854867519193 0.1157125 0.4829140625 0.11791547062866978 0.5775520132480806
0 0.36742812500000005 0.507925 0.3638154283732805 0.3527560129793752 0.257434375 0.3552328125 0.2610470716267196 0.5104017995206249
0 0.7848640625000002 0.74088125 0.7808448708126846 0.5682708698941251 0.7156421883466976 0.5697890988627262 0.7196613800340131 0.7423994789686011
0 0.9079859375 0.741109375 0.9044887067920893 0.5908647308810299 0.8324234374999999 0.5925421874999999 0.8359206682079107 0.74278683161897
0 0.9019765625 0.48307812500000014 0.8993692806016151 0.3710669374204454 0.8263250000000001 0.37276718750000004 0.828932281898385 0.4847783750795548
0 0.7578875 0.42485 0.7565997155305334 0.3695361332480585 0.71003125 0.3706203125 0.7113190344694666 0.42593417925194144
0 0.7602609375 0.4847031249999999 0.7590306216400591 0.43182681208332047 0.7119671874999999 0.432921875 0.7131975033599408 0.4857981879166794
0 0.78436875 0.42451249999999996 0.7831432043274489 0.3718836154475144 0.7615703497123583 0.372385973018702 0.7627958953849094 0.42501485757118757
0 0.7857703125000001 0.48485625 0.7845691967383662 0.4332493630521174 0.76446875 0.4337171875 0.7656698657616339 0.48532407444788256
0 0.8321515625000002 0.7420484374999999 0.8224506096117346 0.37210116146477556 0.7111111149463478 0.37502076450639754 0.7208120678346134 0.7449680405416219
0 0.2480689720274996 0.3495872533945668 0.11091718750000001 0.34879062499999997 0.11017321547250047 0.47687680910543306 0.24732500000000007 0.4776734374999999
0 0.48242656250000004 0.5078671875 0.47882551491109526 0.3531401560227866 0.37111875 0.35564687500000003 0.37471979758890483 0.5103739064772135
0 0.6178296875000001 0.5090984375000001 0.6142246892059413 0.3541779999267055 0.4844921875 0.35719687499999997 0.48809718579405875 0.5121173125732945
0 0.706714749540479 0.5144748636221146 0.6250796875 0.5139984375 0.624869616341007 0.5499938863246693 0.706504678381486 0.5504703124467839
0 0.6232984375000001 0.7009062500000001 0.619839826313382 0.5522962991519706 0.5033312500000001 0.5550078125 0.5067898611866182 0.7036177633480294
0 0.7095890625000001 0.7005937499999999 0.70616366763764 0.553412933477796 0.6248125 0.55530625 0.62823789486236 0.7024870665222039