0 0.690477884375 0.7820957671875 0.6869681849793373 0.7031275292454899 0.5249328046875 0.7103291015624998 0.5284425040831626 0.78929733950451
0 0.5235493124999999 0.8771307937500001 0.5166097802610367 0.7209913234070524 0.24658359687500003 0.7329924875 0.25352312911396335 0.8891319578429476
0 0.42131798906249995 0.7168605296875 0.4177762304337403 0.6371709454677875 0.263182009375 0.6440417984375 0.2667237680037597 0.7237313826572126
0 0.6307016937500001 0.6346423640625 0.6208120150761234 0.48629718076151907 0.4785729109375 0.49577978750000007 0.4884625896113767 0.644124970800981
0 0.695383703125 0.8664290999999998 0.6921015997896808 0.7925817767436976 0.529165396875 0.7998233859374999 0.5324475002103192 0.8736707091938023
0 0.7385392593749999 0.22669827187499997 0.7352426799389338 0.15252523096459136 0.5886865609374999 0.15903883593749996 0.5919831403735661 0.23321187684790856
0 0.5763485703125 0.237509453125 0.5700448769727626 0.09093255973951402 0.19604607226038515 0.10701677137671184 0.20234976560012247 0.2535936647621978
0 0.5439412048839003 0.46866487797280393 0.5298268305120911 0.24577582787814686 0.20254892874761632 0.26650059128470394 0.21666330311942555 0.489389641379361
0 0.8586618009023985 0.4563713429423343 0.8516207499759915 0.3125697439615841 0.7266107937500002 0.31869068750000007 0.7336518446764071 0.46249228648075036
0 0.7250093125000001 0.46235432187500003 0.7185781467129374 0.31765309798708935 0.5544117453125 0.32494938281249997 0.5608429110995627 0.46965060670041064
0 0.4161490999999999 0.6321392953125 0.41040820384801596 0.48454410136769877 0.1307443638126225 0.4954219695434653 0.13648525996460648 0.6430171634882665