0 0.2690000000000001 0.4687265625 0.19134218750000004 0.4687265625 0.19134218750000007 0.6265078125 0.2690000000000001 0.6265078125
0 0.2588984375 0.19405312500000002 0.10535000000000005 0.194053125 0.10535000000000005 0.45645468749999996 0.2588984375000001 0.45645468749999996
0 0.34547656250000003 0.2161640625 0.267109375 0.2161640625 0.26710937500000004 0.3666046875 0.3454765625000001 0.3666046875
0 0.4815953125 0.4372640625 0.33867031250000007 0.4372640625 0.33867031250000007 0.5774874999999999 0.4815953125 0.5774874999999999
0 0.18097968750000007 0.467025 0.10835781250000005 0.467025 0.10835781250000007 0.6258046875 0.1809796875000001 0.6258046875
0 0.8072921875000001 0.5673703125000003 0.73435 0.5673703125000003 0.73435 0.7100187500000001 0.8072921875000001 0.7100187500000001
0 0.8751093750000001 0.1830000000000001 0.7308140625 0.1830000000000001 0.7308140625 0.5501265625000002 0.8751093750000001 0.5501265625000002
0 0.7187197224179036 0.18124083465811813 0.5022427525008345 0.1806416058096702 0.5013495925829309 0.5033038961515521 0.7178265625000001 0.5039031250000001
0 0.6445828125 0.6922921875 0.5031718749999999 0.6922921875 0.503171875 0.8141015625 0.6445828125000002 0.8141015625
0 0.6459515625 0.522875 0.5036515625 0.522875 0.5036515625 0.6813203125 0.6459515625 0.6813203125
0 0.49576259286052193 0.36936276831577813 0.4954078125 0.0958578125 0.3501343691881658 0.09604625575668144 0.35048914954868776 0.36955121157245957