0 0.26234682295458694 0.44095100919756713 0.17687520625000008 0.4358860250000001 0.16651871142041325 0.6106518923649331 0.2519903281250001 0.6157168765625001
0 0.2692106286026211 0.13684976114110187 0.1002123953125 0.1268350515625 0.08296532764737893 0.4178793341713982 0.25196356093750005 0.4278940437500001
0 0.36290363350974647 0.16943701199149713 0.2766512671875 0.1643257609375 0.2667724399277536 0.33103098019600286 0.35302480625000004 0.3361422312499999
0 0.5003760926400884 0.42509924529652016 0.34093576406250004 0.41328885 0.3295261854849117 0.5673181531409799 0.4889665140625 0.5791285484375
0 0.16566076414528508 0.4319918456838665 0.08573179375000003 0.4272553140625 0.07531507960471504 0.6030373636911336 0.15524405000000008 0.6077738953125001
0 0.8478506098233831 0.593348934361632 0.7675690984375 0.5885915109375002 0.758203265176617 0.746639929700868 0.8384847765625001 0.751397353125
0 0.9452790631158171 0.17364590407679106 0.7854540484000124 0.1654741094848541 0.7647116346606948 0.5711569180565234 0.9245366493764994 0.5793287126484603
0 0.7757518380791809 0.1593460038192985 0.5375226914882533 0.1445662497749 0.5153056768465725 0.5026737272056016 0.7535348234375001 0.5174534812500001
0 0.6607155265625 0.7186505671875001 0.5054519168589009 0.7057485752845246 0.4942839743901179 0.8401444944344577 0.649547584093717 0.8530464863374332
0 0.6733976182583891 0.5301512451618929 0.5167796218750002 0.5208701796875002 0.5063176661166112 0.6974157017131073 0.6629356625000001 0.7066967671875002
0 0.5355408312500002 0.05062651093750008 0.3756409706754178 0.0413592688944376 0.35822841315390314 0.3418009220852508 0.5181282737284855 0.3510681641283133