0 0.7367161140624999 0.8233368890625 0.5929278294372652 0.8232305163103198 0.5928665328125 0.9060876046875 0.7366548174377348 0.9061939774396801
0 0.5916619156250001 0.847064296875 0.474562867547298 0.8470314376924734 0.47454631802095315 0.9060083699255671 0.5916453660986554 0.9060412291080937
0 0.5153725468750001 0.8879092343749997 0.4738728110485493 0.887879501931463 0.4738598285150906 0.9060001689472026 0.5153595643415414 0.9060299013907394
0 0.5167231125 0.8470919499999999 0.475316639687337 0.8470483893545838 0.47529790937500005 0.8648524453125 0.5167043821876631 0.8648960059579162
0 0.40361290000000005 0.847031703125 0.3545790377248619 0.8452593263469833 0.3523801909101099 0.9060917369359591 0.40141405318524814 0.9078641137139758
0 0.3483473484375001 0.8868655796875 0.27847982968750007 0.8868655796875 0.27847982968750007 0.91432859375 0.3483473484375001 0.91432859375
0 0.37130377006503024 0.8838092814631537 0.37129352343750005 0.823242865625 0.23058852680996983 0.8232666700993464 0.2305987734375 0.8838330859375001
0 0.52250818125 0.5854296296875 0.3869228171875001 0.5854296296875 0.3869228171875001 0.6571449890625 0.52250818125 0.6571449890625
0 0.5216166562500002 0.6591942718750003 0.49891953268842054 0.6583780939131293 0.4979028500000002 0.6866510609375002 0.5205999735615798 0.6874672388993711
0 0.520728114324718 0.6592699207842565 0.4524361201973052 0.6588653978963273 0.4520922790148007 0.7169130404823035 0.5203842731422135 0.7173175633702328
0 0.563382466747749 0.7214315110127127 0.47056365521694693 0.7180329677021439 0.46682389531250007 0.820170865625 0.5596427068433021 0.8235694089355692
0 0.5482324807880291 0.7464347407425864 0.5482266234375001 0.7191571343749998 0.5011843281417521 0.7191672358190023 0.5011901854922811 0.7464448421865889
0 0.5634203031250001 0.7191838015625001 0.5515090560845077 0.7187767576688758 0.5505656656250001 0.7463830109375001 0.5624769126654925 0.7467900548311244
0 0.5051714531250001 0.5854827656250001 0.48853206665632765 0.5849099544633417 0.4867727265625 0.6360163953125 0.5034121130311724 0.6365892064741584
0 0.47152779062500005 0.846993678125 0.4044928636363793 0.8469208449988646 0.404428484375 0.9061749140625001 0.47146341136362074 0.9062477471886355