0 0.19853182550955384 0.3674419017907377 0.19843413510123503 0.23538468225851122 0.12075774323749548 0.23544214400475108 0.12085543364581428 0.36749936353697754
0 0.17622015484358175 0.4790447408774794 0.17618969273474777 0.3704886545389172 0.12089939359134654 0.37050416964421234 0.12092985570018053 0.4790602559827746
0 0.1379250169691799 0.47897451805443075 0.13789758217375198 0.44068157926080936 0.1209099078125 0.44069375 0.1209373426079279 0.47898668879362133
0 0.17620398396519057 0.4790485529376777 0.1761637345296884 0.4407874016756118 0.1594730833769978 0.4408049596754341 0.1595133328125 0.47906611093749996
0 0.1762612936749351 0.5468896193604476 0.1208886109375001 0.546840278125 0.12084759538756511 0.5928695478270525 0.1762202781250001 0.5929188890625
0 0.13887601875000008 0.5972911109375 0.11312944375000009 0.5972911109375 0.11312944375000009 0.661879028125 0.13887601875000008 0.661879028125
0 0.19852231406250015 0.5780150000000001 0.14174600086437955 0.5779904916175529 0.14168996117202784 0.7078124874730302 0.1984662743701484 0.7078369958554773
0 0.42148559182052725 0.5691330747369204 0.4214668034154239 0.4425850187970837 0.3542390734375 0.442595 0.35425786184260344 0.5691430559398368
0 0.35231787031250006 0.4427831937500001 0.32653722187500006 0.4427554171875001 0.3265142663375469 0.4640614603948275 0.3522949147750469 0.4640892369573274
0 0.35241805238550544 0.5061513127456708 0.3523660719529885 0.44262041620714465 0.2980453703125 0.4426648609375 0.2980973507450169 0.5061957574760262
0 0.2962029671794285 0.48847746203975345 0.29612531739100256 0.40134320971833376 0.20132466427407408 0.4014276914285803 0.2014023140625 0.48856194375
0 0.29610268593750005 0.41575430625000004 0.2705297361697412 0.4157433380940069 0.27051121741974116 0.4589209755940069 0.2960841671875 0.45893194375
0 0.296126296875 0.41250680624999997 0.29607846684649464 0.4013274561850991 0.2705305965339947 0.40143676087259916 0.27057842656250003 0.41261611093750006
0 0.42145 0.4761715281250001 0.4214227724182277 0.4605534234583833 0.3739921296875 0.4606361109375 0.3740193572692723 0.47625421560411685
0 0.17632203750000006 0.48322069375 0.12077351875000006 0.48322069375 0.12077351875000009 0.5440713890625 0.17632203750000008 0.5440713890625