0 0.3277477590387883 0.9457190676550413 0.3271144775869194 0.8615097263744624 0.17990531386063113 0.862616786844421 0.1805385953125 0.9468261281249998
0 0.4474458118284126 0.944757878613055 0.44699292212705244 0.8848122434692887 0.3265980806111398 0.8857218273562335 0.3270509703125 0.9456674625
0 0.44594570243966053 0.9447205816017201 0.4457816042788112 0.926304457124704 0.4030248377766507 0.9266854442729839 0.40318893593749994 0.94510156875
0 0.4484544269816686 0.9029113726913913 0.4483457171875 0.8848133921875 0.40568567458083143 0.8850696398086088 0.40579438437500004 0.9031676203125001
0 0.5718699281250001 0.8838807265625 0.522150035037418 0.8808275317586517 0.518254340783005 0.9442671464164457 0.5679742338705873 0.947320341220294
0 0.6444803881370541 0.9517503457407732 0.6442736124933993 0.9238356475463961 0.5723503462313452 0.924368412743123 0.572557121875 0.9522831109375002
0 0.6983456554209798 0.9203532646694808 0.6979000389289095 0.858789554453941 0.5557061642617039 0.8598187961192216 0.5561517807537742 0.9213825063347614
0 0.5605035377853504 0.6909143922800643 0.5599479736793104 0.6180292086639247 0.41969442964396003 0.6190982851338604 0.42024999375000005 0.6919834687499999
0 0.4433997296875001 0.6939508109375 0.42037803881079655 0.6925941502400308 0.4186432968750001 0.7220316453125 0.44166498775170365 0.7233883060099691
0 0.4890586906250001 0.6937336734375001 0.4168015483473053 0.6936264999842559 0.41671357500000006 0.7529387875 0.48897071727769487 0.7530459609532443
0 0.46628747187500014 0.7546154234375 0.37213053230259374 0.7491196251009966 0.36576812500000006 0.8581237703125 0.4599250645724064 0.8636195686490034
0 0.4344442543485722 0.782631387645314 0.4342329266078389 0.7549053586338221 0.3855666550717668 0.7552762928635082 0.38577798281250003 0.7830023218750001
0 0.38387639218750014 0.7552628203125 0.37179089261225406 0.7545983288788668 0.37022806875000014 0.7830223328125001 0.3823135683252462 0.7836868242461332
0 0.46099239218750004 0.6188069078125001 0.44411372447394576 0.6178361027673206 0.44108976406250006 0.6704114609375 0.45796843177605434 0.6713822659826796
0 0.519237415125093 0.9443962158741908 0.5188893515624999 0.884162840625 0.449019866124907 0.884566587250809 0.44936792968750006 0.9447999625