0 0.5857735921875001 0.04391525156250008 0.5690042746175704 0.04329013398635485 0.5675495396420975 0.08231465307637996 0.5843188572120271 0.08293977065252518
0 0.46476627647072466 0.08363006872178975 0.4629110789112886 0.050065522856423225 0.40858516025306396 0.05306825413463345 0.4104403578125 0.08663279999999998
0 0.4614805906250001 0.08980608281250005 0.44487371226380557 0.08912874404069217 0.44401429396842274 0.11019981761103285 0.46062117232961725 0.11087715638284075
0 0.40649564531250004 0.05320051875000005 0.3266478094310695 0.050904220464571305 0.3241277578125 0.1385325 0.40397559369393043 0.14082879828542877
0 0.46055615312500003 0.11186304375000009 0.44404926919537707 0.11142003159592365 0.4431153 0.14622025312500006 0.45962218392962295 0.1466632652790765
0 0.5786905403322771 0.6312018645869116 0.4958109920523099 0.6282565593193813 0.49259112187500004 0.7188622390625 0.5754706701549672 0.7218075443300304
0 0.5817094093904108 0.6648659057672203 0.5802980125 0.627623678125 0.539654928109589 0.6291639598577796 0.5410663249999998 0.6664061874999999
0 0.6931208593181497 0.628657947282173 0.5837306158636665 0.6248266869790063 0.5805962859375 0.7143181562500001 0.6899865293919832 0.7181494165531667
0 0.6954158432541817 0.6329417408774518 0.6935421228267094 0.5973152513163301 0.6152472842600277 0.6014330479388784 0.6171210046875001 0.6370595375000001
0 0.7007965113207751 0.5944327634637544 0.6969877479623514 0.5215246471625322 0.5809912585165764 0.5275843727612779 0.584800021875 0.6004924890625001
0 0.7000157291475739 0.5190881378077191 0.6984532623775954 0.48895484964756647 0.6514576582300216 0.49139165871484725 0.6530201250000001 0.5215249468749998
0 0.6521882910781959 0.5215901337464449 0.650629484375 0.4915274296875 0.5711652089218041 0.49564779906605516 0.572724015625 0.525710503125
0 0.5839499700271439 0.5583420270642161 0.582458815530927 0.5306584113961279 0.5372894923787832 0.5330914187069119 0.538780646875 0.5607750343750001
0 0.42522234664565844 0.5843103558691402 0.4209085516935757 0.5033863820808835 0.3025439862979173 0.5096960137117433 0.30685778125 0.5906199875
0 0.583289620364768 0.6004550671872234 0.5775187195390696 0.48964640980204666 0.4146135069868018 0.4981304926148232 0.42038440781249997 0.60893915
0 0.6669495259837186 0.07723492231615026 0.6647104442962369 0.03405263911737103 0.5852659480000184 0.03817198398872076 0.5875050296875 0.08135426718749998
0 0.5666080581883509 0.08242417142567103 0.5645361977480811 0.044464568795887484 0.46383884737223013 0.049960697370216446 0.46591070781250005 0.08792029999999999