0 0.17041489613710892 0.4400959098121303 0.17039204232100266 0.4245851485813625 0.1358041671875 0.4246361109375 0.13582702100360625 0.44014687216826787
0 0.1668629625 0.5851211109375001 0.16675817807869112 0.5378157134783705 0.13565790151619114 0.5378846025408706 0.13576268593750002 0.5851900000000001
0 0.19035027812500005 0.5379373609375 0.17223842656250005 0.53786930625 0.1721806847494863 0.5532365231849669 0.1902925363119863 0.5533045778724669
0 0.2111085470773789 0.6630650931316683 0.21059129687499997 0.58928819375 0.13522710136012106 0.5898165724933316 0.13574435156249998 0.663593471875
0 0.22360095670810298 0.5529015226744894 0.22349074062500005 0.537652778125 0.19220682141689707 0.5378788945130105 0.1923170375 0.5531276390625
0 0.7547950921875001 0.4109722218750001 0.6746850983016973 0.41093070281002797 0.6746453703125002 0.4875848609375001 0.7547553641983029 0.48762638000247216
0 0.7086260187500001 0.4446349999999999 0.7085958824519614 0.40969105300082165 0.6746144517504142 0.4097203592072277 0.674644588048453 0.44466430620640596
0 0.75477305625 0.3053326390625001 0.6747001859374999 0.3053326390625001 0.6747001859374999 0.40654416718749997 0.75477305625 0.4065441671875001
0 0.6851625 0.3753911109375 0.6851104625 0.30536055625 0.6521121866086227 0.30538507622973404 0.6521642241086227 0.37541563091723407
0 0.64983944375 0.40649527812499997 0.6498 0.3052270828125 0.5822737610228036 0.3052533841411692 0.5823132047728036 0.4065215794536692
0 0.5801684265625 0.3051594437500001 0.55226101875 0.3051594437500001 0.55226101875 0.3463795828125001 0.5801684265625 0.3463795828125001
0 0.580188796875 0.3494195828125001 0.552346759375 0.3494195828125001 0.552346759375 0.420320971875 0.580188796875 0.420320971875
0 0.6109506745249983 0.45046487428788334 0.6108710687436052 0.4109849070260358 0.5852251326420898 0.41103661843626516 0.5853047384234829 0.4505165856981127
0 0.627409259375 0.663554028125 0.6273071447653134 0.5611117194126375 0.5523454775778133 0.5611864412876375 0.5524475921875001 0.66362875
0 0.6497668648332007 0.55812669671047 0.649733240625 0.41095375 0.5471064914796856 0.4109771968579814 0.5471401156878863 0.5581501435684514
0 0.17046759218750004 0.35191125 0.13047509218750003 0.35191125 0.13047509218750003 0.4217561109375 0.17046759218750004 0.4217561109375
0 0.17070879687500004 0.444188471875 0.13553944375000004 0.444188471875 0.13553944375000004 0.5338419437499999 0.17070879687500004 0.5338419437499999