0 0.46335553437500004 0.5557846015625001 0.33476925011808817 0.5519735104778078 0.3314046448545372 0.6654953548044996 0.459990929111449 0.6693064458891917
0 0.66183079375 0.26584465625000003 0.4782102989514563 0.26039605514719744 0.47468832992471244 0.37908811631188893 0.6583088247232561 0.38453671741469153
0 0.46485402343750015 0.5130340578125001 0.33689584001588535 0.5092978800093906 0.33577489725897813 0.5476883973916452 0.46373308068059294 0.5514245751947546
0 0.4690947375 0.4017222828125001 0.34022645617134206 0.39787576693304133 0.3369911820135326 0.5062658616081717 0.4658594633421906 0.5101123774876304
0 0.41828177812500006 0.400273246875 0.34114048577180034 0.39798189723819527 0.3406981671875001 0.4128731328125001 0.41783945954069984 0.4151644824493048
0 0.6574411250000001 0.3876885515625001 0.5232545123205914 0.38371265155694423 0.5219144569243939 0.42893951696282134 0.6561010696038025 0.43291541696837726
0 0.5850891794155717 0.41593114647442525 0.5221201565994191 0.41413381316834086 0.521696871875 0.4289634640625001 0.5846658946911526 0.43076079736858447
0 0.42486960625 0.31619339062500007 0.3442388841966464 0.3137813915366649 0.34356533385108434 0.33629750730329355 0.4241960559044379 0.33870950639162867
0 0.47117247500000004 0.3431038609375 0.3430587650615011 0.3393418487061452 0.3414292657626456 0.3948337471052601 0.46954297570114445 0.39859575933661484
0 0.41264305000000007 0.5543028812500002 0.3354025118909548 0.5520353865951777 0.3349673012995137 0.566860515378693 0.4122078394085588 0.5691280100335153
0 0.5035500312500001 0.26112790625000015 0.3461004257997601 0.25637310025062804 0.34368801277500655 0.33625721728518676 0.5011376182252466 0.3410120232845589