0 0.4792906062500001 0.6563658828125001 0.4792405968273723 0.5463949655420487 0.3553545022189263 0.546451302910298 0.355404511641554 0.6564222201807494
0 0.6610219693926273 0.26015353450389705 0.483879240553848 0.2601458312388073 0.4838742414737208 0.3751036686099104 0.6610169703125001 0.37511137187500015
0 0.47915848437499997 0.5050035296875002 0.3553421678202743 0.5049501968947906 0.355326151832387 0.5421325855423251 0.4791424683871128 0.5421859183350347
0 0.47927272656250014 0.3971668625000001 0.35521453331486147 0.39713105431698603 0.35518423175236136 0.5021114465044859 0.4792424250000001 0.5021472546875001
0 0.43006060625 0.39721607812500004 0.3554245453125001 0.397216078125 0.3554245453125001 0.4116388234375 0.43006060625 0.4116388234375
0 0.661030303125 0.3781862750000001 0.5311212125 0.3781862750000001 0.5311212125 0.42199019531250004 0.661030303125 0.42199019531250004
0 0.59215 0.4076568625 0.531151515625 0.4076568625 0.531151515625 0.42201960781250003 0.59215 0.42201960781250003
0 0.43341741067920136 0.31566960957413354 0.35545606093750004 0.3156474515625 0.3554498627582986 0.33745529355086645 0.4334112125 0.3374774515625
0 0.4791949516075843 0.3941286183541782 0.479182425 0.34038294062499996 0.35547292807991576 0.3404117738333219 0.35548545468750004 0.39415745156250004
0 0.43011559688392015 0.5607945004992745 0.43011363593749996 0.5464358828125 0.35539561683831333 0.5464460870003454 0.35539757778473346 0.5608047046871197
0 0.5075903284412218 0.26012745984799157 0.3554231284466206 0.260040930978047 0.35537913151281375 0.33741268251054424 0.5075463315074149 0.3374992113804888