0 0.4604061812660655 0.6392203228862294 0.4563842546875 0.5289045578125 0.32291403279643444 0.5337706568012706 0.326935959375 0.644086421875
0 0.6562561788361159 0.34940521310721745 0.6520002234375 0.23407115156249997 0.46445356647638414 0.24099183220528256 0.46870952187500003 0.35632589375
0 0.4595143957909583 0.5245409881090165 0.4581537328125 0.48723500781249995 0.3306881963965416 0.49188406501598336 0.332048859375 0.5291900453124999
0 0.4669316716204837 0.4840453521055119 0.46309157812499996 0.37871586406249996 0.32969064712951623 0.3835793838319879 0.333530740625 0.48890887187499993
0 0.4140985510861734 0.39502781464310915 0.41355477738463087 0.38055904027249976 0.33727345911095746 0.38342588812939055 0.3378172328124999 0.39789466249999994
0 0.6485192257367792 0.39670324250359873 0.6468350723176923 0.352682412186112 0.5140390686949695 0.3577629352459744 0.5157232221140564 0.4017837655634612
0 0.5766404512461669 0.3993740190631654 0.5760828322230218 0.38496738696229393 0.513627515351855 0.3873847647741286 0.514185134375 0.40179139687500004
0 0.4213894498519818 0.32029504699092237 0.4205865062500001 0.29841530625 0.34036245327301834 0.3013593717590776 0.341165396875 0.3232391125
0 0.4675498639104377 0.37549739884998706 0.465540309375 0.32157817656250004 0.3366508079645623 0.32638185271251297 0.3386603625 0.38030107499999993
0 0.4074789856026911 0.5451614706519937 0.40694740781250005 0.5307558421875 0.3305881378348089 0.5335735527855063 0.331119715625 0.54797918125
0 0.5005958620754496 0.31732344291127523 0.49769673808189435 0.2396304705640251 0.34034912277562024 0.24550191856094608 0.3432482467691753 0.3231948909081962