0 0.616108735379178 0.5026801902071447 0.4278825088310881 0.4993958201257923 0.4256334351888695 0.6282895301577863 0.6138596617369594 0.6315739002391386
0 0.41615555539215104 0.4988822957173066 0.36244099949212016 0.4982573747444789 0.36092752512517495 0.6283467892806811 0.41464208102520583 0.6289717102535088
0 0.6156333563429692 0.5026732250233131 0.5382280265456687 0.5013205417535047 0.5374089500501156 0.5481910011452915 0.6148142798474161 0.5495436844150999
0 0.9162019338554133 0.5036125467428699 0.8468613117806605 0.5028058304203135 0.8453570172678513 0.6321061983257026 0.9146976393426041 0.632912914648259
0 0.6850224497372351 0.4987401092316256 0.6303234375000002 0.4981031250000001 0.6287713002627651 0.6313880157683746 0.6834703125000001 0.6320250000000001
0 0.8433930415772917 0.45172342044939046 0.6488096160087274 0.45037500405860686 0.6482804793523945 0.5267321470649502 0.8428639049209588 0.5280805634557337
0 0.4813182071899266 0.45181360065926607 0.17289491592934253 0.3393083964310294 0.0738539114340417 0.610820748110565 0.3822772026946257 0.7233259523388017
0 0.17072696358765035 0.3501156008784273 0.11847343750000001 0.3495078125 0.1169527239123497 0.48024846162157264 0.16920625000000006 0.4808562499999999
0 0.5347634950903511 0.3560947094078776 0.4737781250000001 0.35538437500000003 0.47228181740964903 0.4838490405921226 0.5332671875000001 0.48455937500000007
0 0.46918443674163524 0.3538698485274328 0.39897343749999997 0.3530531250000001 0.39793743825836486 0.44211452647256744 0.4681484375000002 0.44293125000000017
0 0.39487433982558817 0.3534950135804279 0.29442656250000004 0.35174062500000003 0.29286938289261166 0.44089717344307705 0.39331716021819985 0.4426515620235049
0 0.2879677367084045 0.3516188464042186 0.21050312500000007 0.3507171875 0.20945101329159566 0.44110771609578137 0.28691562500000006 0.44200937500000004
0 0.6458257892508329 0.3564295739126936 0.5417937500000001 0.35521875 0.5402742107491673 0.4857751135873065 0.6443062500000001 0.4869859375000001
0 0.7564442350387164 0.35832613242005895 0.6512687500000001 0.3564921875000001 0.6497229524612839 0.4451426175799413 0.7548984375000001 0.4469765625000002
0 0.8340549347389077 0.35733541464030233 0.7610734375 0.3564859375000001 0.7600216277610923 0.446850522859698 0.833003125 0.4477000000000002
0 0.9197319909553832 0.35862561957857897 0.8397719115655231 0.3576952947459565 0.83824773311014 0.4886962376673777 0.9182078125 0.48962656250000014
0 0.7581963344624335 0.530953299466632 0.6970031250000001 0.530240625 0.6958255405375666 0.6313529505333683 0.7570187500000001 0.6320656250000001
0 0.8426335726919675 0.532722254760501 0.7622656252113528 0.5317874818287616 0.7610929900193855 0.6326058520682607 0.8414609375 0.633540625