0 0.5836544427334274 0.6544560632074748 0.5819002491458469 0.5194760983761717 0.3841716680241192 0.5220457701753799 0.3859258616116996 0.657025735006683
0 0.6531679184440735 0.6547615670129459 0.6464653422391574 0.5170381850314297 0.5904386051554471 0.5197648351427867 0.5971411813603632 0.6574882171243029
0 0.4651706365452221 0.5700322247028377 0.4646770902816774 0.5209890746687499 0.3822774274773328 0.5218183045543947 0.38277097374087743 0.5708614545884825
0 0.14671875002717308 0.6549025354787903 0.14002759923522867 0.517413954420096 0.06770215991517972 0.5209338134284414 0.0743933107071241 0.6584223944871357
0 0.37319208437499996 0.6559919875 0.36631725348352717 0.5147274399494044 0.30926367656250003 0.5175040296875 0.3161385074539729 0.6587685772380956
0 0.34700921424438014 0.5462679321267772 0.3468650177488114 0.4664299894603012 0.14400269341976296 0.4667963821211615 0.1441468899153317 0.5466343247876374
0 0.9101396156250001 0.65453949375 0.8962851324120141 0.36228803162497625 0.5284802424605978 0.3797242033259963 0.5423347256735839 0.67197566545102
0 0.9025739515625 0.5019142109374999 0.8958347034115123 0.36339666741169185 0.8413318203125 0.366048378125 0.8480710684634877 0.5045659216508082
0 0.5311249703125 0.5028774031250001 0.5244847100017098 0.36643818432511865 0.4608741828125 0.3695339984375 0.4675144431232902 0.5059732172373813
0 0.607253146875 0.4597523234375 0.6026034811648142 0.3642084738617126 0.5293701889866402 0.3677723906286917 0.5340198546968261 0.4633162402044791
0 0.7165587625 0.4597256234375001 0.7156212865968307 0.36643630203687716 0.6075878554623272 0.3675219433182663 0.6085253313654965 0.4608112647188892
0 0.8043203828125002 0.4601159765625 0.7995920035800729 0.36293440432582347 0.7187927859375 0.3668656984375 0.7235211651699271 0.46404727067417645
0 0.4600836359375 0.5041023250000001 0.4532665986614973 0.3640063603455741 0.34475635468750004 0.36928644374999997 0.3515733919635026 0.5093824084044261
0 0.34354992656249994 0.4613992859375 0.34261759718989987 0.36863959920218037 0.22965571249999997 0.36977498125 0.2305880418726 0.4625346679853196
0 0.22878401093750006 0.46188376875000003 0.22406441594273557 0.3648827390637025 0.147941296875 0.3685865171875 0.15266089186976445 0.46558754687379755
0 0.148599309375 0.50499676875 0.14179685039648654 0.3652567520650072 0.058394924357788244 0.36931670707335795 0.06519738333630169 0.5090567237583508
0 0.3030667515625 0.6553973984375 0.29781892739708093 0.5475582725359114 0.2339915875 0.5506643312499999 0.23923941166541907 0.6585034571515885
0 0.2348576 0.6560829953124999 0.22959115236692157 0.5478969850331927 0.145763802908378 0.5519776637180193 0.1510302505414564 0.6601636739973265