0 0.6268309035928203 0.5030300661017117 0.4147793028430158 0.4873225417261911 0.4042583740200988 0.6293550953570581 0.6163099747699035 0.6450626197325788
0 0.6910688947822379 0.5038937800689774 0.6315672085955717 0.503453026916959 0.6304762836251995 0.6507279243125075 0.6899779698118657 0.651168677464526
0 0.4997013207509225 0.49361306093036816 0.4110512008830131 0.4870463850149017 0.40722540800118684 0.5386945860118294 0.4958755278690963 0.5452612619272958
0 0.15477729740538998 0.45868687104922445 0.07796602891964505 0.45811789879204473 0.07687243462429574 0.6057531551240962 0.15368370311004068 0.606322127381276
0 0.39455417665377457 0.4764395271006169 0.3339637187500001 0.475990709375 0.33284322178372555 0.6272579619618831 0.39343367968750004 0.6277067796875
0 0.3779967597260543 0.42605862888419627 0.16361856330367672 0.4079232282376123 0.15651285181581392 0.4919196969537711 0.37089104823819147 0.5100550976003551
0 0.9648039345042477 0.36189518762892314 0.5742019044850483 0.35851125481324336 0.5714979449808004 0.6706250374968203 0.9620999749999999 0.6740089703125001
0 0.9642517389698488 0.3641242665739279 0.9063684999999999 0.3636955015625001 0.9052700985301513 0.5119796037385724 0.9631533375000002 0.5124083687500002
0 0.5708456839517189 0.33397829293171793 0.5032915812500001 0.33347789218750007 0.5022074769857812 0.47983197269328215 0.5697615796875001 0.48033237343750007
0 0.6537016958828479 0.3382987853190359 0.5759262843749999 0.33772267187500005 0.5751607681796521 0.44106748655596417 0.6529361796875001 0.4416436
0 0.775959519361497 0.3531077328951239 0.6587681015625001 0.34442688750000017 0.6514906790760031 0.4426720952298764 0.7686820968750001 0.4513529406250002
0 0.8623725835709557 0.35427615689379366 0.776562065625 0.3536405234375001 0.7757820226790444 0.4589463227937065 0.8615925406250001 0.4595819562500001
0 0.49558791657433743 0.32372720568886615 0.3803476484375 0.322873575 0.3792249256131626 0.474441320873634 0.49446519375 0.47529495156250007
0 0.38083586207580156 0.32220173775792976 0.25843766562500003 0.3131352046875 0.2512015613616986 0.4108226122420703 0.37359975781250004 0.41988914531250005
0 0.2528220347930795 0.30520225669414286 0.1719793671875 0.30460342187500006 0.17120178864442054 0.4095764823683573 0.25204445625000005 0.4101753171875001
0 0.1656905182198966 0.2980508283544892 0.07711565937500003 0.29739471875 0.07600129115510353 0.44783453414551094 0.1645761500000001 0.44849064375000014
0 0.32007363277316003 0.5047504840751131 0.2522875812500001 0.5042483656250001 0.25142770003934023 0.620332433112387 0.3192137515625001 0.6208345515625001
0 0.24781259118323126 0.4984353105702077 0.15878595312500005 0.4977758546874999 0.15791894631676887 0.6148218972422923 0.24694558437500008 0.6154813531250001