0 0.48956540770034146 0.3344714790718374 0.356952369798344 0.3246482911504539 0.3418301175360024 0.5287986981750443 0.47444315543799986 0.5386218860964279
0 0.47790775685740733 0.5896933973113422 0.4746269155865311 0.5343292011131572 0.3332129515273989 0.5427092879097325 0.3364937927982751 0.5980734841079174
0 0.4900836480329713 0.32747523521904404 0.441860725012453 0.32390316656138834 0.43547489763010194 0.41011182932643403 0.4836978206506203 0.4136838979840897
0 0.5214006646781743 0.08607832602973842 0.5171653967380484 0.014608180713278357 0.374069882236041 0.02308791504518242 0.3783051501761668 0.09455806036164248
0 0.5038031761025814 0.31111894077122615 0.5004623015624999 0.254741678125 0.35476446452241867 0.26337562329127395 0.3581053390625001 0.31975288593750006
0 0.5640422058338073 0.09485217294637505 0.48567049348002406 0.08822693403951222 0.46872893830247186 0.28863309415934035 0.5471006506562551 0.2952583330662032
0 0.6227921304991424 0.7981886065288781 0.5312488375365005 0.4682568021790908 0.2308664061589832 0.5516012889908862 0.3224096991216249 0.8815330933406736
0 0.6090218085624008 0.8360225283846978 0.6058302062500001 0.7821642375 0.4630995836250992 0.7906223481778023 0.46629118593749996 0.8444806390625
0 0.6379085827711679 0.46678662583784103 0.6341837421875001 0.40392994218749995 0.49266362816633225 0.412316319474659 0.4963884687500001 0.4751730031250001
0 0.6344892485028404 0.5443801851569663 0.6302008187500001 0.4720129390624999 0.5284021655596598 0.4780454523430337 0.5326905953125001 0.5504126984375001
0 0.623910171875 0.5497798828125001 0.5321805284315324 0.5429850954830349 0.5235802078125 0.6590894421875001 0.6153098512559676 0.6658842295169654
0 0.6199963855763899 0.7401814833778227 0.6152649109374999 0.6603378546875 0.5111273519236101 0.6665089697471772 0.5158588265625002 0.7463525984375
0 0.650488089594514 0.3957035611962898 0.6441339000000001 0.28847659999999997 0.49476094946798604 0.29732832942871024 0.5011151390624999 0.404555290625
0 0.653271525 0.17404277187500009 0.5620626872545231 0.16728656147747 0.553103053125 0.28824161875000004 0.6443118908704768 0.2949978291475301
0 0.6657345503840967 0.1680061531524931 0.6612769968750001 0.09278493281249997 0.5577600980534034 0.09891926716000687 0.5622176515625 0.1741404875
0 0.6729249018701985 0.08617759292372273 0.66804100625 0.0037618453125000005 0.5213820387548015 0.012452746138777265 0.526265934375 0.09486849374999999
0 0.4776854408046146 0.24332142095971068 0.4739478109374999 0.18024891718750005 0.3608160029453852 0.1869530243527894 0.3645536328125 0.250025528125
0 0.4849298503648229 0.17537971613603884 0.48002104375 0.0925436015625 0.3646677933851771 0.09937934948896116 0.36957660000000003 0.1822154640625