0 0.5431473717603422 0.6037877750983057 0.5243550058916788 0.3802325414880871 0.38254426929389795 0.3921533505123869 0.40133663516256135 0.6157085841226055
0 0.5506799114517923 0.6172163738092646 0.40126400386039557 0.6134178259937798 0.39975005317912893 0.6729690877069873 0.5491659607705256 0.6767676355224721
0 0.5328444082576338 0.4812137998237011 0.5251855901411311 0.39013233804978376 0.473618256501252 0.394468509444147 0.48127707461775476 0.4855499712180643
0 0.5101836872509302 0.0614603884001109 0.35886581139363416 0.057613487560528476 0.3569114382787951 0.13448876995074213 0.5082293141360912 0.13833567079032455
0 0.5311478517822463 0.31848690601790997 0.37686794062500006 0.3145664234375 0.3753269169677539 0.37520921116959016 0.5296068281250002 0.37912969375000005
0 0.5811950234375001 0.359551890625 0.5647236899745491 0.13568828798133387 0.48056516093749996 0.14188046562500004 0.49703649440045083 0.3657440682686661
0 0.7354657282741315 0.8834335750364278 0.590913396704971 0.5438623965826511 0.30609338001592723 0.6651076615001295 0.4506457115850878 1.0046788399539062
0 0.734100467664847 0.8960354964722196 0.582926853125 0.8921918718749998 0.581453932335153 0.9501233254027802 0.732627546875 0.9539669500000001
0 0.7014971370646123 0.4913298664660138 0.551844790625 0.4875273281250001 0.5501268207478878 0.5551395913464863 0.6997791671875 0.5589421296875
0 0.709889568984867 0.5643141690579805 0.602921875 0.5615945859375 0.6009428387889426 0.6394348027763106 0.7079105327738096 0.642154385896791
0 0.7171130781249999 0.7583715921875 0.7068667715642556 0.6365048428828015 0.6087757112838144 0.6447521382298607 0.6190220178445588 0.7666188875345591
0 0.7266496610947213 0.7657798704167765 0.6173708328125002 0.7630023140625001 0.615187954530279 0.8488844170832237 0.7244667828125001 0.8516619734375002
0 0.6978565970958941 0.368039627948349 0.5409234953125001 0.364050734375 0.5379918982166061 0.479387134551651 0.694925 0.483376028125
0 0.6854008093750001 0.3616847343749999 0.6747210359210469 0.2346192695290359 0.5771863421875 0.24281700000000006 0.5878661156414531 0.3698824648459641
0 0.679330623433598 0.15876794283246873 0.570596990625 0.15600424375000005 0.568540442191402 0.23691608529253133 0.6772740749999999 0.23967978437500004
0 0.672354269722854 0.06353858834054446 0.5177004625 0.05960699531250006 0.5154468450737408 0.1482556709278705 0.6701006522965948 0.15218726395591492
0 0.4906831732717274 0.2358759460963799 0.3713747687500001 0.2328442640625 0.36965085485327276 0.30068693827862025 0.48895925937500007 0.30371862031250013
0 0.4846715308929587 0.14204025536878345 0.363480903125 0.13895891250000006 0.3612154625730243 0.22805972807179234 0.482406090340983 0.23114107094057576