0 0.292425 0.09761250000000003 0.23551406250000007 0.09718437500000003 0.23490925109118782 0.17758235289477767 0.29182018859118775 0.17801047789477767
0 0.49270309947442525 0.17939748488897822 0.2287145211302152 0.17852922649282998 0.22822600634714255 0.32705911535493726 0.49221458469135265 0.3279273737510855
0 0.4074578125 0.09761250000000005 0.30029531249999997 0.09761250000000005 0.30029531249999997 0.16868281250000003 0.4074578125 0.16868281250000003
0 0.7973578125 0.16953906249999998 0.7971282825033409 0.09975189110702551 0.6665843749999999 0.10018124999999997 0.666813904996659 0.16996842139297447
0 0.804065625 0.1809593750000001 0.5830906250000001 0.17995156250000008 0.5824078587751821 0.3296562610715649 0.803382858775182 0.33066407357156496
0 0.6530203125 0.09189062500000007 0.4156578125 0.09189062500000005 0.4156578125 0.17790312500000005 0.6530203125 0.17790312500000008
0 0.5055390625 0.34125625000000004 0.2820625 0.34125625 0.28206250000000005 0.47195 0.5055390625 0.47195
0 0.7972365099092448 0.3401541842686522 0.5653272431260037 0.3391109766061132 0.5647110581734032 0.4760913743657226 0.7966203249566443 0.47713458202826153
0 0.7466453125 0.5550359375 0.7464409584321852 0.48324594202546817 0.582865958432185 0.4837115670254682 0.5830703125 0.5555015625
0 0.8011437499999999 0.5631281250000001 0.6080546875 0.563128125 0.6080546875000001 0.7709093750000001 0.8011437499999999 0.7709093750000002
0 0.5830115071762011 0.7621210567242278 0.5817956613769202 0.482544828833372 0.22383437500000003 0.4841015625000001 0.225050220799281 0.7636777903908559