0 0.8929681953124999 0.2557040031250001 0.8101363188849895 0.25017078366991113 0.8062130923224895 0.30890118835741115 0.88904496875 0.3144344078125001
0 0.8094062000000001 0.2457198328125001 0.6563271709288773 0.2361438399802954 0.6390810975735821 0.5118345397100829 0.7921601266447049 0.5214105325422875
0 0.8885264515625002 0.32318440781250013 0.8145837663706639 0.31981333465333345 0.8095660031125554 0.42987528568295497 0.8835086883043918 0.4332463588421217
0 0.8635057109375 0.7005652328125 0.7915853193231494 0.696065079448454 0.783026497763708 0.8328501506485457 0.8549468893780586 0.8373503040125916
0 0.7862695453125 0.611328375 0.6319956755359104 0.6014809517945412 0.617273195532314 0.832129509846177 0.7715470653089035 0.8419769330516358
0 0.887413165625 0.44186123125000004 0.7987564296626293 0.4364624379826433 0.7837151784422962 0.6834636050856079 0.8723719144046669 0.6888623983529648
0 0.6381756265625 0.29442270000000004 0.5034429851956309 0.28643854401534613 0.4897727351956308 0.517124028390346 0.6245053765624999 0.525108184375
0 0.6229031062500001 0.5894075265625001 0.48158908358802954 0.5809490079792312 0.4672646503318445 0.8202631698926904 0.6085786729938151 0.8287216884759593
0 0.4726461197406528 0.6012593105936812 0.39860627187500014 0.5969494625 0.3887774376358639 0.7658012122471212 0.46281728550151663 0.7701110603408023
0 0.38909536406250006 0.624304659375 0.1725073782109003 0.6140195691472315 0.16303235057011306 0.8135488982206619 0.3796203364217129 0.8238339884484305
0 0.4942842640625001 0.22885501875000008 0.206012546981806 0.2125589437057423 0.18506646448458394 0.5830876232306779 0.47333818156527807 0.5993836982749355