0 0.1631578125000001 0.5670828125 0.01611875000000008 0.5670828125 0.01611875000000009 0.72235625 0.1631578125000001 0.72235625
0 0.18048906250000005 0.5084890625 0.020892187500000065 0.5084890625 0.02089218750000007 0.55829375 0.18048906250000007 0.55829375
0 0.1838484375000001 0.34334375000000006 0.10487691751088694 0.34188041703733196 0.10198977820502306 0.49769032853462186 0.18096129819413623 0.49915366149729
0 0.09214377710091692 0.3435890268367807 0.024939648089123384 0.3426411090035007 0.022726611185065266 0.49953784877002283 0.08993074019685882 0.5004857666033029
0 0.05608125000000007 0.4214203125000001 0.024283182881747647 0.4200825368733866 0.021066828140446924 0.4965332225529354 0.05286489525869935 0.49787099817954894
0 0.5187046875 0.5677015625 0.1657359375000001 0.5677015625 0.1657359375000001 0.7241109375 0.5187046875 0.7241109375
0 0.794596875 0.6630296875000001 0.7234734375 0.6630296875 0.7234734375 0.7236093750000001 0.794596875 0.7236093750000002
0 0.7963046874999999 0.6259968750000001 0.7246984375000001 0.625996875 0.7246984375000001 0.6598906250000001 0.7963046874999999 0.6598906250000002
0 0.797340625 0.5685625000000002 0.726121875 0.5685625000000002 0.726121875 0.6216046875000002 0.797340625 0.6216046875000002
0 0.930178125 0.5674281250000002 0.8461140625000001 0.5674281250000002 0.8461140625000001 0.6335937500000002 0.930178125 0.6335937500000002
0 0.9303127463380173 0.5687274038690914 0.8002052139557827 0.5663611663877541 0.7973250000000001 0.7247296875000002 0.9274325323822348 0.7270959249813373
0 0.5116843750000001 0.34472500000000006 0.3720854090537968 0.3406625368724646 0.36744062499999997 0.500271875 0.5070395909462033 0.5043343381275355
0 0.854771875 0.505890625 0.19133906250000005 0.5058906249999999 0.19133906250000007 0.5604453125000001 0.854771875 0.5604453125000002
0 0.15240004550192143 0.3815286919168457 0.10294786082584158 0.38109307226151706 0.1023415653239202 0.4499206303446715 0.15179375000000006 0.4503562500000001
0 0.715440625 0.5768484375 0.6036586896523366 0.5735961142957967 0.5992593750000001 0.7248000000000001 0.7110413103476636 0.7280523232042035
0 0.5921796875 0.568896875 0.5268178532779368 0.5669947730636797 0.5222078138221219 0.7254093295679906 0.5875696480441851 0.7273114315043109
0 0.14926250000000008 0.4563328125 0.12833648128605266 0.4557236776842492 0.12706406382283544 0.4994358920557434 0.14799008253678284 0.5000450268714942
0 0.12199843750000003 0.4560890625 0.10301762400940633 0.4555369207478945 0.10174062500000006 0.49943593750000004 0.12072143849059376 0.49998807925210553
0 0.36550937500000014 0.3448296875000001 0.27320313401092206 0.3421441229705937 0.26857968750000005 0.5010578125 0.36088592848907813 0.5037433770294065
0 0.2626968750000001 0.34527656250000005 0.19619068234683262 0.343341417219604 0.19162812499999998 0.5001453125 0.2581343176531674 0.5020804577803961
0 0.85900625 0.34455781250000006 0.5136375 0.34455781250000006 0.5136375 0.5008250000000001 0.85900625 0.5008250000000002
0 0.9320140625000001 0.5088718750000002 0.8655421875 0.5088718750000002 0.8655421875 0.5615796875000002 0.9320140625000001 0.5615796875000002
0 0.9377765625000002 0.3432328125000002 0.8700760728320193 0.3412628419934073 0.8654453125000001 0.5004046875000002 0.9331458021679812 0.5023746580065931