0 0.14015713843030836 0.5830831035318098 6.938893903907228e-17 0.5779606578125001 -0.0063518062937190116 0.7517547871744481 0.1338053321365893 0.7568772328937579
0 0.16057156608674017 0.5213827776613924 6.106226635438361e-17 0.51305684375 -0.002852905373896214 0.5680771560247571 0.15771866071284388 0.5764030899361495
0 0.16483953463263482 0.33686302414652003 0.07730823906250003 0.33459051562500003 0.07280047474236524 0.50821822585348 0.16033177031250004 0.510490734375
0 0.06330878225748146 0.3309046390905794 4.163336342344337e-17 0.3295417140625 -0.0037644666324813504 0.5044037155969205 0.059544315625000066 0.505766640625
0 0.02267987968750005 0.41640553125 5.099497009925657e-17 0.41640553125 5.4657490282594455e-17 0.47621902499999996 0.022679879687500057 0.47621902499999996
0 0.5363642512825145 0.606457521010171 0.14793683125000007 0.5863168390625 0.13897741113668424 0.7591056477356395 0.5274048311691988 0.7792463296833104
0 0.8394534551698506 0.7277674324872356 0.76163073125 0.7237321812500002 0.7581606151426493 0.7906558675127646 0.8359833390624999 0.7946911187500001
0 0.8411965928108225 0.6868368783168965 0.7624310140625001 0.6827527359375001 0.7604895165156985 0.7201958913680623 0.8392550952640209 0.7242800337474588
0 0.8431386115073082 0.6233179926248205 0.7650958609375001 0.61927133125 0.7620575056801921 0.6778681792501795 0.8401002562500001 0.6819148406250001
0 0.9904563729176393 0.6297001543743167 0.8983906328125 0.624926375 0.8946005427031711 0.6980209660189849 0.9866662828083104 0.7027947453933014
0 0.9914616751379638 0.6278708067263655 0.8466025765625004 0.6225906828125001 0.8402075811120367 0.7980360495236347 0.9850666796875002 0.8033161734375002
0 0.5278693446400693 0.3566612644196482 0.373078828125 0.35100157656250003 0.3667045631724307 0.5253355308928519 0.5214950796875 0.5309952187500001
0 0.9072718595601985 0.5572223023941678 0.1735130078125001 0.519175546875 0.17038801387730168 0.5794432866683323 0.9041468656250002 0.6174900421875
0 0.13303054549007748 0.37935149682603897 0.07616800000000004 0.3759019484375 0.07155924200992259 0.45187296879896116 0.12842178750000005 0.45532251718750005
0 0.7515607355524045 0.62585216053257 0.627614403744512 0.6213209539194372 0.6215653041296076 0.7867876324493672 0.7455116359375002 0.7913188390625001
0 0.6151145235690809 0.6107569016289467 0.54263983125 0.608106959375 0.5362724311184192 0.7822524014960534 0.6087471234375 0.78490234375
0 0.12558294044857793 0.4614409540483904 0.10237968750000004 0.46059237500000005 0.10062394236392214 0.5086008647016097 0.12382719531250004 0.5094494437500001
0 0.0953951648772908 0.4596382080671407 0.07434881562500005 0.458868921875 0.07258534449770933 0.5071144638078592 0.09363169375000008 0.5078837499999999
0 0.3659845705787644 0.349184201640388 0.26363333281250007 0.34544258593750005 0.25726196223373565 0.519730304609612 0.35961319999999997 0.5234719203125
0 0.25212410641808664 0.34421312011588434 0.17838053281250005 0.34151707031250006 0.17207953264441347 0.5138648767591157 0.24582310625000003 0.5165609265625
0 0.9149971796478271 0.37891585473311307 0.534981584375 0.35921134218750006 0.5260303093380614 0.5318430733068962 0.9060459046108885 0.5515475858525092
0 0.9927432694353507 0.5649564602794263 0.9199487640624999 0.56118193125 0.9169295633729595 0.6194093866763752 0.9897240687458103 0.6231839157058013
0 0.9996346859648293 0.3806889147166288 0.9245668468750001 0.3779443671875001 0.918171824972671 0.5528586180958712 0.9932396640625003 0.555603165625