0 0.669065625 0.24220312500000007 0.61949375 0.24220312500000007 0.61949375 0.33875156250000005 0.669065625 0.33875156250000005
0 0.8138544610232239 0.35290635184942204 0.8130312500000001 0.1515359375 0.6744082551697514 0.15210263433967852 0.6752314661929754 0.35347304868910057
0 0.810359375 0.3656187500000001 0.71804375 0.3656187500000001 0.71804375 0.46636250000000007 0.810359375 0.4663625000000001
0 0.8130834194418707 0.4777141110547915 0.7193100594686374 0.47590949863760174 0.7174500000000001 0.5725640625 0.8112233599732335 0.5743686749171898
0 0.8079032896642863 0.5830594866294525 0.6791578125000002 0.5826390625000001 0.6785569430681017 0.7666418737182099 0.8073024202323879 0.7670622978476622
0 0.6687687500000001 0.6011078125000001 0.5565629120481697 0.6009011578931076 0.5562660370481697 0.7620933453931077 0.6684718750000002 0.7623000000000001
0 0.6088078125 0.49700468750000004 0.5580499999999999 0.49700468750000004 0.5580499999999999 0.590190625 0.6088078125 0.590190625
0 0.33820981885101686 0.3594625132502687 0.33690781249999996 0.15993125 0.20912458082206015 0.16076507712306826 0.21042658717307705 0.3602963403733369
0 0.390934375 0.23759062500000003 0.3434390625 0.237590625 0.3434390625 0.33413906250000003 0.390934375 0.3341390625000001
0 0.30022741516390444 0.3685581146447137 0.19951069027038332 0.36811549088243195 0.19863803416671869 0.5666838286200302 0.2993547590602398 0.567126452382312
0 0.3434375000000001 0.481475 0.3015812500000001 0.481475 0.3015812500000001 0.5683671875 0.3434375000000001 0.5683671875