0 0.34976784951783646 0.6592690444206079 0.3475396984375 0.6091356531249998 0.24828467079466346 0.6135469883918919 0.25051282187499996 0.6636803796874999
0 0.36651841110203887 0.805249794040116 0.36085934821263205 0.6650141721567937 0.15519870742309314 0.6733133937416778 0.16085777031249998 0.813549015625
0 0.47966713531889493 0.7978060661626205 0.47655232652771035 0.7043653847231227 0.37449559902131535 0.7077674060605021 0.37761040781249994 0.8012080875
0 0.5918145331879059 0.7925094874338876 0.5857814234375 0.69780865 0.48646294074774027 0.7041359362473832 0.49249605049814627 0.7988367736812708
0 0.7865264987190097 0.7800257301069323 0.7807360171875001 0.6497399078125 0.5919668450309903 0.6581296495805675 0.5977573265624999 0.7884154718749998
0 0.7790518744289583 0.6395846513136604 0.7738000359374999 0.5261232781249999 0.6087043146335416 0.5337651393113395 0.613956153125 0.6472265125
0 0.60352118853573 0.5869303707973679 0.6012397328124999 0.535597609375 0.5053542567767699 0.539859185452632 0.5076357125000001 0.5911919468749999
0 0.36493103990343606 0.32669363927009615 0.3621445801146098 0.19615776590058687 0.15942992614867377 0.20048497663049067 0.1622163859375 0.3310208499999999
0 0.34086215927995284 0.3778275050288444 0.33872734531250004 0.32979419843749996 0.23953450165754725 0.33420276997115556 0.24166931562500005 0.3822360765625
0 0.5765603261192792 0.27500645786648953 0.5720240323668342 0.17293982886228088 0.368389256247555 0.1819902616207914 0.37292555000000005 0.28405689062500006
0 0.5771737668790979 0.3191949961267963 0.5752924171875 0.2768646265625 0.48604692062090216 0.28083109293570374 0.4879282703125001 0.32316146250000005