0 0.7360641515625002 0.33795376250000014 0.6363224989448245 0.33647610774551 0.6355829140625 0.3863980656250001 0.7353245666801758 0.38787572037949025
0 0.8369596437500002 0.1944343578125001 0.6305284665739456 0.19053115302745316 0.6278884703824709 0.3301542452193426 0.8343196475585254 0.3340574500043896
0 0.621351153125 0.19393149218750008 0.5169256958576008 0.19238444924644232 0.5155483992575951 0.28535202204704047 0.6199738565249941 0.2868990649880982
0 0.5069456218832741 0.2836507101231557 0.5062956885484304 0.1892994171521549 0.4062214510401564 0.18998877265399927 0.40687138437500003 0.284340065625
0 0.40234538750000004 0.19367733593750003 0.2118765260531056 0.1908555753760307 0.20995450625000003 0.320591928125 0.4004233676968944 0.3234136886864693
0 0.37488228593750006 0.33290195781250004 0.20828504644611182 0.33074094560795225 0.20681939218750006 0.4437314937500001 0.37341663167888833 0.44589250595454794
0 0.4756176093750001 0.3947919750000001 0.37919773851912 0.3933635334327742 0.37844046093750006 0.44447980468750015 0.4748603317933802 0.44590824625472597
0 0.7965703359375003 0.6734271250000001 0.5902223370524634 0.6707005825925713 0.5885240223112542 0.7992310787149229 0.794872021196291 0.8019576211223518
0 0.7220469609375002 0.6179030281250001 0.6224136342126948 0.6164269798015963 0.6217050312500001 0.6642577109375001 0.7213383579748054 0.6657337592609038
0 0.5864789497260254 0.8033422127731017 0.5840511091744073 0.7038472251047817 0.3757027730818161 0.7089312655281449 0.37813061363343425 0.8084262531964649
0 0.4734423484375001 0.6620628 0.38382017317213524 0.6607350644260357 0.3831957015625001 0.7028869093750001 0.4728178768278649 0.7042146449489644