0 0.5942566882187719 0.8384511694977865 0.5933871281249999 0.8149730578125001 0.5608569305312281 0.8161778805022134 0.561726490625 0.8396559921875
0 0.59908953160645 0.7614079222029493 0.598173315625 0.736670075 0.5664337074560499 0.7378456152970508 0.5673499234374999 0.7625834625000001
0 0.5962534779840507 0.7993186885112362 0.5953973765624999 0.7762039609374998 0.5632641282659492 0.7773940818012636 0.5641202296875 0.800508809375
0 0.4847183796875 5.297216187810231e-17 0.3793343359375 4.6519250285120205e-17 0.3793343359375 0.020217978125000043 0.4847183796875 0.020217978125000053
0 0.4529273656249999 0.028968492187500056 0.4087338790124441 0.026676977704241794 0.4058235078124999 0.08280555625000004 0.45001699442505566 0.0850970707332583
0 0.40498812968750003 0.030744020312500044 0.37324928156146814 0.029098302175896144 0.37043324375 0.08340760000000005 0.402172091876032 0.08505331813660394
0 0.48545999218749997 0.028940137500000056 0.4577183104725299 0.027501679854753214 0.45492073125 0.08145499062500004 0.48266241296497003 0.08289344827024689
0 0.37184300000000003 4.9960036108132046e-17 0.33508334981275717 -0.0022652616924642823 0.3297503914674607 0.08427559311843025 0.3665100416547036 0.08654085481089459
0 0.5311085265624998 0.004272826562500059 0.4926923749918523 0.0020835185262328302 0.48831126068177266 0.07895965865647907 0.5267274122524201 0.0811489666927463
0 0.6582255609375 7.771561172376095e-17 0.5361155136843802 -0.007660930653425074 0.5240490226364897 0.184670766198378 0.6461590698896095 0.19233169685180312
0 0.6494964297097339 0.2905681827779615 0.6460940091211923 0.18337213140092845 0.5169111856614583 0.18747241581046697 0.5203136062499999 0.2946684671875
0 0.6416209483367676 0.37226668064278917 0.6395384875927375 0.2933451604906573 0.5137044095684699 0.2966654782853681 0.5157868703124999 0.3755869984375
0 0.6106095569848355 0.9562231689193841 0.6074881080924699 0.8485639010876627 0.4414481245451343 0.8533780274807787 0.44456957343749987 0.9610372953125002
0 0.43798195781250004 0.9028156515625 0.4019205068012391 0.9012466041747637 0.3992874859375001 0.96176138125 0.4353489369487611 0.9633304286377363
0 0.39461193433563235 0.9618375141152006 0.39281058437500005 0.9132010671875002 0.27501895628936773 0.9175637202597995 0.27682030625 0.9662001671875
0 0.731596145955326 0.6451995606887586 0.5099565933577391 0.023145655064387614 0.24377052149847905 0.11798849961718946 0.4654100740960658 0.7400424052415604
0 0.6236333386611895 0.7268995698362533 0.6205561984375001 0.6194955 0.49214024727631056 0.6231746332887468 0.49521738750000005 0.7305787031250001
0 0.6292620710518271 0.6167942886405554 0.626370965734384 0.5096488681551881 0.499318577495057 0.5130771232646327 0.5022096828125 0.6202225437500001
0 0.6361059722029916 0.5062166877626384 0.6332010189439838 0.4074409528928663 0.5052497529909923 0.41120394638022795 0.50815470625 0.5099796812500001
0 0.4665484345920331 0.7311827774225133 0.46353400950740625 0.6242850716603967 0.28903485138136 0.6292058006484628 0.29204927646598683 0.7361035064105793
0 0.47243256872243433 0.6207718924864222 0.46938013797123307 0.5162353585262498 0.29400824920716023 0.5213561572162434 0.2970606799583616 0.6258926911764158
0 0.4921918093539063 0.29468516961339325 0.48905085611631377 0.18877995687669719 0.3139626047902903 0.19397275141112835 0.3171035580278828 0.29987796414782436
0 0.49610364136035756 0.18505848662533148 0.49385214687499995 0.112812821875 0.32170611491208556 0.1181776537023509 0.32395760939744317 0.19042331845268237
0 0.3962315588231662 0.8321831353364273 0.39485986249999994 0.7951473124999999 0.3444520818018337 0.7970142662260729 0.3458237781249999 0.8340500890625002
0 0.35551700000000014 0.7644059921874999 0.3407725885457387 0.7636414670522158 0.3396088593750001 0.7860848125000002 0.35435327082926155 0.7868493376352843
0 0.3579710906250001 0.7378296031249999 0.3415382964454984 0.7369775313575349 0.3402067125 0.76265805 0.3566395066795017 0.7635101217674649
0 0.3832316484375002 0.7376599140625001 0.3598897862188965 0.7364495954310555 0.3573581015625001 0.7852749484375001 0.38069996378110377 0.7864852670689447
0 0.40682040937500014 0.7369491390625 0.3854728097295141 0.7358422261353017 0.38294250156250004 0.7846410109375002 0.40429010120798603 0.7857479238646984
0 0.3371215598126624 0.8072700279897027 0.33654648906249995 0.79174311875 0.3112539417498376 0.7926798798227973 0.31182901250000006 0.8082067890625002
0 0.3376765778658678 0.7887815344877107 0.33714117812499994 0.7743257453124999 0.31225305182163215 0.775247528012289 0.3127884515625 0.7897033171874999
0 0.3390981550498643 0.7720907592492289 0.338523084375 0.75656385 0.3135378277626357 0.7574892298132712 0.3141128984375 0.7730161390625
0 0.3398787438086258 0.7543597980506856 0.33929796874999996 0.7386788828124998 0.3141444811913741 0.7396104941368141 0.31472525625 0.755291409375
0 0.3409038877031007 0.7414511251875977 0.2903270218312922 0.738459320465081 0.2833643678104524 0.8561639339625813 0.3339412336822609 0.859155738685098
0 0.36908696574782257 0.8549746955021726 0.36864039374999996 0.8429172453124998 0.3374155155021774 0.844073721685327 0.3378620875 0.8561311718749998
0 0.40066591489752545 0.854418508444968 0.4002115234375001 0.8421499484374999 0.3706084679149747 0.843246358742532 0.37106285937500005 0.85551491875
0 0.47862870457775275 0.5130671506923552 0.47543032784125083 0.40821847481843926 0.30028196437862414 0.41356132198809636 0.303480341115126 0.5184099978620123
0 0.4868526446626783 0.4046263075388074 0.48342163397230375 0.2976076036042178 0.3068831330809047 0.30326741316602385 0.31031414377127925 0.4102861171006135
0 0.5715434108045356 0.8967609040025273 0.5668660607028759 0.7320423829394442 0.2757879780233405 0.7403078414369169 0.280465328125 0.9050263624999999