0 0.13254579218750004 0.29663606562500006 0.11035030276448236 0.2954972099534038 0.10883701250000002 0.32499016406250003 0.13103250192301769 0.32612901973409636
0 0.206465209375 0.29723770468750005 0.18307722116281736 0.2960374879812687 0.18160532305924038 0.32471958790311267 0.204993311271423 0.325919804609344
0 0.16913978125000004 0.29727540937499997 0.14728780462289393 0.2961540422637111 0.14579264062500003 0.32529016406250005 0.16764461725210617 0.3264115311737889
0 0.9325479421875003 0.4535229515625 0.8844092898570013 0.45105170471990225 0.8792584011032085 0.5513884410741133 0.9273970534337075 0.553859687916711
0 0.8719996359375 0.481147540625 0.8213197903120557 0.48026044145153113 0.8205855375000001 0.5222081968750001 0.8712653831254442 0.5230952960484689
0 0.8696773406249999 0.5264131140625 0.8200650752896685 0.5255461153032328 0.8195385796875001 0.5556737703125 0.8691508450228316 0.5565407690717672
0 0.8724660468750001 0.45034754062500015 0.8229823000132164 0.44948445754897975 0.822523025 0.47581639375000007 0.8720067718617835 0.47667947682602047
0 0.9284120937500001 0.5600377046875001 0.8177876272648155 0.5591895717515908 0.8175194070056321 0.5941743268723931 0.9281438734908167 0.5950224598083025
0 0.9347522765625002 0.40869672187500017 0.8991791313853605 0.4070194626489828 0.8973879781250002 0.4450081968750001 0.9329611233021398 0.4466854561010175
0 0.8963494359374999 0.4087508203125001 0.8250697665047765 0.4078739450881261 0.8246209135996798 0.44436042093997435 0.8959005830324033 0.4452372961643484
0 0.9399351748281187 0.28888177171143214 0.7266477147824485 0.28754424655361166 0.7259187827957547 0.4037828466868028 0.9392062428414247 0.40512037184462335
0 0.7285505406042952 0.2877919034662291 0.6271999764063958 0.28353073254679756 0.6223061203125001 0.3999295078125001 0.7236566845103997 0.40419067873193165
0 0.6252593259348522 0.28688512682914136 0.5506361747779621 0.2833548282139509 0.5451711419618743 0.3988742259661685 0.6197942931187643 0.4024045245813589
0 0.10090976250000003 0.28106885312499996 0.000059412895350238055 0.28064708903905256 -0.0005612378885201973 0.4290543399673399 0.1002891117161296 0.42947610405328723
0 0.047591367187500046 0.43799508125 0.0002398623007524886 0.4367714685581074 -0.0006425008956588707 0.470917261163556 0.04670900399108869 0.47214087385544856
0 0.03718404375000006 0.4800786890625 5.967448757360216e-17 0.4794288703125 -0.0018733801467673075 0.5866277612921438 0.03531066360323269 0.5872775800421437
0 0.8823167678317161 0.4033672297823264 0.2831473259866473 0.1925097259583969 0.2017296248206617 0.4238650141470831 0.8008990666657304 0.6347225179710125
0 0.3172866671875001 0.28373114687500006 0.215844725960091 0.2790700508448839 0.21051375101289804 0.39509092743353125 0.31195569224030717 0.3997520234636474
0 0.4207626587430939 0.2849654590537033 0.3194965022671569 0.2809961436863649 0.3149996359375 0.39572131093750007 0.41626579241343703 0.39969062630483854
0 0.5170413484375 0.28562295156250006 0.4236642255730393 0.2818987700791211 0.4190608015625001 0.3973213109375001 0.5124379244269609 0.40104549242087906
0 0.31076222850085033 0.43176159821724036 0.2097984424049962 0.42686419531124453 0.20201163304171055 0.5873953523376451 0.30297541913756465 0.5922927552436409
0 0.4126737961157955 0.43335054099286496 0.3138950948238564 0.4289028131497596 0.3066566613386658 0.5896597398946328 0.405435362630605 0.5941074677377381
0 0.7217810604028421 0.4362532223769417 0.6216972200014347 0.4317699013279066 0.6145082871385943 0.592252722306298 0.7145921275400017 0.5967360433553331
0 0.7934729687500003 0.4369049187500001 0.7252480111035371 0.4336364956893948 0.7176194642279805 0.5928745373499263 0.7858444218744437 0.5961429604105317
0 0.14856007187500006 0.4858786890625001 0.11354760541295875 0.484081293588664 0.11120320468750007 0.5297491796874999 0.1462156711495414 0.531546575161336
0 0.17702200312500008 0.525140984375 0.15660496856764106 0.5247835043357555 0.15635992812500005 0.5387786890624999 0.17677696268235907 0.5391361691017444
0 0.20212182187500005 0.524559015625 0.17873643490794874 0.5241514423873646 0.17846458903575071 0.5397491812223019 0.201849976002802 0.5401567544599372
0 0.20262346093750003 0.5006573765625 0.15775096225599655 0.4998754517197277 0.1573648890941366 0.5220311200127365 0.2022373877756401 0.5228130448555088
0 0.20361373437500005 0.47837377031249995 0.15866133882622152 0.47758800909050897 0.1583071765356734 0.4978491812222187 0.20325957208445194 0.4986349424442097
0 0.15098240468750007 0.5413081968750001 0.1363021280141439 0.5405545222671936 0.13511756368375333 0.5636277848229451 0.14979784035710952 0.5643814594307516
0 0.16741876250000004 0.5418852453125 0.15375110896654962 0.5411834028898711 0.15258291837726315 0.563932703474462 0.16625057191071357 0.5646345458970911
0 0.18419078281250006 0.5417426234375001 0.16951056831168804 0.5409887863622308 0.16834055118564273 0.5637736863670947 0.18302076568645478 0.5645275234423639
0 0.2010679062500001 0.5421819671875001 0.18624365953357574 0.541421374169356 0.1850669578125001 0.5643557375000001 0.19989120452892445 0.5651163305181442
0 0.19989575908050208 0.5404975879645237 0.08928577792992007 0.5393716021014903 0.08879666587431488 0.5874189862003134 0.19940664702489688 0.5885449720633469
0 0.10315016406250008 0.5075704921875 0.09174813437177065 0.5069848880342837 0.09026610018515194 0.5358408954681305 0.10166812987588136 0.5364264996213469
0 0.10430014531250006 0.4777311468749999 0.09270178848909756 0.47713580956125823 0.09129980825784922 0.5044491773042914 0.10289816508125174 0.5050445146180331
0 0.5146632331389455 0.4347563964191461 0.4155962643668255 0.4299986693338356 0.4078766333940201 0.5907393816114309 0.50694360216614 0.5954971086967414
0 0.6188674441616177 0.43441014512895404 0.5177070023204491 0.42984670611390924 0.5104132351657159 0.5915319407860277 0.6115736770068845 0.5960953798010724
0 0.21032295000000004 0.32717213125000005 0.05455089818446649 0.3206352374428332 0.043374207812500065 0.5869721312500001 0.19914625962803362 0.593509025057167