0 0.15889153323332716 0.2655831255035971 0.13570638281250003 0.26525148437499996 0.1352537573916729 0.2968946901214028 0.15843890781250003 0.29722633125
0 0.23586292881409424 0.27181557471857964 0.21143208125000004 0.2714659343750001 0.21099053993590586 0.3023182909064205 0.23542138750000005 0.30266793125
0 0.19700850548106136 0.2690998155901314 0.17418216465563482 0.268773163355472 0.1737348638620735 0.3000303821403406 0.19656120468750005 0.300357034375
0 0.9977368501413301 0.48876223142018516 0.9474515859375 0.4880416500000001 0.9459268076711702 0.5944472217048151 0.9962120718750003 0.5951678031250002
0 0.939053516172374 0.5170784377374247 0.8844046015625 0.512075465625 0.8804460385057157 0.5553159973742705 0.9350949531155897 0.5603189694866952
0 0.9374411396176455 0.5640102509860493 0.8844305156250002 0.5591587671875 0.881588270234384 0.5902150806687143 0.9345988942270294 0.5950665644672635
0 0.9371101669252946 0.48488641355449624 0.884400834375 0.4800642781250001 0.8819175758494154 0.507208040747831 0.9346269083997101 0.5120301761773273
0 0.9988427491461795 0.6034904440408566 0.8834884593749999 0.5940625078125 0.8805357007781586 0.6301906022919581 0.9958899905493382 0.6396185385203147
0 0.9982705251737469 0.44381585952302977 0.9611340979620004 0.44343962240465745 0.960733439382294 0.48298656622136854 0.9978698665940404 0.48336280333974085
0 0.9615747440466637 0.4434498656285011 0.8849979765624998 0.43683693593750006 0.8817469140775378 0.4744837683733885 0.9583236815617017 0.4810966980643895
0 1.0081929863238266 0.3222785223688727 0.7818504461735348 0.30409490192404964 0.7722045582872084 0.424163112367677 0.9985470984375 0.44234673281250014
0 0.7789791243914509 0.2962000405673687 0.6732545943326278 0.29566991476405413 0.6726261340036771 0.4210055851341856 0.7783506640625002 0.42153571093750014
0 0.6714444717532733 0.28921748332446445 0.5935401328125 0.28841581250000015 0.5922781782467269 0.4110493588630357 0.6701825171875002 0.4118510296875001
0 0.12537040564959706 0.24178909734959034 0.01922370138969426 0.24123116883929702 0.018376705115097196 0.4023734324272068 0.12452340937500002 0.40293136093750015
0 0.07901146469976365 0.40852353976685424 0.019750239703946487 0.4026055866055536 0.01623561466369685 0.4378003540545737 0.07549683965951402 0.44371830721587424
0 0.06672406754565362 0.44758482537926747 0.018694464062500055 0.44689704218750004 0.017047884016846503 0.5618818043082326 0.06507748750000007 0.5625695875000001
0 0.9489723809681768 0.3889733966331936 0.2936191057746044 0.20409929822063383 0.22404420973476852 0.4507327443468065 0.879397484928341 0.6356068427593662
0 0.3507480137655142 0.26003486438709766 0.24486697555272743 0.2590896583269981 0.24375162584971335 0.38403001737740045 0.3496326640625001 0.3849752234375
0 0.4584561991329066 0.2685396668370998 0.35286424996237103 0.2683113185270506 0.3525924898919647 0.3939775673149509 0.4581844390625001 0.39420591562500007
0 0.5587073600708053 0.2774002786625148 0.46133154160538525 0.2771227641155213 0.46097449090958004 0.40240666045300655 0.5583503093750001 0.4026841750000001
0 0.3496747825275479 0.41471179301856653 0.24425292075527608 0.41350029915717945 0.24229451277576713 0.5839171884950444 0.347716374548039 0.5851286823564315
0 0.45579812707752093 0.42396402057457416 0.35271093058117786 0.42313894339635505 0.3513492261727467 0.593273681851812 0.4544364226690898 0.5940987590300311
0 0.7776756939656024 0.4507655335907342 0.6732300106952499 0.44995382341858986 0.6719036223428498 0.6206250093941078 0.7763493056132023 0.6214367195662521
0 0.8523205120746653 0.4599254181083395 0.7810893921096731 0.4591496933250142 0.7792598925350078 0.6271439439666748 0.8504910125 0.62791966875
0 0.1828725621052188 0.4631036668784973 0.14629881096020653 0.4625795734154351 0.14559629104248778 0.5116047768494376 0.18217004218750005 0.5121288703124999
0 0.21508674821310056 0.5091574145690407 0.19320017656250008 0.507153646875 0.19187939753254907 0.52158013202076 0.21376596918314955 0.5235838997148008
0 0.24131729397660476 0.5104973686479974 0.21627064843750016 0.5082062953125001 0.21479989664839544 0.5242849594770028 0.23984654218750007 0.5265760328125002
0 0.24144110077209352 0.48566239430279945 0.19372056562500004 0.48129743437499994 0.19163151797790653 0.5041362400722005 0.23935205312500005 0.5085012
0 0.2414607021374025 0.462490497938452 0.19374202968750007 0.45812312031250013 0.19183049942509772 0.4790088083115481 0.23954917187500016 0.4833761859375
0 0.18750767075107924 0.5227221999177982 0.17217275937500007 0.5225024015625 0.1718196823739209 0.5471359094572017 0.18715459375000004 0.5473557078125
0 0.204638273188103 0.5246732607266077 0.1903611171875001 0.5244684625 0.19001326274939717 0.5487185361483923 0.20429041875000004 0.548923334375
0 0.22209285400676926 0.5257376674796279 0.20675798281250007 0.525517696875 0.20640897880573092 0.5498479090828723 0.2217438500000001 0.5500678796875001
0 0.2396782369500791 0.5274858715751534 0.22419300854593574 0.5272644170371346 0.22384273253335668 0.5517574985869811 0.23932796093750003 0.551978953125
0 0.24214757927339084 0.5271488009378122 0.1235820750000001 0.5171609781250001 0.11940427228910933 0.5667556990621878 0.2379697765625001 0.576743521875
0 0.13641196606960343 0.4841191957016001 0.12450145468750007 0.48394823750000004 0.12406380268039671 0.5144390777359 0.13597431406250007 0.5146100359375001
0 0.13645882536840895 0.4530792995445806 0.12434328125000005 0.4529057640625 0.12392934338159119 0.4818052285804194 0.13604488750000007 0.4819787640625
0 0.5620358114452592 0.43381216021588703 0.45860188745990216 0.43267341825871036 0.45673135517489893 0.6025771378501888 0.5601652791602559 0.6037158798073655
0 0.6704697412349823 0.4419956497940739 0.5648956097334663 0.44114181007101394 0.5635168930356552 0.6116150429587985 0.6690910245371712 0.6124688826818586
0 0.24104766567327443 0.29672607552671143 0.07855489562901517 0.2959242303107578 0.07721719415975134 0.5670074929008665 0.23970996420401058 0.5678093381168201