0 0.17498281250000008 0.6442234375 0.1537828125000001 0.6442234375 0.1537828125000001 0.67161875 0.17498281250000008 0.67161875
0 0.24543125000000007 0.6456906250000001 0.2230937500000001 0.6456906250000001 0.2230937500000001 0.6722734375 0.24543125000000007 0.6722734375
0 0.2098750000000001 0.6445515625 0.1890031250000001 0.6445515625 0.1890031250000001 0.67161875 0.2098750000000001 0.67161875
0 0.9447671874999999 0.44144062500000014 0.8987875000000001 0.44144062500000014 0.8987875000000001 0.5355234375000002 0.9447671874999999 0.5355234375000002
0 0.8884390625 0.4682531250000002 0.841465625 0.4682531250000002 0.841465625 0.5082109375000001 0.8884390625 0.5082109375000001
0 0.8884390625 0.4363687500000002 0.8421046875 0.4363687500000002 0.8421046875 0.46506562500000015 0.8884390625 0.46506562500000015
0 0.887378125 0.5124625000000002 0.8410437500000001 0.5124625000000002 0.8410437500000001 0.5375453125000001 0.887378125 0.5375453125000001
0 0.9462768229612621 0.4006675042928135 0.8416461549804323 0.3999118609937697 0.8414052695191703 0.43326623170095635 0.9460359375000001 0.43402187500000017
0 0.9448235405403725 0.5431861506031599 0.9108562499999999 0.54304375 0.9107092719596276 0.5781029118968403 0.9446765625000001 0.5782453125000001
0 0.9086703125000002 0.5432734375 0.8411791603882122 0.5424227989121639 0.8407407655401299 0.5772058122859369 0.9082319176519178 0.578056450873773
0 0.9450578762546641 0.581683975771683 0.744930548284414 0.5801946477589671 0.7441066384674289 0.6909069077540028 0.9442339664376791 0.6923962357667186
0 0.7433265625 0.5822875 0.6465984375 0.5813984375000001 0.6456070278000133 0.6892617220120943 0.7423351528000133 0.6901507845120942
0 0.6443169042202282 0.5813823863482384 0.573065493132839 0.5810971281802646 0.572633543061925 0.6889890504012915 0.6438849541493142 0.6892743085692652
0 0.14536093750000012 0.544509375 0.04824778625607402 0.543633747028563 0.046972786256074005 0.685039997028563 0.1440859375000001 0.685915625
0 0.10110000000000008 0.50331875 0.048888460803768644 0.5031806864930056 0.04880215668935224 0.5358183526710136 0.10101369588558366 0.535956416178008
0 0.09310625000000006 0.39323125000000003 0.04918906250000005 0.39323125000000003 0.049189062500000054 0.4953453125 0.09310625000000007 0.4953453125
0 0.9017370995986409 0.5642527829560887 0.8166860608267263 0.33806892307390596 0.24566608458397104 0.5527873480059851 0.3307171233558856 0.7789712078881676
0 0.35092124107966866 0.5796696402855368 0.2540739565797653 0.5791484471754333 0.2534955942281625 0.6866188302712338 0.35034287872806585 0.6871400233813374
0 0.45027500000000015 0.5804859375 0.353652467893044 0.579316672121133 0.3523461386870272 0.687265507288828 0.4489686707939834 0.6884347726676949
0 0.5419578125000002 0.581115625 0.45278044629027175 0.5805010724131932 0.45203798055370603 0.6882398409243285 0.5412153467634344 0.6888543935111354
0 0.35178660203333795 0.39578435972741677 0.255372913829753 0.39551517941837216 0.2549532035416596 0.5458449602099229 0.3513668917452446 0.5461141405189675
0 0.44947390310889174 0.39599749845032994 0.3551732319161601 0.3954039285419015 0.35422748204546506 0.54565556077695 0.44852815323819667 0.5462491306853785
0 0.7441146651920929 0.39853921751655835 0.6485738279887292 0.39791711989696876 0.647596784729006 0.5479699863256466 0.7431376219323697 0.5485920839452362
0 0.8119796875000003 0.39920781250000015 0.7468329266958804 0.3989849700723624 0.7463204266958805 0.5488115325723625 0.8114671875000002 0.5490343750000001
0 0.19949062500000006 0.449275 0.16604843750000003 0.449275 0.16604843750000003 0.4916734375 0.19949062500000006 0.4916734375
0 0.2285250000000001 0.441428125 0.2095078125000001 0.441428125 0.2095078125000001 0.45475937499999997 0.2285250000000001 0.45475937499999997
0 0.2524078125000001 0.440871875 0.2306125000000001 0.440871875 0.2306125000000001 0.4557296875 0.2524078125000001 0.4557296875
0 0.25171718750000005 0.4573953125 0.2096453125000001 0.4573953125 0.2096453125000001 0.47850000000000004 0.25171718750000005 0.47850000000000004
0 0.25157031250000006 0.48043593749999997 0.20936250000000006 0.48043593749999997 0.20936250000000006 0.4997375 0.25157031250000006 0.4997375
0 0.20450781250000008 0.4174125 0.19048750000000006 0.4174125 0.19048750000000006 0.43893125 0.20450781250000008 0.43893125
0 0.2201937500000001 0.4174125 0.20714062500000008 0.4174125 0.20714062500000008 0.438653125 0.2201937500000001 0.438653125
0 0.2361640625000001 0.4178265625 0.22214375000000008 0.4178265625 0.22214375000000008 0.43906875 0.2361640625000001 0.43906875
0 0.25226562500000005 0.41755000000000003 0.2381062500000001 0.41755000000000003 0.2381062500000001 0.43893125 0.25226562500000005 0.43893125
0 0.2521244403669692 0.39474366900735164 0.14608144872051917 0.39454162365092393 0.1459948677126439 0.4399834455130642 0.2520378593590939 0.4401854908694919
0 0.15729062500000004 0.443128125 0.14640312500000002 0.443128125 0.14640312500000002 0.47026406249999997 0.15729062500000004 0.47026406249999997
0 0.15692812500000003 0.47303750000000006 0.14585000000000004 0.47303750000000006 0.14585000000000004 0.498696875 0.15692812500000003 0.498696875
0 0.5462523184789363 0.3962862052492976 0.45165426665729724 0.3959737757778825 0.4511578882861336 0.5462682619728143 0.5457559401077727 0.5465806914442293
0 0.6459476635036144 0.3974635423718701 0.5493739058425353 0.3968633426066956 0.5484343522525282 0.5480400440580186 0.6450081099136074 0.5486402438231932
0 0.25289565896530514 0.3950483017260464 0.10422968750000003 0.3936578125 0.10190277853469501 0.6424423232739536 0.25056875000000006 0.6438328124999999