0 0.15074090450594307 0.6168967660964745 0.12741795937500006 0.616551240625 0.1269614251815571 0.6473672667160256 0.15028437031250008 0.6477127921875001
0 0.22818662217561947 0.6219161828754566 0.20361226875000007 0.6215521187500002 0.20316842313688074 0.6515117280620437 0.22774277656250014 0.6518757921875002
0 0.18910481643363541 0.6189735886932133 0.16614285468750006 0.6186334109375 0.16569182419136474 0.6490779206817867 0.18865378593750007 0.6494180984375
0 0.9942787725090456 0.4306273213649011 0.9499706765625 0.4299709046875001 0.9484185165534542 0.5347416348850991 0.9927266124999999 0.5353980515625001
0 0.9394534982864824 0.4590074240704217 0.8864995046875 0.4566539140625002 0.8845491892135178 0.5005360274920787 0.9375031828125001 0.5028895375000002
0 0.9396067484305911 0.4239292929794449 0.8877216875000004 0.4216232906250002 0.8863210109444093 0.45313851795805543 0.938206071875 0.45544452031250016
0 0.9370828998706535 0.5075491947803596 0.8853153609375 0.5052484156250001 0.8840910845043466 0.5327946395946406 0.9358586234375001 0.5350954187500002
0 0.9962720332240593 0.38711520694958945 0.8881735979326632 0.38152954832670993 0.8862828740836038 0.4181204507521207 0.994381309375 0.4237061093750002
0 0.9926177095598796 0.5427489845618181 0.9615869139062772 0.5422892702870377 0.9610016949713979 0.5817916529127197 0.9920324906250002 0.5822513671875
0 0.9601365908054822 0.5424896305853818 0.8853771493297101 0.5382239459778064 0.8831995840861386 0.5763874710301141 0.9579590255619108 0.5806531556376895
0 0.9959612747343962 0.5863165576683258 0.7790783461045591 0.5750620547001953 0.7727724972089007 0.6965806130817023 0.9896554258387379 0.7078351160498327
0 0.776798171168471 0.5741143394345383 0.6703692890624999 0.5715510125 0.6674427405851101 0.6930607889864846 0.7738716226910811 0.6956241159210229
0 0.6679038831195963 0.5691246694728297 0.5895127866907888 0.5676492162755044 0.5872401088763742 0.688397001447104 0.6656312053051816 0.6898724546444293
0 0.11984035855709405 0.5040092750074996 0.01298815000000006 0.5014618171874999 0.009223303942906122 0.6593769406175004 0.1160755125000001 0.6619243984375001
0 0.07258522855155777 0.45906334373254537 0.014597823437500055 0.45663955781250004 0.01310741607121747 0.49229652529417767 0.07109482118527519 0.494720311214223
0 0.06480475051117655 0.3361499903064723 0.016489742187500045 0.3354342125 0.014804986988823534 0.44915520344352766 0.06311999531250005 0.44987098124999986
0 0.9482988962974781 0.556471393016323 0.8561523086115497 0.2978273668367336 0.23006069660828016 0.5208837678565086 0.3222072842942088 0.779527794036098
0 0.3453176672648734 0.55205462297219 0.23876371255929724 0.549902100895788 0.2363169640444239 0.6710208263610979 0.3428709187500001 0.6731733484375
0 0.45455156663227203 0.5588832426854422 0.3482343390625001 0.556020046875 0.3450095162919349 0.6757653381750088 0.4513267438617068 0.6786285339854511
0 0.5553696537676766 0.5636692638171279 0.4573289171875 0.5610956468750001 0.45416623685732355 0.6815764783703723 0.5522069734375001 0.6841500953125002
0 0.349250064243427 0.350270412310857 0.24317722995196664 0.34840258203419683 0.24022157721562837 0.5162521274893191 0.3462944115070888 0.5181199577659793
0 0.4566838382808692 0.35503732998776355 0.3529303360722637 0.3528465570680488 0.34938248186116494 0.5208704980317547 0.4531359840697705 0.5230612709514695
0 0.7806446318928767 0.37232796436183646 0.6755263114975845 0.37008554692431883 0.6719480061911798 0.5378265916457725 0.7770663265864721 0.5400690090832903
0 0.855233786531555 0.37743068662940255 0.7835596703925658 0.3761234788753961 0.7805213901110107 0.5427121891209936 0.85219550625 0.5440193968750001
0 0.18087292970897362 0.40331947000937046 0.14408187656250004 0.40277441718750007 0.14337501560352647 0.4504875159281296 0.18016606875000005 0.45103256875
0 0.2133459684666771 0.39721827489115885 0.19200008906250007 0.39626956875 0.19134939872082302 0.41091009542134127 0.21269527812500005 0.4118588015625001
0 0.23966755834972356 0.3977760357849657 0.21521705468750002 0.396689346875 0.21449185415027655 0.41300636109003436 0.23894235781250006 0.4140930500000001
0 0.23884205838275804 0.41592141412308214 0.19189116718750002 0.4138347078125001 0.19086106036724204 0.43701211087691794 0.23781195156250007 0.4390988171875
0 0.2382465520495968 0.4412484003346183 0.19120481093750005 0.43915765625000003 0.19026271357540334 0.46035484654038167 0.23730445468750005 0.46244559062499996
0 0.1868998177244567 0.36915955232600584 0.17147552500000002 0.36893104375 0.17111819165054337 0.39305098829899415 0.18654248437500004 0.39327949687499997
0 0.20414849158030918 0.3699576869947716 0.18978824062500002 0.3697449421875 0.18943590529469084 0.3935275380052284 0.20379615625000005 0.39374028281249995
0 0.22170406771789372 0.37116203308589935 0.20627977656249996 0.370933525 0.20592694946960627 0.3947493466016006 0.22135124062500006 0.39497785468749996
0 0.2394148254606451 0.3716403199789072 0.22383754531250002 0.37140954531250003 0.223482385476855 0.39538281908359285 0.23905966562500008 0.39561359375
0 0.24022026385991074 0.34703762936722476 0.12427898127295736 0.34210572790576127 0.12216691691204931 0.3917570546452074 0.23810819949900264 0.3966889561066709
0 0.13455668553067188 0.3952322777871623 0.12257892343750006 0.39505482968750005 0.12213159259432822 0.42524970033783777 0.13410935468750007 0.42542714843749996
0 0.13367089313844832 0.42809838635244163 0.12148341562500005 0.42791783125 0.12106004748655179 0.4564951995850584 0.13324752500000006 0.45667575468750005
0 0.5630918385804176 0.36015660320044307 0.45901574974395665 0.3582707267663613 0.4559707431339336 0.5263158715728216 0.5600468319703945 0.5282017480069034
0 0.6727119483943387 0.3663176693439266 0.5664576294706439 0.36408255048914306 0.5629025388251747 0.533086419987136 0.6691568577488695 0.5353215388419196
0 0.2405844137180333 0.34254825132984135 0.07700856562500005 0.3385933187499999 0.07027974565696676 0.6168970346076585 0.23385559375000003 0.6208519671874999