0 0.5470640625000001 0.5795281250000001 0.4546421875000001 0.5795281250000001 0.4546421875000002 0.75795625 0.5470640625000002 0.75795625
0 0.66138125 0.6255515625 0.5698609375000001 0.6255515625 0.5698609375000002 0.8069484375 0.6613812500000001 0.8069484375
0 0.2707359375000001 0.7267406249999999 0.021752644458199723 0.7260306293786845 0.0212057694581997 0.9178103168786844 0.2701890625000001 0.9185203124999999
0 0.9802328125 0.6538859375000002 0.8239328125000001 0.6538859375000002 0.8239328125000001 0.8398296875 0.9802328125 0.8398296875
0 0.9802250000000001 0.8575484375 0.8451078125 0.8575484375 0.8451078125 0.918290625 0.9802250000000001 0.918290625
0 0.9803703125000001 0.32562812500000005 0.737778125 0.32562812500000005 0.7377781250000001 0.7696000000000002 0.9803703125000001 0.7696000000000002
0 0.38055589561000136 0.2674900728241676 0.0219563356058423 0.26720599847551185 0.02156762749584106 0.7578893631513443 0.3801671875000001 0.7581734375000001
0 0.5557634655153108 0.7577571517142143 0.5552372656083346 0.3287202415472834 0.38780661259302385 0.3289255898330692 0.38833281249999996 0.7579625000000001
0 0.7301671875 0.7707 0.7300499945311537 0.3287450010322964 0.5629998063615853 0.3287892976406472 0.5631169993304317 0.7707442966083508
0 0.815287245618973 0.9593629924849936 0.81509375 0.7815562500000002 0.5263347108130662 0.7818704878530796 0.5265282064320391 0.9596772303380728
0 0.4120250000000002 0.921178125 0.3466421875000001 0.921178125 0.3466421875000001 0.9594156249999999 0.4120250000000002 0.9594156249999999
0 0.5203765625000002 0.767990625 0.2764718750000001 0.767990625 0.2764718750000001 0.9534671875 0.5203765625000002 0.9534671875