0 0.37050488286499556 0.48257435423380013 0.17293740776675104 0.4737935790467508 0.16838915781250002 0.5761292203124999 0.36595663291074454 0.5849099954995493
0 0.3251704350483249 0.35372987273812345 0.12431576250000002 0.34480299843749995 0.11981187939142086 0.4461403687762332 0.3206665519397457 0.45506724307685664
0 0.19390280625000011 0.781298615625 9.43689570931383e-17 0.7732346640625 -0.009391870216605975 0.9990681126913913 0.18451093603339402 1.0071320642538912
0 0.30884602076299905 0.013726489082522202 0.10295674687500003 0.004575854687500013 0.09590691986200102 0.16319696247997786 0.30179619375000005 0.17234759687500006
0 0.08333737031250002 0.003703882812500011 0.016079584385848767 0.0007146481934027276 0.01007181874999999 0.13588938906249998 0.07732960467665125 0.13887862368159726
0 0.6723148774189861 0.029880661005983584 0.1807197226727808 0.008031988889350927 0.16943006556629484 0.26204929038336744 0.6610252203125 0.28389796250000005
0 0.6970807000000001 0.6585821984375 0.1598590531250001 0.6585821984375 0.1598590531250001 1 0.6970807000000001 1
0 0.6486182512820292 0.4858671586962027 0.17358597613858978 0.4641708216091714 0.16511903125000008 0.6495510578125 0.6401513063934395 0.6712473948995312
0 0.6571936920492472 0.2923016741168133 0.16783752343750005 0.270422490625 0.1595676277275508 0.4553893784868694 0.6489237963392979 0.4772685619786827
0 0.15999615468750003 0.17585190312500004 0.005091444521830061 0.16853632600916577 -0.010012630110902459 0.4883596654747455 0.14489208005476753 0.49567524259057977
0 0.16050925805052554 0.5029417821368084 5.828670879282072e-17 0.4958080375000001 -0.011998198188842355 0.7657675030095292 0.14851105986168311 0.7729012476463375