0 0.5615234375 0.4417859375 0.40234375 0.4417859375 0.40234375 0.593153125 0.5615234375 0.593153125
0 0.8737376870114298 0.7351034986918497 0.8674468750000003 0.434253125 0.3991048206534071 0.44404620514408144 0.4053956326648366 0.7448965788359311
0 0.9446171874999999 0.4308250000000002 0.8811890625000001 0.4308250000000002 0.8811890625000001 0.5783531250000002 0.9446171874999999 0.5783531250000002
0 0.3332140625000001 0.562340625 0.2709640625000001 0.562340625 0.2709640625000001 0.59293125 0.3332140625000001 0.59293125
0 0.4925750000000001 0.6954109374999999 0.4045859375 0.6954109374999999 0.4045859375000001 0.74209375 0.49257500000000015 0.74209375
0 0.3970656250000001 0.5934640625000001 0.34287187500000005 0.5934640625000001 0.34287187500000005 0.74209375 0.3970656250000001 0.74209375
0 0.3943859375000001 0.4394765625 0.3407343750000001 0.4394765625 0.3407343750000001 0.51244375 0.3943859375000001 0.51244375
0 0.3965312500000001 0.5183453124999999 0.34126718750000007 0.5183453124999999 0.34126718750000007 0.5864953125000001 0.3965312500000001 0.5864953125000001
0 0.18136406250000006 0.4398765625 0.032607812500000055 0.4398765625 0.03260781250000007 0.5922046875 0.1813640625000001 0.5922046875
0 0.2564031250000001 0.4380890625 0.19476093750000006 0.4380890625 0.19476093750000006 0.58729375 0.2564031250000001 0.58729375
0 0.3323531250000001 0.43943750000000004 0.2689234375000001 0.43943750000000004 0.2689234375000001 0.5533453125000001 0.3323531250000001 0.5533453125000001
0 0.1036281250000001 0.598903125 0.033501562500000075 0.598903125 0.03350156250000008 0.7440875 0.1036281250000001 0.7440875
0 0.3323453125000001 0.60024375 0.11614062500000008 0.60024375 0.11614062500000008 0.6377703125 0.3323453125000001 0.6377703125
0 0.18895468750000008 0.6444609375 0.11704062500000009 0.6444609375 0.11704062500000009 0.7427390625 0.18895468750000008 0.7427390625
0 0.33324531250000006 0.6449078125 0.2019062500000001 0.6449078125 0.2019062500000001 0.7413984375 0.33324531250000006 0.7413984375
0 0.3804546875000001 0.67689375 0.3508687500000001 0.67689375 0.3508687500000001 0.71770625 0.3804546875000001 0.71770625
0 0.8774 0.6093500000000002 0.8037796875 0.6093500000000002 0.8037796875 0.7334171875000002 0.8774 0.7334171875000002
0 0.9480140625000001 0.5895421875000002 0.8807578125 0.5895421875000002 0.8807578125 0.7345328125000001 0.9480140625000001 0.7345328125000001