0 0.5389017067426847 0.3549663558748274 0.385230102822942 0.3463548709656469 0.37496428817498667 0.5295479229342204 0.5286358920947294 0.5381594078434009
0 0.532039171566559 0.3732245639457208 0.22567838119086864 0.36511608035706977 0.21303681569813837 0.8427491610183623 0.5193976060738287 0.8508576446070133
0 0.5276901916222758 0.9081100295579656 0.5226645718750002 0.8438893515624999 0.3630989802527242 0.8563762329420342 0.3681245999999999 0.9205969109375
0 0.4231260921875001 0.23006400468750005 0.3920715412057398 0.22832346512949436 0.38826703712124433 0.2962030864278752 0.41932158810300474 0.29794362598588087
0 0.2793485265625001 0.37742981875000003 0.23195520925098415 0.37477426672951103 0.22655250156250006 0.47119574062499997 0.27394581887401603 0.473851292645489
0 0.3914605169331 0.3609969500155714 0.3871666671874999 0.3061257734375 0.22773430025439997 0.3186018796719286 0.23202815000000004 0.37347305625
0 0.5490530198798124 0.34593329812132245 0.5448020953125 0.29161107656250007 0.46283828324518755 0.29802506281617763 0.4670892078124999 0.35234728437500007
0 0.46847659070213704 0.3544240675837841 0.46409696524965777 0.2984710478850221 0.38683968704752075 0.304518227176238 0.39121931249999997 0.360471246875
0 0.5607362859375 5.917129441164708e-17 0.397715228125 4.9189133579462385e-17 0.397715228125 0.14077763593750003 0.5607362859375 0.14077763593750006
0 0.5594753301421688 0.2045574395140862 0.5545902395705383 0.14214520239955977 0.39355243130336953 0.15474985038547348 0.39843752187500003 0.21716208749999993
0 0.553986307385319 0.2823549581295919 0.5489596390625 0.2181345046875 0.4237812832396811 0.2279324746829082 0.4288079515625001 0.29215292812500004
0 0.39878206562499996 4.106805949444201e-17 0.2468124953125 3.176260710189192e-17 0.2468124953125 0.07340021406250002 0.39878206562499996 0.07340021406250004
0 0.39323372343750007 0.07468743281250005 0.35513449594604385 0.0725522165348721 0.34244902343749994 0.29890245000000004 0.38054825092895617 0.301037666277628
0 0.3536490136092505 0.1519600155324979 0.3479504259678726 0.07914772302270492 0.23760006392112215 0.087784193427707 0.24329865156250002 0.1605964859375
0 0.34262772500000005 0.16601544062500004 0.24466698855434044 0.16052611814529355 0.23639645946339094 0.3081194001103898 0.33435719590905055 0.3136087225900963
0 0.303713647560013 0.3509409816693486 0.30136936428013333 0.3209877359414447 0.2555809557826203 0.3245713542720961 0.2579252390625 0.3545246
0 0.35032524749380745 0.8535180280237501 0.3444916578125 0.778979765625 0.20753002438119256 0.7896987969762499 0.2133636140625 0.864237059375
0 0.3656702977456716 0.9242504199119344 0.36034146250000004 0.8561538875 0.20284478819182844 0.8684786535255657 0.2081736234375 0.9365751859375001