0 0.5585039206685491 0.5516403742188535 0.5567428882114562 0.400313396426379 0.39410969082956593 0.4022060023805075 0.39587072328665895 0.5535329801729821
0 0.8665229334568212 0.25420277126047314 0.3996432055618455 0.2528639280583367 0.39877871490196987 0.5543280303568298 0.8656584427969454 0.5556668735589662
0 0.9397109375000001 0.41065625000000017 0.8762984024744274 0.40991880903642286 0.8745656250000001 0.5589203125000002 0.9379781600255729 0.5596577534635775
0 0.32883429546039683 0.4337729525253238 0.3284781247880759 0.4031921693042203 0.26551726682767907 0.4039254667788965 0.2658734375 0.43450625
0 0.49011783063065817 0.29884517425172996 0.48957500000000004 0.252175 0.4004977943693418 0.25321107574827006 0.40104062499999993 0.29988125
0 0.3940640625 0.25328593750000006 0.33988339600223444 0.25265597611162366 0.33814062500000003 0.40254531250000003 0.39232129149776557 0.4031752738883764
0 0.3887125000000001 0.4829671875 0.335073876190308 0.4823434959278322 0.3342109375000001 0.5565578125000001 0.3878495613096922 0.5571815040721678
0 0.39172031250000006 0.40889062500000006 0.33647091194725887 0.40824860787689293 0.3356640625000001 0.47768281250000005 0.3909134630527412 0.4783248296231072
0 0.17661875000000005 0.40568437500000004 0.027902791693994455 0.4039535939214419 0.026089680052153185 0.5597437390025397 0.1748056383581588 0.5614745200810979
0 0.25160156250000004 0.4097234375000001 0.18997453976680803 0.40900577859038323 0.18822033111688125 0.5596437138255521 0.2498473538500733 0.5603613727351691
0 0.3271562500000001 0.4427875 0.2637437518654665 0.4420490024359581 0.2624 0.5574328125 0.3258124981345336 0.558171310064042
0 0.10065000000000004 0.25470625 0.03054085304021687 0.25389060622954085 0.028832812500000048 0.4007062500000001 0.09894195945978322 0.4015218937704592
0 0.3285664946341458 0.39587890147199845 0.3281296875 0.3583609375 0.11105225536585421 0.3608882860280016 0.11148906250000001 0.3984062500000001
0 0.18596250000000003 0.25506093750000003 0.11406635938072482 0.25422421813001517 0.11290312521159711 0.35417654431825957 0.1847992658308723 0.3550132636882445
0 0.3313575038563619 0.3511890786380638 0.330235932120041 0.2547229747710762 0.1966534282636791 0.25627608363301235 0.19777499999999998 0.35274218749999997
0 0.37716874999999994 0.27786562500000006 0.34759238208594495 0.2775213977470953 0.34710935681716437 0.31902343728837745 0.37668572473121936 0.31936766454128224
0 0.8742984375000002 0.25637343750000013 0.8006980557166642 0.25551696163929194 0.7992343749999998 0.38129687500000015 0.8728347567833359 0.38215335086070834
0 0.9449249999999999 0.25443593750000015 0.8776853994862783 0.25365408168007314 0.8759812500000003 0.4002109375000001 0.9432208505137218 0.400992793319927