0 0.5854750595096674 0.42574720871188687 0.4282794656854628 0.4234183846201013 0.42576168743438514 0.593368381570008 0.5829572812585897 0.5956972056617935
0 0.7457097262492381 0.5864998224462434 0.7367814910624034 0.10164623480042405 0.42392470951876743 0.1074072707019635 0.4328529447056022 0.5922608583477829
0 0.576971769617277 0.09376584807514686 0.5759959109375 0.02789541874999999 0.42076779288272287 0.030195095674853144 0.4217436515624999 0.09606552500000001
0 0.5817312890625 0.6628950578125 0.5499627684095626 0.6624244129824935 0.5489906671875 0.7280412343750001 0.5807591878404375 0.7285118792050065
0 0.7391582000000001 0.4950293406250001 0.6906778620377507 0.4943111138624146 0.6893022484375002 0.5871650921875002 0.7377825863997496 0.5878833189500857
0 0.7385219038963307 0.6505403445086602 0.73768811875 0.5942598593749999 0.5815997273536693 0.5965722804913398 0.5824335125 0.6528527656249999
0 0.49987491546131346 0.6562961479678864 0.499049471875 0.6005787265624999 0.4215881564136866 0.6017263020321135 0.42241360000000006 0.6574437234375
0 0.5768694314945831 0.6546020393306409 0.5760191796875 0.5972100296874999 0.5035131075679169 0.5982841934818591 0.504363359375 0.6556762031250001
0 0.5809277964727605 0.9751565965497091 0.5786391421875001 0.8206724749999997 0.41579784102723966 0.8230849393877906 0.4180864953125001 0.9775690609375
0 0.5756402514652582 0.8068011264700733 0.5746918703125001 0.7427854015625 0.4177768360347419 0.7451100688424267 0.41872521718750005 0.80912579375
0 0.5415656726012051 0.7302708989673584 0.540589790625 0.664398846875 0.42029181958629486 0.6661810385326415 0.42126770156250004 0.7320530906249999
0 0.7363218706651669 0.9719260938446178 0.7352429546874999 0.8990993015625 0.5822437402723332 0.9013659577178821 0.5833226562500001 0.9741927499999999
0 0.6283039562500001 0.6631074906250002 0.5893324293406861 0.6625301348233981 0.58598749375 0.888313346875 0.6249590206593141 0.888890702676602
0 0.7362617431727171 0.8851522038503923 0.7351553265624999 0.810469084375 0.6308348662022828 0.8120145727121075 0.6319412828125 0.8866976921874998
0 0.7359833937500002 0.6605773812500001 0.635777389536335 0.659092848585188 0.6337118218750002 0.798518734375 0.7339178260886654 0.8000032670398121
0 0.71254996810277 0.6426184959617528 0.71209478125 0.61189335 0.6687816100222299 0.6125350259132472 0.6692367968749999 0.643260171875
0 0.7371994918696688 0.17179977740192093 0.7360668234375 0.0953447078125 0.6049000159428312 0.09728792103557903 0.606032684375 0.17374299062499998
0 0.7393475614039083 0.09180823387514037 0.7383128062500001 0.021962276562499994 0.5856032323460918 0.024224641124859635 0.5866379875000001 0.09407059843750001