0 0.5584623556487306 0.4278493643340598 0.39279387253999876 0.42469317217055824 0.38982687679610956 0.5804307378246303 0.5554953599048413 0.5835869299881318
0 0.8742960227544121 0.7355738254915988 0.8728927458293239 0.4260477088413942 0.39194885930003703 0.4282281305309522 0.3933521362251252 0.7377542471811568
0 0.9506315649000655 0.42321189100437434 0.8853834820842079 0.42279764195471514 0.8844143328091425 0.575447677512841 0.949662415625 0.5758619265625001
0 0.32128554596905096 0.5474124956785189 0.2568589859375 0.5461844703125001 0.2562591009059491 0.5776565636964811 0.32068566093750006 0.5788845890625
0 0.4845438043273176 0.6874827200525201 0.3934267359375 0.685745778125 0.39251114411018256 0.7337761940099801 0.4836282125000001 0.7355131359375001
0 0.38636345140065814 0.579978071973472 0.33061449375000007 0.5796238765624999 0.329638204849342 0.733287890526528 0.38538716250000005 0.7336420859375
0 0.3846152593678884 0.4214613894787972 0.3294240328125001 0.42111082499999997 0.3289426187571118 0.4969023948962029 0.3841338453125001 0.4972529593750001
0 0.3863066168670989 0.5026478458864656 0.3294582703125001 0.5022864468750001 0.32900782844540133 0.5731413041135346 0.38585617500000013 0.5735027031250001
0 0.16550805898586035 0.4164566059560051 0.012488971155212166 0.41548430445457524 0.01148054341935189 0.5741888750610703 0.16449963125000006 0.5751611765625001
0 0.24269750666965217 0.41722598012005907 0.17928820937500006 0.4168227703125 0.17830671989284788 0.571173079254941 0.24171601718750005 0.5715762890625
0 0.3208096874189821 0.420077526947479 0.2555600327979598 0.4196631663521752 0.25481035475397773 0.5377154956546962 0.320060009375 0.5381298562500001
0 0.08450561613167358 0.5796180389854094 0.012367106250000074 0.5791591875 0.011410924493326586 0.7294856641395904 0.08354943437500009 0.729944515625
0 0.3202342269892931 0.5864014553255306 0.09735964062500006 0.5821574484374998 0.09662436519820705 0.6207705352994692 0.3194989515625001 0.6250145421874999
0 0.1719724004700097 0.6281501177451638 0.09799678437500008 0.6276801953125 0.09734834484249047 0.7297581353798361 0.17132396093750007 0.7302280578125
0 0.32163879486061314 0.6324003670627197 0.18528585312500007 0.6298029890625 0.18339471920188696 0.7290806735622801 0.31974766093750007 0.7316780515624999
0 0.36873050650038636 0.6658318462600421 0.3382964500000001 0.6656385484375001 0.33802722631211385 0.7080268631149582 0.3684612828125001 0.7082201609375002
0 0.8803261080655144 0.6054832931918354 0.8045937366716711 0.6050029790979227 0.8037778598561568 0.7336443968435874 0.87951023125 0.7341247109375001
0 0.9530877049012763 0.5865641711212981 0.8839017704213846 0.5861247596253667 0.8829485077076086 0.7362172635040687 0.9521344421875002 0.7366566750000001