0 0.5870485144633087 0.4228730012937956 0.41081114685751974 0.42026207676418686 0.4084410350908209 0.5802445863915693 0.5846784026966099 0.582855510921178
0 0.5814844597794823 0.42924980830324033 0.0891051578352392 0.407314832506557 0.07496097280943585 0.7248125135675181 0.5673402747536789 0.7467474893642014
0 0.08216248593750011 0.40380586718749995 0.015406222213772174 0.39935544960591807 0.004788668750000025 0.5586187515625001 0.07154493247372795 0.5630691691440819
0 0.71736490625 0.5522478421875001 0.6499475247199309 0.5512490661767014 0.6494685359375001 0.5835808093750001 0.7168859174675692 0.5845795853857989
0 0.5668770078125001 0.690693496875 0.47139542569233905 0.689278956047443 0.4706644656250001 0.7386188 0.5661460477451612 0.7400333408275569
0 0.6392313531250002 0.5839924093750001 0.5821940013249842 0.5801899192171482 0.5715324531250001 0.7401131406250002 0.628569804925016 0.743915630782852
0 0.6523305828124999 0.42139879062499996 0.5958638680184413 0.41763434343003336 0.5905314640625 0.49762041250000005 0.6469981788565586 0.5013848596949667
0 0.6462149609375002 0.5046841828125002 0.5880511367529567 0.50080659512279 0.5830520359375001 0.57579311875 0.6412158601220436 0.5796707064397102
0 0.9725499453124999 0.42656563906250006 0.8211371873620884 0.41647145431677834 0.8098893281250001 0.5851893281250001 0.9613020860754118 0.5952835128707219
0 0.8065916390625001 0.42221734531250005 0.7417150216119477 0.4178922379542218 0.7309859187499999 0.5788287984375 0.7958625362005523 0.5831539057957782
0 0.7281732671875002 0.4224810890625001 0.661415359140893 0.41803056243744996 0.6531649078125 0.5417873484375002 0.7199228158591072 0.5462378750625503
0 0.9613533546875003 0.5945144843750001 0.8917554183985092 0.5898746222394273 0.8812930687499998 0.7468098765625001 0.9508910050389907 0.7514497386980729
0 0.8782061609374999 0.5946999140625 0.6478166340850842 0.5912867357701266 0.6472290421875 0.6309491875000002 0.8776185690399159 0.6343623657923736
0 0.8741424640625002 0.6413838531250001 0.7984549962368926 0.6363380220125868 0.7912741468749998 0.7440507640625001 0.8669616147006073 0.7490965951749134
0 0.7844839390625001 0.6405279906250001 0.6404932504056379 0.6383947961986813 0.6389823984375002 0.7403773500000002 0.7829730870943624 0.7425105444263189
0 0.6249117703125002 0.6719778500000002 0.5937734278504132 0.6699019604272748 0.5907924078125001 0.7146172593750002 0.621930750274587 0.7166931489477256
0 0.15134554531250005 0.5935582687500001 0.07386229932796376 0.5883927192640928 0.06485951718750005 0.7234344578125 0.14234276317203637 0.7286000072984072
0 0.07144312500000007 0.5714347265625 0.00009194211105172379 0.5703776717105208 -0.002178325396258597 0.7236206863162742 0.06917285749268974 0.7246777411682535