0 0.6223136121273787 0.43932375142541025 0.444220029819427 0.429342243457184 0.4355021042602861 0.5848905431794111 0.6135956865682378 0.5948720511476374
0 0.6126291294476007 0.2847404155583248 0.13057069966767476 0.26469668867367224 0.11766580085169578 0.575063882135235 0.5997242306316217 0.5951076090198875
0 0.1196494265625 0.5784753046875 0.11429370188062485 0.4202300096940331 0.049000022891843506 0.4224398382272928 0.05435574757371866 0.5806851332207597
0 0.7468855756482891 0.44654019244553594 0.6797803953125001 0.44277716875000006 0.678017722789211 0.47421052317946427 0.7451229031250001 0.4779735468750001
0 0.6051973983516011 0.28483492962743806 0.510022653125 0.2794976343750001 0.5073324772325233 0.3274688994205797 0.6025072224591244 0.33280619467301764
0 0.6697913625 0.44166612968749985 0.6644264001138193 0.2831383282465389 0.6086384449844544 0.285026326932892 0.6140034073706352 0.443554128373853
0 0.6773807171875 0.6008270609374999 0.6746610873247572 0.5204924331367289 0.6194313292253414 0.522362168561554 0.6221509590880843 0.6026967963623251
0 0.6740713984375 0.5193410406250001 0.6715170612797068 0.4438335274573905 0.614628853125 0.44575799375 0.6171831902827932 0.5212655069176095
0 0.9955134765625001 0.6182517562500001 0.9897234670369546 0.4471354345839412 0.836595628125 0.4523167734375 0.8423856376505455 0.6234330951035588
0 0.8281482796875 0.6107101781250001 0.8227420223748834 0.4508994174593604 0.7592866671875 0.45304605625 0.7646929245001168 0.6128568169156396
0 0.7515282078125 0.6050248390625 0.7473468196468382 0.4815001632364666 0.682053190625 0.48371039375 0.6862345787906617 0.6072350695760335
0 0.9890346593749999 0.4539582078125 0.9837389707154773 0.2975101864483308 0.911550057474296 0.2999537456947895 0.9168457461338185 0.45640176705895874
0 0.9058216982773892 0.40922794400291673 0.6791116843750001 0.3965157343750001 0.6769493048476108 0.4350796903720835 0.9036593187499999 0.4477919000000001
0 0.9011834406249998 0.40207050156249996 0.8975244421399171 0.29390167793113803 0.8234953046874999 0.2964058421874999 0.8271543031725825 0.40457466581886187
0 0.8191004561534413 0.2975403812210372 0.6745601437500002 0.2894384578125001 0.6690021610340589 0.388594240653963 0.8135424734375001 0.3966961640625001
0 0.6586173828125 0.3550385296875 0.6570980024274443 0.3101433378077209 0.6266442296875 0.3111739796875 0.6281636100725556 0.3560691715672791
0 0.19333620156250003 0.3985781359375 0.18876888709242504 0.26361646837207287 0.11298508906249997 0.26618111093749997 0.11755240353257498 0.4011427785029271
0 0.114547490625 0.4145813265625001 0.10926851751121891 0.25859784353215953 0.0400342353038274 0.260940950040774 0.045313208417608504 0.41692443307111454