0 0.4164402258349568 0.3494797920788583 0.31206036494395695 0.3470501500861186 0.30897255951994296 0.47970537319313344 0.4133524204109428 0.48213501518587326
0 0.22448571884852306 0.5452055009956894 0.17083294195033918 0.5439567073054705 0.16791291887062149 0.6694116547965812 0.2215656957688054 0.6706604484868001
0 0.2752669706155434 0.5440242529353606 0.22941810231844756 0.5429570096010643 0.2265063166028299 0.6680475821955033 0.2723551848999258 0.6691148255297996
0 0.7997737113848158 0.5815480029989615 0.7986155142874816 0.5317972685773873 0.7349114072633978 0.533280300188908 0.736069604360732 0.5830310346104822
0 0.3045328125000001 0.36079375 0.28680825448716446 0.36038136557452966 0.2858999636661149 0.39942031165464587 0.30362452167895054 0.3998326960801163
0 0.3063843750000001 0.3513421875000001 0.2564958678994683 0.3497507784285758 0.25241383920695293 0.477716818755888 0.30230234630748465 0.4793082278273123
0 0.9313275914972546 0.581490479374432 0.9288453125 0.48126406250000003 0.8036083460027456 0.48436577062556807 0.8060906250000001 0.5845921875
0 0.6903765625000001 0.34962187500000014 0.6726707889488928 0.3492092888239527 0.6718327761098342 0.38517187415202364 0.6895385496609415 0.3855844603280711
0 0.6891593750000001 0.3882718750000001 0.6719311715901463 0.3878709993183719 0.6711171874999999 0.42285312500000016 0.6883453909098538 0.4232540006816283
0 0.7216687500000001 0.3426953125000001 0.6729170329316534 0.3415153013744496 0.6698515625000001 0.4681640625000002 0.7186032795683468 0.4693440736255507
0 0.8027671874999998 0.3042265625000001 0.7316239351962988 0.3025711207093764 0.7281187499999999 0.4532078125000001 0.799262002303701 0.4548632542906237
0 0.9310578124999997 0.30173281250000006 0.8145919138369042 0.29902168978356325 0.8104003332933255 0.47908590888621544 0.926866231956421 0.4817970316026522
0 0.86512237977668 0.5208548476418682 0.864421875 0.4907421875 0.81620262022332 0.4918639023581318 0.816903125 0.5219765625
0 0.16936098354262064 0.4395442503645598 0.1665249941506965 0.317673186137691 0.03655307310807587 0.3206976857731312 0.0393890625 0.44256875000000007
0 0.1606125000000001 0.505878125 0.03645021288057017 0.5029880999550487 0.03249687500000005 0.6728328125 0.15665916211942996 0.6757228375449513
0 0.16425245408536437 0.5031189380584304 0.162846875 0.4427546875 0.03535848341463564 0.4457232494415696 0.03676406250000001 0.5060875
0 0.24537947262198276 0.5353016877412522 0.24371562500000005 0.463746875 0.16839396487801733 0.4654983122587478 0.17005781250000002 0.537053125
0 0.24821562500000013 0.3161671875 0.17702410270473812 0.31450963974547963 0.17357812499999997 0.4625140625000001 0.24476964729526202 0.4641716102545205
0 0.45640185760685653 0.6638064246170574 0.45352031249999997 0.5400343750000001 0.2750700173931434 0.5441888878829426 0.27795156249999997 0.6679609375
0 0.5593750000000001 0.5375703125000002 0.45801920080645797 0.5352117151506842 0.45508281250000016 0.6613968750000001 0.5564386116935423 0.6637554723493161
0 0.67461875 0.5344875000000001 0.6255704028643495 0.5333450378755528 0.6242046875 0.591978125 0.6732530346356506 0.5931205871244474
0 0.6192312500000001 0.5792500000000003 0.5626128952526471 0.5779326770115297 0.5606884081333529 0.6606468597750395 0.6173067628807059 0.66196418276351
0 0.6738515625000001 0.595771875 0.6231549760639219 0.594591642392186 0.6216499636442084 0.6592390616536258 0.6723465500802868 0.6604192942614397
0 0.6221556355186413 0.574574685840793 0.6212437491539038 0.5353984011501798 0.5614193636352625 0.5367909028093869 0.56233125 0.5759671875000001
0 0.8007823521363662 0.5220499042980948 0.7992375 0.4556859375 0.7256004603636338 0.4574000957019052 0.7271453125 0.5237640625000001
0 0.7190866720962683 0.5246402758650841 0.7179718749999999 0.4767421874999999 0.24929457790373166 0.48765034913491573 0.250409375 0.5355484374999999
0 0.6688890625 0.3434703125000001 0.5648518100601521 0.34104909735208655 0.5617125000000001 0.4759421875 0.665749752439848 0.47836340264791355
0 0.5618038560743834 0.47691933842398226 0.559709375 0.34636718750000006 0.4145195873909368 0.34869650387042134 0.4166140684653203 0.47924865479440354
0 0.9266521085823529 0.6510803810566361 0.9251234374999999 0.5854 0.8027682039176472 0.588247743943364 0.8042968750000001 0.653928125
0 0.7295265625 0.5335671875000001 0.6803532883778982 0.5324227825412544 0.6791124999999999 0.5857375 0.7282857741221017 0.5868819049587457
0 0.7984789642636183 0.6551429232355307 0.796884375 0.5865828124999999 0.6751179107363815 0.5894148892644693 0.6767124999999999 0.6579750000000001