0 0.46876007440441053 0.3323621504267134 0.3322393622970776 0.3304817708513131 0.33071070031099425 0.4414668217642834 0.46723141241832716 0.44334720133968386
0 0.6679435142835893 0.18986361442295524 0.5368879733613404 0.18805894868174192 0.5361024097249611 0.24510689110310074 0.6671579506472101 0.246911556844314
0 0.6673776578598751 0.2521008424402339 0.5363606496689618 0.25029764404448945 0.5356896962191865 0.29904786134304173 0.6667067044100998 0.3008510597387862
0 0.5847209633375425 0.7901548938816003 0.5317883454941185 0.7897064234028587 0.5312324399693359 0.8553195152231605 0.58416505781276 0.8557679857019022
0 0.3825261996782047 0.30466366085852314 0.3418150609375 0.30410280625 0.34155542792291926 0.3229489662309262 0.38226656666362396 0.32350982083944935
0 0.46573137634630746 0.2722863878804836 0.3319649162880149 0.27146005221505237 0.3316369765625001 0.3245466343750001 0.46540343662079253 0.3253729700404313
0 0.5874885191087603 0.8642006842913462 0.4808414074587922 0.8631383679332302 0.47956342116253214 0.9914368227043842 0.5862105328125002 0.9924991390625001
0 0.3734555411242427 0.7143966276542455 0.3360153078125001 0.7138821828124999 0.3357566271235984 0.732708429204362 0.37319686043534095 0.7332228740461074
0 0.4135034525731949 0.7151195223584424 0.37708174062500005 0.7146178796875 0.3768294380518052 0.7329362807665577 0.41325114999999996 0.7334379234375001
0 0.4616717223623031 0.7155577393942972 0.3292998640625001 0.7144519500000001 0.3288669647095278 0.7662734741575467 0.4612388230093307 0.7673792635518438
0 0.446977696789718 0.7769186154181369 0.29000602812500015 0.7747567359375 0.28896421102278225 0.8504019189568635 0.44593587968750015 0.8525637984375001
0 0.476038725019256 0.8654177969941073 0.28978375781250015 0.8628529593750001 0.28807846618025945 0.9866888835967924 0.4743334333870154 0.9892537212158995
0 0.5210843721478897 0.8738409702750619 0.4890458468750002 0.873570075 0.48862395753961063 0.9234665234749382 0.5206624828125002 0.9237374187500003
0 0.42442267803090655 0.04360295900030612 0.29475725312499995 0.042504245312500036 0.2936326922815934 0.17522003943719394 0.4232981171875001 0.17631875312500006
0 0.6698075536344835 0.046038862712113784 0.49474885000000013 0.043629076562500056 0.4929315260530167 0.1756484154128864 0.6679902296875001 0.1780582015625001
0 0.49190663489024483 0.04366025185526994 0.4276816780964154 0.043115787181852876 0.4265560932061706 0.175889582201583 0.49078105 0.17643404687500006
0 0.5269268189239632 0.18652305115839812 0.4507968 0.18587738281250002 0.45014483107603676 0.26275029571660197 0.52627485 0.2633959640625
0 0.4481345089165898 0.18774015159764842 0.293967109375 0.18561898593750004 0.29292561139591033 0.26131558902735164 0.4470930109375001 0.2634367546875001
0 0.6677997267288706 0.30608775143440287 0.536111640625 0.30497188437500006 0.5345514357711296 0.48909811106559725 0.666239521875 0.49021397812500006
0 0.6641760415869802 0.49484758473656365 0.5345185296875001 0.4930637375000001 0.53303581935052 0.6008333543259364 0.6626933312500001 0.6026172015625
0 0.5927442976371161 0.6719075113331899 0.5325852343750002 0.6710804109375001 0.5318682164253843 0.7232326386668102 0.5920272796875001 0.7240597390625001
0 0.664791599820422 0.6070870431266411 0.5793676140625001 0.6059096218750001 0.5785378460240047 0.666110754650564 0.6639618317819266 0.667288175902205
0 0.6642183228590293 0.6718400667542581 0.5977398546875001 0.6709251890625001 0.5969980172635165 0.7248298978809802 0.6634764854350457 0.7257447755727382
0 0.5744739899607757 0.6052730837265229 0.5327921375000002 0.6049200812500002 0.5322685225392245 0.6667475272109774 0.5739503750000001 0.6671005296875002
0 0.521572757278524 0.7782830604163934 0.45096439062499993 0.7776849390625 0.45032646772147605 0.8529918880211067 0.5209348343750001 0.853590009375
0 0.5265915480817682 0.2720209372044186 0.475630084375 0.27158945468750006 0.4714327894182319 0.7673228534205816 0.5223942531250001 0.7677543359375002
0 0.4687105776269121 0.6009060162210847 0.32991535625000007 0.5989949546875 0.3283922270605882 0.7096157009664154 0.46718744843750015 0.7115267625000001
0 0.46964348936213157 0.446493954687483 0.3308423295691506 0.4460196516000434 0.33033683844953077 0.5939477497430682 0.4691379982425117 0.5944220528305078
0 0.6611682697010057 0.8654320833906984 0.5912872265626121 0.8648404093617715 0.5902111802991066 0.9919293665960731 0.6600922234375001 0.992521040625
0 0.586976075688774 0.7300355677263644 0.53247131875 0.7292851 0.531751414936226 0.7815700697736357 0.586256171875 0.7823205375
0 0.6634612858131034 0.7299363315189598 0.590516414776795 0.7293198941256709 0.5894487680261917 0.8556577110442112 0.6623936390625003 0.8562741484375002