0 0.6772515380483999 0.3797520472279584 0.571401845473152 0.3773998318085872 0.5684891348785162 0.508471806961815 0.6743388274537642 0.5108240223811863
0 0.8113769967508123 0.5794557339192028 0.7569682757074571 0.5782466510895687 0.7541820412309772 0.7036271880359481 0.8085907622743325 0.7048362708655822
0 0.7520389497214227 0.5773752733658282 0.705544224728879 0.5763420573217877 0.7027605940625115 0.7016054454196484 0.749255319055055 0.7026386614636889
0 0.2385150064121405 0.5590300237429249 0.17551051978723056 0.5566965238696058 0.1736435753875108 0.6071040146976572 0.23664806201242078 0.6094375145709763
0 0.7022973334186822 0.39087408834680415 0.6843214828125002 0.3904746250000001 0.683455654081318 0.42943691790319605 0.7014315046875 0.42983638125000007
0 0.7335077413828974 0.3816222475941852 0.6828813984375001 0.3808817984375001 0.6810074088101794 0.5090111111557298 0.7316337517555768 0.509751560312415
0 0.1696462933409363 0.5087127417291557 0.04588470468750006 0.503724625 0.04179213324089809 0.6052665839017697 0.16555372189433434 0.6102547006309254
0 0.3116520735458612 0.3741827029012331 0.29369680000000004 0.373783696875 0.2929001764541389 0.409631761161267 0.3108554500000001 0.4100307671875
0 0.31061931836917106 0.4133167700405102 0.29314996406250005 0.41292856250000004 0.2923750550683291 0.4477994971469898 0.3098444093750001 0.44818770468749997
0 0.31117158467684325 0.36715908312634293 0.2617517667756664 0.3663278536830693 0.2596170664738232 0.49324407524422637 0.30903688437500004 0.49407530468750005
0 0.2540001747953244 0.32786557663279364 0.18185302343750004 0.32626230624999997 0.17851395957967572 0.47652014680470633 0.2506611109375001 0.4781234171875
0 0.17002478533286042 0.3245733193962858 0.05191789687500005 0.321948721875 0.0479490177921397 0.5005482806037143 0.16605590625000005 0.5031728781250001
0 0.15861716164147915 0.5159904154758082 0.11075569531250004 0.5142177687499999 0.10962563054602097 0.5447295204616918 0.15748709687500007 0.5465021671875
0 0.9539108777111232 0.3534761597605621 0.8262127984375003 0.34874660156250015 0.8216394738513776 0.47222637305193815 0.9493375531250005 0.4769559312500002
0 0.949443775095846 0.542154378341682 0.8235305203125 0.53935630625 0.8197971186541542 0.7073593950958181 0.9457103734375002 0.7101574671875002
0 0.9513369672083012 0.48013221794473504 0.8241753156250002 0.47542252656250017 0.821910148416699 0.5365820336177654 0.9490717999999999 0.5412917250000001
0 0.8152049874954141 0.4982850000109046 0.741228340625 0.4955451234375001 0.738543220317086 0.5680433515515957 0.8125198671874999 0.5707832281250002
0 0.8156659435370054 0.3476870720277795 0.7434713078125 0.34608274687500007 0.7401915470879946 0.4936719873472207 0.8123861828125001 0.49527631250000015
0 0.7017554349470071 0.5763945258282992 0.525027284375 0.5698490390625002 0.5203826791154931 0.6952533866717011 0.6971108296875002 0.7017988734375001
0 0.5206148932998544 0.5681628929789445 0.4178310828125002 0.5658788093750001 0.41506390513764585 0.6904018632710557 0.5178477156250001 0.6926859468750001
0 0.3508880918654219 0.5622571381124807 0.3011470453125001 0.56115178125 0.2998626800095783 0.6189482056375193 0.3496037265625001 0.6200535625000001
0 0.41264757850299827 0.6085129844051999 0.35523312187500006 0.6072371078125001 0.3534121964970019 0.6891787640323003 0.4108266531250001 0.6904546406250001
0 0.35051240992886556 0.6243423573229847 0.29910151093750004 0.6231998937500001 0.2976829478836345 0.6870352786145153 0.34909384687500006 0.6881777421874999
0 0.41453482377517653 0.5650140257642424 0.35521466250000006 0.5628169828125 0.35374453559982344 0.6025104101732576 0.41306469687499997 0.604707453125
0 0.25088618786683775 0.4823219093974556 0.17845098437500007 0.4796391234375001 0.17596061213316241 0.5468791577900445 0.24839581562500013 0.54956194375
0 0.732929290052934 0.5196090588319231 0.2598628343750001 0.5020880796875 0.25806547244706624 0.5506168536680771 0.7311319281250002 0.5681378328125002
0 0.4212657174379605 0.3702025756919293 0.3157626578125 0.36785806406249993 0.31280144193703957 0.5011128243080707 0.4183045015625001 0.5034573359375001
0 0.5671073043412833 0.37398282975329683 0.42603924507659857 0.3723086297897281 0.424442754642274 0.5068288854972642 0.5655108139069587 0.508503085460833
0 0.16664885945980343 0.6137081905067376 0.044856821875000084 0.6091973750000002 0.04239210460269672 0.6757447516807626 0.16418414218750008 0.6802555671875001
0 0.29539593823568805 0.5605610520056274 0.24552826875000008 0.5594528828125 0.24436362426431213 0.6118619433068727 0.2942312937500001 0.6129701125000001
0 0.29590665277053535 0.6166680642714375 0.17480246250000006 0.6121827249999999 0.1722297409794648 0.6816462232285624 0.2933339312500001 0.6861315625