0 0.5136975176576585 0.673360347757786 0.5104139071282723 0.5664465097204429 0.3769846716962739 0.5705444791735592 0.3802682822256601 0.6774583172109023
0 0.7122230073287554 0.8072795555291783 0.7105349753172504 0.7523234887520737 0.5834642188904856 0.756226597492452 0.5851522509019905 0.8111826642695567
0 0.7087686042298079 0.7473770895545997 0.7073257915310431 0.7004153740583023 0.5804687366256518 0.7043128247329871 0.5819115493244166 0.7512745402292843
0 0.6040651448318174 0.2305016605625208 0.6003620983458009 0.16631781568510534 0.5495839025394632 0.16924743169527176 0.5532869490254797 0.23343127657268722
0 0.4325726312499999 0.7014097375 0.4320142903743059 0.6832533447600297 0.3925066140624999 0.684468275 0.3930649549381939 0.7026246677399703
0 0.5137552376768628 0.7312301735535532 0.5125736035411125 0.6800966100685562 0.3827991484375 0.6830955390625001 0.38398078257325036 0.7342291025474972
0 0.603191621875 0.1587207671875 0.5957344133835024 0.03271767308560163 0.4934402796874999 0.038771720312500015 0.5008974881789975 0.1647748144143984
0 0.40444625468749995 0.3071535328125 0.40388865947234115 0.2890179202539902 0.367521275 0.29013606718749996 0.36807887021515884 0.3082716797460098
0 0.44291841249999997 0.3058074421875 0.442376438084714 0.28816103776120583 0.4069999977489033 0.28924755516739964 0.4075419721641893 0.3068939595936938
0 0.4891947703124999 0.304601703125 0.48793199609120963 0.2546845809734236 0.35933982921848595 0.257937630556163 0.36060260343977624 0.3078547527077393
0 0.4718823796875 0.24578558750000004 0.46964425613844235 0.1729154045582839 0.31724708281249997 0.1775961078125 0.31948520636155764 0.2504662907542161
0 0.4953878828124999 0.16013136875 0.49172261696239106 0.04083823350928435 0.3101862625 0.0464159140625 0.3138515283501089 0.16570904930321564
0 0.538924175 0.15110905156249999 0.5361151079858159 0.10242074058288408 0.5053773764622427 0.1041941507911344 0.5081864434764267 0.1528824617707503
0 0.4852798953125001 0.9513598390625001 0.4777580511760321 0.820941106722948 0.3533699921875 0.8281151343750001 0.360891836323968 0.9585338667145521
0 0.7204636265625001 0.9457040937500002 0.7165566846029753 0.8185277757682904 0.54560565625 0.82377950625 0.5495125982095248 0.9509558242317098
0 0.55017926875 0.9505403156250001 0.5427330701902731 0.8214215423452919 0.4811204828125001 0.8249747015625001 0.48856668137222686 0.9540934748422083
0 0.5770818140625 0.81239190625 0.5727222402044514 0.7368264181918577 0.499690840625 0.74103979375 0.5040504144830485 0.8166052818081425
0 0.5009047921875001 0.8129002484375001 0.4986641545685143 0.7399804787244882 0.34895706875000004 0.7445805937500001 0.35119770636898584 0.8175003634630119
0 0.706849 0.69472451875 0.6964698080633295 0.5147846473329322 0.570141489170773 0.5220714474095182 0.5805206811074435 0.702011318826586
0 0.6939139390624999 0.513774784375 0.6907252010091317 0.40995861628517893 0.5639005906250001 0.4138540640625 0.5670893286783683 0.517670232152321
0 0.6171309078125 0.34449079531250004 0.6155867058384897 0.29425174993002085 0.5566981769521415 0.2960618118422357 0.5582423789261517 0.3463008572247149
0 0.6894312625000001 0.40571856562499997 0.6876495290970273 0.3477242499316766 0.6043192515625 0.35028436875 0.6061009849654729 0.4082786844433234
0 0.6858465156250001 0.34339530312500005 0.6842510598360121 0.29146800248537164 0.6192521359375001 0.29346508125000004 0.6208475917264882 0.3453923818896285
0 0.6029731515625 0.4087081421875 0.5994915353061329 0.3483405764590624 0.5595061187860783 0.3506466803162244 0.5629877350424454 0.411014246044662
0 0.5439067562500001 0.24288694843749997 0.5396417255006971 0.16894316348671093 0.47190711249999995 0.17285005312499999 0.47617214324930296 0.24679383807578908
0 0.5727174296875 0.7302249437500001 0.5451382234997421 0.25205265670631605 0.49625089841573733 0.2548722965202322 0.5238301046034952 0.7330445835639162
0 0.5009399359375 0.4148637796875 0.4976653405496988 0.3082994583017477 0.3620009593749999 0.31246826406249995 0.36527555476280116 0.41903258544825217
0 0.5094254960586229 0.5633108584020341 0.5020672142785283 0.417348027832196 0.3688022828125 0.42406618281249997 0.37616056459259456 0.570029013382338
0 0.6739973734375 0.1567292625 0.6668600373010357 0.032967015134783714 0.5998215359375 0.0368331078125 0.6069588720739643 0.16059535517771625
0 0.6088299484374999 0.28863305000000006 0.6072828071037586 0.23826608616296294 0.5538232640624999 0.23990822343749993 0.5553704053962412 0.29027518727453705
0 0.6826207781250001 0.2871020484375 0.6755203153348541 0.16399835041032382 0.6055458765624999 0.1680343859375 0.612646339352646 0.29113808396467616