0 0.6609977627698149 0.6057243262844033 0.5239734297588853 0.5944179019383341 0.5154188956743282 0.6980916445184294 0.6524432286852578 0.7093980688644986
0 0.4665982048483378 0.7769807715125634 0.3388948430937696 0.7664440327351209 0.33449786197890485 0.8197346458745187 0.46220122373347305 0.8302713846519613
0 0.4654311676387615 0.7261584304192252 0.3383496639613784 0.7156731620258363 0.3345923603649924 0.7612116997996752 0.4616738640423755 0.771696968193064
0 0.457191697012964 0.26397903491449315 0.45660101491420557 0.19818618432196217 0.4068200693938258 0.19863311302490397 0.4074107514925843 0.26442596361743487
0 0.6454014807003859 0.7160191271142191 0.6055627656250001 0.7127342125000001 0.6041110302371143 0.7303405369482809 0.6439497453125 0.7336254515625
0 0.656765343994494 0.7152961598752403 0.5273011343750001 0.7057313765625001 0.5236326185055062 0.7553866057497599 0.6530968281250001 0.7649513890625002
0 0.503689156498174 0.19356876711782411 0.5029756762013874 0.0690035218171562 0.4026466437499999 0.06957818281249997 0.4033601240467865 0.1941434281131679
0 0.6441229266975022 0.33054296367801295 0.6073632171875001 0.3275107406250001 0.6059125826774978 0.34509681600948716 0.6426722921874999 0.34812903906250003
0 0.6054267287570025 0.3276682242728932 0.5696674078125 0.32471647031250006 0.5682549370478723 0.34182798979372464 0.6040142579923747 0.3447797437541178
0 0.6528885766032003 0.30014696553233267 0.5244969926741765 0.2896724619165687 0.5205456691440016 0.338105944329204 0.6489372530730253 0.348580447944968
0 0.6907979289760664 0.22311879477944924 0.53695148125 0.2104264703125001 0.5311218741489336 0.28108841615805097 0.684968321875 0.2937807406250001
0 0.6932733281643974 0.0951615752528715 0.5079801734375 0.07987285937500008 0.49843547964810275 0.19555075130962868 0.6837286343750001 0.2108394671875001
0 0.496038715625 0.18785721093750002 0.4955921457457049 0.13829658021216323 0.46545818064186334 0.13856810462503205 0.4659047505211585 0.18812873535036884
0 0.6925329625 0.9830066093750001 0.6913144967399645 0.8475865079019804 0.5693697796875 0.8486837265624999 0.5705882454475355 0.9841038280355194
0 0.5144876116109631 0.8456861800002992 0.3390755906250001 0.8312134609375 0.32890064150347254 0.9545357185652467 0.5043126624894356 0.9690084376280457
0 0.5674365156250001 0.9738309718750001 0.5662662887736142 0.8436670627976497 0.5058639359375001 0.8442101046875002 0.5070341627888861 0.9743740137648507
0 0.543335890625 0.8379006593749999 0.5426308169648888 0.7593800350734858 0.47103372656250003 0.7600229390624998 0.47173880022261117 0.838543563364014
0 0.6967589104974934 0.7775837693558609 0.5455467593750001 0.7651066890625 0.5397122237494509 0.8358165556335726 0.6909243748719442 0.8482936359269336
0 0.461093125 0.7202354984375 0.4594391174963538 0.5362702918310329 0.3355920968755425 0.5373837844592845 0.3372461043791888 0.7213489910657515
0 0.46780521278058196 0.44255126176160575 0.3370825578125 0.4317681140625001 0.3287783872194181 0.5324384616758944 0.4595010421875001 0.543221609375
0 0.46241509649829676 0.3269993033536057 0.4015854515625 0.3219793984375 0.39756517873145236 0.37069581298014237 0.4583948236672491 0.37571571789624814
0 0.4200787903208919 0.37782035078324544 0.3348240859375001 0.37078774375 0.33018513311660824 0.4270247195292547 0.4154398375 0.4340573265625001
0 0.4012368231022404 0.3212931616845428 0.3343196984375 0.31577179375000003 0.33016499408525946 0.36612541487795724 0.39708211874999993 0.37164678281249997
0 0.4592863546874999 0.43800133125 0.45873231913700885 0.3764335663556695 0.4195323406238728 0.37678631883437386 0.4200863761743639 0.4383540837287043
0 0.5334499421875 0.28061180624999993 0.5327610549642519 0.20400829686127175 0.4663568859374999 0.2046054625 0.46704577316074813 0.2812089718887282
0 0.5185573843750001 0.7555830328125 0.5143216535432551 0.2849102428309366 0.4663946181437161 0.2853415531293796 0.47063034897546113 0.756014343110943
0 0.6588275982661732 0.35337306828280884 0.5192705671875001 0.3418591781250001 0.510745109546327 0.4451941535921914 0.6503021406250001 0.45670804375000007
0 0.6509840046875001 0.6006282749999999 0.6499177161038061 0.45152528145266563 0.5194625011342252 0.4524582131336198 0.5205287897179192 0.6015612066809541
0 0.399967221875 0.1894607984375 0.3988410838736828 0.06418815284302082 0.3331193859375 0.06477895781250001 0.3342455239388172 0.19005160340697919
0 0.4615734106482541 0.2720727362296519 0.40605797499999996 0.26749254687500007 0.40202847685174586 0.3163331793953482 0.4575439125 0.32091336875000004
0 0.4029169906250001 0.3171251390625 0.4017944462488542 0.19230854096429364 0.33319445625000005 0.1929254984375 0.334317000626146 0.3177420965357064