0 0.4248046875 0.359278125 0.3203125 0.359278125 0.32031250000000006 0.4872078125 0.4248046875 0.4872078125
0 0.23730468750000008 0.550684375 0.18359375000000008 0.550684375 0.18359375000000008 0.67373125 0.23730468750000008 0.67373125
0 0.2880859375000001 0.550684375 0.24218750000000008 0.550684375 0.24218750000000008 0.67373125 0.2880859375000001 0.67373125
0 0.8115234375 0.5506843750000001 0.75 0.5506843750000001 0.75 0.6004890625000001 0.8115234375 0.6004890625000001
0 0.3131015625000001 0.36808125 0.2953562500000001 0.36808125 0.2953562500000001 0.40629375 0.3131015625000001 0.40629375
0 0.31473281250000007 0.35866875 0.26475997859135697 0.35823694421462465 0.26367228490083017 0.4841156099970326 0.3136451188094732 0.484547415782408
0 0.9407064394012986 0.6035007974893453 0.94055625 0.5031546875 0.8194989821013046 0.5033358755758555 0.8196491715026031 0.6036819855652007
0 0.6988921875 0.3658875000000001 0.6811671875 0.3658875000000001 0.6811671875 0.401025 0.6988921875 0.401025
0 0.6985734375 0.40453124999999995 0.6813281250000001 0.40453124999999995 0.6813281250000001 0.43871093749999995 0.6985734375 0.43871093749999995
0 0.7302085831218887 0.3596878916122014 0.6814089022533018 0.3595741099728705 0.6811187237516403 0.4840284451298615 0.7299184046202274 0.48414222676919244
0 0.8102890625000001 0.3230859375000001 0.7390671875 0.3230859375000001 0.7390671875 0.4704109375000002 0.8102890625000001 0.4704109375000002
0 0.9385890625 0.3235781250000001 0.821996875 0.3235781250000001 0.821996875 0.4982187500000002 0.9385890625 0.4982187500000002
0 0.87631875 0.5111375000000001 0.8295015625 0.5111375000000001 0.8295015625 0.5412843750000003 0.87631875 0.5412843750000003
0 0.17401406250000004 0.3217234375 0.049717187500000044 0.3217234375 0.04971718750000005 0.44372656250000003 0.17401406250000004 0.44372656250000003
0 0.17248125000000009 0.50989375 0.04818281250000007 0.50989375 0.048182812500000075 0.67395625 0.17248125000000009 0.67395625
0 0.17324687500000005 0.4467875 0.048568750000000056 0.4467875 0.04856875000000006 0.507215625 0.17324687500000005 0.507215625
0 0.2546484375000001 0.4696734375 0.18265625000000005 0.4696734375 0.18265625000000005 0.5413046875 0.2546484375000001 0.5413046875
0 0.25571250000000006 0.32211875 0.18444375000000005 0.32211875 0.18444375000000005 0.46680781250000003 0.2557125000000001 0.46680781250000003
0 0.4663421875 0.5508890625 0.29365625000000006 0.5508890625 0.29365625000000006 0.67479375 0.4663421875 0.67479375
0 0.5721984375 0.5508890625 0.4707328125 0.5508890625 0.4707328125 0.672353125 0.5721984375 0.672353125
0 0.6874328125 0.5504890625 0.6383296875 0.5504890625 0.6383296875 0.6068359375 0.6874328125 0.6068359375
0 0.63305625 0.593984375 0.576378125 0.593984375 0.576378125 0.6740625 0.63305625 0.6740625
0 0.688090625 0.6117859375 0.6373390624999999 0.6117859375 0.6373390624999999 0.674071875 0.688090625 0.674071875
0 0.6340484375 0.55015625 0.5760500000000001 0.55015625 0.5760500000000001 0.589375 0.6340484375 0.589375
0 0.8102828125 0.4745453125000002 0.7397359375 0.4745453125000002 0.7397359375 0.5409812500000002 0.8102828125 0.5409812500000002
0 0.7294625 0.4937203125000001 0.2630187500000001 0.4937203125 0.2630187500000001 0.5416687500000001 0.7294625 0.5416687500000001
0 0.67725 0.3592343750000001 0.5730999999999999 0.3592343750000001 0.5730999999999999 0.48928125 0.67725 0.48928125
0 0.5680781250000001 0.3595890625000001 0.428825510838201 0.3584442483513402 0.4277506302720617 0.4891902990721665 0.5670032444338609 0.4903351132208263
0 0.9392578125 0.6072609375000002 0.8199609375 0.6072609375000002 0.8199609375 0.6730125000000002 0.9392578125 0.6730125000000002
0 0.7423484375 0.5508453125000001 0.6931203125 0.5508453125 0.6931203125 0.6018703125000001 0.7423484375 0.6018703125000002
0 0.8109765624999999 0.6054578125000001 0.6924015625 0.6054578125 0.6924015625 0.674090625 0.8109765624999999 0.6740906250000002