0 0.6462637063297341 0.3287216414839468 0.5152587897022461 0.3267808273899647 0.5137015335852906 0.4318955874290606 0.6447064502127785 0.4338364015230427
0 0.451521054937539 0.1882730453703663 0.32654314598698464 0.18642152033856854 0.3257426872267525 0.24045247338371256 0.4507205961773068 0.24230399841551034
0 0.45178314772918915 0.24723272178930733 0.3269799037811789 0.2453837852033814 0.3262958756849122 0.29155569072761234 0.4510991196329225 0.2934046273135383
0 0.45502232884131305 0.8200908360031832 0.45455596898076933 0.7571322982082086 0.40444629496025886 0.7575034812344759 0.4049126548208026 0.8204620190294504
0 0.6353234521738985 0.30344911191031076 0.5964738875 0.3028735625 0.5962094275136014 0.32072460215218934 0.6350589921875 0.3213001515625001
0 0.6456689225940049 0.2728241044045733 0.5180428521638035 0.26996452836967644 0.5169167795697988 0.3202224052151032 0.6445428500000001 0.32308198125000004
0 0.5038130796875001 0.9506874218749998 0.5024925559138522 0.8269408437050737 0.40154321298429274 0.8280180937530675 0.40286373675794057 0.9517646719229935
0 0.6404063775572187 0.6917192286164788 0.6046516078125002 0.691189528125 0.6043874505677816 0.7090201354460215 0.6401422203125002 0.7095498359375003
0 0.6015100596594344 0.6913049197330801 0.5667298500000002 0.6907896578125002 0.5664728419030659 0.7081377193294203 0.6012530515625001 0.7086529812500001
0 0.6475942746450047 0.6924596331073999 0.5211370953125001 0.6899035406250001 0.5201453409263932 0.7389684563591771 0.6466025202588979 0.7415245488415768
0 0.6851047524126992 0.7506391851477422 0.5352608671875002 0.748419275 0.5341994413373012 0.8200654961022579 0.6840433265625002 0.82228540625
0 0.6862419736420902 0.8340981328036134 0.5078963203125001 0.8314559749999999 0.5061587372954099 0.9487428296963867 0.6845043906250001 0.9513849875000002
0 0.4953012343750001 0.8859269046874999 0.49494726598853067 0.8381411630049801 0.46461578125 0.8383658406250001 0.4649697496364695 0.88615158230752
0 0.6806716046875 0.1820289890625 0.679724888866961 0.05422229102313827 0.55697465625 0.055131551562500006 0.5579213720705389 0.18293824960186172
0 0.4931588362638461 0.052642275886607436 0.325285546875 0.05015526406250004 0.32343311686115384 0.17519428348839267 0.49130640624999994 0.17768129531250007
0 0.5548152578125001 0.179392521875 0.553875898793743 0.05257904012885815 0.49307773125 0.053029396875 0.494017090268757 0.17984287862114184
0 0.53239215 0.26096486093750004 0.5318436556428255 0.18691816424216673 0.45977375937499987 0.18745201562499997 0.4603222537321742 0.2614987123203333
0 0.6819449102127733 0.19254198348881355 0.5347524921875 0.19036135468750007 0.5336903679122268 0.2620547305736866 0.6808827859375001 0.2642353593750001
0 0.4522437 0.4727792562500001 0.4509359770268914 0.29623664218104123 0.3262725375 0.29716007499999997 0.32758026047310856 0.4737026890689589
0 0.4545449016544098 0.47723110231615096 0.33004844062500005 0.47538671093749996 0.3285362905330903 0.577456877371349 0.4530327515625001 0.57930126875
0 0.45502601148296284 0.6458706668621736 0.39722695156250015 0.6450143843750001 0.3964951635170374 0.6944100706378264 0.45429422343750014 0.6952663531250001
0 0.4109647110728235 0.5828835523630418 0.3291157937500001 0.5816709765625001 0.3282711154896766 0.6386867945119583 0.41012003281250003 0.6398993703125
0 0.39337309042330837 0.6439605425260769 0.3295607609375001 0.6430151749999999 0.32880440645169184 0.6940691199739231 0.3926167359375001 0.6950144875
0 0.45423120156249996 0.6415511875000001 0.45379238524407944 0.5823110194047426 0.4143334734375001 0.5826033078124999 0.4147722897559206 0.6418434759077575
0 0.5316313296875002 0.8200211625 0.5310944692969695 0.747545038491917 0.4642517 0.7480401703124999 0.46478856039053057 0.8205162943205829
0 0.5117332984375 0.7384066859375001 0.5082484877322024 0.2679571624188696 0.4600064296874999 0.2683145109375 0.46349124039279754 0.7387640344561305
0 0.6482280248440064 0.5831001852180083 0.5150347546875002 0.5811269515625 0.5134825985934938 0.6858974866569918 0.64667586875 0.6878707203125001
0 0.6455288651506275 0.43500727328057 0.5140308988097925 0.43498549575227374 0.5140072164716651 0.5779851630967039 0.6455051828125001 0.5780069406250001
0 0.39904239531249996 0.9478288031250003 0.3981422654628437 0.8263113778094129 0.3319880609375 0.826801409375 0.33288819078715626 0.9483188346905875
0 0.4550787237845701 0.7010006176102147 0.40263221562500007 0.7002236328125 0.40189856527793005 0.7497450636397853 0.4543450734375001 0.7505220484375
0 0.39990065312500006 0.8187676343750001 0.39900542728724747 0.6979121969214952 0.3299523296875 0.6984237015625001 0.3308475555252526 0.819279139016005