0 0.36345404816275756 0.5146281630431938 0.2145085571844331 0.5080083639622284 0.20854826749656183 0.6421148924346237 0.3574937584748863 0.6487346915155892
0 0.2101023551742472 0.6419985631438831 0.20436411551720388 0.5028964024391723 0.13624551087465317 0.5057064298072742 0.14198375053169648 0.644808590511985
0 0.49882896211784145 0.9552594844151301 0.46391654968126617 0.04070154399566374 0.35861090468749995 0.044721490625 0.3935233171240753 0.9592794310444663
0 0.2498813400806162 0.8549878797130992 0.14796743906250012 0.8504583718750002 0.1440076520375765 0.9395535577838208 0.24592155305569258 0.9440830656219198
0 0.24713817136824354 0.7742569743721524 0.1446401109375001 0.7697015046875 0.1414964614442567 0.8404336131278477 0.2439945218750001 0.8449890828125
0 0.3751611959605956 0.8605645413053089 0.2525249875000001 0.8551140421874999 0.24849336963822113 0.9458254280338189 0.37112957809881664 0.9512759271516279
0 0.3678966526564108 0.7817895662021888 0.2503588734375001 0.7765656640624999 0.24728713171550906 0.8456798416796187 0.36482491093441977 0.8509037438193074
0 0.36695481189091117 0.663259845947894 0.13820286875000007 0.6530930937499999 0.13364313185600862 0.7556871822464133 0.3623950749969197 0.7658539344443074
0 0.34923572499999994 0.5027177093749999 0.33700189845509493 0.20610357244729122 0.12123981406249999 0.21500266249999997 0.13347364060740502 0.5116167994277088
0 0.8227747967129915 0.7851085150561554 0.5589009375 0.7733807875 0.550751951724509 0.9567329599438448 0.8146258109375003 0.9684606875000001
0 0.8157032103322359 0.6130328603684239 0.5500949328125 0.6012280484375 0.542817688105264 0.7649660599440762 0.8084259656249999 0.7767708718749999
0 0.8067584852241809 0.4357539697053592 0.5410762609375 0.423945871875 0.5337609475883188 0.5885404365446408 0.7994431718749998 0.600348534375
0 0.8025459042414598 0.24843329196086844 0.5350537671875 0.2365447531250001 0.52724586450854 0.4122225721016317 0.7947380015624999 0.4241111109375001
0 0.5601618906347593 0.8899932059386375 0.48482255625000015 0.8866447906250002 0.4817667342959335 0.9554007753082825 0.5571060686806926 0.9587491906219198
0 0.5516346453125 0.8814080234374998 0.5468902074383806 0.7663853420123351 0.47951766875265384 0.7691643141268402 0.4842621066267732 0.884186995552005
0 0.5477438140625 0.764897184375 0.544127781284713 0.6772206359976268 0.47584522812500013 0.6800368046874999 0.4794612609027872 0.7677133530648732
0 0.543555040625 0.6743770062500001 0.5402541651804191 0.5943886575950244 0.47106358125000003 0.5972439421875001 0.474364456694581 0.6772322908424759
0 0.5388210265625 0.5929577171874999 0.5353365843384377 0.5084445491757331 0.4684223375000001 0.5112033953124999 0.4719067797240625 0.5957165633242667
0 0.5352190578125 0.5055064812500001 0.531475061382643 0.414707381622767 0.46410240462318153 0.41748541562765223 0.46784640105303865 0.5082845152548854
0 0.53276115 0.4127797828125 0.5293905272813297 0.33104414744718424 0.4611079343749999 0.3338599921875 0.4644785570936702 0.41559562755281576
0 0.5288365875000001 0.32866049374999995 0.5248593155914791 0.23226371132677054 0.45611846079118135 0.23509991668437857 0.4600957326997023 0.331496699107608
0 0.62974285 0.23232156718750002 0.6220267929001501 0.04528078082482628 0.47271880772920694 0.05144023385882215 0.4804348648290569 0.2384810202214959
0 0.7855163703125 0.23915987656249998 0.7777343649924305 0.050487773435949644 0.6297877437499999 0.056590007812499996 0.6375697490700694 0.24526211093905034