0 0.7447497044122432 0.6480428331689627 0.7394640893425527 0.5053312296840923 0.6019983268929135 0.510422554340446 0.607283941962604 0.6531341578253165
0 0.8228747044122434 0.6503576472314627 0.8177710793059407 0.5125597726411122 0.7495802614259414 0.5150853585486327 0.7546838865322439 0.6528832331389832
0 0.5916692390625002 0.9444726718750001 0.55837846698686 0.030891719976095727 0.4529932484375 0.034731943749999994 0.4862840205131402 0.9483128956489045
0 0.8391596019470766 0.8619946642797945 0.7389399437500002 0.8590251921875 0.7362966105529238 0.9482376654077056 0.8365162687500003 0.9512071375000002
0 0.8349395091714259 0.7812429225302786 0.7337872937500001 0.7782458203125001 0.7316887689535745 0.8490710430947216 0.8328409843750002 0.8520681453125001
0 0.7347106381146891 0.858908551959703 0.6138013765625001 0.8553260546875 0.6111100931353113 0.9461568542902972 0.7320193546875002 0.9497393515625001
0 0.7292814907655831 0.7802783377176898 0.6130603140625002 0.7768347468750001 0.6110097904844172 0.8460399091573103 0.7272309671875001 0.8494835000000002
0 0.8343868044483858 0.6648786712133018 0.6075862265625002 0.6581586546875001 0.6045424002391145 0.7608878022241985 0.8313429781250001 0.7676078187500002
0 0.8204966562499999 0.504677378125 0.8096683892555168 0.2123141676304147 0.593676246875 0.22031387656249998 0.6045045138694832 0.5126770870570854
0 0.42705124074882655 0.7544217960124736 0.1666628078125001 0.7467065843749999 0.16122299987617375 0.9303001305500267 0.4216114328125002 0.9380153421875003
0 0.42108061853874695 0.5824457802438175 0.15858455468750005 0.5746681203125 0.1537266720862532 0.7386216838186825 0.41622273593750014 0.74639934375
0 0.41628466027751765 0.40538346073080145 0.15373308906250008 0.3976041546875 0.1488497928474825 0.5624153970816985 0.4114013640625001 0.570194703125
0 0.40837872257695107 0.21797462988433208 0.14422710937500005 0.210147915625 0.139014988360549 0.386057004490668 0.40316660156250006 0.39388371875000006
0 0.5026079902196763 0.8732425081313719 0.42857741718750003 0.8710490093749998 0.42653752071782386 0.939895505931128 0.5005680937500001 0.9420890046875001
0 0.4981706546875001 0.8649030359375001 0.49396015320666375 0.7512195089702518 0.426515753125 0.75371745 0.43072625460583636 0.8674009769672482
0 0.4938526875 0.7484116125 0.4906551093548896 0.6620770141297123 0.42229976875 0.6646086937500001 0.42549734689511054 0.7509432921202877
0 0.4918723640625001 0.6579990734375001 0.4889600857660271 0.5793675677332256 0.4196938015625 0.5819329859375001 0.42260607985897297 0.6605644916417746
0 0.4879509390625 0.576656146875 0.4848694657964039 0.4934563769465353 0.4178840015625 0.49593732031250004 0.4209654748285961 0.5791370902409647
0 0.48516853125 0.4892633734375001 0.4818547045039369 0.3997900348411173 0.4144120375 0.40228791093750005 0.41772586424606306 0.4917612495338829
0 0.481278871875 0.39651031406250004 0.47830120158074835 0.3161132144612089 0.4099458593749999 0.31864489375000005 0.4129235296692516 0.39904199335129115
0 0.4790823687499999 0.31248191875 0.4755623467541744 0.21744134292293665 0.4067480703124999 0.21999002031249995 0.41026809230832545 0.3150305961395633
0 0.45112274843750005 0.2108076765625 0.44430396090325336 0.026700413137842428 0.2948383484375 0.03223617656250001 0.3016571359717466 0.2163434399871576
0 0.2939755015625 0.20606648749999995 0.2870953287148861 0.02030180411129786 0.13899093437499999 0.025787151562500006 0.14587110722261393 0.21155183495120214