0 0.7848825638241821 0.3002243285297486 0.6431819891486766 0.29812506144648915 0.6412100924092664 0.4312281350874729 0.7829106670847719 0.43332740217073235
0 0.860289293351643 0.43335582423184754 0.8567251574981476 0.29858872169210976 0.7891438258782097 0.3003760202428266 0.7927079617317052 0.43514312278256445
0 0.6333030156250002 0.8964710312499999 0.6092097255412598 0.005640619182048859 0.5047767534609832 0.008465100538490622 0.5288700435447236 0.8992955126064416
0 0.8549193254721537 0.012665471812196166 0.7583445937499997 0.011234734375000091 0.7571669760903461 0.09072388912530402 0.8537417078124999 0.09215462656250009
0 0.8568913221841321 0.10184865349610965 0.7585616390624998 0.1003919171875001 0.7575215965593534 0.1705947735061134 0.8558512796809856 0.17205150981472297
0 0.7514396881069856 0.011132439826027447 0.6344941765625001 0.009399914062500075 0.6333166868930143 0.08888048204897273 0.7502621984374999 0.0906130078125001
0 0.7522704452580453 0.09975931369251274 0.63898491875 0.09808101093750009 0.6379686672419547 0.16667804255748747 0.75125419375 0.16835634531250013
0 0.8620229230532435 0.18554377910386932 0.6401426375 0.18225666250000006 0.6386340972589136 0.2840830896692738 0.8605143828121571 0.2873702062731431
0 0.8708818390625002 0.7208273000000001 0.8633718276932202 0.4368614565052682 0.6493116952722977 0.44252267972988646 0.6568217066415777 0.7264885232246183
0 0.4482216383380423 0.006640320324377629 0.195466565625 0.002895801562500024 0.19288981791195786 0.17682631092562245 0.4456448906250001 0.18057082968750005
0 0.4542460086712657 0.18832716221553886 0.19857924062500007 0.18453950625 0.1961716428912344 0.34705234715946126 0.4518384109375001 0.3508400031250001
0 0.4605874314960393 0.3628209679131268 0.20488515937500007 0.3590327859375001 0.20246496693460364 0.5223957684872358 0.45816723905564294 0.5261839504628626
0 0.4639634194254894 0.537275993792062 0.20695747656250005 0.5334684984375 0.20437431649572488 0.7078318073072343 0.4613802593587142 0.7116393026617964
0 0.5215370772642901 0.007726475347891476 0.45040252187499996 0.006672629687500054 0.44953623523571 0.06514695590210864 0.5206707906250001 0.06620080156250006
0 0.5241996703125001 0.18241658437500002 0.5212681150907696 0.0715819958103022 0.4544270062923914 0.07334993129020659 0.45735856151412185 0.18418451985490442
0 0.526528128125 0.2705949609375 0.5243136475975113 0.18685527134998786 0.45656972187499995 0.188646746875 0.45878420240248874 0.2723864364625122
0 0.5300480843749998 0.352465915625 0.5280339705213091 0.2763725261905233 0.45938907968749987 0.2781894859375001 0.4614031935411907 0.3542828753719768
0 0.5314006234375 0.43761674843750004 0.5292665733712683 0.3569451280455225 0.46288031275790137 0.35870127975253496 0.4650143628241331 0.43937290014451247
0 0.534302928125 0.530323253125 0.5320064753157461 0.44345422935299733 0.46516530308481413 0.4452212297298684 0.4674617558940682 0.532090253501871
0 0.536040740625 0.6130713874999998 0.5339802446242053 0.5352078293207624 0.4662364034252895 0.5370005282049761 0.46829689942608405 0.6148640863842135
0 0.53953038125 0.7107528578125 0.5370885601627549 0.618407188243136 0.46888979375 0.6202105124999999 0.47133161483724517 0.7125561820693639
0 0.5203939531249999 0.8931663609375002 0.5156739682751762 0.7146856062976978 0.3675435671874999 0.718602965625 0.37226355203732375 0.8970837202648024
0 0.36491911718750003 0.8926770656250002 0.36015432583539375 0.7125211073495596 0.2133747109375 0.7164031562500001 0.21813950228960627 0.8965591145254406
0 0.6121271296587207 0.921598465101043 0.5559343015625001 0.9207659796875001 0.5553723750287796 0.958696063023957 0.6115652031250002 0.9595285484374999
0 0.4711961987713278 0.9195105997265666 0.41248584687500023 0.9186408171875 0.4119177371661725 0.9569882424609334 0.4706280890625001 0.957858025
0 0.31856084150615294 0.9193347880323641 0.2594995671875001 0.9184598062499999 0.25895616317414716 0.9551395796411388 0.31801743749280004 0.9560145614235029