0 0.7709379554238248 0.6912337968323679 0.7651280937664577 0.5556993343334662 0.6296907516873246 0.5615050327972619 0.6355006133446917 0.6970394952961636
0 0.8478125707329556 0.6900563213765044 0.8421150990197084 0.5571437319817718 0.7749301947045676 0.5600237006411433 0.7806276664178147 0.6929362900358759
0 0.623257455903258 0.9739457596657244 0.5842284927668209 0.09579411470082955 0.48041347500000003 0.10040811562499999 0.5194424381364372 0.9785597605898948
0 0.8619991635254065 0.9634804347833906 0.8590695798292932 0.895151717099399 0.7664224413038866 0.8991239495035082 0.7693520249999999 0.9674526671874999
0 0.8587642515624998 0.888121159375 0.8576945203628268 0.8183538005271938 0.7608908863530317 0.8198380743946897 0.7619606175527047 0.889605433242496
0 0.7592443199531568 0.9680800348203127 0.7561622537380546 0.8961805414974799 0.6432846572223978 0.9010191879271672 0.6463667234375 0.9729186812499998
0 0.7548479968749999 0.8902509296874997 0.7538023953135853 0.8220793609016843 0.6421097820401411 0.8237924793309246 0.6431553836015558 0.89196404811674
0 0.8568089374999998 0.8050526359375004 0.8552581697957409 0.7038586429196696 0.6360487652348451 0.7072179615405189 0.6375995329391041 0.8084119545583496
0 0.8446447984375001 0.54672415625 0.832684522488701 0.2677316489741525 0.6198751734403662 0.27685468444186073 0.6318354493891654 0.5558471917177081
0 0.4542850350485065 0.981839333343479 0.44663663795556136 0.8034350040672391 0.2027622200945549 0.8138901785362602 0.21041061718750004 0.9922945078125001
0 0.4482820765625 0.8025457328125002 0.44580611521336405 0.6410432196857836 0.19383706250000002 0.6449061046875 0.196313023849136 0.8064086178142167
0 0.44253962812500003 0.6293161921875 0.44005070780004213 0.4669705446920599 0.1880565671875 0.47083386562499985 0.1905454875124578 0.63317951312044
0 0.43343332031250004 0.45613359843750007 0.4307763593834359 0.28285611258054577 0.1776384140625 0.28673761875000003 0.1802953749915641 0.4600151046069542
0 0.5318070044168625 0.9781199639190827 0.5293931447019508 0.9217692796550875 0.46114738906249997 0.92469268125 0.4635612487774117 0.9810433655139953
0 0.5295793203125 0.9155644671874998 0.5249032306612124 0.8064423064148242 0.458450890625 0.8092899140625001 0.4631269802762876 0.9184120748351757
0 0.5246678046875 0.8010908609375 0.5211438199609864 0.7188804056274637 0.45379743281536566 0.7217672360043544 0.45732141754187916 0.8039776913143909
0 0.5222056 0.7121819875 0.5190075801728857 0.6375767539453492 0.45076195688417586 0.6405021634105068 0.4539599767112901 0.7151073969651576
0 0.5178859828125 0.6322884343750002 0.514493236888198 0.5531068945099831 0.4484930484375001 0.5559348500000001 0.451885794361802 0.6351163898650171
0 0.5146532671874999 0.5463896859374999 0.5109951105571278 0.46106051697373013 0.44454456829572536 0.46390932582441274 0.4482027249260976 0.5492384947881825
0 0.5102970546875001 0.4552625718749999 0.5070252442735237 0.3788901062533899 0.43967532656249997 0.38177538906249997 0.4429471369764763 0.4581478546841099
0 0.507659525 0.37264998125 0.5037696893180372 0.28190158497663537 0.43596941087064794 0.2848077734403655 0.4398592465526107 0.3755561697137301
0 0.47957457968750006 0.27380709062499997 0.4720667309348133 0.09863811655425785 0.3248017953125 0.10494998125000002 0.3323096440651868 0.2801189553207421
0 0.3249425484375 0.27609359062499994 0.31736058177652404 0.09924217874512832 0.17143862954434655 0.10549813884840649 0.17902059620532246 0.2823495507282781
0 0.560024396875 0.07444050156250001 0.5594475440498208 0.036744961427438376 0.5040938941929624 0.03759203535686086 0.5046707470181416 0.0752875754919225
0 0.4198871828124999 0.07658873750000002 0.4193035430192495 0.03848008562437634 0.36145405156249993 0.039366059375000005 0.36203769135575037 0.07747471125062369
0 0.26805321718749997 0.07684330781250001 0.2674937964765086 0.040390234313572075 0.20927657656249998 0.041283654687500004 0.20983599727349134 0.07773672818642793