0 0.4068018531236196 0.33209976719761325 0.27698403129829036 0.3311381530415015 0.27605800313019063 0.45615186978803035 0.4058758249555199 0.45711348394414203
0 0.2697326691488568 0.33111429746947435 0.20624550266850666 0.3297034716946992 0.20347022403667428 0.45459102314064853 0.26695739051702444 0.45600184891542367
0 0.5326714124190588 0.05233523292045509 0.43455307785101704 0.050456729294842996 0.41839914062500005 0.89421204375 0.5165174751930418 0.8960905473756121
0 0.29768494531249995 0.051882604687500035 0.20887890874470666 0.051224782499558474 0.2082636921875 0.13427905625 0.29706972875529325 0.13493687843794158
0 0.2976478859375 0.14400071718750002 0.20708895554846288 0.14332991070523848 0.2066005390625 0.20926617656250004 0.29715946945153715 0.20993698304476158
0 0.4139766656250001 0.051229259375000044 0.30602734447622365 0.05042963436404988 0.30540096718750004 0.13499052500000006 0.4133502883362764 0.13579015001095024
0 0.40989301093749997 0.14432562812500005 0.3052564200012106 0.14355054179898843 0.30477917499999996 0.20797857812500004 0.4094157659362893 0.20875366445101165
0 0.4091402875 0.22335080000000004 0.20338817775392717 0.22182670959891831 0.20267974843749997 0.3174646234375001 0.40843185818357275 0.3189887138385818
0 0.4015675625000001 0.4675752328125 0.20047407865729222 0.46310648861894527 0.19466960624999996 0.7243077406249999 0.39576309009270777 0.7287764848185547
0 0.8260454125000001 0.05663200781250009 0.5929878688790949 0.05490565576624344 0.5917217921875 0.22582602187500012 0.8247793358084052 0.22755237392125674
0 0.8236755203125 0.23470827968750005 0.5877130036680074 0.23296040880819757 0.586582365625 0.3855965109375 0.8225448822694925 0.3873443818168025
0 0.8184496062500001 0.3984432984375001 0.5824768757358437 0.39669535246084286 0.5813403234375001 0.5501299281250001 0.8173130539516565 0.5518778741016573
0 0.8171945515625 0.56221256875 0.5802703965631146 0.5604575750911205 0.5790573125 0.72422393125 0.8159814674993855 0.7259789249088795
0 0.5867699640625001 0.05324642812500008 0.5213125135046476 0.05276155813261224 0.5208377421875001 0.11685568750000008 0.5862951927453526 0.11734055749238792
0 0.5830519703125 0.12495166093750006 0.5202597361132901 0.1235562779982847 0.5179849812499999 0.22592025000000002 0.5807772154492097 0.22731563293921536
0 0.5814986015625001 0.23318216250000007 0.5178582605906096 0.231767932758799 0.5161491046875001 0.30867995156250005 0.5797894456593906 0.31009418130370114
0 0.5792069906250001 0.3172128906250001 0.5147185397850023 0.31577981325576254 0.5131693906250001 0.38549149218750006 0.5776578414649979 0.3869245695567376
0 0.5762491750000001 0.3927485796875001 0.5138842188564305 0.39136269289823167 0.5122383156250001 0.46542839843749995 0.5746032717685695 0.46681428522676843
0 0.5744478843749999 0.47395182812500003 0.5116572637320933 0.4725564806958025 0.5098823296875 0.5524284953125 0.5726729503304068 0.5538238427416976
0 0.5738058421875001 0.5601193187500001 0.5101654996328141 0.5587050895427426 0.508578925 0.6301009796875001 0.5722192675546861 0.6315152088947575
0 0.5716463078125 0.6382065000000001 0.5075786871608414 0.6367827757584756 0.5056902875 0.7217608 0.5697579081516586 0.7231845242415245
0 0.6671765578125001 0.7327215062500001 0.5280207503501578 0.7296291556600127 0.5243799640625002 0.893464575 0.6635357715248424 0.8965569255899872
0 0.8118989953125002 0.7338725687500001 0.6740105128954444 0.730808380486254 0.6703340499999999 0.8962492234375 0.8082225324170558 0.899313411701246
0 0.49112476718750014 0.9186417812500002 0.43931804621703796 0.9182580271298985 0.4390541578125001 0.9538829031250001 0.4908608787829623 0.9542666572451018
0 0.6257828312500001 0.9196392484375002 0.5716219184070372 0.9192380559995683 0.5713551265625001 0.9552549109375003 0.625516039405463 0.955656103375432
0 0.7693989968750001 0.9226614578125002 0.714870959486224 0.9222575465996863 0.7146157703125001 0.9567081 0.7691438077012762 0.9571120112128139