0 0.46484375 0.27717656250000006 0.34375 0.2771765625 0.34375000000000006 0.4012015625 0.46484375 0.4012015625
0 0.4638671875 0.20686406250000006 0.34375 0.2068640625 0.34375 0.26838750000000006 0.4638671875 0.2683875000000001
0 0.8886693366944506 0.42450501384459355 0.07169772017904638 0.4240166191506405 0.0716408834845959 0.5190912928060472 0.8886125 0.5195796875000002
0 0.15356718750000004 0.2046125 0.07311718750000003 0.2046125 0.07311718750000004 0.2894515625 0.15356718750000004 0.2894515625
0 0.22621093750000001 0.20461562500000002 0.16234218750000004 0.20461562500000002 0.16234218750000004 0.2913984375 0.22621093750000001 0.2913984375
0 0.15355937500000005 0.2987140625 0.07165000000000005 0.2987140625 0.07165000000000005 0.4020765625 0.15355937500000005 0.4020765625
0 0.22425937500000007 0.2996828125 0.16185156250000005 0.2996828125 0.16185156250000005 0.40012499999999995 0.2242593750000001 0.40012499999999995
0 0.33103906250000004 0.203146875 0.2384 0.203146875 0.23840000000000003 0.401096875 0.3310390625000001 0.401096875
0 0.7251609375 0.20414531250000006 0.4750078125 0.20414531250000006 0.4750078125 0.3990187500000001 0.7251609375 0.3990187500000001
0 0.23948750000000008 0.577996875 0.07392656250000007 0.577996875 0.07392656250000008 0.8013187500000001 0.23948750000000008 0.8013187500000001
0 0.3942765625000001 0.5764578124999999 0.24642656250000008 0.5764578124999999 0.24642656250000008 0.8028562499999999 0.3942765625000001 0.8028562499999999
0 0.5536796875000001 0.574921875 0.40505625 0.574921875 0.40505625000000006 0.8013187500000001 0.5536796875000002 0.8013187500000001
0 0.7223218750000001 0.5764578124999999 0.563690625 0.5764578124999999 0.5636906250000001 0.803628125 0.7223218750000002 0.803628125
0 0.13444843750000007 0.50699375 0.07236406250000008 0.50699375 0.07236406250000008 0.5694859375 0.13444843750000007 0.5694859375
0 0.2401078125000001 0.506578125 0.14184375000000005 0.506578125 0.14184375000000007 0.567428125 0.2401078125000001 0.567428125
0 0.3202812500000001 0.50658125 0.24668593750000006 0.50658125 0.24668593750000006 0.568253125 0.3202812500000001 0.568253125
0 0.3947015625000001 0.5053484375 0.3280937500000001 0.5053484375 0.3280937500000001 0.5678421874999999 0.3947015625000001 0.5678421874999999
0 0.472134375 0.5061671875 0.401278125 0.5061671875 0.401278125 0.566603125 0.472134375 0.566603125
0 0.55641875 0.5057578125 0.47994375 0.5057578125 0.47994375 0.56660625 0.55641875 0.56660625
0 0.6316609375 0.5061671875 0.563409375 0.5061671875 0.563409375 0.5678390624999999 0.6316609375 0.5678390624999999
0 0.7204625 0.5053421874999999 0.639059375 0.5053421874999999 0.639059375 0.567428125 0.7204625 0.567428125
0 0.8866390624999999 0.5271406250000001 0.7299203125 0.5271406250000001 0.7299203125 0.6619921875000002 0.8866390624999999 0.6619921875000002
0 0.8882890625 0.6685703125000002 0.729996875 0.6685703125000002 0.7299968750000001 0.80219375 0.8882890625 0.80219375
0 0.9457718749999999 0.4457953125000002 0.9112640624999999 0.4457953125000002 0.9112640624999999 0.4954718750000001 0.9457718749999999 0.4954718750000001
0 0.9461515625000001 0.5739703125000002 0.9112640624999999 0.5739703125000002 0.9112640624999999 0.6259218750000002 0.9461515625000001 0.6259218750000002
0 0.9465312499999999 0.7127625000000002 0.9131609375 0.7127625000000002 0.9131609375 0.7650921875000002 0.9465312499999999 0.7650921875000002