0 0.46484375 0.27179062500000006 0.34375 0.27179062500000006 0.34375000000000006 0.397178125 0.46484375 0.39717812500000005
0 0.46457207134029554 0.2629815509491671 0.4638558031095436 0.2014660201614405 0.3430564803721183 0.20287257093106215 0.3437727486028702 0.26438810171878874
0 0.8889371182501818 0.509236284100162 0.8881234375 0.41416875 0.07099736043238995 0.4211625125465387 0.07181104118257178 0.5162300466467007
0 0.15356718750000004 0.20282499999999998 0.07311718750000003 0.20282499999999998 0.07311718750000004 0.2886 0.15356718750000004 0.2886
0 0.22621093750000001 0.2019828125 0.16234218750000004 0.2019828125 0.16234218750000004 0.289509375 0.22621093750000001 0.289509375
0 0.15355937500000005 0.2969265625 0.07165000000000005 0.2969265625 0.07165000000000005 0.40124375 0.15355937500000005 0.40124375
0 0.22425937500000007 0.297071875 0.16185156250000005 0.297071875 0.16185156250000005 0.3982421875 0.2242593750000001 0.3982421875
0 0.33103906250000004 0.19929531250000004 0.2384 0.19929531250000004 0.23840000000000003 0.3983234375 0.3310390625000001 0.3983234375
0 0.7274282991151789 0.3905533030686575 0.7251609375000001 0.19570624999999997 0.47274045088482125 0.19864357193134247 0.47500781250000007 0.393490625
0 0.23948750000000008 0.5752109375 0.07392656250000007 0.5752109375 0.07392656250000008 0.8004578125 0.23948750000000008 0.8004578125
0 0.3942765625000001 0.571871875 0.24642656250000008 0.571871875 0.24642656250000008 0.7999890625 0.3942765625000001 0.7999890625
0 0.5536796875000001 0.5684781250000001 0.40505625 0.5684781250000001 0.40505625000000006 0.7966046875 0.5536796875000002 0.7966046875
0 0.7223218750000001 0.5680546875 0.563690625 0.5680546875 0.5636906250000001 0.7970703125 0.7223218750000002 0.7970703125
0 0.13444843750000007 0.505428125 0.07236406250000008 0.505428125 0.07236406250000008 0.56864375 0.13444843750000007 0.56864375
0 0.2408159835040483 0.5646261322043606 0.24010781250000002 0.503784375 0.1411355789959517 0.5049363677956393 0.14184375 0.5657781250000001
0 0.3209986787882733 0.564518215522739 0.32028124999999996 0.5028546875 0.24596850871172665 0.5037192844772611 0.24668593749999998 0.5653828125
0 0.39543004302002477 0.5632399443423267 0.3947015625 0.50075625 0.3273652694799752 0.5015413056576732 0.32809374999999996 0.564025
0 0.4728366207050678 0.5611012140339913 0.4721343750000001 0.5006734374999999 0.4005758792949323 0.5015050359660089 0.40127812500000004 0.5619328125
0 0.5571260679785677 0.5601245895527582 0.55641875 0.4992828125 0.47923643202143235 0.5001800979472418 0.47994375000000006 0.561021875
0 0.6323780702518753 0.5604807224107633 0.6316609375 0.4988171875000001 0.5626922422481246 0.49961927758923685 0.5634093750000001 0.5612828125000001
0 0.7211857542632163 0.5590353232784795 0.7204624817975975 0.49695781271207845 0.6383361025343813 0.4979146769335988 0.6390593750000001 0.5599921874999999
0 0.8882092047613261 0.6516567155916129 0.8866390443070534 0.5168218752118581 0.7283501520457273 0.5186651596202452 0.7299203125 0.6535
0 0.8898439471389974 0.7918381544193454 0.8882890625000002 0.6582328125 0.7284419903610028 0.6600930955806545 0.7299968750000001 0.7936984374999999
0 0.9457718749999999 0.4347906250000002 0.9112640624999999 0.4347906250000002 0.9112640624999999 0.4848687500000001 0.9457718749999999 0.4848687500000001
0 0.9461515625000001 0.5629609375000002 0.9112640624999999 0.5629609375000002 0.9112640624999999 0.6153171875000002 0.9461515625000001 0.6153171875000002
0 0.9465312499999999 0.7017468750000002 0.9131609375 0.7017468750000002 0.9131609375 0.7544671875000002 0.9465312499999999 0.7544671875000002