0 0.698211802600014 0.23602937758827366 0.6966848062500001 0.09194241562500001 0.5492060276340667 0.09350535757049303 0.5507330239840807 0.23759231953376667
0 0.5193340171874999 0.09671740625000007 0.3894569187890241 0.09491061625261168 0.38722575226449785 0.2552930816570832 0.5171028506629737 0.25709987165447157
0 0.6947497536161559 0.33949845581602067 0.694679025 0.232062425 0.5628541522554111 0.23214920958012022 0.562924880871567 0.3395852403961409
0 0.6922894373943801 0.33997066549467136 0.5614656939738693 0.33858675454799403 0.5595624341389323 0.5185055397170598 0.6903861775594431 0.5198894506637372
0 0.5617613011728946 0.42897295570889915 0.5609933749999999 0.3897204625 0.4770629503896052 0.3913624567911008 0.4778308765625 0.43061495
0 0.5605565578125 0.4338560687500001 0.5044028272172475 0.4331126124206315 0.5030005265625002 0.5390292750000001 0.5591542571577527 0.5397727313293688
0 0.49980634635473276 0.3921394950072589 0.3482006986070648 0.39111111229581863 0.3471629500000001 0.54409749375 0.4987685977476681 0.5451258764614403
0 0.17778247321841478 0.5648349181487677 0.17625848582269585 0.5057242439040067 0.09203635906946937 0.5078956530657612 0.09356034646518832 0.5670063273105221
0 0.49089626438002554 0.3406492772864508 0.4881550869572823 0.23978086648285726 0.31523891580620284 0.2444799977630107 0.31798009322894594 0.3453484085666042
0 0.5843698582838914 0.20659531886086174 0.5207927152962141 0.20565343541544986 0.5181044984375001 0.3871081031250001 0.5816816414251774 0.388049986570412
0 0.7035160289022141 0.7874935084949727 0.6955058153697362 0.5261954034080238 0.41169923490502214 0.5348956246005512 0.4197094484375 0.7961937296875001
0 0.8466862530234003 0.5094035064798512 0.7076981281265738 0.5069262008685873 0.7034347270593966 0.7461224136070552 0.8424228519562231 0.7485997192183191
0 0.5211052439881131 0.5414436680855824 0.5166126143823677 0.24242342944805415 0.10631010880806405 0.24858801948468073 0.11080273841380939 0.547608258122209
0 0.37772865150680834 0.22500220233082197 0.37379639164215017 0.08374204298914126 0.09587904638534181 0.09147842972081925 0.09981130625 0.2327385890625