0 0.24170810485445954 0.543133137977229 0.10003909286500012 0.5405827882145162 0.09735808593750009 0.68950965625 0.23902709792695948 0.6920600060127128
0 0.25955920428606866 0.5087313192802448 0.2567909337802273 0.37886131447026694 0.09673832949415864 0.382272948315022 0.0995066 0.5121429531249999
0 0.34412948399061705 0.6859961072021865 0.3435478431523245 0.5539403206651421 0.23684632101604625 0.5544102884295992 0.23742796185433881 0.6864660749666436
0 0.5221919848399299 0.5530105423188812 0.34322086264456486 0.5524441500646529 0.34280704032191994 0.6832055524679406 0.521778162517285 0.683771944722169
0 0.43293564375000015 0.46816996718750004 0.3936531496895558 0.4679833423668208 0.39325577500000003 0.551626390625 0.43253826906044435 0.5518130154456792
0 0.5429297927216 0.5486840936618349 0.5417706265625 0.49253343125000015 0.43624512446589997 0.4947118844631652 0.43740429062499997 0.550862546875
0 0.5475523317950256 0.48761950594586156 0.544531353125 0.33667540625000003 0.3917111890652151 0.33973393226661563 0.3947321677352408 0.4906780319624772
0 0.5636925867684879 0.08283370824176775 0.5045285771968437 0.08218461784490892 0.5036082160368415 0.1660747150382399 0.5627722256084857 0.16672380543509874
0 0.3452665533049829 0.3086374658308878 0.2443040069622943 0.3073890376335232 0.24216887086427646 0.4800611846573771 0.3431314172069651 0.4813096128547418
0 0.3900066000000001 0.50876158125 0.20940429062500007 0.50876158125 0.20940429062500007 0.57560225 0.3900066000000001 0.57560225
0 0.7978135312500001 0.4073457390625001 0.536251399763596 0.4032010933171642 0.5317842852867802 0.6851137237185856 0.7933464167731843 0.6892583694639215
0 0.7554347076309061 0.8303914015855485 0.7519284874732735 0.6914108577154314 0.5136242593777912 0.6974228293549893 0.5171304795354239 0.8364033732251063
0 0.5445405779303527 0.09988150409246924 0.24532197243878323 0.0998187372422704 0.24523611487565083 0.5091140934695505 0.5444547203672204 0.5091768603197493
0 0.2293696375000001 0.09165829375000002 0.08797557468470377 0.08981640197923758 0.08436847822877892 0.3667175918134002 0.22576254104407528 0.3685594835841627