0 0.43126285823541693 0.11043444143288124 0.29370625 0.10781093750000001 0.29114825783457565 0.24193260652380624 0.42870486606999253 0.24455611045668743
0 0.5838404570614385 0.11107122044169049 0.4607249795248539 0.10983678967698754 0.459220081453189 0.2599272200475427 0.5823355589897735 0.2611616508122457
0 0.4155993935403692 0.34091235396005526 0.4151545388664437 0.23989582839220197 0.2898738953260745 0.24044753693214665 0.29031874999999996 0.34146406249999994
0 0.41484375 0.34121250000000003 0.29098505966860133 0.33880671358122333 0.28767272988640963 0.50933757432844 0.4115314202178083 0.5117433607472166
0 0.4923551437976041 0.38982561661390047 0.4137988119783345 0.387986986735479 0.412928125 0.4251875 0.4914844568192696 0.4270261298784216
0 0.46565464401735196 0.4303390233065598 0.41247224949331096 0.4297860502694701 0.4114484375 0.5282515625000002 0.464630832024041 0.5288045355370898
0 0.6136177846657788 0.38843919547321 0.47066297234276877 0.3869337263818228 0.4691592501769901 0.5297226559086128 0.6121140625000001 0.5312281249999999
0 0.8528291347252646 0.4933321900274577 0.7750828125000001 0.4925609375000001 0.7745269644608423 0.548593351297195 0.8522732866861068 0.5493646038246526
0 0.6486112696197351 0.24747782019089035 0.4862402513272178 0.2448179169209319 0.4846718749999999 0.3405578125 0.6470428932925173 0.3432177157699584
0 0.4556859375 0.21390468750000005 0.3966211196949826 0.2135258350892081 0.3955242446949826 0.38453364758920805 0.45458906250000003 0.3849125
0 0.5399734165743201 0.5230867658403578 0.28262656250000007 0.5192906250000001 0.27896877092568007 0.7672585466596424 0.5363156250000001 0.7710546875000002
0 0.27156875000000014 0.5059000000000001 0.1399324976482022 0.5041123689505782 0.13691827704702514 0.726071315025526 0.26855452939882307 0.7278589460749478
0 0.8403446554105288 0.24949317032012494 0.4565172147838803 0.24618600764499524 0.45407355212134226 0.5297961223122833 0.8379009927479908 0.5331032849874131
0 0.8569041769210098 0.09886211705112377 0.5998046875 0.09552812500000007 0.5980676980789901 0.22947538294887643 0.8551671875 0.23280937500000012