0 0.24326987031249997 0.3405832671875 0.23069149313157805 0.039546450874047324 0.13579748750000004 0.043511456250000004 0.14837586468092195 0.34454827256345266
0 0.3247116 0.28117156093750006 0.3222634702326185 0.221864745365065 0.243844699268503 0.22510179874022476 0.2462928290358845 0.28440861431265974
0 0.32648117187500003 0.33818378125000004 0.32426084906366015 0.28444596779414194 0.2456935578125 0.2876921875 0.24791388062383984 0.34143000095585807
0 0.33015336406250007 0.4210789812500001 0.32705505379322897 0.34688164089720286 0.2635985 0.34953144062499997 0.2666968102692711 0.4237287809777972
0 0.2658766 0.4961422531250001 0.25978143423681005 0.35024730037186147 0.14832036406250002 0.35490389531250005 0.15441552982568993 0.5007988480656386
0 0.497907253125 0.33949188906249994 0.495949314728067 0.2920837959217935 0.39587103749999997 0.2962169953125 0.3978289758969328 0.3436250884532065
0 0.50041724375 0.38500063125000006 0.498702582929248 0.34349927201314506 0.39862806874999995 0.34763392812499994 0.4003427295707519 0.3891352873618549
0 0.4470177921875 0.2307325 0.44405607711134004 0.1598451663343094 0.3820085000993419 0.16243755110564653 0.38497021517550184 0.23332488477133712
0 0.5822208999999999 0.35319412968749997 0.5795549358088918 0.2886289066589206 0.5053596335007966 0.2916925066872867 0.5080255976919046 0.35625772971586606
0 0.6572581515625001 0.3502959859375 0.6545830553516633 0.28552970326676935 0.5821233546875 0.2885225671875 0.5847984508983368 0.35328884985823067
0 0.7379347265625 0.34553646562499996 0.7353049421959241 0.2818914248469057 0.6637725140625 0.2848471125 0.666402298429076 0.34849215327809424
0 0.8062757656249999 0.343324721875 0.8036464282309655 0.27967807053134264 0.739648409375 0.2823219234375 0.7422777467690345 0.3459685747811574
0 0.8117263296874999 0.46889485624999994 0.8066945355565516 0.34703842284032793 0.6666153679373393 0.3528226848096968 0.6716471620682878 0.47467911821936876
0 0.9148182769327654 0.31818166279901267 0.910019340625 0.22122549687499996 0.8098440793172346 0.22618376532598727 0.814643015625 0.32313993124999996
0 0.965674503125 0.31669684375 0.961598260949135 0.2191486867846077 0.9135616569876399 0.22115599104482694 0.9176378991635049 0.31870414801021923
0 0.9731889125000001 0.46222805781250004 0.9673221655497656 0.32015979582982135 0.8159400859374999 0.326411159375 0.8218068328877344 0.46847942135767856
0 0.6623295703124998 0.4749851140625 0.6573102777018771 0.3534455844066694 0.5090067281249999 0.35957016718749996 0.5140260207356226 0.4811096968433306
0 0.5831189674245743 0.5592932356921692 0.5753950240307172 0.38437946082113117 0.3996388878561429 0.3921406016914619 0.40736283125000006 0.5670543765624999
0 0.333412421875 0.4934422171874999 0.3305258239733688 0.42439180502981844 0.2680589905547279 0.4270031816260366 0.2709455884563591 0.4960535937837182
0 0.4752383953125001 0.6259651421875001 0.4730770774119047 0.5736315828871398 0.4076325234375 0.5763343703125001 0.40979384133809543 0.6286679296128603
0 0.48103349999999995 0.7713459812500001 0.4782785245613672 0.7054145008734014 0.4143914493497813 0.708084049957521 0.417146424788414 0.7740155303341197
0 0.4778296656250001 0.6946149343750001 0.47509937954810855 0.6292627453331809 0.410796153125 0.6319492078125001 0.4135264392018915 0.6973013968543192
0 0.48257291875 0.8243112906250001 0.48058483882600306 0.7761632488637024 0.4168937991876125 0.7787931144327184 0.41888187911160946 0.826941156194016
0 0.4852969984375 0.8852007859375004 0.48320623109986843 0.8345900175051348 0.4187924968749999 0.8372509953125002 0.4208832642126315 0.8878617637448658
0 0.5951358218750001 0.820571846875 0.5901310776698362 0.7007967949745236 0.4815361906250001 0.7053343812499999 0.486540934830164 0.8251094331504764
0 0.48840189375 0.95515278125 0.4856560211128852 0.8886733872260942 0.4205110625 0.8913641421875003 0.4232569351371147 0.957843536211406
0 0.5991198874999999 0.950583815625 0.594079358968184 0.8299606994131624 0.487201928125 0.8344268312500001 0.492242456656816 0.9550499474618377
0 0.3498205671875 0.8842592718749998 0.34695740884722814 0.8156877025642499 0.28393781093750003 0.8183190421875001 0.2868009692777718 0.8868906114982499
0 0.35245500781249994 0.9604048468750002 0.34940696348675504 0.8874625666301785 0.28666056875272367 0.8900845547526789 0.2897086130784686 0.9630268349975004
0 0.34652393750000005 0.8059623078125002 0.34364873888025727 0.7371324577688271 0.280380146875 0.7397753484375001 0.2832553454947428 0.8086051984811731
0 0.2862452546875 0.9636856484375 0.28017603180161477 0.8184189952850549 0.16801774524733268 0.8231049546902225 0.17408696813321786 0.9683716078426677
0 0.5890750515625001 0.6914717749999999 0.5839460077826253 0.5687026703376057 0.47631021718749994 0.573199475 0.48143926096737466 0.6959685796623942
0 0.27306009374999995 0.65253186875 0.26694618933035813 0.5061854423889053 0.15512367493483722 0.5108570437527223 0.16123757935447908 0.6572034701138171
0 0.33658817499999993 0.5732325109375 0.3336390536862131 0.502666248648275 0.26974232661122205 0.5053366352265769 0.2726914479250089 0.5759028975158019
0 0.339774003125 0.6509642375 0.3366010175815742 0.575016513653962 0.27322641243755724 0.5776642125678878 0.27639939798098306 0.6536119364139258
0 0.27984523125 0.808884971875 0.2737317948942138 0.6625735062648963 0.1610064296875 0.6672835906250001 0.16711986604328627 0.8135950562351036
0 0.34284357499999996 0.7338547453125 0.33976461429718635 0.6601729646322375 0.27798053046686355 0.6627547530257402 0.2810594911696772 0.7364365337060026
0 0.498782171875 0.15474347968750002 0.49354091362387403 0.027790999100049552 0.32711253832570664 0.03466202746606994 0.3323537965768327 0.16161450805352043
0 0.501908075 0.2290722984375 0.49894141712239504 0.15807592034691123 0.44781053520263664 0.16021247769977495 0.45077719308024167 0.23120885579036368
0 0.577745575 0.2256817796875 0.5750855081230875 0.16124843131448396 0.50844473125 0.16399962968749998 0.5111047981269125 0.22843297806051602
0 0.6498540671875002 0.1540101703125 0.6443834626847786 0.02156288465357062 0.501950315625 0.027445945312499997 0.5074209201277216 0.15989323097142938
0 0.6524822328125001 0.2231194828125001 0.6497682357997422 0.15737835187006474 0.57897495625 0.1603009171875 0.5816889532627578 0.22604204812993536
0 0.7324191609375 0.21903253593749997 0.7297375230614261 0.15407477464706737 0.6589438421471299 0.1569973355905958 0.6616254800232038 0.22195509688102838
0 0.8001189953125 0.148329034375 0.7946448501330033 0.01575136847491889 0.6532822601238697 0.021588244055779228 0.6587564053033663 0.15416590995586033
0 0.801147053125 0.21671753124999998 0.7984749741234333 0.15202203615318255 0.7334582468749999 0.1547073828125 0.7361303258765666 0.21940287790931742
0 0.8850436937499999 0.21272907031250005 0.8823923553448199 0.14855639243971824 0.8079406578125001 0.151632415625 0.8105919962176802 0.2158050934977817
0 0.9590173750000002 0.14176720156250003 0.953541675743813 0.00918962029320522 0.8022518765625002 0.015438168749999991 0.8077275758186874 0.14801575001929482
0 0.9603057875 0.21014637343749998 0.9576017272448121 0.14466586360202444 0.8859191140625 0.14762604375000002 0.8886231743176879 0.21310655358547556
0 0.8924346450961632 0.9412897345983271 0.8587880493970165 0.014824407949213868 0.24095898434882007 0.03726220908964624 0.27460558004796687 0.9637275357387596
0 0.6266419203125002 0.671458996875 0.6230675396831963 0.5858887659353993 0.5924060265625 0.5871695375000001 0.595980407191804 0.6727397684396008
0 0.6315889734375 0.801142871875 0.6280367282291952 0.7161360800441247 0.5978475515625 0.71739761875 0.6013997967708048 0.8024044105808754
0 0.637940775 0.9305338812500002 0.6344811820345434 0.8477424479661494 0.6029970937499999 0.84905806875 0.6064566867154565 0.9318495020338509
0 0.78591324375 0.5067101578125001 0.7847012814487258 0.4773632232658593 0.7002141109375002 0.4808523531250001 0.7014260732387744 0.5101992876716408
0 0.9413156249999999 0.502493784375 0.9400321945204155 0.4714176301362313 0.8543155780579188 0.4749576858757398 0.8555990085375031 0.5060338401145085
0 0.4887348218749999 0.020525664062500004 0.48773984781093904 -0.0035608316442924753 0.4015386499999999 0 0.40253362406406074 0.024086495706792478
0 0.6149267828124999 0.015003775000000007 0.6141622088232599 -0.003513513568312135 0.529068096875 -2.7755575615628915e-18 0.52983267086424 0.01851728856831214
0 0.7665002734375 0.007488114062500012 0.7660476523172752 -0.0034709864661837176 0.6820063031249999 0 0.6824589242452247 0.01095910052868373