0 0.9346912767777358 0.855082850206653 0.9330812500000001 0.7628390625000001 0.6380227857222642 0.767989024793347 0.6396328125000001 0.8602328124999999
0 0.7536140625000001 0.6845093750000001 0.6960257506774752 0.6838389611713187 0.6951187502117281 0.7617499818126348 0.752707062034253 0.7624203956413161
0 0.6928406250000002 0.6861625000000002 0.6406598583149177 0.685555175989122 0.6397531250000001 0.7634609375000001 0.6919338916850826 0.7640682615108784
0 0.6332380857914796 0.7487030600240441 0.6321625 0.68701875 0.5583212892085204 0.688306314975956 0.559396875 0.749990625
0 0.6326948282236385 0.8608277962666625 0.6308031250000001 0.7524796874999999 0.48598485927636154 0.7550081412333374 0.4878765625 0.86335625
0 0.6804953125000002 0.5200328125000002 0.6344608705003829 0.5194976486217812 0.6333140625000002 0.6181453125 0.6793485044996175 0.6186804763782192
0 0.6305359375000001 0.5203140625000001 0.5902371105291288 0.519844282667943 0.5890890625 0.6183265625000002 0.6293878894708714 0.6187963423320573
0 0.8113076266727489 0.6230693436243169 0.8102546870239543 0.5627546602310689 0.7396704978512053 0.563986879106752 0.7407234375 0.6243015625000001
0 0.6814453125000001 0.43873125000000013 0.6187509687026955 0.43800057201891285 0.6178890627122055 0.5119546692921488 0.68058340650951 0.512685347273236
0 0.6822937500000001 0.3657625000000001 0.6194040581824953 0.36503151649189547 0.6185640625000001 0.43730000000000013 0.6814537543175049 0.43803098350810477
0 0.683503125 0.28723750000000003 0.6217021881265515 0.286518206302511 0.6208718750000001 0.35785781250000004 0.6826728118734485 0.35857710619748906
0 0.683684375 0.22080937500000006 0.6218818053772583 0.2200922385648448 0.6211390625 0.2841015625 0.6829416321227416 0.28481869893515527
0 0.6182484375 0.22175156250000008 0.49992293626686485 0.22037352176988598 0.49829687521189897 0.3599952943053032 0.6166223764450341 0.36137333503541724
0 0.7373390625 0.11421875000000012 0.642737923032061 0.11276747538795544 0.6412062500000001 0.21260937500000007 0.7358073894679391 0.21406064961204474
0 0.7386624646710688 0.1107528463571614 0.7378468481928714 0.06405784026025087 0.6417562585218024 0.06573624390308945 0.6425718749999999 0.11243125000000001
0 0.6397078125000001 0.06437968750000009 0.501756076348866 0.06277433719079403 0.49999687500000006 0.21394687500000006 0.6379486111511341 0.2155522253092061
0 0.6163265625000001 0.36704843750000005 0.49830872710056234 0.36567476883324307 0.4965906249999999 0.5132843749999999 0.6146084603994376 0.5146580436667569
0 0.5887556860784594 0.4514068244808855 0.4187883095409613 0.4486266645400975 0.41595638274004687 0.6217588508708003 0.5859237592775449 0.6245390108115882
0 0.557919162575528 0.7488269427542324 0.556857758369989 0.6881047157581516 0.4880495332944611 0.6893074605039191 0.4891109375000001 0.7500296875
0 0.4080046875000002 0.5584125000000001 0.3571875297645894 0.5578209497957568 0.3564296875000001 0.6229234375000001 0.40724684523541094 0.6235149877042435
0 0.28105875713900896 0.6230199515231265 0.27997341020110567 0.5609171879770927 0.21415059056209668 0.5620675489539662 0.2152359375 0.6241703125
0 0.35503507685999247 0.6221323236353091 0.35394375000000006 0.559625 0.28867429814000756 0.5607645513646909 0.28976562499999997 0.623271875
0 0.21129843750000007 0.5627703125000001 0.1645455686521658 0.5622252615169396 0.16380781271233372 0.6255077942866485 0.21056068156016802 0.626052845269709
0 0.15453750000000005 0.5635859375 0.10539316187389873 0.5630145344817918 0.10464843750000005 0.627065625 0.15379277562610139 0.6276370280182081
0 0.28305659354829843 0.5576996010113708 0.28121562499999997 0.45213749999999997 0.1618527814517015 0.45421914898862914 0.16369374999999997 0.55978125
0 0.10310260042790542 0.6276209511557795 0.10199684818819024 0.5643265902652711 0.03558018526028483 0.5654868891094917 0.0366859375 0.6287812500000001
0 0.1576051375567097 0.5596253847100409 0.1557921875 0.4557328125 0.03565111244329029 0.45782930278995915 0.037464062500000006 0.561721875
0 0.1778353336893505 0.7559220496912563 0.17676718750000003 0.6946625000000001 0.10840372881064952 0.6958545128087438 0.10947187500000002 0.7571140625
0 0.10812531866721058 0.7574065196552736 0.10706093750000001 0.6964125 0.03446061883278943 0.6976794178447265 0.03552500000000001 0.7586734375000002
0 0.2541445693340251 0.7548578711267989 0.25307187499999995 0.69335625 0.18445386816597478 0.6945530663732009 0.18552656249999996 0.7560546874999999
0 0.17791428587612282 0.8686352472426945 0.17601093750000002 0.7596093749999999 0.031784151623877197 0.7621272527573056 0.0336875 0.8711531250000002
0 0.4113738450976207 0.5551734803005932 0.4095484375 0.4505437499999999 0.28730115490237923 0.4526765196994066 0.2891265625 0.5573062499999999
0 0.4812104705187704 0.8631931988479961 0.4793125000000001 0.7544937499999999 0.33404421698122955 0.7570302386520038 0.3359421875 0.8657296875
0 0.4819164365321004 0.7516996963183982 0.4808328115491296 0.6895874454971018 0.4105101250170291 0.6908143116787036 0.41159375000000004 0.7529265624999999
0 0.4116302494429963 0.7524780751961812 0.4105546875 0.6908734374999999 0.3350181880570037 0.6921922373038186 0.33609374999999997 0.7537968749999999
0 0.32930630360789415 0.8664787123410698 0.32739375000000004 0.7569015624999998 0.18213432139210584 0.75943691265893 0.184046875 0.8690140625
0 0.32889620275995585 0.7527569626813732 0.3278468477080062 0.6926984379768514 0.2545568949480504 0.6939789752954781 0.25560625 0.7540374999999999
0 0.936975 0.507215625 0.8137010574379117 0.5057822901197996 0.8117781068349039 0.6711656247887902 0.9350520493969923 0.6725989596689905
0 0.8112669506370727 0.5591059431689857 0.8103984097271744 0.509403098181146 0.7400111465901016 0.5106330925121605 0.7408796875 0.5603359375000001
0 0.8051546875 0.43574531250000026 0.7425883418382758 0.4350179196876085 0.7418140625000003 0.5016171875000002 0.8043804081617243 0.5023445803123919
0 0.9386796875 0.3605140625000002 0.8100700949063807 0.3590177414486655 0.8084156250000001 0.5012203125000002 0.9370252175936195 0.5027166335513348
0 0.8067625000000002 0.36306718750000005 0.7429262646668964 0.3623251079320556 0.7421046875000001 0.4330000000000001 0.8059409228331036 0.4337420795679446
0 0.80766875 0.28529531250000006 0.7445932448757157 0.2845606274392921 0.7437702945148794 0.355214044090971 0.8068457996391638 0.35594872915167897
0 0.9400000000000001 0.21440312500000008 0.8112639262294999 0.21290420247233005 0.8096203127117965 0.3540671693096909 0.9383563864822966 0.35556609183736093
0 0.8076843750000002 0.21848750000000008 0.7448634776911979 0.21775599507695015 0.7441062500000001 0.2827859375000001 0.8069271473088024 0.28351744242305005
0 0.8086328125000002 0.13687343750000014 0.7463195284973545 0.13614836388319979 0.74545625 0.21033906250000006 0.8077695340026455 0.21106413611680042
0 0.941796875 0.05986718750000012 0.8130607661528917 0.05836957215915648 0.81130625 0.20918906250000008 0.9400423588471083 0.21068667784084374
0 0.810246875 0.0636843750000001 0.7466637084736362 0.06294443905159022 0.74583125 0.13447812500000011 0.8094144165263639 0.13521806094841
0 0.946930710309816 0.16131472747666983 0.04706274970215955 0.14149876179583037 0.03390235767923204 0.7391287396232552 0.9337703182868886 0.7589447053040946
0 0.3923075273314615 0.4433817496829436 0.39178750000000007 0.4135765625 0.30781434766853855 0.41504168781705647 0.30833437500000005 0.444846875
0 0.2657927806129984 0.44558983360368554 0.26528125 0.41624375 0.18187128188700166 0.41769766639631456 0.18238281250000002 0.4470437500000001
0 0.13794812999686384 0.4481626158280765 0.13741406250000002 0.4175578125 0.05611905750313616 0.4189764466719236 0.05665312499999999 0.44958125000000004
0 0.49244218750000013 0.2505390625 0.46394557804474906 0.25020790824580325 0.46298125 0.333190625 0.491477859455251 0.3335217792541968
0 0.4937468749999999 0.09949843750000005 0.46357117511815266 0.09914714945211037 0.462590625 0.18337656250000006 0.49276632488184724 0.1837278505478897
0 0.9745187500000002 0.5108671875000002 0.9441727895074404 0.5105136566077423 0.9431859375 0.5952218750000002 0.9735318979925598 0.595575405892258
0 0.9754875000000001 0.3881359375000001 0.9459021875457516 0.38779181830680115 0.9449296875 0.4714015625000001 0.9745149999542484 0.4717456816931991
0 0.9762875 0.2406906250000001 0.948834303596833 0.24037150553889455 0.947875 0.3228984375000001 0.975328196403167 0.32321755696110566
0 0.9793906250000001 0.09208437500000013 0.9493461012111537 0.0917350988060082 0.9483687500000002 0.17580625000000014 0.9784132737888467 0.17615552619399205