0 0.2852870078125 0.9572825343750002 0.2645245344323357 0.645845441812393 0.1710048984375 0.6520800843750001 0.19176737181766434 0.9635171769376074
0 0.36018399672702944 0.7200121518337891 0.2744250265625 0.7142948875 0.27053336264797073 0.7726698497287109 0.35629233281250017 0.7783871140625
0 0.35506968849226783 0.6633284792708449 0.2698900968750001 0.657649840625 0.2663639661952324 0.7105418082291551 0.35154355781250013 0.7162204468750001
0 0.3476153359375 0.6541959531250001 0.3421464358177025 0.5721624617690272 0.2796105421875 0.576331521875 0.28507944230729754 0.658365013230973
0 0.28066091718749997 0.6491248140624999 0.2700246569160175 0.4895809323660435 0.1601779546875 0.49690404687499995 0.17081421495898247 0.6564479285714564
0 0.5237818090014716 0.6662982125858085 0.41804664531249996 0.6592492015625 0.41493576287352835 0.7059124374141916 0.5206709265625 0.7129614484375001
0 0.5205922981893258 0.6210661106141834 0.41563578124999995 0.614069009375 0.4129124924356741 0.6549183409483167 0.517869009375 0.6619154421875001
0 0.48354888124999995 0.8430879656249999 0.4783118398267458 0.7645323512536181 0.417161340625 0.7686090515624999 0.4223983820482541 0.8471646659338818
0 0.60802745629709 0.6549551568901617 0.5257735890625 0.6494715656250001 0.5215369749529101 0.7130207759223385 0.6037908421875 0.7185043671875001
0 0.6826396904662841 0.6597305128319897 0.6020877531250001 0.6543603843750001 0.5978379454712159 0.7181075074805104 0.6783898828125 0.7234776359375001
0 0.7628628183254702 0.6664877661912889 0.6833785937500001 0.6611888171875001 0.6792022504245301 0.7238339588087113 0.7586864750000002 0.7291329078125002
0 0.8307473765125921 0.6704106630370081 0.758755165625 0.6656111812500001 0.7545788219249081 0.728256322900492 0.8265710328125001 0.7330558046875002
0 0.8303113555229749 0.5462265939819776 0.6750258781250001 0.5358742281250001 0.6670298585395255 0.6558145138305226 0.8223153359375003 0.6661668796875
0 0.9453161302202442 0.6985473786743305 0.832812353125 0.6901286484375001 0.8256803541547558 0.7854371807006697 0.9381841312500001 0.7938559109375001
0 0.98946176875 0.7971980843750001 0.9825823196833516 0.6940063483752765 0.9352414281249997 0.6971624078125 0.942120877191648 0.8003541438122236
0 0.993515698726012 0.5571037023632004 0.8243387656250001 0.545825240625 0.8150163575239882 0.6856613679492998 0.9841932906250002 0.6969398296875001
0 0.6817314563724902 0.5363991933618795 0.5183122468750001 0.5255045781250001 0.51033712644001 0.6451313707006208 0.6737563359375001 0.6560259859375001
0 0.5876669094530833 0.45017240103260703 0.40342768906250004 0.43736464375000006 0.3914646516276805 0.609452593409045 0.5757038720182638 0.622260350691652
0 0.3427142703125 0.5772209796875001 0.33759528015295504 0.5004361115401933 0.27603312031249994 0.5045402546875 0.2811521104720449 0.5813251228348068
0 0.4711776439681012 0.3809711179533034 0.3992322687500001 0.3761747593750001 0.3957980747818991 0.42768766642169675 0.4677434500000002 0.4324840250000001
0 0.458739296875 0.301572525 0.4538141067994558 0.22769466504775632 0.3908538875 0.23189201250000005 0.3957790775755442 0.30576987245224374
0 0.4637842390625 0.377198934375 0.4588936965875526 0.3038408096193249 0.395520234375 0.3080657078125 0.4004107768499474 0.3814238325681751
0 0.4565491081443584 0.1839350528346239 0.38689872187499996 0.17929169375000004 0.3837393902931416 0.22668166747787621 0.45338977656249996 0.23132502656250006
0 0.4530225323916931 0.12348951186865653 0.3823284359375 0.11877657187500004 0.37900739573330694 0.16859217250634356 0.44970149218750005 0.17330511250000005
0 0.5699518640625001 0.30896442968749993 0.5610700050352014 0.1757365460288884 0.4540479234375 0.18287135156250006 0.46292978246479854 0.3160992352211116
0 0.446299253125 0.11959978593750002 0.44132504570671616 0.04498665170658739 0.37715676249999996 0.0492645359375 0.3821309699182838 0.12387767016841264
0 0.5599666671875 0.1806561234375 0.5510435967749737 0.0468100847153751 0.4457156546874999 0.0538319484375 0.4546387251000262 0.1876779871596249
0 0.316887965625 0.188633653125 0.311795435882059 0.11224569996718321 0.24969020312499995 0.1163860484375 0.25478273286794095 0.1927740015953168
0 0.31159435625 0.11734025625000002 0.3062148497581059 0.036647671060078234 0.2443756125 0.0407702875 0.24975511899189412 0.12146287268992177
0 0.3220632578125 0.266644728125 0.31695148380268967 0.18996810570357053 0.2545992546875 0.1941249203125 0.25971102869731033 0.2708015427339295
0 0.2504902015625 0.18420713437500003 0.23988932818554282 0.025194018214551316 0.12935388749999996 0.032563046875 0.13995476087695718 0.19157616303544872
0 0.5780379124999999 0.44013120468750005 0.5689659977497534 0.30405249041235777 0.462890734375 0.31112417500000006 0.47196264912524644 0.4472028892751423
0 0.2709805109375 0.49428125625 0.2603110265040228 0.3342389742567077 0.150106496875 0.3415859421875 0.1607759813084772 0.5016282241807923
0 0.33737603749999995 0.4994853031249999 0.3321440249572754 0.4210051079816057 0.26917113906249995 0.4252033 0.2744031516052245 0.5036834951433942
0 0.3325254515625 0.42763301406250004 0.32694160558567287 0.3438753035798082 0.264484878125 0.34803908437500003 0.27006872410182714 0.4317967948576918
0 0.26087508125000003 0.33897838124999996 0.25020010023989603 0.17885366782099962 0.1391057515625 0.1862599578125 0.14978073257260396 0.34638467124150035
0 0.32649574062500003 0.343055696875 0.32107596945849226 0.2617591380608741 0.26018988281250005 0.2658182109375 0.2656096539790078 0.3471147697516259
0 0.5550045332826329 0.850687260135509 0.3728537796875001 0.8385438765625001 0.3645232604673674 0.9635016648644912 0.5466740140625002 0.9756450484375001
0 0.5380676249999999 0.8462390843749998 0.5329188831900218 0.7690079503768881 0.4825285406249999 0.7723673062499999 0.4876772824349781 0.8495984402481118
0 0.61729515697509 0.7816077912822705 0.5425728421875 0.7766263046875002 0.5383447789624101 0.8400472665302298 0.61306709375 0.8450287531250001
0 0.7053472150623551 0.8552758977492951 0.5463285421874999 0.8446746531250001 0.5376375568126449 0.9750394366257051 0.6966562296875001 0.9856406812500002
0 0.691722079457082 0.7860527252058028 0.6126979765625001 0.7807844515625 0.6083840971054181 0.8454926419816973 0.6874081999999999 0.850760915625
0 0.771183454469783 0.7921246468731633 0.6922626203125 0.7868632578125 0.6880001455302169 0.8508003781268366 0.7669209796874998 0.8560617671875
0 0.854716574075176 0.8647169946776782 0.6967492 0.8541858359374999 0.6880495587373241 0.9846804490723219 0.8460169328125001 0.9952116078125002
0 0.8394289766144036 0.7961574880576151 0.7662855171875002 0.7912812562500002 0.7620402468230967 0.8549602963173852 0.8351837062500002 0.8598365281250002
0 0.9228339675193583 0.8022346809596239 0.8403776359374999 0.7967375921875001 0.8361666715431415 0.859902058102876 0.9186230031249998 0.865399146875
0 1 0.8640602765625 0.8448658140624999 0.8640602765625 0.8448658140624999 1 1 1
0 0.9977816577710177 0.8067143334347346 0.9179101171875 0.8013895640625002 0.9136133375414823 0.8658412587527657 0.9934848781250001 0.8711660281250001
0 0.9013218972699608 0.9414752446188469 0.8612643481188333 0.021997959360598295 0.2525448100742119 0.048517171096889855 0.2926023592253394 0.9679944563551386
0 0.6149174640624999 0.42406869062499997 0.6089833563689863 0.3350570703115345 0.57876751875 0.337071459375 0.5847016264435136 0.4260830796884655
0 0.6058259843749999 0.294709903125 0.599933306346792 0.2063197327018805 0.5701829609375 0.2083030890625 0.576075638965708 0.2966932594856195
0 0.5980477093750001 0.16403280156249997 0.5922904965465468 0.07767459107937795 0.5612640046874999 0.07974302343749999 0.5670212175159531 0.166101233920622
0 0.788495905163767 0.5071663235686199 0.7006368468749999 0.501309053125 0.6987111229612327 0.5301949123688802 0.7865701812499999 0.5360521828125001
0 0.943003200007027 0.5152959891971806 0.8536943562500001 0.5093420656250002 0.8516552671804734 0.5399283983028197 0.9409641109375002 0.5458823218750002
0 0.5439115093750002 0.9770358890624999 0.4570633640625002 0.9770358890624999 0.4570633640625002 1 0.5439115093750002 1
0 0.6688378281250003 0.9857846640625001 0.5836670921875002 0.9857846640625001 0.5836670921875002 1 0.6688378281250003 1