0 0.9210969718750001 0.9682173593750001 0.9052363905139111 0.6623347268343969 0.811243190625 0.6672084484374998 0.8271037719860889 0.9730910809781032
0 0.8131239506830804 0.7227533084065463 0.7308225296875002 0.7209243875000002 0.7295158790044199 0.779723654093454 0.8118173000000002 0.7815525750000002
0 0.8105418428229161 0.6661668912350786 0.7284950406250001 0.664343628125 0.7273111196770841 0.7176200462649216 0.8093579218750001 0.7194433093750001
0 0.7909318546875002 0.6570669859375 0.7868708563200302 0.578747723875523 0.7240182937499999 0.5820067453125 0.7280792921174699 0.660326007374477
0 0.9055471781249999 0.6590044734375 0.8976128227985706 0.5059847744189521 0.7872098796874999 0.5117093718749999 0.7951442350139293 0.6647290708935478
0 0.6609345701903433 0.6545371688709173 0.5579632703125001 0.6522489171875001 0.556918771997157 0.699251329566583 0.6598900718750002 0.7015395812500002
0 0.6575516831983388 0.6092936523520028 0.5550146734375001 0.6070150515625 0.5541003121141613 0.6481613007729974 0.656637321875 0.6504399015625001
0 0.6750088515625 0.8349153703125 0.6711239198008617 0.7599917001230644 0.6096637671875 0.7631785234375 0.6135486989491383 0.8381021936269357
0 0.5524500029338021 0.635110884896209 0.47396015781250006 0.6333666671875 0.4725376892536981 0.697377791666291 0.5510275343750001 0.6991220093750001
0 0.4761269582180054 0.6332153665580187 0.3993507640625001 0.6315092296875001 0.39792386521949485 0.6957197068794815 0.4747000593750001 0.6974258437500002
0 0.3949215450336866 0.6328245077844139 0.31914779375000013 0.6311406453124999 0.31774555965381357 0.6942411297155862 0.39351931093750003 0.6959249921875001
0 0.31947321872036305 0.6305431435951246 0.25119148125000007 0.6290257718750001 0.24978924846713713 0.6921262564048756 0.3180709859375001 0.693643628125
0 0.392702013197889 0.5076048829803045 0.2445206015625001 0.5043119625 0.24183588836461128 0.6251240482696956 0.3900173000000001 0.6284169687500001
0 0.24783411569069416 0.7404175528808665 0.24273007295337906 0.6419824232925333 0.1440106375 0.6471012078125 0.14911468023731514 0.7455363374008331
0 0.14568479375 0.7432719218749999 0.14047990662026485 0.6428919264205213 0.09289929062499998 0.64535906875 0.09810417775473512 0.7457390642044787
0 0.24487493855084436 0.5043166469957535 0.08398050000000006 0.5007412140625 0.08085044269915578 0.6415937545667464 0.2417448812500001 0.6451691874999999
0 0.5494015039556015 0.5111652782360575 0.3930677906250001 0.5076911953125 0.39039009448189865 0.6281875077014425 0.5467238078125002 0.631661590625
0 0.6545023187500002 0.6060953140625001 0.6451583335458737 0.42042447942273425 0.4711895390625001 0.429179553125 0.48053352426662654 0.6148503877647659
0 0.7857257015625 0.580049590625 0.7819338538029008 0.5069211152658053 0.7200599562499999 0.5101293921875001 0.723851804009599 0.5832578675466948
0 0.6465611933757961 0.371465666099081 0.5776669281250001 0.36993468125000006 0.5765138753742038 0.4218220151509192 0.645408140625 0.4233530000000002
0 0.6373750921875 0.2924323390625 0.6337382833698173 0.2222939088894163 0.570459246875 0.2255750453125 0.5740960556926827 0.29571347548558374
0 0.6417101875 0.3680677312499999 0.6381016020436082 0.29847358052830075 0.5744072296874999 0.30177625156250004 0.5780158151438917 0.3713704022841992
0 0.6352461874361037 0.17450504242353876 0.568402709375 0.17301963125000008 0.5673419438138965 0.22075406382646143 0.634185421875 0.22223947500000013
0 0.6328297547833326 0.11404179695506038 0.5650862375000001 0.11253638593750004 0.5639711780291675 0.1627140780449397 0.6317146953125 0.16421948906250006
0 0.570615146875 0.29092644687499997 0.5640366251935927 0.1640549804094528 0.45647260625 0.169632375 0.46305112793140735 0.29650384146554715
0 0.62946929375 0.11051423437500003 0.6257980818522426 0.03971227962081854 0.5613048640625001 0.043056371875000006 0.5649760759602576 0.1138583266291815
0 0.5636955265625 0.1627079515625 0.5570797369608966 0.035117711639120135 0.45121843593750005 0.040606815624999994 0.45783422553910336 0.16819705554837985
0 0.7660445031249999 0.19146734062499998 0.76227490971734 0.11876803609244413 0.6998551890624999 0.12200461406250003 0.7036247824701597 0.1947039185950559
0 0.762624446875 0.120216259375 0.7586308315292273 0.04319652511505467 0.696478453125 0.046419240625 0.7004720684707727 0.12343897488494533
0 0.7703643703125 0.2694862265625 0.7665805691777225 0.1965129215855867 0.7039126015625 0.199762371875 0.7076964026972775 0.2727356768519133
0 0.8813048875 0.19402868281249996 0.8734001751060789 0.04158065217342746 0.7623050062499999 0.047341142187500004 0.770209718643921 0.1997891728265725
0 0.5771247421875 0.4221307765625001 0.5703954862290624 0.29235224858855136 0.4637830796875 0.2978802984375001 0.47051233564593753 0.4276588264114488
0 0.8972316765624999 0.5041115734375 0.8892725805007597 0.35061472364823926 0.7785099984375 0.35635796875 0.7864690944992402 0.5098548185392607
0 0.7832753765625 0.5023594609375 0.7793999672385337 0.4276194458870709 0.7161082000000001 0.4309012421875001 0.7199836093239663 0.5056412572379292
0 0.779089846875 0.43050099531249997 0.7749392013439719 0.35045280803712336 0.71216620625 0.353707703125 0.7163168517810282 0.43375589040037654
0 0.8898266359375 0.3488064968749999 0.8818660055784491 0.1952800665050219 0.7702090984375 0.20106968437500003 0.7781697287965509 0.35459611474497804
0 0.7735140218750001 0.34592339375 0.7694861526292054 0.26824307204508635 0.7082917515625 0.271416115625 0.7123196208082947 0.34909643732991363
0 0.733679203535112 0.8390641181287813 0.5589297015625001 0.8351807953125 0.5561326777148883 0.9610468506212188 0.7308821796875001 0.9649301734375001
0 0.6095763234375 0.8329762515624999 0.6057269304624888 0.7587379765763809 0.555081421875 0.761364040625 0.5589308148500112 0.835602315611119
0 0.5506453135095449 0.7615223518454265 0.47967942187499996 0.75994533125 0.47825982242795506 0.8238272747170736 0.5492257140625 0.8254042953125001
0 0.5599614069191544 0.8297515451142596 0.4086642406250001 0.8263893859374999 0.4057461883933458 0.9577017392607404 0.5570433546875001 0.9610638984375001
0 0.48055479987973404 0.7594462134350944 0.40536336562499997 0.75777529375 0.40391495480776607 0.8229538225024056 0.47910638906250014 0.8246247421875001
0 0.4010247621922539 0.7584559382947621 0.32589092500000005 0.7567862968749999 0.32445977218274624 0.8211881507677378 0.399593609375 0.8228577921875001
0 0.409488916316889 0.8258891419000121 0.2592507406250001 0.8225505156249999 0.2563297821206111 0.9539936424749882 0.40656795781250005 0.9573322687500003
0 0.3269210565878083 0.7562906176683373 0.2575493078125001 0.7547490234374999 0.2561239324746919 0.8188909213941628 0.3254956812500001 0.8204325156250001
0 0.2528520308458787 0.755163210372964 0.17413693125000013 0.7534139859375 0.17272307384162158 0.8170375693145363 0.2514381734375001 0.8187867937500002
0 0.2613723017006909 0.8225976605965574 0.10126032500000011 0.8190396171875 0.09833936704930935 0.9504827440909425 0.2584513437500001 0.9540407875
0 0.17535417244733245 0.7529224659159726 0.0993001062500001 0.7512323750000001 0.09785743536516774 0.8161525434590275 0.17391150156250007 0.817842634375
0 0.8347372859474351 0.9636725892082249 0.6850321216485582 0.03596292100207436 0.09370375547140393 0.13138599704299989 0.24340891977028073 1.0590956652491506
0 0.46150355000000004 0.40097902031249993 0.4569811864680909 0.3137620251500046 0.4266123421874998 0.31533670625 0.431134705719409 0.40255370141249536
0 0.4547976796875 0.27165154375 0.4503061073993946 0.18502835016326263 0.4204051125 0.18657877187499997 0.42489668478810544 0.2732019654617373
0 0.4483684296875001 0.14091970156249997 0.4439861471647162 0.056404264383502364 0.41280254375 0.0580211921875 0.4171848262727839 0.14253662936649764
0 0.3559712460168828 0.470396121499855 0.26982309843749996 0.4684817171875001 0.2691765242956172 0.49757753787514514 0.35532467187500005 0.49949194218750004
0 0.2027823286125435 0.4648139238773794 0.11528511406250005 0.4628695421874999 0.11460047763745658 0.4936781948726205 0.20209769218750004 0.4956225765625
0 0.6581269463056609 0.9707026301877587 0.5702561828125001 0.9687499468749999 0.5695676477628104 0.9997340291953177 0.6574384112559712 1.0016867125080764
0 0.531627316613948 0.9682010741382914 0.4447882265625 0.9662713171874998 0.444116986511052 0.9964771289867087 0.5309560765625001 0.9984068859375004
0 0.3797269686417185 0.9660700818900407 0.2940908531250001 0.9641670578125001 0.29346798917078176 0.9921959462349597 0.37910410468750017 0.9940989703125002
0 0.2294560193719409 0.9614861578467504 0.14212209218750013 0.959545403125 0.14144043219055938 0.9902200905907496 0.22877435937500015 0.9921608453124999