0 0.3609721451713784 0.11659500206689635 0.053906421875 0.11302435 0.05279185168524364 0.20887415420105918 0.359857574981622 0.2124448062679555
0 0.30515245312500006 0.29644155781250003 0.30343479936454854 0.21527262297158023 0.24359310937499998 0.2165389609375 0.2453107631354515 0.2977078957784198
0 0.36268243125 0.2964951296874999 0.36096490248437396 0.21535228583893673 0.30674235156249996 0.2165 0.30845988032812605 0.2976428438485632
0 0.4471420534913039 0.2335844940108108 0.37014859375000003 0.23268993437500005 0.3694039074461962 0.29678401223918927 0.4463973671875001 0.297678571875
0 0.5192535572494197 0.11794387208370405 0.36830036093750007 0.11618993437500005 0.3669922224380805 0.22877528260379615 0.5179454187500002 0.2305292203125001
0 0.3747948421875 0.4694545453125 0.37262050580627964 0.3667840579002136 0.32478484760348536 0.3677971125235183 0.3269591839847057 0.47046759993580467
0 0.4207858578125001 0.470603896875 0.41861560171461665 0.36812779543173163 0.37673989765982696 0.36901464612958323 0.3789101537577104 0.47149074757285153
0 0.26278527281906383 0.3587316890975703 0.18918322500000004 0.35787662343750004 0.18845509436843624 0.4205524015274298 0.26205714218750004 0.4214074671875
0 0.39390375156249996 0.554125 0.39227135220022297 0.47704884503238 0.3271254687739651 0.4784285726356143 0.328757868136242 0.5555047276032343
0 0.39571161562500007 0.6299399343750001 0.39411647756148327 0.5546113221672774 0.3287676765487025 0.5559951304818819 0.3303628146122192 0.6313237426896047
0 0.396000540625 0.7115016234374999 0.39442663580386184 0.637143940676346 0.33020746718749994 0.638503246875 0.33178137200863816 0.7128609296361539
0 0.3980752171875 0.7805357140625 0.3966628355862475 0.7137936048203679 0.33244365 0.7151525968749999 0.3338560316012525 0.781894706117132
0 0.5248804828125 0.7822175328124998 0.5217991807133799 0.6367016459426257 0.3988437601356643 0.6393052296727176 0.4019250622347843 0.7848211165425918
0 0.3807501952612596 0.7896245338508843 0.282077449116048 0.7884790276824176 0.28090878354228854 0.8891467016440334 0.37958152968750014 0.8902922078125
0 0.38186114620087025 0.893688985163663 0.2817959953125001 0.8925243500000002 0.28123125835432183 0.9410464028243484 0.381296409242692 0.9422110379880111
0 0.5283360390625 0.945365259375 0.5249996997966776 0.7877704335425594 0.38165014374999995 0.7908051953124999 0.3849864830158224 0.9484000211449406
0 0.521604834375 0.6312629875 0.5183493156279176 0.47744825529684326 0.39571515156250003 0.48004383125 0.39897067030958244 0.6338585634531567
0 0.603310062123277 0.37120505566643663 0.42182893125 0.3693733765625001 0.4200386019392231 0.5467576068335636 0.6015197328125002 0.5485892859375001
0 0.5202116900269534 0.23566849223862762 0.4484533921875 0.23483603906250003 0.4477214271605464 0.29793215776137244 0.5194797249999998 0.29876461093750006
0 0.66187611875 0.4378620125 0.6604405292393299 0.3700269590809165 0.6076349203131995 0.3711444812830523 0.6090705098238696 0.43897953470213585
0 0.8094079533919469 0.37475679502106696 0.74074859375 0.3739577921875 0.7399976385757296 0.43848835355614507 0.8086569982176766 0.4392873563897119
0 0.7319348303228865 0.37343714443406795 0.6638444437499998 0.37264448125000005 0.6630883104035961 0.4375969262381331 0.7311786969764827 0.438389589422201
0 0.8620943359375 0.439228896875 0.8606981734340332 0.3733039484398496 0.812117493806141 0.37433279298048827 0.8135136563096077 0.44025774141563867
0 0.9235887796875 0.4401266234375 0.9221762765618104 0.3733883606771532 0.87111060625 0.37446915625 0.8725231093756897 0.44120741901034677
0 0.8666932527504608 0.4432512692455363 0.7422071421875001 0.44180357187500013 0.7409315300620394 0.5514922370044639 0.8654176406250003 0.5529399343750001
0 0.99499905951575 0.37536276903463806 0.9257151515625 0.37455681875000013 0.9249501107965387 0.4403239200460356 0.9942340187497887 0.4411298703306736
0 0.9978608417447493 0.4450493030946844 0.8725739890625 0.4435925328125001 0.8713187379427507 0.5515481000303158 0.996605590625 0.5530048703125001
0 0.9148499084399606 0.23978241429157152 0.8435503250000002 0.23895292187500008 0.8428097962473282 0.30260557322660425 0.9141093796872888 0.3034350656431757
0 0.9916984625588666 0.24039759485677462 0.9159974390624999 0.23951623437500008 0.9152595279273227 0.3028962353364943 0.9909605514236894 0.3037775958182688
0 0.8357915869028625 0.23858448038250862 0.7642225828125 0.23775162343750006 0.7634788848243249 0.30165902635547465 0.8350478889146876 0.30249188330048316
0 0.991413476394262 0.1235708508011126 0.8410701296874998 0.1218214281250001 0.8397518719151217 0.2351109653121862 0.9900952186218838 0.23686038798829873
0 0.7362817452834488 0.4420300602583137 0.6088039687500001 0.4405487015625001 0.6075405859665514 0.5492686413041864 0.7350183625000001 0.5507500000000001
0 0.6772119000054228 0.12007067844069581 0.5257890687500001 0.11831006562500006 0.5244757984320774 0.2312588684343043 0.6758986296875001 0.23301948125000002
0 0.6007858167667401 0.2350001898761231 0.5274488453124999 0.23414935000000003 0.5267000426082598 0.29869136793637696 0.6000370140625 0.2995422078125
0 0.679265736519899 0.2363798740813153 0.6005089828125001 0.2354659093750001 0.5997661181676012 0.29947889310618486 0.678522871875 0.3003928578125001
0 0.8351143830296417 0.12124797164537274 0.683698521875 0.11948701250000011 0.6823743263269778 0.23334780806008554 0.8337901874816194 0.23510876720545815
0 0.7629206596404375 0.23856276763700635 0.6865048328125001 0.23767370156250006 0.6857787606720626 0.3000800901754938 0.7621945875 0.3009691562500001
0 0.1887883484375 0.47595616874999996 0.18513889243680387 0.3036521161050682 0.057039935103658165 0.30636529377759647 0.0606893911043543 0.4786693464225283
0 0.2644412718345402 0.4252047460664616 0.19108575156250004 0.42435227343750004 0.1904855687904599 0.47599817737103844 0.26384108906250003 0.47685065
0 0.2652033921875 0.5534886359375 0.26373345885806254 0.48405065691883487 0.19871901093819985 0.48542694847056184 0.20018894426763736 0.554864927489227
0 0.19756533281250002 0.6284383109375 0.19442626049677805 0.48019769626054903 0.060784413214198106 0.48302763206418087 0.06392348552992008 0.6312682467411318
0 0.2673284265625 0.6289886359374999 0.2657702544626851 0.5553145976388709 0.19943614685104377 0.5567175335730682 0.20099431895085865 0.6303915718716973
0 0.26824880937500006 0.7097824671874999 0.2666877934177879 0.6361303566178282 0.20114433816335658 0.6375195140873375 0.20270535412056873 0.7111716246570092
0 0.2013046171875 0.7802548703124998 0.19818938415226556 0.6330951267415339 0.06441764062500002 0.6359269484375 0.0675328736602345 0.7830866920084659
0 0.270245309375 0.7792126625 0.2688090987404663 0.7114047253386231 0.20353012570083467 0.7127873710762131 0.20496633633536837 0.7805953082375902
0 0.27151208437499996 0.8640016234375001 0.26987493923027056 0.7866777454261983 0.2051234140625 0.7880487015625 0.2067605592072294 0.8653725795738018
0 0.2047050875 0.9408116890625001 0.2013760428851675 0.7836182796195994 0.06760277882980403 0.7864513320095842 0.07093182344463653 0.9436447414524849
0 0.273649278125 0.94003084375 0.2720708431209111 0.8654666475554071 0.20600137187500006 0.866865259375 0.20757980687908892 0.9414294555695928
0 0.9995076403453371 0.31474113913376894 0.05769499231605577 0.20058712156796904 -0.016031559153687747 0.8088582989688184 0.9257810888755937 0.9230123165346183
0 0.7175890140171233 0.5583023877129332 0.6301854625000001 0.5572857140624999 0.6298252173128654 0.5882560345376098 0.7172287688299886 0.5892727081880429
0 0.84849962294587 0.559824931674139 0.7616804484375 0.5588165578125002 0.7613262801791303 0.5893098073883611 0.8481454546875001 0.59031818125
0 0.9792275786768961 0.5609910379877008 0.8946034640624999 0.5600064937500002 0.8942334790102923 0.5918076625189811 0.9788575936246884 0.5927922067566818
0 0.5613403671874999 0.755016234375 0.5595133243021073 0.6686914242138791 0.529900071875 0.66931818125 0.5317271147603926 0.7556429914111209
0 0.5668812062499999 0.9119740265624999 0.5650252773308038 0.8243472361003199 0.5336672460220172 0.8250113968763575 0.5355231749412135 0.9126381873385375
0 0.0529835140625 0.46990097343750004 0.05111862816670455 0.3817774885005276 0.019585209375000003 0.38244480468750003 0.021450095270795465 0.4705682896244724
0 0.05537012968750001 0.59741883125 0.053527702958552456 0.5104364784233993 0.02278481146756408 0.5110876625218688 0.02462723819651163 0.5980700153484694
0 0.0573459234375 0.7506120125000002 0.0555297106847414 0.664848801590982 0.029573265625 0.6653984828125001 0.031389478377758614 0.7511616937215182
0 0.06187961718749999 0.9049983765625 0.0600344045534123 0.8177820876287332 0.0363681234375 0.8182827890625 0.03821333607158768 0.9054990779962668