0 0.2382746984375001 0.06629888750000004 0.1412699702689117 0.058134549421745896 0.11475574584190543 0.37316377879592855 0.21176047401049383 0.38132811687418267
0 0.308363365625 0.258286284375 0.22376498823559116 0.256765698605831 0.22267070622629487 0.3176465014318907 0.3072690836157037 0.31916708720105974
0 0.3023386125 0.3224177234375 0.21795724278550938 0.32090081376840013 0.2169655671875001 0.37606490625 0.30134693690199077 0.3775818159190999
0 0.2971621562500001 0.3864734375 0.23229446220413247 0.38101221247721917 0.22553073665667736 0.4613508320346173 0.29039843070254495 0.4668120570573982
0 0.2279327828125001 0.3858606765625 0.11399261776587995 0.3762703232359656 0.10077233045535963 0.5333366655110477 0.21471249550197977 0.5429270188375822
0 0.4769199109375001 0.34065421093750015 0.37085638507301477 0.33874608606860246 0.3699808578125001 0.3874124546875001 0.4760443836769855 0.38932057955639776
0 0.47310539062499996 0.3934077859375 0.36744075988920005 0.3915102334033207 0.3666756875 0.4341130546875001 0.4723403182357999 0.43601060722167934
0 0.4409370734375001 0.20227775312500004 0.3775094119780545 0.1969392216201269 0.371041584375 0.2737841703125001 0.43446924583444557 0.27912270181737325
0 0.5628498359375003 0.3421950000000001 0.48223386010766606 0.34074705163791075 0.48104342343497686 0.4070258061467909 0.561659399264811 0.4084737545088803
0 0.6399722781250001 0.3435823015625001 0.5611303353140168 0.3421637430097081 0.559934103125 0.40864902812500004 0.6387760459359834 0.41006758667779203
0 0.72298811875 0.34476227812500004 0.64517042974356 0.3433633664323256 0.6439959296875 0.4086976406250001 0.72181361869394 0.4100965523176744
0 0.7931559953124999 0.34664952968750007 0.7230859656325099 0.3453874261324052 0.72190913125 0.4107234437500001 0.79197916092999 0.4119855473050949
0 0.7875537953125 0.41572730781250017 0.6353562534458403 0.4129923953162435 0.6331084406095393 0.5380829014035888 0.785305982476199 0.5408178138998455
0 0.9095046218750001 0.29331994843750014 0.7994797789473302 0.29259386069854776 0.7988231304718911 0.3920964985934164 0.9088479733995609 0.3928225863323688
0 0.9625139718750002 0.29435323281250014 0.913408860463201 0.29022050398151766 0.9047201312500002 0.39346004218750014 0.9538252426617995 0.39759277101848267
0 0.9552660062500001 0.39798842343750007 0.7900926087292619 0.39501883242191776 0.7874706265625001 0.5408576703125 0.9526440240832382 0.5438272613280823
0 0.6339696375000001 0.41321037812500006 0.4733415922261693 0.4103228989038053 0.4710987890625001 0.5350881562500002 0.6317268343363309 0.5379756354711949
0 0.538997332672953 0.4396361588459673 0.353255740263129 0.4371735662596385 0.3508735312666473 0.6168522085636721 0.5366151236764712 0.6193148011500009
0 0.2907100109375001 0.46596906250000003 0.22685347976849918 0.46059594542061844 0.22054411562500004 0.5355792562499999 0.28440064679400096 0.5409523733293816
0 0.4172016500000001 0.6272321109375001 0.3464057023930088 0.625959558619813 0.34544004375000015 0.6796820796875 0.4162359913569914 0.6809546320051872
0 0.40554048437500007 0.7623682078124999 0.34023234983882167 0.7568717173396499 0.334182178125 0.8287585749999999 0.3994903126611784 0.8342550654728502
0 0.41211485156250005 0.684288228125 0.3463814007746796 0.6787554552111739 0.3403784082023532 0.7500754647215222 0.4061118589901736 0.7556082376353482
0 0.3987498359375 0.8348383203124999 0.3300363831313802 0.8336043948321381 0.329148815627773 0.8830302546121596 0.39786226843389283 0.8842641800925215
0 0.3938920796875002 0.8947583421875 0.3242728684010187 0.893505985899588 0.3233382843750001 0.9454600531250001 0.3929574956614815 0.9467124094129122
0 0.5205124312500001 0.7644603109375001 0.4095020559461351 0.7551173105743073 0.39855325273943926 0.8852072930056183 0.5095636280433042 0.894550293368811
0 0.38940902031250013 0.9502235656250001 0.31910618852170936 0.9489585301836818 0.3181877437500001 1 0.38849057554079086 1.0012650354413182
0 0.5078847078125002 0.8968082015624999 0.39106467159682556 0.8947076648667789 0.3891714140625001 1.0000000000000002 0.5059914502781747 1.0021005366957212
0 0.25702651250000014 0.8671797953124999 0.1926055334261419 0.8617559591339224 0.18632971657164504 0.9362962389181376 0.25075069564550334 0.9417200750967151
0 0.2502705171875001 0.9407421953125 0.18177362969161465 0.9395115982057449 0.18068691093750014 1 0.24918379843338562 1.0012305971067552
0 0.26377843750000013 0.7866348609375 0.19910270316772488 0.7811907587850457 0.1928049575602448 0.8560077461220695 0.25748069189252004 0.8614518482745238
0 0.18838250781250016 0.8659461562500003 0.07372956870192268 0.8562960518260821 0.06163430000000011 0.9999999999999998 0.17628723911057756 1.009650104423918
0 0.5312311328125 0.6289771796875 0.421201323956363 0.6197159810722094 0.40999843905714933 0.7528144422220043 0.5200282479132864 0.7620756408372948
0 0.21513971406250007 0.5457877515624999 0.10083008264931922 0.5361662031624543 0.08756853593750005 0.693721146875 0.20187816735068087 0.7033426952750457
0 0.283794609375 0.5462131890624999 0.21847652442410315 0.5407163059069616 0.21202695312500003 0.6173549453124999 0.27734503807589694 0.6228518284680382
0 0.2774884484375001 0.6203940718750001 0.21270426896204006 0.6149412327295778 0.20579207955691073 0.6970636843640083 0.2705762590323707 0.7025165235094307
0 0.20190065937500012 0.7061546515625 0.08666794676743242 0.6964561905471355 0.07340539062500012 0.8540358640624998 0.18863810323256783 0.8637343250778644
0 0.26973619375000013 0.7076851000000001 0.20657780533098538 0.7023696547013014 0.19987106718750008 0.7820594546875002 0.2630294556065148 0.7873748999861987
0 0.5085141921874999 0.07018565000000006 0.32889522264723164 0.0669545831866892 0.32655093400960994 0.1972764656249851 0.5061699035498781 0.20050753243829597
0 0.4972904296875001 0.20379536718750005 0.44502222404067904 0.1993963797095144 0.4386070406250001 0.27562076718750006 0.4908752462718211 0.28001975466548573
0 0.5747133109375001 0.2116382703125001 0.5018759304904811 0.21032794600748392 0.5006860280974057 0.2764713984088948 0.5735234085444247 0.27778172271391094
0 0.6635665562499999 0.07297590625000007 0.5082391431885926 0.07018295152394016 0.5057943890625 0.20614553281250006 0.6611218021239071 0.20893848753855995
0 0.6515822890625 0.21221449687500002 0.5743876227432153 0.21082569262385548 0.5731734875 0.2783116359375001 0.6503681538192847 0.27970044018864465
0 0.7337814078125 0.2136910406250001 0.6566391390096613 0.21230495098783647 0.6554410043365436 0.278986660840873 0.7325832731393824 0.2803727504780366
0 0.8179680968749998 0.07615362343750007 0.6637344933939657 0.07338169034182301 0.6612885297225259 0.20947797333587928 0.8155221332035602 0.2122499064315563
0 0.8043386140625002 0.21576508906250008 0.7331498503651461 0.21448572849497913 0.7319563250000001 0.2808982765625001 0.8031450886973541 0.28217763713002103
0 0.890598459375 0.21731730781250008 0.8097473587002201 0.21586362572531667 0.8085629265625001 0.28173954375000015 0.88941402723728 0.28319322583718354
0 0.9813008796874998 0.07909167656250012 0.8168610986139788 0.07613464264879569 0.8144137499999997 0.21223097500000007 0.9788535310735208 0.21518800891370451
0 0.9680074796874999 0.21790292031250003 0.8899149682968958 0.216498943808358 0.888706490625 0.2837173453125001 0.9667990020156042 0.2851213218166421
0 0.8646187015625 0.06574262343750006 0.23428085781250002 0.06574262343750002 0.23428085781250005 1 0.8646187015625 1
0 0.5690218921875001 0.6488913828125 0.5376784489447529 0.6462529994908522 0.530119810543927 0.7360480462396969 0.5614632537866742 0.7386864295613447
0 0.5572981296875001 0.7824118812500002 0.5264374329255441 0.7798146428526124 0.5189318013067863 0.8689974539593643 0.5497924980687423 0.8715946923567521
0 0.5469075906250002 0.9174120156250002 0.5147231838201225 0.9147033449244105 0.5075445353006155 0.9999999977108736 0.5397289421054932 1.0027086684114632
0 0.748293509375 0.5476911750000001 0.6594725842490415 0.5460928537163061 0.6589304734375001 0.5762187015625 0.7477513985634585 0.577817022846194
0 0.9079002203125002 0.551039653125 0.8176958378797998 0.5494182959785674 0.8171224421875 0.581319228125 0.9073268246202003 0.5829405852714327
0 0.5073011000000001 0.030421220312500045 0.4165839455537787 0.028791426917560987 0.41600759062500003 0.06087235156250006 0.5067247450712213 0.06250214495743912
0 0.63698646875 0.033238626562500075 0.5474601790031968 0.03162856247461505 0.5468976890625 0.06290535312500006 0.6364239788093032 0.06451541721288509
0 0.792760615625 0.03700760156250008 0.7044622083726649 0.035418976771376405 0.7039400437500001 0.06444175468750007 0.792238451002335 0.06603037947862375
0 0.9499229921875001 0.038380565625000106 0.8598911082885173 0.036760855088177266 0.8593196921875 0.0685231156250001 0.9493515760864828 0.07014282616182295