0 0.5490959192096042 0.5337282299919873 0.548134072289977 0.40387893603618996 0.3835476620288222 0.40509809500809835 0.3845095089484494 0.5349473889638957
0 0.8610328863529411 0.5989851537459768 0.8606340723002273 0.5451452032337152 0.7557323167604855 0.545922252504109 0.7561311308131992 0.5997622030163706
0 0.6166634851695757 0.5332277300202385 0.615701639487614 0.4033784360461043 0.556556557962204 0.4038165473329151 0.5575184036441657 0.5336658413070493
0 0.7512355900305105 0.5997984662267348 0.7508367754140924 0.5459585157228247 0.30387420839533025 0.5492693509492775 0.30427302301174836 0.6031093014531876
0 0.9453404859422563 0.5299704512076435 0.9443513515624999 0.39643723750000004 0.7964703249952438 0.3975326519173567 0.7974594593750001 0.5310658656250001
0 0.2099459453125001 0.6190732234375 0.18791891875000008 0.6190732234375 0.18791891875000008 0.644466115625 0.2099459453125001 0.644466115625
0 0.2093783781250001 0.65014499375 0.18772972968750007 0.65014499375 0.18772972968750007 0.67648103125 0.2093783781250001 0.67648103125
0 0.18359228097482225 0.6454441126087638 0.18340540468749997 0.6202157671874999 0.14348879871267772 0.620511445203736 0.143675675 0.6457397906249999
0 0.20983104269727565 0.7503339435025803 0.20882823684210328 0.650442518230343 0.14264496779959315 0.6511069293099667 0.1436477736547655 0.750998354582204
0 0.3723972256342475 0.6702279872287576 0.37199324375000004 0.6156904390625001 0.22057574780325256 0.6168120502712424 0.22097972968750001 0.6713495984375
0 0.3718882060885812 0.7496574355485806 0.3713175671875 0.672621121875 0.21938206422391873 0.6737465691389193 0.21995270312499998 0.7507828828124998
0 0.9433378375 0.5420933937500002 0.8799054046875 0.5420933937500002 0.8799054046875 0.7412659671875002 0.9433378375 0.7412659671875002
0 0.6193881936468473 0.757183642490682 0.6185736557259542 0.6609605262802452 0.5438071472949416 0.6615934319553913 0.5446216852158348 0.7578165481658281
0 0.5391689187500002 0.6151311562500001 0.45618760213466913 0.6149967113697397 0.45595201442912775 0.7604048365905463 0.5389333310444588 0.7605392814708067
0 0.45158322085009955 0.7602848281970075 0.45082263437500003 0.615652128125 0.38297529455066903 0.6160089199778532 0.3837358810257686 0.7606416200498607
0 0.7913625082998136 0.5322934600563468 0.790364865625 0.3976116609375 0.6233131682626862 0.39884908056865326 0.6243108109375 0.5335308796875001
0 0.29824937677687724 0.6057839890134538 0.29783108125 0.5493141140625 0.07242629978562275 0.5509837797365462 0.0728445953125 0.6074536546875
0 0.06770543275777362 0.6075052345375138 0.067290540625 0.5514947953125 -0.00041489213277361647 0.5519963170249862 0 0.60800675625
0 0.06683108125000008 0.6190792796875 7.584565861164389e-17 0.6190792796875 8.387010155827543e-17 0.750128378125 0.06683108125000009 0.750128378125
0 0.1519969688136172 0.7514719824021353 0.1516837007770992 0.6188522961217935 0.073021191338482 0.6190381090321584 0.07333445937500001 0.7516577953125001
0 0.37281486139386183 0.5376708408172381 0.37182432500000007 0.40394844843750005 -0.0009905363938618027 0.40671004043276193 0 0.5404324328125
0 0.6182389207713593 0.656183967117941 0.6179189187499999 0.6129836343750001 0.5443016198536406 0.6135289469445591 0.544621621875 0.6567292796875
0 0.7177500000000001 0.6118927921874999 0.623574325 0.6118927921874999 0.6235743250000001 0.7453606609375 0.7177500000000002 0.7453606609375
0 0.8642594064276856 0.7418075372331212 0.863283784375 0.6100985484375 0.7213892435723144 0.6111496190168787 0.722364865625 0.7428586078124999