0 0.5379147210727948 0.4226934951669807 0.4164164215305243 0.42076618928301546 0.41386722892720523 0.5814685298330196 0.5353655284694757 0.5833958357169847
0 0.6058399657539066 0.12694099624542268 0.555462561093076 0.12614207962026797 0.5538620030208661 0.2270687084424703 0.6042394076816968 0.22786762506762503
0 0.541370039978713 0.4145741243898334 0.5388594899835272 0.35931176480557536 0.4140349342425151 0.3649825014547564 0.41654548423770094 0.42024486103901443
0 0.6042078156349929 0.2298422976521611 0.553830410466211 0.2290433875970012 0.5471459927722709 0.6505471805585235 0.597523397941053 0.6513460906136832
0 0.5430345046875 0.051343320312500065 0.41808914897173927 0.04936175505929291 0.4157841546875001 0.19470056250000006 0.5407295104032609 0.19668212775320723
0 0.6350324510972553 0.7555676329253447 0.6340951794775538 0.7349816105491075 0.6092009596302985 0.7361150323112629 0.61013823125 0.7567010546875
0 0.6649885432688446 0.7543834795626354 0.6640687045447863 0.7341509468675655 0.6383127909634417 0.7353218969924301 0.6392326296875 0.7555544296875001
0 0.6345862156250001 0.759816596875 0.6109803918621669 0.7594416265871742 0.6103659154916763 0.7981252806770275 0.6339717392545096 0.7985002509648533
0 0.7355566096196233 0.7939002105944628 0.7333780828125 0.731868565625 0.6368283653803768 0.7352593534680374 0.6390068921875 0.7972909984375001
0 0.6619111109375 0.5819571015625 0.6108794648387869 0.5811470646577448 0.6085832049477504 0.7258095132723044 0.6596148510464636 0.7266195501770596
0 0.7362858890625001 0.5792060468750001 0.6642039766223151 0.5780625713342984 0.6618833906250001 0.7243466593750001 0.7339653030651851 0.7254901349157017
0 0.743151417642429 0.102591261486177 0.7404536921875 0.0433084734375 0.5507186948575711 0.051942563513823 0.5534164203125 0.11122535156249999
0 0.7510531792958433 0.4162035683327178 0.7472953209811504 0.3463950611752355 0.6538087260603073 0.35142753346751776 0.6575665843750002 0.42123604062500003
0 0.7521118237026745 0.49877831725246446 0.7484582314029605 0.4212385787284414 0.6093971577002859 0.42779099272597687 0.61305075 0.5053307312499999
0 0.7497028767246299 0.56711352092918 0.7472588453022355 0.5036665805042643 0.6093028045151054 0.5089807673875841 0.6117468359374999 0.5724277078125
0 0.5418527546875002 0.19560692656250006 0.4158326819909465 0.19360838809605324 0.413241890625 0.35697362812500005 0.5392619633215536 0.3589721665914469
0 0.5999377750000001 0.6542320328125001 0.5470995466220878 0.6533944557381746 0.5437057186439799 0.8674927916161479 0.5965439470218922 0.8683303686904734
0 0.5965247296875 0.8702912093749999 0.544116522714655 0.86945935456327 0.5427501306316562 0.9555442795791274 0.5951583376045012 0.9563761343908574
0 0.7333434036603658 0.9464412062021272 0.7296219842712757 0.8646637136328976 0.60232948373591 0.8704563683682706 0.6060509031250001 0.9522338609375002
0 0.7362682345036592 0.8582825615228241 0.7331087611697555 0.7850533287304156 0.6046072047910964 0.7905975250200914 0.6077666781250001 0.8638267578125
0 0.5377643812500001 0.5877638890625001 0.4126420223311915 0.5857795710237643 0.40662397968789293 0.9652508437252264 0.5317463386067016 0.9672351617639622
0 0.6541180968750001 0.3519974687500001 0.6136961170575046 0.3513563531135349 0.6125672062500002 0.4225335437500001 0.6529891860674957 0.42317465938646526
0 0.7431625010512293 0.34264960750948953 0.7391578421842718 0.2546347046165536 0.6094071786330424 0.26053833148206407 0.6134118375 0.3485532343750001
0 0.7396625640625001 0.1183162453125001 0.6164241493037816 0.11636130773277727 0.6142090827877201 0.25599813749960704 0.7374474975464386 0.25795307507932985