0 0.597953880710778 0.3911982839032913 0.47760517606726693 0.38483635237164 0.4690923348569046 0.5458738309119174 0.5894410395004157 0.5522357624435686
0 0.4460741210413416 0.7400250346415229 0.39617339107375665 0.7373873672879396 0.3908427355942222 0.8382354136775299 0.4407434655618072 0.8408730810311132
0 0.5904180491201239 0.6064481230543911 0.5893404381242082 0.5514472385851679 0.46475497097217894 0.55388819331944 0.4658325819680946 0.6088890777886633
0 0.46832566604404136 0.31906327240274723 0.41842493689621946 0.31642561099886146 0.39624986030591824 0.7359459061871219 0.44615058945374014 0.7385835675910075
0 0.5818138015625002 0.7757640937500001 0.45805066688305185 0.7692220820259583 0.45034256875000017 0.91504548125 0.5741057034294486 0.9215874929740417
0 0.4101666795921524 0.23235510298330092 0.4097655484375001 0.211861809375 0.3848067657203477 0.2123503470166991 0.385207896875 0.23284364062500001
0 0.3812673293814809 0.23239149459712757 0.38087212227880735 0.2122518640251505 0.35505917258482644 0.21275840067802299 0.3554543796875 0.23289803125000005
0 0.4110632312499999 0.17066241562500004 0.38768068049503396 0.16942683741574077 0.38563527797741093 0.20813481059319566 0.4090178287323769 0.20937038880245495
0 0.38324961043587885 0.23240920961681172 0.38263088906873277 0.1707319629548372 0.2860165114453539 0.17170115958802543 0.28663523281250003 0.23337840625
0 0.4101687046875001 0.2426228156250001 0.35961998927866984 0.23995017280328312 0.35198765154487976 0.3843034941204886 0.4025363669537101 0.38697613694220556
0 0.35725901562500006 0.24270399531250003 0.28585913849934075 0.2389295675040049 0.27813096875000004 0.38512136093750005 0.3495308458756593 0.3888957887459952
0 0.443407870867963 0.9142382899030054 0.44225155204231675 0.855225660896413 0.2531112686743538 0.8589317569309077 0.2542675875 0.9179443859375
0 0.35232864963032273 0.6137310323146863 0.3503785086269534 0.5442357007021664 0.2568822650180275 0.5468593425223016 0.25883240602139684 0.6163546741348214
0 0.3988308798060604 0.5389889658852607 0.397622490625 0.46176549062500005 0.2591275312372473 0.46393265300653674 0.2603359204183077 0.5411561282667974
0 0.4029158761185122 0.45664638907744165 0.401348198509725 0.39355989763776356 0.2631669668027951 0.39699365370753525 0.26473464441158234 0.4600801451472134
0 0.5903093765625002 0.6144549265625 0.46548168362852904 0.6078566840655044 0.4568259375 0.7716088984375 0.5816536304339711 0.7782071409344956
0 0.4797267640625 0.10339640156250007 0.42738706365390444 0.10062939935788426 0.4161054663375297 0.3140283705204156 0.46844516674612524 0.3167953727250314
0 0.48391304375000005 0.015859364062500058 0.4320006160204003 0.013115624970565976 0.4274479859375 0.09925285312500005 0.47936041366709975 0.10199659221693413
0 0.42261276274922405 0.09892080031216284 0.42101784374999995 0.01751816875 0.29365582631327586 0.020013568437837154 0.2952507453125 0.1014162
0 0.4171623778107346 0.17842316222231516 0.4160614265625001 0.10539156718750001 0.2877586456267655 0.10732573152768485 0.288859596875 0.1803573265625
0 0.6192672953125002 0.009716981250000081 0.4953288143973936 0.00316575541364639 0.475318378125 0.3817304906250001 0.5992568590401065 0.3882817164613538
0 0.3950536328125001 0.5441177500000001 0.3550141150671656 0.5420012516436461 0.35125100156250005 0.6131911250000001 0.39129051930783454 0.6153076233563539
0 0.39320877757323414 0.7052772894274872 0.39149230103399846 0.6176658245870114 0.2616166125232643 0.6202103382845242 0.26333308906249997 0.7078218031250001
0 0.3872940843750002 0.7096873984375002 0.26522176330585334 0.7032343214900003 0.2578137421094864 0.8433712436632781 0.3798860631786332 0.8498243206107778