0 0.684544993284444 0.5929667172755771 0.6711936299051022 0.41513464876637585 0.540085306035882 0.4249780638979038 0.5534366694152236 0.6028101324071051
0 0.5102298072849042 0.21292161111962438 0.501900407060185 0.1019728602483172 0.4475383620366727 0.10605405292943404 0.4558677622613918 0.21700280380074122
0 0.6719461892162018 0.3577806995497871 0.5350088710900712 0.35611196819573415 0.5342763025094356 0.4162270829097198 0.6712136206355661 0.4178958142637728
0 0.5447597963427859 0.6728624642924147 0.5102910918200685 0.21373391915711326 0.4559290458149322 0.2178151058331655 0.49039775033764965 0.6769436509684669
0 0.6575739968750001 0.172773578125 0.6454647755447153 0.011478887210169713 0.5106367453125 0.021601120312500017 0.5227459666427848 0.18289581122733028
0 0.4836988417726597 0.7681274403189606 0.4561021390625001 0.7677916625000001 0.45582960510234055 0.7901905174935395 0.4834263078125002 0.7905262953125001
0 0.4521374760286653 0.7683217964882472 0.42361345312500004 0.7679733234374999 0.4233445326773545 0.7899856224989532 0.45186855558101974 0.7903340955497005
0 0.48584481406249996 0.8355476906250002 0.4826425348827771 0.7928835811686088 0.45716947758459403 0.7947955357850116 0.46037175676431696 0.837459645241403
0 0.4549746155918009 0.7682849965320953 0.3484593109375001 0.7680059437500001 0.3482826891461711 0.8354230243852226 0.4547979938004719 0.8357020771673179
0 0.48311868437500005 0.756900521875 0.47121534875614035 0.5983767176934991 0.4161474125079613 0.602511693701579 0.4280507481268209 0.7610354978830798
0 0.4253455140625001 0.75724055 0.41326795077931167 0.5963763185369421 0.3354846640625 0.602216228125 0.3475622273456885 0.763080459588058
0 0.5040426600254254 0.022551273793102213 0.296475309375 0.02002145781250003 0.29568918935517996 0.08452134676033768 0.5032565400056054 0.08705116274093985
0 0.41207106812130173 0.3517625088375719 0.30906294813440555 0.3496347527322312 0.30749405786509365 0.4255872722441816 0.4105021778519897 0.42771502834952224
0 0.46478764960868635 0.4330675272348228 0.31254473564087 0.43181308116901274 0.31184924540718373 0.51621962737169 0.4640921593750001 0.5174740734375001
0 0.4709964981036919 0.5230439234676701 0.319218560130156 0.5203962646920931 0.31801577874171205 0.5893461160305382 0.4697937167152479 0.5919937748061154
0 0.67077171875 0.34901946093749997 0.6571906436353806 0.16811889758138676 0.5212028765624999 0.178328153125 0.5347839516771193 0.3592287164811132
0 0.5624526546874999 0.9085146109375002 0.544884069162874 0.6745233889426159 0.48786501289792933 0.6788045075161411 0.5054335984225553 0.9127957295110253
0 0.5688393296874998 1 0.5620246818450668 0.9092218158299428 0.5054710703125 0.9134672515624999 0.5122857181549331 1.0042454357325572
0 0.5002226640625003 0.9121739328125 0.36107454531250005 0.9121739328125 0.36107454531250005 1 0.5002226640625003 1
0 0.4935010186681358 0.8270246709484278 0.3521770406250001 0.8259412125000001 0.35156506258186454 0.9057663056140723 0.49288904062500016 0.9068497640625001
0 0.716357965625 1 0.6858917539392548 0.5941880868098784 0.5508726968544633 0.6043246033611502 0.5813389085402083 1.010136516551272
0 0.4592852234375001 0.4274819265625 0.45339784557153795 0.3490632882681798 0.4097786436333509 0.3523380546962576 0.41566602149931303 0.43075669299057784
0 0.454775504999507 0.251363029710963 0.311482015625 0.2496169390625 0.3103151649399453 0.345374914965809 0.4536086543144523 0.34712100561427206
0 0.44678757812500003 0.246573271875 0.4351462614216953 0.09151850409788473 0.3021602265624999 0.10150292812499997 0.31380154326580456 0.25655769590211525