0 0.5869605120377768 0.5090111640217402 0.5841647510479855 0.38891024549129083 0.43210976580184807 0.39244984703019703 0.4349055267916393 0.5125507655606463
0 0.2438924948915601 0.5795222448499079 0.24273350478722544 0.5297242759871215 0.14577621791684392 0.531980844650304 0.14693520802117854 0.5817788135130904
0 0.4270175795503491 0.5130816696635535 0.4249939594998707 0.3926280952304021 0.3702997214016316 0.3935469584304532 0.37232334145211 0.5140005328636046
0 0.6618628593482857 0.5697940454618398 0.6607038515870333 0.5199960771124299 0.24733873780610058 0.5296168184997394 0.248497745567353 0.5794147868491493
0 0.20498716371245926 0.517141091371274 0.20211250000000006 0.39363281250000004 0.06551908628754075 0.396812033628726 0.06839375 0.5203203125
0 0.7698536563491994 0.6048734085832358 0.7694453125 0.581415625 0.749066683815278 0.581770368134576 0.7494750276644773 0.6052281517178117
0 0.7705457678940288 0.6344763223187092 0.7701203125000001 0.6101484375 0.7500932946059712 0.6104986776812908 0.75051875 0.6348265625
0 0.8109270576850698 0.604673425850713 0.8103843749999999 0.5813390625000001 0.7734995048149303 0.5821968866492873 0.7740421875000001 0.6055312500000001
0 0.8134239280334878 0.7020196667183072 0.8115152359067951 0.6096183004193978 0.7502525531284465 0.6108837752166086 0.7521612452551393 0.7032851415155179
0 0.7400023599851828 0.6305525186222255 0.7388281250000002 0.5801078125 0.5988476400148173 0.5833662313777745 0.600021875 0.6338109375000001
0 0.7423556005841037 0.7039950271044011 0.7406968741536899 0.6327421511455902 0.6002709610695862 0.6360111865411892 0.6019296875 0.7072640625
0 0.13141689100927997 0.7142737682953358 0.12820156250000003 0.5301328125 0.06951904649072006 0.5311574817046643 0.072734375 0.7152984375000001
0 0.441778671356 0.7201277108080462 0.4409640625 0.6306984375 0.37179688443843023 0.6313284794729388 0.37261149329443033 0.720757752780985
0 0.523402716452171 0.7202252784304937 0.521278125 0.5861296874999999 0.4445102607522924 0.5873459866120763 0.44663485220446325 0.72144157754257
0 0.5907348504673594 0.7177947503745397 0.5876314968205145 0.584136870030431 0.5248792016998103 0.5855938927170795 0.5279825553466552 0.7192517730611883
0 0.36517591172808106 0.5145065784603491 0.3622765625 0.3899359375 0.20795221327191893 0.393527796539651 0.21085156249999998 0.5180984375000002
0 0.8759887275276828 0.5672444810800703 0.8747734375 0.5150125 0.6663565849723172 0.5198617689199299 0.667571875 0.5720937500000001
0 0.9629111097652725 0.5652320356262635 0.9617046511318381 0.5134265633469508 0.8796154163665657 0.5153382777206874 0.880821875 0.5671437500000001
0 0.9644863401353374 0.6971835173441876 0.962371875 0.5759500000000001 0.8814245978398265 0.5773618223994917 0.8835390629751639 0.6985953397436793
0 0.8775700774338148 0.7011931565701643 0.875134375 0.578290625 0.8026682376032974 0.5797267707406231 0.8051039400371123 0.7026293023107876
0 0.9657068069151407 0.5026363833986317 0.9628281250000003 0.3789531250000001 0.5951588180848595 0.3875104916013684 0.5980375 0.51119375
0 0.440375360512289 0.6262148851230086 0.4394453125000001 0.5862578124999999 0.3714121394877112 0.5878413648769913 0.37234218750000003 0.6277984375000001
0 0.3685604190691322 0.7109526932097602 0.36640781250000004 0.5876328125000001 0.27928645593086787 0.5891535567902398 0.2814390625 0.7124734374999999
0 0.2778514559475905 0.7109178641718784 0.275015625 0.589096875 0.14395635655240951 0.5921477608281216 0.14679218750000003 0.71396875