0 0.5771484375 0.40234375 0.42578125 0.40234375 0.42578125 0.5224609375 0.5771484375 0.5224609375
0 0.23339843750000008 0.53515625 0.13671875000000006 0.53515625 0.13671875000000006 0.5849609375 0.23339843750000008 0.5849609375
0 0.41796875 0.40234375 0.3632812500000001 0.40234375 0.3632812500000001 0.5224609375 0.41796875 0.5224609375
0 0.6513671875 0.53515625 0.23828125000000008 0.53515625 0.23828125000000008 0.5849609375 0.6513671875 0.5849609375
0 0.19516250000000004 0.398175 0.05928750000000005 0.398175 0.05928750000000006 0.5216999999999999 0.19516250000000004 0.5216999999999999
0 0.7589875 0.5990812500000001 0.7386125 0.5990812500000001 0.7386125 0.6224187500000002 0.7589875 0.6224187500000002
0 0.7591625 0.6278187500000001 0.7391375 0.6278187500000001 0.7391375 0.6520312500000002 0.7591625 0.6520312500000002
0 0.7999125 0.5999562500000002 0.7631625 0.5999562500000002 0.7631625 0.6232937500000002 0.7999125 0.6232937500000002
0 0.8006249999999999 0.6282500000000002 0.739375 0.6282500000000002 0.739375 0.7206250000000002 0.8006249999999999 0.7206250000000002
0 0.72840625 0.5970625 0.58871875 0.5970625 0.58871875 0.6475125000000002 0.72840625 0.6475125000000002
0 0.72935625 0.6497187500000001 0.58934375 0.64971875 0.58934375 0.7209812500000001 0.72935625 0.7209812500000001
0 0.11890000000000008 0.5328999999999999 0.06022500000000006 0.5328999999999999 0.06022500000000007 0.7167 0.11890000000000009 0.7167
0 0.4297812500000001 0.6407 0.3606265845871527 0.6401230307332735 0.3598831497473107 0.7292300084709339 0.42903781516015815 0.7298069777376606
0 0.5108409576590642 0.5978149885152858 0.4340812500000001 0.597690625 0.43386422051686485 0.7316456651143447 0.5106239281759289 0.7317700286296305
0 0.5783413129694812 0.5977857575462837 0.5155851366916429 0.597566431113884 0.5151180796030593 0.7312061236136638 0.5778742558808977 0.7314254500460635
0 0.35532500000000006 0.39820625 0.2017250000000001 0.39820625 0.2017250000000001 0.5227937500000001 0.35532500000000006 0.5227937500000001
0 0.86543125 0.5351562500000001 0.6573187500000001 0.53515625 0.6573187500000001 0.5873937500000002 0.86543125 0.5873937500000002
0 0.95235625 0.5355937500000001 0.87056875 0.5355937500000001 0.87056875 0.5874062500000001 0.95235625 0.5874062500000001
0 0.95193125 0.5981062500000002 0.87099375 0.5981062500000002 0.87099375 0.7188687500000002 0.95193125 0.7188687500000002
0 0.8649784042669044 0.7209041609926404 0.8646887283579469 0.5982741709287737 0.7922292169283371 0.598445334400491 0.7925188928372947 0.7210753244643577
0 0.9558249999999999 0.40120000000000006 0.588875 0.40119999999999995 0.588875 0.5249 0.9558249999999999 0.5249000000000001
0 0.4290375 0.59624375 0.3612375000000001 0.59624375 0.3612375000000001 0.6362062500000001 0.4290375 0.6362062500000001
0 0.3560062500000001 0.5959187499999999 0.2688937500000001 0.5959187499999999 0.2688937500000001 0.71873125 0.3560062500000001 0.71873125
0 0.2646250000000001 0.59525625 0.1342750000000001 0.59525625 0.1342750000000001 0.71709375 0.2646250000000001 0.71709375