0 0.9371206986681757 0.8188905953283679 0.9361935608905911 0.6098040392586579 0.6822077825349153 0.6109302704927899 0.6831349203125 0.8200168265624999
0 0.677711640625 0.8212007218750002 0.6769716317059161 0.6116712962412596 0.5023887395184162 0.6122878821787597 0.5031287484375001 0.8218173078125
0 0.498622575 0.8222860578125 0.49760908593069153 0.6132527451773544 0.30283157031249996 0.6141971156249999 0.3038450593818084 0.8232304282601456
0 0.2925169797678207 0.821018215995801 0.2921772484375 0.7319026437499999 0.1869230546071793 0.7323038996291988 0.1872627859375 0.8214194718749999
0 0.29335890625000005 0.5066586531249999 0.05885978906250007 0.5066586531249999 0.05885978906250008 0.7256899031249999 0.29335890625000005 0.7256899031249999
0 0.18185565186667177 0.8196371946517527 0.1807541289956202 0.6911844422936315 0.05813392712894848 0.692235949204379 0.05923545 0.8206887015625002
0 0.3933544968750001 0.7101418265625 0.3018483250000001 0.7101418265625 0.3018483250000001 0.8252271640625001 0.3933544968750001 0.8252271640625001
0 0.9357407406249998 0.610325721875 0.9348006539741972 0.3655343071580739 0.8110390626548579 0.3660095959667763 0.8119791493056605 0.6108010106837024
0 0.8012874781250001 0.4830985578125001 0.80095617812454 0.40121068810155347 0.7067815749995401 0.4015916974765534 0.7071128750000002 0.48347956718750007
0 0.2928703703125001 0.19130649062500005 0.05785273437500005 0.19130649062500002 0.05785273437500007 0.4991201921875 0.2928703703125001 0.4991201921875
0 0.46177167118944007 0.8410697711584927 0.31398831075510186 0.8409405082788413 0.3139194614406619 0.9196543902453487 0.46170282187500017 0.9197836531250001