0 0.33909744687500004 0.03126382187500004 0.10124663146332795 0.02503453442686209 0.09339497187500004 0.32483184687500005 0.33124578728667214 0.33106113432313794
0 0.3351905971411413 0.5084762654715524 0.32348329354833016 0.31675702673510836 0.06492999796968886 0.33254554095105593 0.07663730156250001 0.5242647796875
0 0.30645764218750016 0.5167275015625001 0.07581455382782255 0.5041735170577933 0.06349113895550947 0.7305805565297808 0.294134227315187 0.7431345410344876
0 0.1588946046875001 0.7519444734375 0.06140856314779099 0.7437342147023928 0.05044389472516323 0.8739252544496277 0.14792993626487236 0.8821355131847348
0 0.42214010618567227 0.9705947150370399 0.408230278125 0.7358663593750001 0.14971160525121371 0.7511859839683106 0.163621433311886 0.9859143396303505
0 0.19519683830203627 0.9840432048487042 0.18859258116717165 0.8725963784509568 0.03674636786513538 0.8815946736022526 0.043350625000000004 0.9930415
0 0.19771245958089276 0.7382573488298692 0.19124693162693435 0.6378461733395988 0.049887186108541585 0.6469484010722298 0.056352714062499996 0.7473595765625001
0 0.6251378800128568 0.15143716618193442 0.6171483291335595 0.015456951112977574 0.33026310068320264 0.03231296305604313 0.33825265156249995 0.168293178125
0 0.5667447375000002 0.1674539062500001 0.47709066510042647 0.16019976676965403 0.4677067217680643 0.276176132704233 0.5573607941676381 0.28343027218457906
0 0.7623691461147951 0.9504329935606624 0.7484911202760423 0.7162413177656579 0.3853404210362471 0.7377613601424954 0.399218446875 0.9719530359374998
0 0.05192201718750007 0.5713975796875 7.016442499973517e-17 0.5713975796875 8.030122667134922e-17 0.7369441140624999 0.05192201718750008 0.7369441140624999