0 0.8010238916906743 0.8980448883525665 0.7999523218750001 0.6236865031250001 0.5756282864343258 0.624562652272434 0.5766998562500001 0.8989210375000003
0 0.822605435626274 0.6166883250810533 0.811445621875 0.43774977500000006 0.574065409686226 0.4525544046064468 0.5852252234374999 0.6314929546875001
0 0.8204291665979152 0.2451182495131748 0.6063235082074911 0.23571037987514698 0.59706720625 0.44636663906250007 0.8111728646404239 0.4557745087005278
0 0.82794151875 0.1117219656250001 0.7365741600233406 0.1066373751610934 0.7299215578124999 0.22618106250000009 0.8212889165391595 0.23126565296390678
0 0.7293241203124999 7.668152855955627e-17 0.497503471875 6.248660780529385e-17 0.497503471875 0.2428911625000001 0.7293241203124999 0.2428911625000001
0 0.8328086703125 9.39403399450101e-17 0.6963326828125 8.558359588239265e-17 0.6963326828125 0.1112906390625001 0.8328086703125 0.1112906390625001
0 0.8319865697928922 0.32345672876121495 0.8257389062500001 0.22974177812500002 0.695795653644608 0.2384046618637851 0.7020433171875001 0.3321196125
0 0.5823743171681037 0.8981152002509853 0.5746371343749999 0.7712388593749999 0.3096278187693961 0.7873996778740147 0.3173650015625 0.9142760187500001
0 0.45127561406250016 0.6715974921875001 0.3673219125461493 0.6669059442078091 0.3613592578125001 0.7736056812500002 0.44531295932885095 0.7782972292296911
0 0.5182181277930076 0.2410076323422247 0.5021720937499999 0.00031713124999999673 0.16329150802605968 0.022909171194929936 0.17933754206906743 0.26359967228715464
0 0.9222218218750001 0.23572733906250015 0.8414245577518076 0.23179002169006785 0.833536371875 0.3936626312500001 0.9143336359981925 0.3975999486224324