0 0.5095766789410382 0.14877706669246632 0.5061840015624999 0.08334686250000001 0.3468404241839617 0.09160912237003369 0.3502331015625 0.1570393265625
0 0.5531713218750002 0.2514541921875001 0.45972032298667304 0.24660858505151725 0.45423202187499995 0.35245439687500013 0.5476830207633271 0.35730000401098294
0 0.8406418718750001 0.2439935187500001 0.8120374178408998 0.24251032567460035 0.8096079218749999 0.2893649171875001 0.8382123759091001 0.29084811026289986
0 0.4528317875517863 0.09750857212982915 0.24249973719785642 0.08474397256195489 0.22456364374999999 0.380290675 0.4348956941039299 0.39305527456787426
0 0.5420092593750001 0.15507386875000007 0.4646744912873507 0.15106391729033558 0.459632265625 0.2483068281250001 0.5369670337126493 0.2523167795846646
0 0.8084578916929951 0.37968069708554036 0.8003638966248259 0.23935867436015731 0.553760504931831 0.253583146024617 0.5618545000000001 0.39390516875000003
0 0.7816248078125 0.49672087187500014 0.7461649555306052 0.49488221238562263 0.7433256296875002 0.5496406250000001 0.7787854819693949 0.5514792844893776
0 0.754063855840351 0.5470112900708614 0.746344084375 0.39812998906249997 0.536835141034649 0.4089934161791386 0.5445549125 0.5578747171875
0 0.5385461628378391 0.5652101137170389 0.5344349394293142 0.4688881635462893 0.43669818557169326 0.4730597737516516 0.44080940898021825 0.5693817239224012
0 0.2676495486703482 0.3172000708735516 0.11816214023754498 0.30944887399113896 0.10718278564747825 0.5211936262961554 0.25667019408028147 0.528944823178568
0 0.3075544602785684 0.8075289333974324 0.304236009375 0.743530246875 0.16641107565893162 0.7506767259775676 0.1697295265625 0.8146754125000001
0 0.5171064687500002 0.5704276875000001 0.43376416037521565 0.5661062346322211 0.42545357500000003 0.7263818156250001 0.5087958833747847 0.730703268492779
0 0.42775931651328464 0.7327188120659659 0.4201803890625001 0.58655376875 0.16335840536171545 0.5998704629340341 0.1709373328125 0.7460355062499999
0 0.4338073605736642 0.5751105034870855 0.42609931874999996 0.4264554140624999 0.24983959255133578 0.43559480745041446 0.25754763437499995 0.5842498968750001