0 0.9559828125 0.2830000000000001 0.8378203125000001 0.2830000000000001 0.8378203125000001 0.3884671875000001 0.9559828125 0.3884671875000001
0 0.581678125 0.17815781250000007 0.5342625 0.17815781250000004 0.5342625 0.38834218750000005 0.581678125 0.38834218750000005
0 0.9552989737024143 0.1780171570266043 0.5875329098336467 0.17701923161240726 0.586959375 0.38838437500000006 0.9547254388687676 0.3893823004141971
0 0.7799140625 0.4785000000000001 0.534615625 0.47850000000000004 0.534615625 0.6285000000000001 0.7799140625 0.6285000000000002
0 0.9547018722629182 0.4780248932684367 0.7903843750000001 0.4776671875000001 0.7899544092761431 0.675178376547413 0.9542719065390612 0.6755360823158496
0 0.7097656250000001 0.683425 0.535021875 0.683425 0.5350218750000001 0.7874078124999999 0.7097656250000002 0.7874078124999999
0 0.4458546875000001 0.7379828125000001 0.17294843750000008 0.7379828125000001 0.17294843750000008 0.7866828124999999 0.4458546875000001 0.7866828124999999
0 0.18333281250000005 0.6836671875 0.11932415137649324 0.6833367825995256 0.11911165137649322 0.7245039700995257 0.18312031250000005 0.724834375
0 0.44700781250000005 0.3328328125000001 0.02576878188032853 0.3326270970618526 0.025601681796194146 0.6747943067332633 0.44684071241586565 0.6750000221714109
0 0.9539328125000001 0.6377390625000002 0.7200796875 0.6377390625000001 0.7200796875000001 0.7881953125000001 0.9539328125000001 0.7881953125000002
0 0.7151703125 0.6365000000000001 0.6452984374999999 0.6365000000000001 0.6452984374999999 0.675 0.7151703125 0.675
0 0.6344015625 0.637 0.5339750000000001 0.637 0.5339750000000001 0.6746671875 0.6344015625 0.6746671875
0 0.44697656250000006 0.6835 0.2890921875000001 0.6835 0.2890921875000001 0.7281671875 0.4469765625000002 0.7281671875