0 0.13990113750000002 0.2805624125 0.016289224193241997 0.27781548094970515 0.013913889062500049 0.38470555624999997 0.13752580236925807 0.38745248780029484
0 0.45359296718750003 0.18122422500000004 0.4056821611051541 0.17838506623828435 0.3929641124999999 0.39300214531250005 0.44087491858234584 0.3958413040742158
0 0.3993131265625001 0.1788645921875 0.023665618468630377 0.1715373597517557 0.01948735885520981 0.3857454970962166 0.3951348669490795 0.3930727295319609
0 0.4352120250000001 0.4853602671875 0.18118544382245183 0.4797152312335319 0.1778071390625001 0.6317389234375 0.43183372024004846 0.6373839593914682
0 0.17625567343750012 0.47876121562500007 0.010246180910992659 0.4686871759368967 -0.002251782241375999 0.6746403570614325 0.16375771028513147 0.6847143967495359
0 0.4225032109375001 0.6928701125000001 0.24164947554971553 0.6888511409573647 0.23930757187500012 0.7942368156250001 0.4201613072627848 0.7982557871676356
0 0.7858858765625003 0.7562664562500001 0.5076994821012306 0.7500845365827925 0.5066026593750002 0.7994415609375001 0.7847890538362698 0.8056234806047078
0 0.8428136698860798 0.7022007188118385 0.7771355079814465 0.7010023466516322 0.7763742734375 0.7427226796875 0.8420524353421331 0.7439210518477064
0 0.9536138693475606 0.34896914328337997 0.5198888182660902 0.33954289431403284 0.5123521453125 0.686323875 0.9460771963939705 0.6957501239693472
0 0.23783041562500012 0.6426787625000001 0.0014937129211586215 0.636995142449209 -0.0021771657782004737 0.7896378877557937 0.234159536925641 0.7953215078065848
0 0.31364668437500015 0.6428695140625 0.24144709164363443 0.641265079058205 0.2405799937500001 0.6802844937500001 0.31277958648136583 0.6818889287542953
0 0.4263492734375001 0.6458810125000001 0.3232394458724611 0.6435896837730499 0.3223911046875001 0.6817650500000001 0.42550093225253904 0.6840563787269501
0 0.6715414328125002 0.6984803453125001 0.5099840678654537 0.6948901805242624 0.5089780718750001 0.7401599859375001 0.6705354368220466 0.7437501507257378