0 0.15385489554351603 0.37231463306652224 0.14753633281249998 0.26568888906249993 0.018798757581483947 0.2733177825584777 0.025117320312500004 0.37994352656249997
0 0.45827932968750007 0.14090839531250005 0.41019825173155827 0.13983992688220376 0.4053661734374999 0.35728344375000004 0.45344725139344166 0.35835191218029633
0 0.4162238322618159 0.3566999248387185 0.40378437343749995 0.142983690625 0.022991140659620758 0.1651479485586377 0.035430599483936696 0.37886418277235623
0 0.4601269212024922 0.5976869280376989 0.4511403875 0.4460391765624999 0.18957554754750783 0.46153931571230117 0.19856208125000002 0.6131870671875002
0 0.19133061718750005 0.46059039375 0.024732934323816787 0.4566515967311651 0.01967145845625815 0.6707347666364636 0.1862691413199414 0.6746735636552985
0 0.4523311505785479 0.75936647464276 0.4461015171875 0.6542414109374999 0.2600070166089521 0.6652692331697397 0.26623665 0.7703942968749999
0 0.8156081401956854 0.7371034117373949 0.8126905124999999 0.6878684421874999 0.5314353894918142 0.7045354117001049 0.5343530171875 0.7537703812500001
0 0.8695978021572242 0.6708032015042 0.8669137433888565 0.6292146289517498 0.7999699443566326 0.6335350727600499 0.802654003125 0.6751236453125
0 0.9796307832422777 0.6138209065839579 0.9589331800976926 0.26792306631805546 0.5152210921679148 0.29447361285909757 0.5359186953124999 0.640371453125
0 0.2681321713923167 0.7710809164198995 0.25911830387422297 0.6189719038568878 0.01059494021892296 0.6336992144704644 0.019608807737016704 0.7858082270334761
0 0.33744040579257406 0.6521331288104294 0.33513386250000005 0.61321020625 0.26097723170742604 0.6176046727520708 0.26328377500000005 0.6565275953125
0 0.4504697011511835 0.6450974464027465 0.4482130515625 0.6070164843749999 0.34308543166131644 0.6132462692222533 0.34534208125 0.6513272312499999
0 0.6986091792567671 0.684670519422893 0.6959331578125001 0.6395126625 0.5318583004307331 0.6492356180771073 0.534534321875 0.6943934750000003