0 0.879406753125 0.2433076921875001 0.732882578125 0.2433076921875001 0.732882578125 0.3702134343750001 0.879406753125 0.3702134343750001
0 0.7175748265625 0.24474972968750008 0.5672296236078277 0.24465248595973374 0.5670760238563292 0.48212781052076714 0.7174212268110015 0.48222505424853346
0 0.716864476145152 0.4886674727306973 0.5663852640625 0.4885514625 0.5662767363548481 0.6293249428943029 0.7167559484375001 0.6294409531250003
0 0.716065234375 0.7192578546874999 0.6417751343750001 0.7192578546874999 0.6417751343750002 0.8375005421875 0.7160652343750001 0.8375005421875
0 0.6377298546875001 0.6360433375000001 0.5663791250000001 0.6360346703125 0.5663542640959501 0.8406966376050713 0.6377049937834501 0.8407053047925712
0 0.7167774359375001 0.6358624046875001 0.6424013223257199 0.6358265889055275 0.6423637176382199 0.7139175967180275 0.7167398312500001 0.7139534125000001
0 0.5609884875000002 0.8396576375 0.5609370463890888 0.6108474511118276 0.45584577385331215 0.6108710777339271 0.45589721496422353 0.8396812641220996
0 0.45049884843750004 0.610764896875 0.34374520312500007 0.610764896875 0.34374520312500007 0.8396565546874999 0.45049884843750015 0.8396565546874999
0 0.18874904062500006 0.5057204765625001 0.13663622343750004 0.5057204765625001 0.13663622343750007 0.6046814734375 0.1887490406250001 0.6046814734375
0 0.25484113593750013 0.505892740625 0.19340690625471188 0.5058329387886017 0.19331091524093963 0.6044441912640071 0.25474514492372785 0.6045039931004055
0 0.2549109750000001 0.6119512453125 0.13663775937500008 0.6119512453125 0.13663775937500008 0.840630553125 0.2549109750000001 0.840630553125