0 0.7118369640625001 0.7544763046875002 0.5754705353405365 0.7456841080667261 0.5644291343750001 0.9169355578125 0.7007955630969637 0.9257277544332739
0 0.7271116325322897 0.7375174196210964 0.7224137421875001 0.5754322249999999 0.4504946221552104 0.5833135506914036 0.45519251250000003 0.7453987453125
0 0.4590562390625001 0.5823245562500001 0.3078602710028643 0.5721284934187654 0.29590574687500004 0.749400434375 0.4471017149346359 0.7595964972062348
0 0.2063386272481639 0.7513090336703789 0.20396574836398407 0.6712243634858458 0.06885365080332016 0.6752276845029669 0.0712265296875 0.7553123546875
0 0.30180802190465683 0.6639689699694091 0.299615375 0.5870421078125001 0.07104079684534317 0.5935571706555909 0.07323344375000002 0.6704840328125
0 0.2964249645891458 0.7494118206828667 0.29408772999527405 0.669229572416561 0.2022048544686283 0.6719078689211944 0.2045420890625 0.7520901171875001
0 0.3381649294794197 0.5800257387874448 0.3347829160317902 0.46674063153204265 0.0764889381148706 0.474451739619598 0.07987095156249999 0.5877368468750002
0 0.34604165800758635 0.4606379979707601 0.34263187031250003 0.34555765 0.08442555136741373 0.35320820671674 0.08783533906249999 0.4682885546875001
0 0.47290299736181235 0.17446533512109544 0.4712384765624999 0.118287759375 0.3590627854506875 0.12161148362890459 0.36072730624999993 0.17778905937500003
0 0.4689829720866851 0.24589730482554498 0.46708482968750004 0.1796631453125 0.35432919041331484 0.182894502986955 0.35622733281249996 0.2491286625
0 0.36019241940885216 0.24904846781163573 0.35634534709941035 0.1215588419436967 0.09703171987805821 0.129383778819561 0.10087879218750002 0.2568734046875