0 0.9141427217919558 0.39103389652871756 0.4600857445764214 0.07063851505896608 0.2978954475180223 0.3004908795911901 0.7519524247335567 0.6208862610609416
0 0.34608535451948735 0.3488325710882892 0.34563750000000004 0.19939687500000003 0.10556085139167508 0.20011637786924136 0.10600870591116236 0.3495520739575305
0 0.8936887945861673 0.4326358493837962 0.5945056884833332 0.43114462057240344 0.5938647600604249 0.5597331744484642 0.8930478661632592 0.5612244032598569
0 0.8924125 0.5696328125000001 0.6196875000000001 0.5696328125 0.6196875000000001 0.7100000000000001 0.8924125 0.7100000000000002
0 0.5228500000000003 0.7678171875 0.3367000000000001 0.7678171875 0.3367000000000001 0.85875 0.5228500000000003 0.85875
0 0.5221875 0.6881578125 0.33836250000000007 0.6881578125 0.33836250000000007 0.7591421875 0.5221875000000001 0.7591421875
0 0.4533551638151453 0.6793495357760315 0.4529365450803122 0.6260001213040437 0.338578256265167 0.6268974605280121 0.33899687500000003 0.680246875
0 0.8935368088030359 0.8578773594246953 0.8925353140068045 0.685615567289775 0.5317313177037688 0.6877132078650798 0.5327328125000002 0.8599750000000002
0 0.28607187500000003 0.4626796875 0.24182799076520672 0.3944990892570752 0.1497233032652067 0.45426783925707526 0.19396718749999997 0.5224484375
0 0.17586250000000006 0.3251578125 0.10608750000000004 0.3251578125 0.10608750000000004 0.3529421875 0.17586250000000006 0.3529421875
0 0.6768528899659122 0.5815178873401287 0.192442306036106 0.23556384263858748 0.07601474131668093 0.39858764731737917 0.5604253252464871 0.7445416920189204