0 0.8503504729537811 0.7628353580012528 0.5229286601388147 0.7529674542178626 0.5196719908709458 0.8610253131948848 0.8470938036859122 0.870893216978275
0 0.5586718058373277 0.7537605602099668 0.5199579562657862 0.7532390584765879 0.5193001046875001 0.8020748828125003 0.5580139542590415 0.8025963845458792
0 0.8496656763512581 0.685793275797091 0.7742233310567065 0.6846431627611889 0.7732065187679485 0.7513415666515981 0.8486488640625002 0.7524916796875003
0 0.7688168139960722 0.6816345957867196 0.7033637718750001 0.6810454281250002 0.7029110769573478 0.7313371556556849 0.7683641190784198 0.7319263233174043
0 0.7187610482161116 0.29649328813035375 0.5245599700563541 0.29090834405067695 0.5145778795943937 0.6380081005290142 0.7087789577541513 0.6435930446086909
0 0.8547115220796508 0.30206759962260754 0.7288044078125 0.2967082515625 0.7265460340005359 0.349764206580134 0.8524531482676867 0.3551235546402415
0 0.8506963049238359 0.3687338572276628 0.6382611036113434 0.3686698054500867 0.6381677283750077 0.6783596825974241 0.8506029296875001 0.6784237343750001
0 0.8534947469781026 0.18877537282028864 0.7070936125 0.1857685421875001 0.7049654498968974 0.28938775374221154 0.8513665843749999 0.2923945843750001
0 0.6727541189217796 0.18400293203536186 0.52495085625 0.17991594062500008 0.5220947752022838 0.28320416781267105 0.6698980378740632 0.28729115922303283
0 0.8542834986395793 0.1351210591321884 0.7098584160417843 0.1292921975647819 0.7078847774305141 0.17819418574113302 0.852309860028309 0.1840230473085395
0 0.671708326640687 0.12763111974689897 0.5258323259591886 0.1251224242584293 0.5249875535943123 0.17424437414864774 0.6708635542758106 0.17675306963711743
0 0.43617182044991204 0.26869515741856953 0.10759599290901871 0.26770016064811464 0.10602031620910665 0.7880327797920452 0.43459614375000005 0.7890277765625
0 0.278776465625 0.7920911984375001 0.22163411875000003 0.7907320796875001 0.22016589965340466 0.8524614060661936 0.27730824652840463 0.8538205248161935
0 0.6949277363980294 0.649422353807775 0.5225729609375 0.6442267234375001 0.5195016011019707 0.7461130196297251 0.6918563765625001 0.7513086500000001