0 0.8530126156250001 0.0567386031250001 0.7388451690389152 0.05266667944806784 0.726321644453641 0.4037977264906779 0.840489091039726 0.4078696501676101
0 0.7790133552224925 0.40838232343593905 0.7770121796874999 0.3675467687499999 0.7243783307150073 0.3701261281265609 0.72637950625 0.41096168281249995
0 0.7297719032841418 0.1445107121457388 0.7279795546875001 0.06363734843749999 0.6537416435908583 0.06528263941676118 0.6555339921875001 0.146156003125
0 0.7055444953125001 0.15005149218750008 0.6522928357667652 0.14924009361066687 0.651176796875 0.2224851359375001 0.7044284564207348 0.22329653451433332
0 0.6109578068666062 0.24455892355867404 0.24381738280213422 0.22963748410495763 0.235323722904854 0.4386230787065689 0.602464146969326 0.4535445181602853
0 0.305118071875 0.08839947812500003 0.24900321103395182 0.08632114965086712 0.24392716875000003 0.22337427187499997 0.3000420295910482 0.2254526003491329
0 0.6619318426566663 0.2913269622791351 0.6494730296875 0.0669284875 0.31197464350579096 0.085666713216427 0.32443345647495736 0.31006518799556215
0 0.2402475765625 0.09404338750000003 0.1309623229510916 0.090834109360799 0.12616014218750005 0.25436232968750006 0.2354453957989085 0.2575716078267011
0 0.2326948171875 0.28639602343750004 0.12342735465895109 0.28320364759786687 0.11862869687500004 0.44745033593749994 0.227896159403549 0.4506427117771331
0 0.12437341562500001 0.1009100046875 0.07305051945832355 0.0988224302276154 0.06674484534639655 0.25384705997194595 0.118067741513073 0.25593463443183057
0 0.11631121874354913 0.295376096006424 0.06512276457577656 0.29345468795252194 0.05938450050182742 0.44632844475571554 0.11057295466959997 0.4482498528096176
0 0.7856626522291892 0.8450031309426024 0.76369015625 0.4989683437500001 0.18667888370831082 0.5356073706198978 0.20865137968749997 0.8816421578125
0 0.8330876721448777 0.7219844153652586 0.831216690625 0.6610494406249999 0.7620708528551224 0.6631725330722413 0.763941834375 0.7241075078125
0 0.7255788593750001 0.2295743218750001 0.6178932976346616 0.22558596752920596 0.6108268078125001 0.41638118281250003 0.7185123695528385 0.42036953715829417