0 0.49222968749999996 0.12169062500000008 0.2697203125 0.12138125000000002 0.2692777297408613 0.4396966055449819 0.4917871047408612 0.44000598054498197
0 0.3930609375000001 0.481359375 0.3128718750000001 0.481359375 0.3128718750000001 0.5549109375 0.3930609375000001 0.5549109375
0 0.3934203125000001 0.5582484375 0.3127968750000001 0.5582484375 0.3127968750000001 0.6263796875 0.3934203125000001 0.6263796875
0 0.4696250572786898 0.7326558363796369 0.30011309226426575 0.4283289959313271 0.1767660009148908 0.4970341019372418 0.3462779659293148 0.8013609423855517
0 0.49231134743757937 0.7935366871883351 0.39976718750000007 0.792653125 0.39938288256832777 0.8329051610547547 0.4919270425059071 0.8337887232430898
0 0.3929799463884369 0.8565140385861449 0.39257840022413404 0.6685114410044231 0.2699125 0.6687734374999998 0.2703140461643029 0.8567760350817218
0 0.49184062500000003 0.31559062500000007 0.31309375000000006 0.315590625 0.31309375000000006 0.47714999999999996 0.49184062500000003 0.47714999999999996
0 0.4918953125000002 0.7464999999999999 0.4004312500000002 0.7464999999999999 0.4004312500000002 0.7899140625000001 0.4918953125000002 0.7899140625000001
0 0.6210593750000002 0.77105 0.5532468750000001 0.77105 0.5532468750000001 0.8570171875 0.6210593750000002 0.8570171875
0 0.7250781250000002 0.771490625 0.6263156250000002 0.771490625 0.6263156250000002 0.856359375 0.7250781250000002 0.856359375
0 0.7743937500000001 0.51470625 0.5529406250000001 0.5147062499999999 0.5529406250000002 0.8132359375 0.7743937500000002 0.8132359375