0 0.8442129453125002 0.13981587343750013 0.7360411416995103 0.13515683325658923 0.7218502128128463 0.46463636401993974 0.8300220164258363 0.4692954042008507
0 0.770940740625 0.4690476187499999 0.7701629265624998 0.43022698437500007 0.7212308892605015 0.43120739150468834 0.7220087033230016 0.47002802587968817
0 0.7259312875000001 0.13933174531250012 0.6590996013723409 0.13731794461130842 0.6568041373174807 0.21349714801557748 0.7236358234451398 0.21551094871676918
0 0.7041094531250001 0.2200015875000001 0.6537002600261722 0.21886109217860308 0.65218980625 0.2856222218750001 0.7025989993488279 0.28676271719639707
0 0.6147419620050049 0.28891631709629517 0.26680543299337783 0.27219502900135095 0.25743233887483485 0.46723035254745965 0.6053688678864619 0.4839516406424038
0 0.3258929796875 0.13905079375 0.27272181899362746 0.13668763115585145 0.267081975 0.26358412656249997 0.32025313569387254 0.26594728915664856
0 0.65167118125 0.13804127031250008 0.3403099947001531 0.13533626370491975 0.3384486078364481 0.3495921627061912 0.6498097943862949 0.3522971693137716
0 0.2645107937500001 0.14075714218750007 0.1609938155703569 0.13695184694077606 0.15550201093750007 0.2863476187500001 0.2590189891171433 0.2901529139967241
0 0.2560178828125001 0.3227047625 0.15251844743155368 0.3189156484802055 0.14702409218750007 0.46899365156250006 0.2505235275684465 0.4727827655822946
0 0.15489015781250004 0.1407571421875 0.10625172100220089 0.13841804689029436 0.09926428057079287 0.2837127598909893 0.147902717381092 0.28605185518819504
0 0.14595146390038768 0.3235498928012266 0.09744720198702946 0.32136989310262903 0.09091030527414183 0.46681365186390245 0.13941456718750006 0.46899365156250006
0 0.7580416258348192 0.8834674164794858 0.756642434375 0.5540809531249999 0.2277023960401808 0.556327822583014 0.22910158749999998 0.8857142859375001
0 0.8193582703125 0.71154603125 0.7564946619123829 0.7102349583989777 0.755299259375 0.76755238125 0.818162867775117 0.7688634541010224
0 0.7224957671875002 0.29652380937500006 0.6204592255761929 0.2919888515341059 0.6126724859374999 0.4671904765625001 0.7147090275488072 0.4717254344033942