0 0.9338827104007235 0.3242029351057536 0.5791479562500002 0.3067811953125001 0.5679315895992765 0.5351645320817465 0.9226663437499999 0.5525862718750001
0 0.5445708609375 0.4309674421875 0.5398693910913415 0.34029623083398064 0.4633266671875001 0.34426511249999997 0.46802813703365853 0.43493632385351927
0 0.46517354843750003 0.42643264062499997 0.45930962559252186 0.33847379123849103 0.38953382090645483 0.3431255111959387 0.395397743751433 0.4310843605824477
0 0.5910864673167053 0.33881927330149253 0.5200520598812384 0.20342180349974587 0.2176945503236322 0.3620494835925613 0.2887289577590992 0.4974469533943079
0 0.22857202474609356 0.5144254360293923 0.2234918325518996 0.41730830486097625 0.18216526875 0.4194700953125 0.18724546094419395 0.516587226480916
0 0.3514240142449291 0.29424502842625 0.1526386642303346 0.28452252918481175 0.146482786789218 0.41038504883035626 0.3452681368038125 0.4201075480717945
0 0.7224214200277815 0.5408565975407023 0.7088720052166926 0.3376153670814714 0.543412903125 0.34864597343750003 0.556962317936089 0.5518872038967308
0 0.2776788171875 0.5187985062499999 0.26861706947164987 0.4183016690836567 0.22437937652947673 0.422290558926127 0.23344112424532684 0.5227873960924703
0 0.2648329760650917 0.5812441498678835 0.16781860312500008 0.576213775 0.16421121924740847 0.6457847501321166 0.2612255921875001 0.650815125
0 0.26792903125 0.758165734375 0.2599196204629482 0.6455313570070214 0.17339038742691307 0.6516844355667752 0.18139979821396487 0.7643188129347539
0 0.5363329288022599 0.5953847559478712 0.23536601403607368 0.5793681891686 0.22327479218147067 0.8065740434246494 0.5242417069476569 0.8225906102039205