0 0.45549049167890143 0.3767485551741524 0.0178659882526759 0.3756511049639999 0.016630184073774583 0.8684462997898477 0.4542546875000001 0.8695437500000001
0 0.8016458360815488 0.6304552413273007 0.8010253903334569 0.3776116978466149 0.4579255534854765 0.37845362100594443 0.4585459992335683 0.6312971644866303
0 0.8004381456366702 0.11644739118362571 0.4306407140586571 0.11591254749441202 0.430283818421987 0.3626745313107864 0.8000812499999999 0.3632093750000001
0 0.9816218750000001 0.11640781250000012 0.8105328125 0.1164078125000001 0.8105328125 0.25395781250000005 0.9816218750000001 0.25395781250000005
0 0.9825734374999999 0.2630171875000001 0.8105328125 0.2630171875000001 0.8105328125 0.3627828125000001 0.9825734374999999 0.3627828125000001
0 0.9825625 0.3785000000000001 0.8092750000000001 0.3785000000000001 0.8092750000000001 0.5057000000000003 0.9825625 0.5057000000000003
0 0.6926984375 0.6369 0.4614515625 0.6369 0.4614515625000001 0.9102671875 0.6926984375000002 0.9102671875
0 0.1427203125000001 0.8749 0.1035828125000001 0.8749 0.10358281250000012 0.9112671875 0.1427203125000001 0.9112671875
0 0.19416093750000013 0.8753578125000001 0.1542750000000001 0.8753578125000001 0.1542750000000001 0.9114078125 0.19416093750000013 0.9114078125
0 0.2834812500000001 0.8737671875 0.2043656250000001 0.8737671875 0.2043656250000001 0.9111 0.2834812500000001 0.9111
0 0.33309531250000013 0.875125 0.29280000000000006 0.875125 0.29280000000000006 0.9111078125000001 0.33309531250000013 0.9111078125000001
0 0.3848406250000001 0.8751328125000001 0.3422796875000001 0.8751328125000001 0.3422796875000001 0.9118671875000001 0.3848406250000001 0.9118671875000001
0 0.4498296875000002 0.8751328125000001 0.3946593750000001 0.8751328125000001 0.3946593750000001 0.9109671875 0.4498296875000002 0.9109671875
0 0.47108906250000004 0.11640000000000003 0.4310890625 0.11640000000000003 0.4310890625 0.16200000000000006 0.47108906250000004 0.16200000000000006