0 0.48583 0.9184719171875002 0.46015574747968674 0.3600447221459525 0.01299935281183085 0.38060318759089073 0.03867360533214413 0.9390303826324382
0 0.8369450822504927 0.4368840878701203 0.4721920328124999 0.41458424374999997 0.45640221157284033 0.6728544547982529 0.8211552610108331 0.6951542989183732
0 0.8395385122906396 0.16911345714729525 0.4398055609139324 0.14188791267835932 0.4226356329982931 0.39398152896856425 0.8223685843750002 0.42120707343750013
0 1.0093704271926223 0.18035715583374498 0.8237172796875003 0.1679802781250001 0.8143468524948781 0.30853667229125525 1.0000000000000002 0.3209135500000001
0 1.0067964122817439 0.3306651691811488 0.82930439375 0.3188323671875001 0.8225079814682561 0.42077854488135136 1 0.4326113468750001
0 1.0086653442064049 0.449321128611628 0.8324110984375 0.4375708468750001 0.8237457542310954 0.5675510245133722 1.0000000000000002 0.5793013062500002
0 0.7327259749999999 0.9767301171874999 0.7213956231603251 0.6708106379088707 0.48436935781249996 0.6795893890625002 0.4956997096521748 0.9855088683411294
0 0.1693476628265977 0.9028707416142534 0.1252141843750001 0.8999285093750002 0.12273671373590245 0.9370905646357468 0.16687019218750007 0.940032796875
0 0.22226067306338265 0.9068681732792309 0.1773907953125001 0.9038768484374998 0.17493493318661751 0.940714784533269 0.21980481093750007 0.943706109375
0 0.31424147959602144 0.9113676132839664 0.22887037031250007 0.9056762046875001 0.22632711727897875 0.9438249914035335 0.3116982265625001 0.9495163999999999
0 0.36519964721887693 0.9161584802778029 0.31991568281250016 0.91313955 0.31746439809362326 0.9499088290971972 0.3627483625000001 0.9529277593750001
0 0.4185225511588909 0.9197213591789495 0.37082755781250015 0.9165416937500002 0.36832507384110935 0.9540789626960509 0.41602006718750006 0.9572586281250002
0 0.4852967173164571 0.9241729713005095 0.4247230562500001 0.9201347265625 0.42228188268354316 0.9567523240119906 0.4828555437500001 0.96079056875
0 0.4761878640625 0.19160739531249998 0.47429223531407094 0.14042543614934658 0.4332925437499999 0.14194394374999997 0.435188172498429 0.19312590291315337