0 0.996589203125 0.5836020468750002 0.43478844843750003 0.5836020468750001 0.4347884484375001 1 0.996589203125 1
0 0.70715863125 0.5770175265624999 0.6820467971163532 0.1875358398493984 0.40765436250000003 0.20522729374999998 0.43276619663364685 0.5947089804631015
0 0.41951864375000003 0.6055175015625001 0.3905827426921257 0.18413167747375475 0.12429993749999999 0.20241689843750002 0.15323583855787437 0.6238027225262452
0 0.27262454375 0.19218453281249998 0.2579816272415876 -0.005494848372559011 0.10967049531249999 0.005491160937499998 0.12431341182091235 0.203170542122559
0 0.39067200156250004 0.193058959375 0.376198656135018 -0.00233121371156515 0.26862793437499993 0.005636987500000001 0.28310127980248195 0.20102716058656517
0 0.5458018828125 0.1955717265625 0.5310497111505258 -0.003582590046429751 0.39389830468750003 0.0065767734375 0.40865047634947416 0.20573109004642975
0 1.0018569823278152 0.3253364591145921 0.6974876328125 0.32308187187500004 0.6956306504791201 0.5737745463241687 0.9999999999944353 0.5760291335637606
0 1 0.7688817453125002 0.9873095421875 0.7688817453125002 0.9873095421875 0.8547489984375 1 0.8547489984375
0 1 0.7150740109375001 0.9847958562500001 0.7150740109375001 0.9847958562500001 0.7588728203125001 1 0.7588728203125001
0 1 0.6589435656250002 0.980646515625 0.6589435656250002 0.980646515625 0.7052293890625002 1 0.7052293890625002
0 1 0.5884469562500001 0.9754245453125 0.5884469562500001 0.9754245453125 0.6484419218750002 1 0.6484419218750002
0 0.20368379821698582 0.5596819934672869 0.1506841187500001 0.5592894031250001 0.15036290647051434 0.6026530471577132 0.20336258593750006 0.6030456375