0 0.31948750000000004 0.10491562500000004 0.023125309801010123 0.10466371878119754 0.02276250000000006 0.5315015625 0.3191246901989899 0.5317534687188025
0 0.8439765625 0.10254218750000008 0.5826718750000001 0.10254218750000008 0.5826718750000001 0.1644921875000001 0.8439765625 0.1644921875000001
0 0.9872125 0.10183281250000012 0.8488484375 0.10183281250000009 0.8488484375 0.1568328125000001 0.9872125 0.15683281250000014
0 0.9872125 0.38316718749999995 0.9869562500000001 0.1596671875 0.7769305537622964 0.1599079887736506 0.7771868037622964 0.3834079887736505
0 0.8439447805690152 0.102658500318544 0.582946875 0.10183281250000006 0.5820568574713697 0.3831651825255653 0.8430547630403851 0.3839908703441093
0 0.2060359375000001 0.66925 0.06915625000000009 0.66925 0.06915625000000009 0.7143171875000001 0.2060359375000001 0.7143171875000001
0 0.2124171875000001 0.53685 0.022621875000000066 0.53685 0.022621875000000076 0.6617171875000001 0.2124171875000001 0.6617171875000001
0 0.414846875 0.6651921875 0.2715468750000001 0.6651921875 0.2715468750000001 0.706375 0.414846875 0.706375
0 0.41446249999999996 0.4125328125 0.30425781250000006 0.4125328125 0.30425781250000006 0.5311328125 0.41446249999999996 0.5311328125
0 0.41467520456064866 0.5353867352671775 0.21700625000000007 0.53519375 0.21672794865221112 0.8202493776902429 0.41439690321285977 0.8204423629574205
0 0.987059375 0.5528578125000002 0.777084375 0.5528578125000002 0.777084375 0.6263078125000001 0.987059375 0.6263078125000001
0 0.9872125 0.3865000000000001 0.777359375 0.3865000000000001 0.777359375 0.5500000000000002 0.9872125 0.5500000000000002
0 0.7724814293986085 0.6261659267358856 0.771647271390219 0.389308130935854 0.5744878428025677 0.3900024805380294 0.5753220008109572 0.626860276338061