0 0.5810809734375001 0.6988872640625 0.12794358437500009 0.6988872640625 0.1279435843750001 1 0.5810809734375002 1
0 0.17736756249999996 0.4290352453125001 0.16516927599575315 0.15457379578717495 0.10143100468749999 0.15740660781250002 0.1136292911917468 0.43186805733782513
0 0.15724942656250002 0.1540380765625 0.15071499814241857 0.007013452390624323 0.09412734687499999 0.009528459374999998 0.1006617752950814 0.15655308354687567
0 0.4004783314412447 0.018587271570363117 0.153839103125 0.011561864062500019 0.14767644226201354 0.22791286119975024 0.3943156705782583 0.23493826870761336
0 0.41188589343382914 0.16761836955850207 0.12148585576469847 0.1580965573862615 0.11267430000000007 0.4268349109375002 0.4030743376691307 0.4363567231097408
0 0.7684879921874999 0.9759325203125 0.762055354345603 0.8311981560655648 0.7156872406249999 0.8332589609374998 0.7221198784668967 0.9779933251844352
0 0.7153323859375 1 0.7071951654231589 0.8169125029891615 0.5787235124999999 0.822622353125 0.586860733014341 1.0057098501358384
0 0.7510042999999998 0.7667702515624999 0.7442902851445754 0.6157048941778415 0.701918675 0.6175880765625 0.7086326898554245 0.7686534339471585
0 0.5719716890911466 0.6141340468032207 0.44112663125000007 0.6102571562500001 0.43776336559635354 0.7237673735092794 0.5686084234375002 0.7276442640625002
0 0.8764218069821282 0.6228207603038973 0.5698459140625001 0.6144318765625001 0.564279160205372 0.8178716412586029 0.8708550531250003 0.8262605250000001
0 0.6451611828125 0.24247620156250002 0.635278801293999 0.02012263663111042 0.5597085656249998 0.023481314062500012 0.5695909471435008 0.24583487899388962
0 0.5663792109375 0.23985842187499995 0.5562087571015045 0.01102321304098633 0.387989103125 0.018499642187500002 0.3981595569609954 0.24733485102151365
0 0.6555605531347315 0.24663131474170136 0.40185365624999997 0.24539083750000007 0.4008595256789265 0.4487140213573408 0.654566422563658 0.44995449859904213