0 0.505650141317673 0.02553103971814342 0.04419009799192897 0.00812761681262818 0.03198981992663841 0.3316237977168436 0.4934498632523824 0.3490272206223588
0 0.08606657469850998 0.6149017799823512 0.01902020781250008 0.61241858125 0.008484162801490214 0.896891801267649 0.07553052968750011 0.8993750000000003
0 0.06712021573869827 0.902330516110081 0.007595595312500108 0.9001258999999997 0.003896553669223907 0.9999999999622858 0.06342117409542206 1.002204616072367
0 0.31477440000000007 0.8339003375 0.06670414843750012 0.8339003375 0.06670414843750014 1 0.31477440000000007 1
0 0.32272288804837235 0.6236749553891392 0.01824230468750008 0.6126647515624999 0.00788048427816918 0.899214680391264 0.3123610676390415 0.9102248842179034
0 0.7010131650773368 0.0999168301531348 0.6522384875 0.09811036093750009 0.6467044271101633 0.24753001828436538 0.6954791046875001 0.2493364875000001
0 0.6461060812236081 0.043265752579245635 0.5109665921875 0.038260585937500056 0.5032192437763917 0.2474389771082545 0.6383587328125 0.25244414375000007
0 0.684318686466679 0.31826934972151977 0.6397479359375 0.3166185812500001 0.6339614072833211 0.47285486121598036 0.6785321578125001 0.4745056296875001
0 0.4970235938878109 0.34255411759051213 0.36529291875000003 0.33377207343750004 0.357365859237189 0.4526779777219879 0.48909653437499995 0.46146002187499996
0 0.8162452715073429 0.2695848073471434 0.5013928937500001 0.24828648593750008 0.48699202310705714 0.4611740781800308 0.8018444008644 0.48247239958967414
0 0.5775560508759202 0.8579935997350805 0.4980636265625001 0.8550494359374999 0.49269508727321687 0.9999999999916007 0.572187511586637 1.0029441637891812
0 0.49514633517333273 0.8501930779113476 0.3182517997422048 0.8436414291576181 0.3124607421875001 1 0.48935527761862796 1.0065516487537294
0 0.591680971649663 0.6424898503360561 0.3300848984375001 0.6250501125000001 0.3159012476706987 0.8378048786144783 0.5774973208828617 0.8552446164505344