0 0.39671533906250006 0.8907286390625002 0.3924340151328197 0.8056985489938017 0.21219471825781971 0.8147737224313018 0.2164760421875 0.8998038125000003
0 0.20644389375 0.41543393281249996 0.19628627480513497 0.22964679894255963 0.0837680109375 0.2357985578125 0.09392562988236501 0.42158569168244037
0 0.3932479724817518 0.8001753933954229 0.3592185783050813 0.40372942809990187 0.208859928392011 0.4166356352849084 0.24288932256868145 0.8130816005804293
0 0.38676719218749994 0.22157639687500005 0.3835374678730062 0.14188873376488503 0.21166042412300623 0.14885487438988504 0.2148901484375 0.22854253750000003
0 0.5404431870607336 0.13552799212164401 0.5388952654758097 0.0528564049397271 0.43544599687499996 0.054793362499999984 0.43699391845992375 0.13746494968191691
0 0.55926653125 0.39696681406250006 0.5527429000319551 0.22082876198553017 0.2194082515625 0.23317448906249996 0.2259318827805449 0.40931254113946985
0 0.8075199122633061 0.24510667288410906 0.800022004903345 0.04266319011197116 0.5057019297716596 0.053563934494036805 0.5131998371316208 0.2560074172661747
0 0.8188330390624999 0.3264393109375 0.815824396875 0.2526446640625 0.643500331344776 0.25967039662483554 0.646508973532276 0.3334650434998355
0 0.7011055125000001 0.8766765687500001 0.69548820198354 0.7116469762606531 0.40068565233426395 0.7216815248373335 0.40630296285072404 0.8867111173266805
0 0.7022874328125002 0.7054261703125 0.6961561451511495 0.5237811912301968 0.3913922812056062 0.534068262901956 0.39752356886695683 0.7157132419842592
0 0.8210251287556984 0.5296713821585052 0.8166622882615757 0.3348343458430324 0.5661639560441185 0.34044356823819827 0.570526796538241 0.5352806045536711
0 0.5643146366627279 0.5209976407452509 0.5604571401973397 0.4043480546021934 0.32770449943476326 0.4120449742290688 0.3315619959001514 0.5286945603721264