0 0.8655234374999999 0.1916484375000001 0.7850607550464223 0.19058037159409735 0.7827935675464224 0.36137880909409736 0.8632562500000001 0.3624468750000001
0 0.4075390625 0.10344218750000005 0.23239375 0.10344218750000005 0.23239375 0.210090625 0.4075390625 0.21009062500000003
0 0.7805123930758555 0.21955127807727148 0.408694781689433 0.2121479880956359 0.4058266700433541 0.35619400332399626 0.7776442814297766 0.36359729330563184
0 0.2312593750000001 0.22773281250000005 0.1558631756203189 0.2274701029292149 0.1552959881203189 0.3902497904292149 0.2306921875000001 0.39051250000000004
0 0.15480262482620694 0.542248641899838 0.15301289611993113 0.4444117827508003 0.07481875 0.4458421875 0.07660847870627577 0.5436790466490378
0 0.4024375 0.23174218750000003 0.23579374999999997 0.2317421875 0.23579375000000002 0.5444718749999999 0.4024375 0.5444718749999999
0 0.2676468750000001 0.5103640625 0.07611562500000006 0.5103640625 0.07611562500000008 0.7868328124999999 0.2676468750000001 0.7868328124999999
0 0.3451945449268224 0.6310679828485124 0.2753706953073895 0.6309347967353414 0.27505937500000016 0.794146875 0.344883224619433 0.7942800611131711
0 0.8614826958726857 0.6508161921580061 0.8596386346116545 0.3745251477576243 0.7035518897290352 0.3755669242662447 0.7053959509900664 0.6518579686666265
0 0.6988749999999999 0.6615265625 0.6979421745199965 0.37680256934288886 0.5260967039476754 0.3773655771589692 0.5270295294276789 0.6620895703160803
0 0.5367656014443395 0.783912767650041 0.5350922605696107 0.5504090574031816 0.3501751101249938 0.5517342159025913 0.3518484509997225 0.7852379261494508
0 0.5198058343384655 0.543311860537133 0.5189357697019437 0.3236083880746317 0.40858039787501854 0.3240454148789905 0.4094504625115404 0.5437488873414918