0 0.32517127144047575 0.7916076436447963 0.15428318233995023 0.7892677432227798 0.15318072968750013 0.8697822921874998 0.3240688187880257 0.8721221926095162
0 0.19976201406250002 0.23706243124999998 0.09325856312191619 0.23184099451005896 0.08453505763965892 0.40977735272590055 0.19103850858024274 0.4149987894658416
0 0.33473334801136645 0.7857057464392219 0.33387294576664733 0.41309148190123957 0.19135216143122535 0.41342057612664007 0.19221256367594447 0.7860348406646225
0 0.3811230443888088 0.16392127068038564 0.2183045676564078 0.16205777689615483 0.21744103733009906 0.23750674996576926 0.3802595140625 0.2393702437500001
0 0.5402442703124999 0.08916750000000004 0.44251690937499993 0.08472635468750005 0.43896240816058063 0.16294312056467836 0.5366897690980805 0.16738426587717833
0 0.5337473885076308 0.2505365376338561 0.2189740224919028 0.2408733237461807 0.21385607656250002 0.4075873265624999 0.5286294425782281 0.41725054045017523
0 0.7834026734374999 0.09466329843750008 0.5050956778448734 0.08721835450414797 0.49997824365051297 0.27851834930937336 0.7782852392431395 0.2859632932427255
0 0.7819220140625001 0.2927070828125001 0.618670659375 0.2899895484375 0.6175078859264025 0.3598412281161404 0.7807592406139026 0.36255876249114044
0 0.6183554388415546 0.719802745794172 0.34083106502706256 0.7118892423174256 0.3363801746623053 0.8679807339084606 0.6139045484767973 0.8758942373852072
0 0.6337597907238532 0.5407557984794631 0.35286154025832944 0.5354012375499786 0.3495672010969764 0.7082210296955155 0.6304654515625001 0.713575590625
0 0.7670914009927439 0.37004365611698553 0.5354431882907698 0.36140959820328067 0.5285684879608177 0.5458549725813339 0.7602167006627918 0.5544890304950387
0 0.5249144014764016 0.42151701916533346 0.30385896838717696 0.415754439787101 0.3009807693130474 0.5261635987918434 0.522036202402272 0.5319261781700758