0 0.6390870125 0.7207614 0.6265846343982566 0.5793514226359613 0.5177692265624998 0.5889720406250001 0.5302716046642432 0.7303820179890388
0 0.6236532593749999 0.5742358937500001 0.6234147988468149 0.5241363101578933 0.49598161249999995 0.5247428578125001 0.49622007302818505 0.5748424414046068
0 0.8059998437500001 0.7168685421875001 0.8057410029618882 0.6624405456715837 0.726272534375 0.6628184703125001 0.7265313751631118 0.7172464668284164
0 0.722780315625 0.721591775 0.7135630159501906 0.6173448862041473 0.6348939264254185 0.6243006484496204 0.644111226100228 0.7285475372454732
0 0.79794858125 0.618555915625 0.7978015165497434 0.587636657835126 0.6323469610188861 0.5884236277158588 0.6324940257191427 0.6193428855057328
0 0.7999090906250002 0.655040909375 0.799767977753834 0.6253681340753541 0.722368278125 0.62573621875 0.7225093909961661 0.6554089940496459
0 0.8502321437500001 0.719755953125 0.8382477166037378 0.5842049110972019 0.7995325882286599 0.5876278182805651 0.8115170153749223 0.7231788603083632
0 0.9977478359375 0.7202815296874999 0.9973677943972691 0.6405091620809736 0.8526153796875 0.6411987734375 0.8529954212277311 0.7209711410440263
0 0.9881124218749999 0.6324870484375001 0.9878887780467529 0.5854679154483614 0.9337931250961976 0.5857252183407857 0.9340167689244445 0.6327443513299243
0 0.92647073125 0.6358790046875 0.9262264029273833 0.584533000073506 0.8451433375 0.58491883125 0.8453876658226168 0.6362648358639941
0 0.9157902718749998 0.5709917375 0.9151971262008745 0.4466930082016951 0.7673130703125 0.4473987015625 0.7679062159866252 0.5716974308608049
0 0.9852909453125 0.57253088125 0.9736877059484815 0.4412744048627018 0.9122256991722644 0.4467077243913555 0.923828938536283 0.5779642007786536
0 0.769061965625 0.5723147546875001 0.7688918176442592 0.5364454749549823 0.7113940828125 0.5367182187499999 0.7115642307932409 0.5725874984825178
0 0.7663027062500001 0.52717864375 0.7588667073531091 0.44307317552598924 0.6992276453125 0.44834603125 0.7066636442093909 0.5324514994740108
0 0.393753246875 0.7206832624999999 0.38574750131197144 0.6301386805074587 0.30828341875 0.636987878125 0.3162891643130285 0.7275324601175411
0 0.3868948890625 0.6291696609375002 0.38670051571391073 0.5883486162295021 0.30341220625 0.5887452015625 0.3036065795985893 0.6295662462704981
0 0.4470844875 0.6301305921875 0.44689330785663295 0.5899311967238344 0.3877853171875 0.5902123015624999 0.387976496830867 0.6304116970261655
0 0.4290307125 0.7228870125 0.4209113825624512 0.6310628231901746 0.39062810156250005 0.6337405484375 0.39874743150004877 0.7255647377473254
0 0.4544098015625 0.7196490625 0.446864849549225 0.6343131316899646 0.42380674590078093 0.6363518073555751 0.43135169791405603 0.7216877381656104
0 0.482173340625 0.7198643578125001 0.4820893446541666 0.7022064009008864 0.45669286861578867 0.7023272077230611 0.4567768645866221 0.7199851646346749
0 0.4801229328125 0.6966748187500001 0.47769132295005495 0.6691656797985643 0.4549783301738534 0.6711733448635362 0.4574099400362985 0.698682483814972
0 0.4769012390625 0.664143471875 0.4742249143128644 0.6338926278632576 0.45185580695142874 0.6358716468828733 0.4545321317010643 0.6661224908946157
0 0.29424348125 0.6315504328124999 0.2898068433782547 0.581382038062387 0.24820112968750002 0.5850614359375 0.25263776755924533 0.635229830687613
0 0.7082032547215439 0.4490286484979187 0.5107551593750002 0.4481714281250002 0.5102184640284564 0.5717913015020817 0.7076665593750001 0.5726485218750001
0 0.511758575781468 0.5740589457456681 0.510594305009637 0.44691746179439384 0.35303455937500006 0.4483602812500001 0.35419883014683107 0.5755017652012743
0 0.3619095359375001 0.574288346875 0.35041965674516995 0.44434405831531915 0.28892235468750005 0.4497817468750001 0.3004122338798302 0.5797260354346809
0 0.5217933499999999 0.7246325765625 0.5059790441159806 0.5779118245496 0.445755868216484 0.5844029835159745 0.46157017410050327 0.7311237355288746