0 0.5909196765625 0.7388025453124999 0.5899328055802433 0.5952603888564038 0.4728806703125 0.5960651374999999 0.47386754129475656 0.739607293956096
0 0.5877340438766124 0.5284235248068656 0.4552117281250001 0.527091075 0.4546730930055505 0.5806624538292889 0.5871954087571628 0.5819949036361546
0 0.7700250438613473 0.6790842751677941 0.6890336421875001 0.6782696500000001 0.6884482592636527 0.7364694029572062 0.7694396609375 0.7372840281250002
0 0.6801908937500001 0.7410140687500001 0.6794620179159961 0.635084951574033 0.594838040625 0.63566723125 0.595566916459004 0.7415963484259672
0 0.7697327269887262 0.5990470133780568 0.5952412031250001 0.5972938265625001 0.5949090167612738 0.6303557366219433 0.7694005406250001 0.6321089234375001
0 0.7686374235467953 0.6393953663140622 0.6880929015625001 0.6385852359374999 0.6877737654999904 0.6703142789982798 0.7683182874842857 0.6711244093748421
0 0.8164068296875 0.7410691218750001 0.8154286665824506 0.5988007680785321 0.7737830115045087 0.5990871019131185 0.7747611746095581 0.7413554557095866
0 0.9746938630389547 0.6586661423090805 0.8257874234375 0.6571679515625 0.8249291916381157 0.7424683326326361 0.9738356312395704 0.7439665233792166
0 0.9716941147128899 0.5997258432860824 0.9172729937499999 0.5991802734375 0.9167689634121101 0.6494577879639178 0.9711900843750001 0.6500033578125001
0 0.905643843446545 0.5977481942798851 0.8227087187500001 0.5969142234375001 0.8221566187522564 0.6518183997356553 0.9050917434488014 0.6526523705780403
0 0.9006732887793246 0.4502403252835271 0.7515918203124999 0.44874153906250014 0.7502555909423874 0.5816537809220393 0.899337059409212 0.5831525671430663
0 0.9733958328125001 0.5858951390625 0.9724619490957751 0.4498423244911637 0.9063477130866338 0.4502961409641795 0.9072815968033586 0.5863489555355159
0 0.7429741700485003 0.5438878853235123 0.684124653125 0.5432952546874998 0.683738408060608 0.5816502334420623 0.7425879249841083 0.5822428640780748
0 0.7435703703125 0.5339709609375001 0.7429808853946113 0.4482353714218033 0.67882746875 0.448676465625 0.6794169536678887 0.5344120551406968
0 0.32903009375000003 0.7348371906249999 0.32840152048038246 0.6434823933015785 0.24507376405174958 0.6440557359375739 0.2457023373213671 0.7354105332609953
0 0.3301115159939473 0.5932959470058494 0.24407202968750003 0.5924310328125001 0.24363323842375756 0.6360808829577029 0.3296727247302048 0.6369457971510524
0 0.3942744758660022 0.5959397615395808 0.3340135406250001 0.5953336546875001 0.3335811944307839 0.6383187915852614 0.393842129671786 0.638924898437342
0 0.36649737656250003 0.737750103125 0.3658357918670887 0.641664568870433 0.33326018437500005 0.6418888640625 0.3339217690704114 0.737974398317067
0 0.3938716046875 0.7346918984374999 0.3932549763136593 0.6450334013226764 0.3684514927617078 0.645203987850673 0.3690681211355485 0.7348624849654967
0 0.4236806099732081 0.7164796206740592 0.3978162421875001 0.716219534375 0.39762637283929214 0.7351011543259408 0.42349074062500014 0.7353612406250001
0 0.42331998437500007 0.7105506171875 0.4231293026231798 0.6827367584765127 0.3986971334245738 0.6829042565885858 0.39888781517639404 0.7107181152995731
0 0.42271184375 0.6757396734375 0.42249847899817744 0.6449677873941086 0.3984359457642677 0.6451346311301227 0.3986493105160903 0.675906517173514
0 0.23055918281249993 0.6380236375000001 0.23020939151629646 0.5873125999584387 0.1854542046875 0.587621309375 0.1858039959837035 0.6383323469165614
0 0.6795544348109599 0.44937922268915165 0.477646296875 0.4455077421875001 0.47511049643904013 0.5777565663733485 0.6770186343750001 0.581628046875
0 0.47265978882259835 0.4443382062801523 0.30926145781250003 0.44321395312500006 0.3083262822975769 0.5791318446067141 0.4717246133076752 0.5802560977618663
0 0.30777665937500004 0.5779093750000002 0.30684969956000424 0.4432629445071388 0.24069729843749998 0.44371836406250004 0.24162425825249575 0.5783647945553614
0 0.46537056406250005 0.7410830125000001 0.4613687807783383 0.5883259330354235 0.39640286031812927 0.5900278478366824 0.4004046436022911 0.742784927301259