0 0.5966937500000001 0.718971875 0.5928433661884582 0.5866374447843534 0.4875859375000001 0.5897 0.4914363213115419 0.7220344302156467
0 0.5910460531231003 0.5296032741765119 0.47030156250000016 0.5274953124999999 0.4694601959247432 0.5756889678632282 0.5902046865478433 0.5777969295397402
0 0.7582720597481739 0.6664379058067564 0.6838 0.6651374999999999 0.6828857527518262 0.7174949066932436 0.7573578125000001 0.7187953125
0 0.6770953125000001 0.7215578125000001 0.6742546701466251 0.6239464017692742 0.5981578125 0.6261609375000001 0.6009984548533749 0.7237723482307259
0 0.7557377928300841 0.5943788512136297 0.597753125 0.591621875 0.5972340821699158 0.6213648987863704 0.7552187499999999 0.624121875
0 0.755523424615979 0.630690433110255 0.682159375 0.629409375 0.681660950384021 0.6579533168897451 0.7550250000000001 0.6592343750000002
0 0.7997109375 0.722515625 0.7959523264998548 0.5933369324846837 0.75850307957562 0.5944265638216775 0.7622616905757652 0.7236052563369939
0 0.9428183026716205 0.6494358662835226 0.8064765625000001 0.6470546875000002 0.805136358024425 0.7237922309596304 0.9414780981960453 0.7261734097431528
0 0.938005486593716 0.5963445079481008 0.8876671875000002 0.5954671875 0.8868788884062841 0.6406976795518994 0.9372171874999999 0.6415750000000001
0 0.8786342312742628 0.5941261184512363 0.8025000000000002 0.5927968750000001 0.8016376432495953 0.6421895338204647 0.8777718745238579 0.6435187772717009
0 0.8732888656958095 0.46135033511098494 0.7355203125 0.45894531250000004 0.7334329825119925 0.5785152621447761 0.8712015357078023 0.580920284755761
0 0.9379203125 0.5838828125 0.934306941110543 0.45964740114501995 0.8748546420932941 0.4613765638206484 0.878468013482751 0.5856119751756284
0 0.7306888647052823 0.5445515285727963 0.6766812500000002 0.5436078125000001 0.6760783227947181 0.5781125339272039 0.7300859375000002 0.57905625
0 0.7300046875 0.5356109375 0.7277093369365303 0.45672302232744305 0.6700203124999999 0.4584015625000001 0.6723156630634698 0.5372894776725571
0 0.36087500000000006 0.71365625 0.35841718731319944 0.6291990911025724 0.2834859375 0.6313796875000002 0.2859437501868006 0.7158368463974277
0 0.36018077806191123 0.5862756808868841 0.28155156250000013 0.5849031250000001 0.2808660964621187 0.6241712213798931 0.3594953120240298 0.625543777266777
0 0.41797211375017457 0.5890830246895072 0.36257031250000005 0.5881156250000001 0.3618950737498256 0.6267857253104929 0.41729687500000007 0.6277531250000001
0 0.39465937500000003 0.7165281250000001 0.3921165624798242 0.6291645787387776 0.3628234375 0.6300171875 0.36536625002017586 0.7173807337612225
0 0.4192390625 0.7139578125 0.4168713108876507 0.6325869262071515 0.39456714207242494 0.6332359388218636 0.3969348936847742 0.7146068251147121
0 0.44621062865707045 0.697771610818775 0.42242031250000006 0.6973562500000001 0.4221237463429297 0.7143424516812252 0.4459140625000001 0.7147578125000001
0 0.4452640625 0.6924234374999999 0.44451712430158546 0.6667346218133517 0.4225468296065073 0.6673734388198791 0.42329376780492184 0.6930622545065273
0 0.4440203125 0.661084375 0.44319402297206356 0.6327426441917765 0.4215562058117267 0.6333734843422236 0.42238249533966316 0.6617152151504471
0 0.2703 0.6258531250000001 0.2689360276381318 0.579010928577322 0.22869062499999995 0.5801828125 0.23005459736186812 0.6270250089226781
0 0.6742116791310858 0.45913260185066296 0.4888640625 0.4542078125 0.4857039458689143 0.573140835649337 0.6710515625000001 0.578065625
0 0.4872900729852357 0.4553867452532894 0.33724687500000006 0.4510203125 0.3336919637568208 0.5731772954693256 0.48373516174205644 0.577543728222615
0 0.3386046874999999 0.5722562499999999 0.3350256163472345 0.4492858231844846 0.2755390625 0.4510171874999999 0.2791181336527654 0.5739876143155151
0 0.48372656249999996 0.7201875 0.4769854508539293 0.5809367039369498 0.41862411772051666 0.5837619679468427 0.4253652293665874 0.7230127640098928