0 0.5178380116597215 0.6524874126976645 0.3661468678622811 0.6471331025623569 0.35922442314646824 0.8432505351129608 0.5109155669439087 0.8486048452482684
0 0.5665236301629909 0.7894481101285483 0.21309230156250009 0.7711220406250001 0.20566925108700934 0.9142808664339519 0.5591005796875002 0.9326069359375001
0 0.5606025404998226 0.6437503163226588 0.49901500101728014 0.6431561675692912 0.49767415270495763 0.7821441699966325 0.5592616921875001 0.7827383187500001
0 0.7666984465339889 0.6747862645876306 0.571267440625 0.663037375 0.5639422815910111 0.7848840557248696 0.7593732875000001 0.7966329453125002
0 0.765287249387943 0.5815935518151016 0.695188087127977 0.5792328344167323 0.6907162455525342 0.7120197357266308 0.7608154078125001 0.7143804531250002
0 0.7687408259695783 0.4806856165391401 0.6976653582307056 0.47821487632320786 0.6942232390625 0.5772338781250002 0.7652987068013727 0.5797046183409325
0 0.6874225468822772 0.4708927967366483 0.5457378955202716 0.46669473234961145 0.5401250923879943 0.6561268090504632 0.6818097437499999 0.6603248734375
0 0.768766592165054 0.19370772440514786 0.6976731217813448 0.19185166421803596 0.6905463460443355 0.4648316156811426 0.7616398164280448 0.46668767586825455
0 0.6913255995028562 0.2218243460153381 0.5492671482778375 0.2173175617645986 0.5416478315874814 0.45748622043676057 0.6837062828125001 0.4619930046875001
0 0.6956354515624998 0.11549901875000002 0.407418034375 0.10475530156250004 0.4013809252181629 0.26671042175935755 0.6895983424056628 0.27745413894685755
0 0.38484560601303125 0.21758531712552198 0.3071349946269525 0.2144291357636467 0.2981213183014212 0.43636134363812473 0.3758319296875 0.439517525
0 0.31507200491619825 0.185638145282153 0.22937095156249998 0.18007286406250006 0.21307479256759 0.4310211874915578 0.29877584592128825 0.43658646871121076
0 0.37721345925374195 0.4435751133986943 0.22422172762789158 0.4377642113829445 0.21207520138518587 0.7575627690033648 0.3650669330110362 0.7633736710191147
0 0.5368883654374059 0.2829009578071233 0.38184310103517805 0.2781296080979523 0.37098486059777236 0.6309687127908291 0.5260301250000002 0.6357400625000003