0 0.3898238026885745 0.608705795589074 0.38934335515153806 0.4639993160632513 0.20284455246296357 0.4646185204741773 0.20332499999999998 0.609325
0 0.2633578125000001 0.41635937500000003 0.12630468750000004 0.41635937500000003 0.12630468750000007 0.751290625 0.2633578125000001 0.751290625
0 0.4008932284853623 0.42307145509638333 0.2694046875000001 0.42044531249999995 0.26822939835942294 0.4792909572655386 0.3997179393447852 0.481917099861922
0 0.3842875 0.4123687499999999 0.3827664380145905 0.22802596504566547 0.2660453125 0.2289890625 0.2675663744854095 0.41333184745433443
0 0.47127210405802183 0.29548085086392073 0.4704998461656581 0.2284883254753766 0.34465 0.2299390625 0.3454222578923637 0.2969315878885441
0 0.5670265624999999 0.2289890625000001 0.4722984375 0.2289890625000001 0.4722984375 0.2974000000000001 0.5670265624999999 0.2974000000000001
0 0.5712081877892918 0.44120754231093195 0.5703792646898481 0.30581162879340196 0.3921929519005562 0.30690252398247 0.39302187499999997 0.44229843750000003
0 0.8404624999999999 0.3035765625000001 0.839991605781836 0.23564232655915415 0.5808289837156725 0.23743874302877394 0.5812998779338364 0.30537297896961985
0 0.8088859375 0.3102265625000001 0.5818078125 0.3102265625000001 0.5818078125 0.4461000000000001 0.8088859375 0.4461000000000002
0 0.9132250000000003 0.3091140625000001 0.7583441511792284 0.3068591003649169 0.7543069516507638 0.5841519560182745 0.9091878004715357 0.5864069181533578
0 0.7998438873154474 0.67775679018848 0.7996850477763073 0.6029980497178038 0.5880210844971774 0.6034477711305528 0.5881799240363175 0.678206511601229
0 0.8287249391429127 0.752463821313343 0.827047430766273 0.6716499698973672 0.586362097588272 0.6766460399455846 0.5880396059649119 0.7574598913615603
0 0.5834560666334736 0.750163562117907 0.5827828125000001 0.6038687500000001 0.2781454083635097 0.6052707025954227 0.2788186624969833 0.7515655147133297
0 0.743042853580199 0.45595295741407516 0.40719936891774855 0.4555692710731756 0.4070297934417518 0.6039999361797955 0.7428732781042021 0.6043836225206951