0 0.5348926091120922 0.6353930796076217 0.3750745518062675 0.6240847690973566 0.3598171069439573 0.8397151406839585 0.5196351642497821 0.8510234511942236
0 0.6853420400170825 0.9231357104325537 0.6830889921875001 0.7710549515624998 0.2974100177954174 0.7767687130049461 0.29966306562499995 0.928849471875
0 0.39374794218750014 0.6239713218750002 0.3288712350696948 0.6184453025097019 0.3159807734375001 0.7697822140625 0.38085748055530544 0.7753082334277983
0 0.3197800723771356 0.7710821424808519 0.31645590186338496 0.6420234367697237 0.09965094511124932 0.647607691163872 0.10297511562499999 0.776666396875
0 0.1936305296875001 0.5493875375 0.11954342559205985 0.5447528534686962 0.1105001921875001 0.6893122171875 0.18458729628294032 0.6939469012188039
0 0.20217605468750005 0.44114013593749996 0.12705326172152498 0.43670457199297613 0.12064435312500006 0.54524885625 0.19576714609097512 0.5496844201945239
0 0.3632435927390757 0.4364196397987513 0.21358338444276165 0.42662285353887286 0.1999400078125001 0.6350453437500001 0.3496002161088142 0.6448421300098784
0 0.23312725156250003 0.13719730000000002 0.15805473934161118 0.13215622853862535 0.13829819275732996 0.4263741534887622 0.21337070497821883 0.4314152249501368
0 0.38901567724890135 0.17057580095389546 0.23892844013792006 0.1590291051255761 0.2185142449576684 0.4243786213857829 0.36860148206864973 0.4359253172141022
0 0.5510375515624999 0.056180723437500066 0.23867794816093352 0.056100836261952794 0.2386339059487502 0.22830629773031044 0.5509935093503165 0.22838618490585766
0 0.6453731110603861 0.17848870618270704 0.5628233741593072 0.17254911656659866 0.5455534393391209 0.41257050993674016 0.6281031762401998 0.41851009955284846
0 0.7309107515624998 0.1431136828125001 0.6414044621671783 0.13834006177541494 0.6269700902053766 0.4089872421895591 0.7164763796006982 0.4137608632266443
0 0.7080645606746473 0.4171025009392664 0.5464587162431209 0.4058746480064609 0.522117241581108 0.7562287710079912 0.6837230860126343 0.7674566239407967
0 0.5598782839817267 0.2431841174962457 0.3954833033680458 0.2298627045422669 0.36428812910842456 0.6148316327909131 0.5286831097221054 0.6281530457448918