0 0.40315125765794957 0.6120434520718492 0.4012931843749999 0.5681683765625001 0.3356285845295503 0.5709492182406508 0.3374866578125 0.61482429375
0 0.40560969558540777 0.5649948274653341 0.40128874969550965 0.4671403025098728 0.2480043103601019 0.4739088578570387 0.25232525624999996 0.5717633828124999
0 0.40811284687500005 0.46678690156249997 0.384863990985663 0.46522435332836576 0.3808061537490667 0.5256001363442969 0.40405500963840374 0.5271626845784312
0 0.5119854330649781 0.5602476824505975 0.5104836828125001 0.52541475625 0.449181655997522 0.5280576675494024 0.45068340625000003 0.56289059375
0 0.583641689661512 0.5188778982464443 0.5810602876960963 0.46033093594342817 0.45061476990958427 0.466082426759484 0.4531961718749999 0.5246293890625001
0 0.684585553125 0.4246402125000001 0.6501900303497143 0.4222785679276221 0.6466954119069633 0.47317497699968863 0.681090934682249 0.47553662157206666
0 0.6935299579818766 0.45086477708370243 0.6893284343750001 0.35350172187500006 0.5493931896052341 0.35954037003650174 0.5535947132121105 0.4569034252452041
0 0.6844537066576074 0.5525805837091563 0.6801267099403016 0.4546589735940517 0.5089551860951942 0.46222276488489544 0.5132821828125 0.560144375
0 0.5183813381209221 0.6067000878143798 0.5164580890625 0.5630804062500001 0.44556144312907786 0.5662063324981204 0.4474846921875 0.6098260140625
0 0.5166055876081818 0.6855647253331568 0.5112157217493415 0.5633409083331443 0.3269832232036597 0.5714652533124874 0.33237308906249996 0.6936890703124999
0 0.7013081046333267 0.34986745476362724 0.6965771468749999 0.24430016718749997 0.4653579906791732 0.25466216554887283 0.4700889484375 0.360229453125
0 0.551744534375 0.3596206234375 0.5110903533935606 0.3568877102664491 0.5062388375 0.4290577328125001 0.5468930184814396 0.4317906459835509