0 0.4976354553545811 0.393681620307485 0.49675655 0.37002031562500004 0.43527251339541895 0.372304156255015 0.43615141875 0.3959654609375
0 0.5462514578125 0.24058686250000005 0.44694148512123244 0.23396822709995618 0.43656850752231835 0.38961060046115753 0.5358784802135859 0.3962292358612014
0 0.4941293078125001 0.4436645468750002 0.4344526044084768 0.4396692521255289 0.4255993984375002 0.5719073421875001 0.4852761018415235 0.5759026369369714
0 0.532850534375 0.44221733906250005 0.4974613679902721 0.43985556566281314 0.4933075028267472 0.5020977034695978 0.5286966692114751 0.5044594768692846
0 0.580699278125 0.44048985625000003 0.536474781821152 0.43754155610255674 0.5316951049425237 0.5092366997044705 0.5759196012463716 0.5121849998519138
0 0.5881480890625002 0.32876698125000015 0.5439094608656845 0.32578221497437393 0.5394348284503007 0.39210285165472847 0.5836734566471163 0.3950876179303547
0 0.43876281969963404 0.6742613220087499 0.43747185186574467 0.6391532660636216 0.3858152321661105 0.6410527456173716 0.38710619999999996 0.6761608015624999
0 0.5286307245045603 0.5059263874035718 0.4292834336679002 0.4992739620884631 0.41766990959641664 0.6727102802607022 0.5170172004330768 0.6793627055758108
0 0.42312428251888 0.5437002763112309 0.3243444065722133 0.5372235824412078 0.3150626984375001 0.678784384375 0.4138425743841667 0.685261078245023
0 0.32653951093750005 0.45583501093749995 0.21962047383451874 0.44871697211473516 0.2040271859375001 0.6829415062499999 0.3109462230404814 0.6900595450727647
0 0.6684675765625002 0.3258113390625002 0.544489407750708 0.3175346700820022 0.5320137375159827 0.5044106650076765 0.6559919063277749 0.5126873339881745
0 0.3972343927571353 0.5362797743922065 0.3956626694486588 0.4947827416938241 0.32281084075402344 0.49754204542661745 0.3243825640625 0.539039078125