0 0.625260310000387 0.625314282966306 0.625257878125 0.5828803921874999 0.566560900937113 0.582883756096194 0.5665633328124999 0.625317646875
0 0.7103006354917274 0.5799711599450813 0.7102733328125 0.48532392187500006 0.5666496992462577 0.48536535266660774 0.5666770019254851 0.580012590736689
0 0.5891533328125 0.48532490156249997 0.566607878125 0.4853150984375 0.566583686080426 0.540952524742127 0.5891291407679259 0.540962327867127
0 0.5193927265625001 0.5462937250000002 0.46397614159610934 0.5462831294638436 0.4639696968750001 0.5799901953125002 0.5193862818413909 0.5800007908486567
0 0.5193837023288906 0.5430882288268124 0.5193636359375 0.4864607843749999 0.39998514932251217 0.4865030871039898 0.4000052157139028 0.5431305315558024
0 0.3357881812500001 0.4565198046875 0.3024245453125 0.45649039218749987 0.3023846241326024 0.5017743943054663 0.3357482600701025 0.5018038068054664
0 0.42997575781249997 0.388020784375 0.3024242421875 0.3880196078125 0.302423374119844 0.4821270990776962 0.42997488974484394 0.48212827564019617
0 0.45917605780212173 0.5799519066908186 0.45915291406187053 0.4852391567944318 0.3024617046972488 0.4852774454161132 0.3024848484375 0.5799901953125001
0 0.5194394826991847 0.6250886121024347 0.5194245406678213 0.5828990417680824 0.45581132803862295 0.5829215712845174 0.45582627006998633 0.6251111416188697
0 0.6251768223690557 0.7011078244459228 0.6251357853216235 0.5828910981011204 0.4556256301400678 0.5829499408426976 0.4556666671875 0.7011666671875
0 0.5136790389666653 0.2830000431652953 0.30243661808560524 0.2829117565700001 0.3023939390625 0.38502941250000006 0.51363635994356 0.38511769909529525
0 0.4743090982519145 0.4531131784807833 0.47426058642213115 0.38799416878052806 0.4348363366077167 0.3880235387372448 0.43488484843749997 0.4531425484375001