0 0.60161818125 0.5043209796875 0.6015733431208937 0.4484172857891428 0.5790824642452039 0.44843532482843385 0.5791273023743103 0.504339018726791
0 0.7227387875 0.448428628125 0.5790666671875 0.448428628125 0.5790666671875 0.54311470625 0.7227387875 0.54311470625
0 0.5318363589509181 0.449616525199725 0.4124770341751197 0.44955293646194805 0.412446728786828 0.5064377058414882 0.5318060535626263 0.5065012945792651
0 0.5318184843750001 0.5431507843750001 0.5317942421875002 0.5094090203125 0.47633366738331195 0.5094488666480611 0.476357909570812 0.5431906307105612
0 0.5318245453125 0.5462950984375 0.468212121875 0.5462950984375 0.468212121875 0.5884603921875 0.5318245453125 0.5884603921875
0 0.6376121218749999 0.5462764703125 0.5791515951092634 0.5462092770823552 0.5791030860364944 0.5884139149734595 0.6375636128022311 0.5884811082036042
0 0.34824848437500006 0.4195890203125 0.31487881850285426 0.4195662765836306 0.3148477824016239 0.465102535566216 0.3482174482737697 0.46512527929508546
0 0.4715253880481467 0.4484512397838101 0.3149011559925966 0.44840423346015496 0.3148727265625 0.5431305875 0.4714969586180501 0.543177593823655
0 0.44242424218750004 0.35138137187499996 0.3148543076646266 0.3513699924695009 0.3148459102237793 0.44551032160514337 0.44241584474665274 0.4455217010106424
0 0.5261454546875 0.34817823593749997 0.526135995824392 0.24623922100152001 0.3148208442618919 0.24625882881402 0.314830303125 0.34819784374999996
0 0.6376332004829968 0.5463318219811051 0.46817260890480616 0.5462752909453716 0.4681331701894364 0.6644989879095361 0.6375937617676269 0.6645555189452695
0 0.48669090937500004 0.35140156875 0.44724242500000005 0.351396078125 0.44723339417997704 0.4162797958386758 0.486681878554977 0.4162852864636758