0 0.6081994406250001 0.5325548765625 0.6075937142259387 0.4745445689662346 0.5848329786822065 0.47478222980535384 0.5854387050812678 0.5327925374016192
0 0.7361136039169702 0.4826274504917805 0.5884725701076222 0.47495039860533705 0.5835019038828955 0.570543643381469 0.7311429376922435 0.5782206952679125
0 0.540527311643366 0.4736721245681017 0.4162611906250001 0.4671625203125001 0.41325302193947877 0.524587432679022 0.5375191429578445 0.5310970369346235
0 0.5395456157990771 0.5341438414250067 0.4813982140625 0.5311771093750001 0.4796600701384229 0.5652444101374934 0.537807471875 0.5682111421875
0 0.540309408814089 0.5715236343128811 0.47345056874999997 0.5680603828125 0.47124554743591107 0.6106288094371188 0.5381043875 0.6140920609375
0 0.6474378766868419 0.5770596350177325 0.5857631171875001 0.5738637500000001 0.5835562905006583 0.6164514852947678 0.6452310500000001 0.6196473703125001
0 0.3512300328124999 0.479514846875 0.3509768789489453 0.4315389654477263 0.31719501562499997 0.43171722187499995 0.3174481694885546 0.47969310330227366
0 0.48170744605595034 0.46944251205409726 0.3187079132314693 0.46094178301103905 0.31372072033474374 0.5565700647918435 0.4767202531592248 0.5650707938349017
0 0.4496194646794975 0.3695158090329759 0.31672625625000006 0.36263690000000004 0.31180752435021086 0.4576615703996202 0.4447007327797084 0.4645404794325961
0 0.5359463206188211 0.26760657471028404 0.315894665625 0.256169940625 0.3105460889254154 0.3590816142720063 0.5305977439192364 0.37051824835729036
0 0.6520092448391546 0.5773551253629595 0.47607640997523076 0.5681740113017987 0.4698481469516803 0.6875229228513023 0.6457809818156041 0.6967040369124632
0 0.4911323140625 0.43734747343749997 0.49065373451897587 0.36930735534531256 0.4507224453124999 0.3695882234375 0.451201024856024 0.4376283415296875