0 0.861328125 0.3200625000000001 0.6484375 0.3200625000000001 0.6484375 0.4714296875 0.861328125 0.47142968750000014
0 0.7841796875 0.5856875 0.6484375 0.5856874999999999 0.6484375 0.6979921875 0.7841796875 0.6979921875000001
0 0.23437500000000006 0.3200625 0.16796875000000006 0.3200625 0.16796875000000006 0.43920312499999997 0.23437500000000008 0.43920312499999997
0 0.4853515625 0.3200625000000001 0.40625 0.3200625000000001 0.40625 0.47045312499999997 0.4853515625 0.47045312499999997
0 0.33496093750000006 0.3200625 0.2421875 0.3200625 0.24218750000000006 0.47045312499999997 0.3349609375000001 0.47045312499999997
0 0.56640625 0.5466249999999999 0.49609375 0.5466249999999999 0.49609375 0.6979921874999999 0.56640625 0.6979921874999999
0 0.3320312500000001 0.5466249999999999 0.20703125000000008 0.5466249999999999 0.20703125000000008 0.6979921874999999 0.3320312500000001 0.6979921874999999
0 0.9402796875 0.4838343750000001 0.04060000000000006 0.483834375 0.04060000000000007 0.5372640625 0.9402796875 0.5372640625000001
0 0.2352233483911781 0.422118412170268 0.1824555726107888 0.42186736978801875 0.18222128671961083 0.4711130201177509 0.2349890625000001 0.4713640625000002
0 0.12735625000000003 0.3779578125 0.07907343750000004 0.3779578125 0.07907343750000004 0.43170624999999996 0.12735625000000003 0.43170624999999996
0 0.16051562500000005 0.4023703125 0.13190468750000003 0.4023703125 0.13190468750000003 0.4307890625 0.16051562500000005 0.4307890625
0 0.16052031250000004 0.37832499999999997 0.12607968750000004 0.37832499999999997 0.12607968750000004 0.39709531249999996 0.16052031250000004 0.39709531249999996
0 0.16087968750000003 0.3192890625 0.12607968750000004 0.3192890625 0.12607968750000004 0.3424296875 0.16087968750000003 0.3424296875
0 0.16087968750000003 0.3469890625 0.12590000000000004 0.3469890625 0.12590000000000004 0.37212968750000003 0.16087968750000003 0.37212968750000003
0 0.3997390625 0.31865468750000003 0.3383203125 0.3186546875 0.33832031250000005 0.411925 0.3997390625000001 0.411925
0 0.3991000000000001 0.4168 0.33930000000000005 0.4168 0.33930000000000005 0.47009999999999996 0.3991000000000001 0.47009999999999996
0 0.2003250000000001 0.5463453125 0.1191750000000001 0.5463453125 0.1191750000000001 0.6984953125 0.2003250000000001 0.6984953125
0 0.10903906250000009 0.547359375 0.041079687500000066 0.547359375 0.04107968750000008 0.6990000000000001 0.10903906250000009 0.6990000000000001
0 0.40622968750000005 0.5757546875 0.3367500000000001 0.5757546875 0.3367500000000001 0.6979859375 0.40622968750000005 0.6979859375
0 0.40471406249999997 0.54635 0.35146562500000006 0.54635 0.35146562500000006 0.5706890625 0.40471406249999997 0.5706890625
0 0.48484531249999996 0.5448203125 0.4102953125 0.5448203125 0.4102953125 0.6990000000000001 0.48484531249999996 0.6990000000000001
0 0.7369 0.5478656250000001 0.6461203125 0.547865625 0.6461203125 0.5798156250000001 0.7369 0.5798156250000002
0 0.6415546875 0.5473640625 0.5700453125 0.5473640625 0.5700453125 0.700015625 0.6415546875 0.700015625
0 0.9397640624999999 0.5488796875000002 0.8712953125 0.5488796875000002 0.8712953125 0.6990000000000002 0.9397640624999999 0.6990000000000002
0 0.8621453125000003 0.5481328125000002 0.7419013829842234 0.5473514226142248 0.7409123204842233 0.6995529851142248 0.8611562500000002 0.7003343750000002
0 0.939634375 0.3201046875000001 0.8664453125 0.3201046875000001 0.8664453125 0.47237500000000016 0.939634375 0.47237500000000016
0 0.6405046875 0.3196093750000001 0.4951140625 0.3196093750000001 0.4951140625 0.470890625 0.6405046875 0.470890625
0 0.12083593750000003 0.31765 0.039784375000000045 0.31765 0.039784375000000045 0.3711890625 0.12083593750000003 0.3711890625
0 0.07367968750000006 0.37806562499999996 0.041260937500000046 0.37806562499999996 0.04126093750000005 0.468934375 0.07367968750000006 0.468934375
0 0.16062031250000003 0.43553593749999997 0.07907968750000004 0.43553593749999997 0.07907968750000005 0.46942500000000004 0.16062031250000003 0.46942500000000004