0 0.4587179195334771 0.11942085188246973 0.30205572358195176 0.11129762684647834 0.29000388654098624 0.3437259108989557 0.4466660824925116 0.35184913593494704
0 0.6899630447891137 0.19411932669020074 0.5737298022685503 0.1880924173154952 0.5659779115416876 0.3375931545639891 0.6822111540622511 0.34362006393869465
0 0.38925077494000665 0.8402084085313308 0.387720108182868 0.7713284151567504 0.26266061493525383 0.7741075154382753 0.2641912816923925 0.8429875088128556
0 0.4390621635799786 0.5918218119688966 0.4372388689967714 0.5097735856505825 0.27520468707928947 0.5133743465620784 0.27702798166249665 0.5954225728803925
0 0.4312003277840158 0.7622546593639286 0.4290618967922608 0.6660252568836523 0.26605116632019804 0.6696477172652548 0.2681895973119531 0.765877119745531
0 0.6796303761775626 0.49323925467594654 0.6780096705896232 0.42030749656844896 0.5156369526620644 0.42391577886004306 0.5172576582500039 0.49684753696754064
0 0.6683397808107582 0.7934687797991733 0.665458527292785 0.6638123211385739 0.4988791332461823 0.6675140840131485 0.5017603867641556 0.7971705426737479
0 0.5313861000000003 0.035573450000000076 0.47608737661343126 0.0327061087168368 0.4274071421874999 0.971539178125 0.4827058655740689 0.9744065194081634
0 0.42492311250000014 0.7698644296875001 0.37405083467251465 0.7665496937282703 0.3703460883340463 0.8234075814541777 0.42121836616153185 0.8267223174134075
0 0.3779456051175106 0.9327386690275905 0.37734375781249996 0.8828089109375 0.3189057761324895 0.8835133153474095 0.31950762343750005 0.9334430734374999
0 0.3787552312500001 0.8481762265624999 0.3493423577916817 0.8466511149146138 0.34768792656250014 0.878558009375 0.3771008000208186 0.8800831210228861
0 0.34374899062500014 0.848949278125 0.3243220696832222 0.8479419561287276 0.32239197968750005 0.8851651140624999 0.34181890062927806 0.8861724360587722
0 0.2869728953125001 0.8498380234375 0.2630227829770582 0.8485961661441885 0.26105594062500004 0.8865281374999998 0.28500605296044196 0.8877699947933113
0 0.3178300375000001 0.8491523093750002 0.29180996291268235 0.8478031210846974 0.2898254812500001 0.8860752890624999 0.3158455558373179 0.8874244773528028
0 0.37345936660402135 0.6637746308039406 0.37204366250000004 0.6000679296875 0.2704149833959787 0.6023263441960595 0.2718306875 0.6660330453125001
0 0.4324507937500002 0.5993887437500001 0.37728629500054234 0.5965283612954344 0.3738526203125 0.6627492062500001 0.4290171190619578 0.6656095887045658
0 0.6609067164472557 0.8848080010439613 0.6590362062499999 0.8006350296875 0.4947160569902441 0.8042865880185388 0.49658656718749994 0.8884595593750001
0 0.6562092632423911 0.9659568831595131 0.6546427968749999 0.8954659078124998 0.4918665180076089 0.8990831590279867 0.49343298437500005 0.9695741343750001
0 0.6712010047707695 0.658787760926882 0.6695994953125 0.586719840625 0.5372614655417305 0.5896606859481182 0.538862975 0.66172860625
0 0.5372613515625001 0.5912335500000001 0.5120708792206562 0.5899273771545199 0.5091054109375002 0.6471185421875001 0.5342958832793441 0.6484247150329803
0 0.6766066320425248 0.5823449672913747 0.6748882515625 0.5050178562500001 0.5089670210824752 0.5087049952086251 0.5106854015625 0.5860321062499999
0 0.5646390343750001 0.24589458906250003 0.5315713834131259 0.24417996984374088 0.5265537390624999 0.34094880937500005 0.559621390024374 0.3426634285937592
0 0.6860339956041811 0.4163526914289705 0.6843857015625 0.3421794734375 0.5202860262708189 0.3458261335710294 0.5219343203125 0.41999935156249996
0 0.7009738665620373 0.10339432341667698 0.699395659375 0.032375 0.5381597443754628 0.03595802033332303 0.5397379515625 0.10697734375000001
0 0.6965472593750001 0.1140146468750001 0.5336947816110091 0.11145311738674946 0.5316501921875 0.24144047656250006 0.6945026699514909 0.2440020060507507
0 0.4656211386300046 0.11365753897412252 0.463934128125 0.0377420625 0.3001013504324954 0.041382790713377485 0.3017883609375 0.1172982671875
0 0.44962844770722904 0.4993670925606999 0.4462771890625 0.34856042656249997 0.27791811323027094 0.35230173868930004 0.281269371875 0.5031084046874998
0 0.3146955265625001 0.890777921875 0.2592836025825321 0.8879047110552769 0.2547041125000001 0.9762234499999998 0.3101160364799681 0.979096660819723
0 0.4144559486233602 0.9711410840273162 0.41370869531250004 0.9375146828125 0.3168058841891398 0.9396680784726839 0.31755313749999997 0.9732944796874999
0 0.4189021046875002 0.8471754328124999 0.38382756158238956 0.845356752775683 0.379299928125 0.9326753968749998 0.4143744712301106 0.9344940769118166