0 0.878743508235452 0.4369100536113022 0.8686120256917571 0.2730258372029547 0.6110297317723272 0.28894982653885937 0.6211612143160221 0.45283404294720686
0 0.7647199455387863 0.6901910310744782 0.7572041064539066 0.568600566987536 0.5908358133567018 0.5788842461323958 0.5983516524415815 0.7004747102193379
0 0.18313303069317532 0.31572661073716357 0.1115226872759342 0.309177731917984 0.09864909220852987 0.44994725739636443 0.170259435625771 0.456496136215544
0 0.45757279212400437 0.29892100535483057 0.37227146499270897 0.2911229906866018 0.35610215347507007 0.4679966937938083 0.4414034806063656 0.4757947084620371
0 0.29313163156378524 0.30892624630899856 0.19308711806577988 0.29977591960900163 0.1766869355684247 0.47908626917575015 0.2767314490664301 0.4882365958757471
0 0.5235916810176746 0.5409117768242964 0.44776094954901247 0.5339722112635035 0.4316100169483007 0.7104583359760566 0.5074407484169629 0.7173979015368495
0 0.2661950055086811 0.5568002630883193 0.13101353138851907 0.5457071001101449 0.115936034012516 0.7294417414690703 0.251117508132678 0.7405349044472447
0 0.9423193086481441 0.5045309160771849 0.93874326875 0.44668361875 -0.003576039898143818 0.5049364948603152 0 0.5627837921875001
0 0.17584699725378827 0.4803854497815882 0.173250221875 0.42692753124999994 0.10848140587121173 0.4300737455309117 0.11107818124999999 0.4835316640625
0 0.06017639433900781 0.44368713458384146 0.05593407672530817 0.38564992722660746 -0.002069583238699646 0.3898897926427659 0.0021727343750000015 0.44792699999999996
0 0.09606562918258253 0.4411272647546992 0.09416445468750001 0.4103569203125 0.058135356754917475 0.4125830118078008 0.06003653125000001 0.4433533562500001
0 0.09783203079637137 0.4043956149206614 0.09657559209125684 0.38407512188095083 0.05577939723238547 0.3865975960227894 0.057035835937500015 0.4069180890624999
0 0.10441885728451902 0.3445787500742525 0.102870875 0.31952468750000007 0.060952966152981 0.3221146139882476 0.06250094843750001 0.34716867656250006
0 0.10178270465272599 0.3770202069942449 0.1001009359375 0.3498007578125 0.05765339847227402 0.35242340238075515 0.0593351671875 0.3796428515625
0 0.36414170156250003 0.3026841859375 0.29790855000523686 0.2966265411956788 0.2876510254420207 0.40878039107522596 0.35388417699928393 0.41483803581704715
0 0.3571984547485284 0.46770663784543637 0.3536310203125 0.4099980671875 0.27933940462647155 0.41459063402956364 0.28290683906249997 0.47229920468750003
0 0.12330862031250012 0.565029390625 0.035798123814166916 0.5570255747954582 0.019354464849044118 0.7368139146240559 0.10686496134737733 0.7448177304535977
0 0.023380925000000097 0.572309365625 0.00032503666800858254 0.5702007193258771 -0.014947782080821304 0.7371933551862606 0.00810810625117021 0.7393020014853835
0 0.3455375421875001 0.5832542671875001 0.2706116700778505 0.5764021354012602 0.25733762968750007 0.7215495265625002 0.3322635017971497 0.72840165834874
0 0.3484488577856911 0.577570839149331 0.3468203765625001 0.5512175578125 0.284528198464309 0.555066856163169 0.2861566796875 0.5814201375
0 0.4345999250000001 0.5441288203125 0.3542081404944226 0.5367766257599011 0.3376632238877112 0.7176852457636168 0.4180550083932887 0.7250374403162156
0 0.7120715536733838 0.5650071086440721 0.7099331937499999 0.5304154343749998 0.605327636951616 0.5368818554184277 0.6074659968749999 0.5714735296875
0 0.6057194406250002 0.536316003125 0.5286050667127985 0.5292626915012304 0.5122570732429421 0.707996504551584 0.5893714471551437 0.7150498161753538
0 0.9316784218749999 0.5178114906250001 0.8578428215347713 0.5110586306036436 0.8417953193360272 0.6865216129634362 0.9156309196762559 0.6932744729847926
0 0.8548040353156268 0.6875017622618225 0.8468697374999999 0.5222441031249999 0.7119696620215468 0.5287208823543995 0.7199039598371735 0.6939785414912222
0 0.9544046265624999 0.26776905625000014 0.8754786074061129 0.26055147072929447 0.8591465046875001 0.43914690937500006 0.9380725238438871 0.44636449489570573
0 0.6273379468750001 0.2874504734375 0.47055461113027447 0.27311132476909183 0.4532216254308044 0.46262908340463404 0.61000496117553 0.4769682320730423
0 0.0628252421084191 0.37840729274646706 0.059242193750000005 0.3204398171874999 -0.0035830483584190914 0.3243231306910329 2.7755575615628915e-18 0.38229060625
0 0.09323283888532605 0.48328931512339385 0.09096454033425112 0.44659830127264993 -0.002268298551074932 0.45236210802425597 0 0.4890531218749999