0 0.3740727816627173 0.3052848685999227 0.14041632003672355 0.29254498832472253 0.13162745361304803 0.45373766721175013 0.36528391523904175 0.46647754748695036
0 0.3689040286262258 0.5887075570488438 0.21934772226094962 0.5805544623781633 0.2128280596286359 0.7001479052880042 0.36238436599391205 0.7083009999586847
0 0.8796084520116916 0.32993629327453733 0.8087749390162727 0.3290742741626324 0.8071925293601865 0.45910345030325883 0.8780260423556052 0.45996546941516386
0 0.625579717319521 0.3155576277186013 0.5412049002005672 0.3145299868305868 0.539208511796949 0.4784441599802681 0.6235833289159027 0.47947180086828267
0 0.8004972624985782 0.32443253675254 0.7015376244263452 0.3232271386421818 0.6995329962267729 0.48780121536784266 0.7984926342990061 0.48900661347820085
0 0.5268494807898814 0.5525092043602454 0.4518481015436294 0.5515965025338231 0.44984553795060583 0.7161573998137538 0.5248469171968578 0.7170701016401761
0 0.838162303563594 0.5703111615287282 0.702814299088938 0.5652251242493757 0.6966701509480606 0.7287312380249115 0.8320181554227165 0.733817275304264
0 0.9872946436289121 0.5136380975320219 0.05407291406250005 0.4627594453124999 0.0509709127197869 0.5196566886921775 0.9841926422861988 0.5705353409116996
0 0.8650046710627471 0.44077352541477544 0.8071692968750002 0.4378974078125001 0.8045602064184998 0.4903631771962017 0.8623955806062467 0.493239294798477
0 0.9760143656852902 0.39993992229864517 0.9232182871756457 0.39706134986316394 0.9200976121153557 0.45429784787701893 0.9728936906250002 0.4571764203125001
0 0.9182325322997412 0.42286219680350534 0.8864507890625 0.42113049375000006 0.8848017364777488 0.451395362618353 0.9165834797149902 0.4531270656718583
0 0.9243201274211772 0.39751376768146285 0.8867557406250001 0.3954653093750001 0.8856658225788229 0.4154520979435373 0.923230209375 0.4175005562500001
0 0.9252832497955905 0.3345120871551452 0.8871384328125 0.3324320375000001 0.8857946751859188 0.357074424574166 0.9239394921690094 0.359154474229311
0 0.9252056332869503 0.36409323821654116 0.8867796421875 0.36199783906250016 0.8853197337338186 0.38877003143405425 0.9237457248332687 0.3908654305880953
0 0.6980100907730716 0.31866889003577176 0.6324952343750001 0.3178718515625001 0.6312503670394285 0.4201972818392285 0.6967652234375 0.4209943203125001
0 0.6980614225056728 0.4262717842186112 0.6319030609375 0.42266314843749997 0.6288070273285553 0.4794237979882038 0.6949653888967281 0.483032433769315
0 0.9286989535867292 0.5735424354182951 0.8421374437500001 0.5724886421875001 0.8401158370382709 0.738549045831705 0.9266773468749999 0.7396028390625
0 0.9839064394705325 0.580194722174415 0.9394450234375002 0.5788773468750001 0.9346211589669678 0.7416827715755852 0.9790825750000002 0.7430001468750002
0 0.6963497023212075 0.5928123062137038 0.6222365432363648 0.591911090677265 0.6206119518526574 0.7255124266510613 0.6947251109375001 0.7264136421875002
0 0.6821012789109615 0.5637691208900388 0.6242350359375 0.5606140125 0.6228217521879055 0.5865343330514826 0.680687995161367 0.5896894414415216
0 0.6183474360822132 0.5552918121978082 0.5388275796875 0.5543240124999999 0.5367837967302868 0.7222526940521916 0.616303653125 0.72322049375
0 0.36829099536525867 0.5482783513316679 0.2700687781250001 0.5429217281249998 0.2682132809761584 0.5769452233402961 0.36643549821641697 0.5823018465469642
0 0.44800013408078687 0.5488596516852009 0.37172193906250006 0.5479313578125 0.3696997924817132 0.7140917686272992 0.44597798750000006 0.7150200625
0 0.12681174885946117 0.5331032458042224 0.05377691406250007 0.5322146296875001 0.051789757390538996 0.6955378651332776 0.12482459218750008 0.69642648125
0 0.2647384203125001 0.54256746875 0.1365393218750001 0.5359306171875 0.1281462709869317 0.6980529046694153 0.2563453694244317 0.7046897562319153
0 0.1349554326212523 0.28898689440696884 0.05688558852531632 0.28803701686655897 0.05486793246656409 0.45386691308459015 0.13293777656250008 0.4548167906250001
0 0.5308825609954765 0.3067826480023583 0.3757995687500001 0.3048958015625 0.37375514369202373 0.4729304379351418 0.5288381359375002 0.4748172843750001
0 0.9925478594303474 0.33642724478724695 0.9298531609375003 0.33300962968750014 0.9267451358821528 0.39002503021275337 0.9894398343749999 0.39344264531250017
0 0.9892299200127492 0.4005272124207323 0.9793427531250002 0.40023425937500007 0.9764643502997508 0.4973803703917678 0.9863515171874999 0.49767332343750004
0 0.974365923763101 0.4613454526500684 0.8859076906250001 0.4565225312500001 0.8839400762368991 0.49261096766243184 0.972398309375 0.4974338890625002