0 0.858347138073386 0.4563042766371481 0.8557063782178057 0.30502744065606835 0.637635523833428 0.3088341884254517 0.6402762836890082 0.4601110244065314
0 0.7757777332610569 0.6842388394263706 0.7738194105947055 0.5720023077621491 0.6343305780887181 0.5744361333477134 0.6362889007550695 0.6866726650119349
0 0.22878613071410553 0.3160403050554916 0.16241991463059297 0.3148823193735965 0.1603024832178266 0.4362360743282302 0.22666869930133915 0.43739406001012526
0 0.47975842661635715 0.31169307958954257 0.4007043540229775 0.310316435646335 0.39803981171650477 0.4633283469421702 0.4770938843098844 0.4647049908853778
0 0.3293735299332459 0.3142841021205913 0.2366552205351486 0.3126652905565056 0.2339747488627355 0.4661907578619008 0.32669305826083284 0.46780956942598656
0 0.5558796453477335 0.5367813617976281 0.48542775843854524 0.5360902942190141 0.48392511525558357 0.6892794335549972 0.5543770021647718 0.6899705011336112
0 0.3214933947557831 0.540895191425034 0.19643624900403445 0.5398926801492874 0.19519899604611124 0.694232414009692 0.32025614179785983 0.6952349252854386
0 0.9327663743885468 0.5208206036619656 0.9318343749999999 0.4674234374999999 0.030289875611453087 0.4831590838380344 0.031221874999999993 0.5365562500000001
0 0.22747448549796281 0.4672595477158513 0.22727031249999996 0.41802031250000005 0.17380363950203717 0.4182420147841488 0.17400781249999997 0.46748125000000007
0 0.12112745018402957 0.4289587560790686 0.11964689231378704 0.3752826828170096 0.07005850462975746 0.376650489237941 0.0715390625 0.4303265625
0 0.15398544107649856 0.4279718132500463 0.153490625 0.3995687499999999 0.12388955892350144 0.40008443674995375 0.12438437500000002 0.42848750000000013
0 0.15424481471341092 0.3942807337026058 0.15391718750000002 0.37552343749999995 0.11882081028658911 0.3761364537973942 0.1191484375 0.39489375
0 0.15571069970495405 0.33960780625962994 0.1553078125 0.31648125 0.11970023779504597 0.3171015687403701 0.12010312500000002 0.340228125
0 0.15526114183240436 0.3693066009988102 0.15482343750000002 0.34418125 0.11896698316759566 0.34480589900118985 0.1194046875 0.36993125
0 0.3941781250000001 0.31167812500000014 0.3327952281371968 0.3106066082384401 0.33112966023287843 0.4060203120240177 0.39251255709568167 0.4070918287855777
0 0.39275473544749356 0.4631019214549702 0.39182500000000003 0.40983281250000003 0.3301640145525065 0.41090901604502983 0.33109375 0.464178125
0 0.1907890625000001 0.5428484375000001 0.10968693285849873 0.5414325483651974 0.10698125047608195 0.6964140352300294 0.18808338011758335 0.6978299243648322
0 0.0994859375000001 0.54545625 0.03156795580362702 0.5442707470531307 0.02887968750000004 0.6982828124999999 0.09679766919637312 0.6994683154468693
0 0.3961796875 0.5686640625 0.3267407363060967 0.5674524225708227 0.3245656250000001 0.6921078125 0.3940045761939034 0.6933194524291773
0 0.3956021143690257 0.5636117922077407 0.395178125 0.5392859375000001 0.34108069813097425 0.5402288327922594 0.34150468749999996 0.5645546875
0 0.475334375 0.5363578125 0.40082975232630125 0.5350576021077578 0.3980937227404807 0.6918374995242831 0.47259834541417955 0.6931377099165252
0 0.7278932110622679 0.5669321285431645 0.7273359375 0.5350015625 0.635441163937732 0.5366053714568355 0.6359984375 0.5685359375
0 0.6320015625 0.5361671875 0.5605341917772546 0.5349191877614975 0.5578249459226114 0.6900655967704997 0.6292923166453568 0.6913135965090024
0 0.9301843750000002 0.5324765625000001 0.8617557750564739 0.531282145974486 0.8590937227349762 0.6837921870240908 0.9275223226785027 0.684986603549605
0 0.8531214430724388 0.6852881297927059 0.8525765625 0.5330859375 0.7323327089878636 0.5335164079074691 0.7328775895603025 0.685718600200175
0 0.9340468750000002 0.30370312500000013 0.8609007773850637 0.3024271420549355 0.8582000000000001 0.45725000000000016 0.9313460976149365 0.4585259829450649
0 0.6349265625000002 0.30842968750000005 0.48962450167643573 0.30589340347732036 0.48689528523447684 0.4622484370240735 0.6321973460580412 0.46478472104675317
0 0.11622416857670223 0.3690486608129258 0.11529062500000001 0.315540625 0.03237270642329779 0.31698727668707427 0.03330625 0.3704953125
0 0.06707968750000007 0.376778125 0.03468067740411944 0.3762126826662313 0.033075000000000035 0.468215625 0.06547401009588066 0.4687810673337687
0 0.1536084324035479 0.4665996531741472 0.15301718702397135 0.43273122273155434 0.07029469212042344 0.4341753195574071 0.07088593749999998 0.46804375