0 0.8798827370715505 0.30020794918196014 0.6535538339511457 0.2968549285592892 0.6511698055269427 0.4577768550781663 0.8774987086473475 0.4611298757008372
0 0.7936808795281183 0.5813848894936241 0.6493702466117905 0.5792469550835392 0.6476014519691142 0.6986406432993907 0.791912084885442 0.7007785777094756
0 0.21335449802168002 0.2903334568260766 0.1427564917739284 0.28928755979930676 0.14088002944918415 0.4159486894662551 0.21147803569693574 0.41699458649302484
0 0.4801734364496041 0.2942863296599586 0.39607875117189345 0.29304048169763275 0.39371010196530204 0.4529242039374976 0.47780478724301273 0.4541700518998235
0 0.32028971321546845 0.29191768196349 0.22166014519908978 0.29045650332664824 0.21929149770508333 0.4503402254305284 0.317921065721462 0.45180140406737007
0 0.5627761767240101 0.5364267256747413 0.4880253473416091 0.5353193063589753 0.48564131962155094 0.6962412325055468 0.560392149003952 0.6973486518213128
0 0.31360674357342055 0.5327353266426833 0.1807163773014035 0.5307665805326705 0.1783323488192517 0.6916885077353563 0.31122271509126875 0.6936572538453692
0 0.961238550273837 0.47556106719155683 0.004768450000000056 0.46139114062499986 0.003926934101162985 0.5181934671834432 0.9603970343749999 0.5323633937500001
0 0.21264901840328676 0.39884479798910244 0.15655433968648289 0.3977468185789826 0.15552964784569623 0.45009730808988024 0.21162432656250005 0.45119528750000004
0 0.09866856234584832 0.35019774856738894 0.047337996740937936 0.3494372961133124 0.04649146093750005 0.4065784906250001 0.09782202654241043 0.40733894307907653
0 0.13353655745001958 0.3766734953302781 0.10311961406250003 0.37622287343750005 0.10267201911248051 0.40643549841972193 0.13308896250000007 0.40688612031250004
0 0.13392025384862724 0.35111044688572046 0.09730563437500006 0.3505680078125001 0.09701000240137285 0.3705231562392796 0.13362462187500004 0.37106559531250005
0 0.1352321289139052 0.2883536484491875 0.09823545000000003 0.2878055484375 0.09787098514859487 0.3124068781133126 0.13486766406250003 0.31295497812500006
0 0.13479585362725696 0.3178021531324409 0.09760814531250005 0.31725122343750006 0.09721218074774315 0.3439787984300592 0.13439988906250006 0.34452972812500005
0 0.38917899531250005 0.29144125625 0.3238833140820848 0.29047391274052703 0.32241430937500004 0.38963172187500006 0.3877099906054152 0.390599065384473
0 0.3869538079893432 0.39577172500261987 0.3233790578125 0.39482987656249996 0.32253958419815676 0.4514943281223801 0.386114334375 0.45243617656249996
0 0.17359121407647737 0.5303636146815341 0.08731878906250008 0.5290855046875002 0.08492243123602278 0.6908396587559661 0.17119485625000008 0.6921177687500001
0 0.07652707031393521 0.5300039374031319 0.004277900000000065 0.5289335796875001 0.0018895656235649524 0.6901462047843683 0.07413873593750009 0.6912165625000001
0 0.3920300109480386 0.5648723883511485 0.31816456249999997 0.5637780859375 0.31623942498946145 0.6937249303988514 0.39010487343750005 0.6948192328124999
0 0.39088183934783916 0.5335877187542274 0.3342722046875001 0.5327490578125001 0.33388886533966106 0.5586244734332728 0.3904985000000001 0.5594631343750001
0 0.47609530001328704 0.5332235381656392 0.39683948593750007 0.5320493781250002 0.39441116092421324 0.6959613399593612 0.47366697500000016 0.6971355000000001
0 0.7440124518729305 0.540430934379599 0.647502484375 0.5390011578125 0.6469992731270694 0.572967934370401 0.743509240625 0.5743977109375
0 0.6426565640625002 0.5383960250000002 0.5666333093796964 0.53726975437049 0.5642290515624999 0.6995571296875001 0.6402523062453037 0.7006834003170103
0 0.9596659171933531 0.5447041089799295 0.88687521875 0.5436257281250001 0.8845108281191469 0.7032220753950706 0.9573015265625001 0.7043004562500002
0 0.87715940625 0.5426875968750001 0.749327365625 0.5404448750000002 0.7464886283226811 0.7022489694794926 0.8743206689476812 0.7044916913544925
0 0.9631312422008061 0.30148611941432774 0.885322271875 0.30033339375000007 0.8829240187366937 0.46221545558567245 0.9607329890624998 0.46336818125
0 0.6451274156250001 0.29624825781250014 0.49055930938908404 0.29395835998683195 0.488176634375 0.4547889265625001 0.642744740610916 0.4570788243881682
0 0.09268651498206416 0.2859804343886232 0.006518739062500034 0.284703875 0.005675500642935904 0.3416224796738768 0.09184327656250003 0.3428990390625001
0 0.04160207968750008 0.3494669609375 0.007136962506797903 0.3489563667286444 0.0057057828125000295 0.44556101875 0.040170899993202204 0.44607161295885567
0 0.1331254955071163 0.4119342812528831 0.046437787500000056 0.4106500187499999 0.045904035742883806 0.44667825780961684 0.13259174375000007 0.44796252031250006