0 0.1902992845852881 0.6001030439706863 0.18729064167726223 0.4998071485841624 0.02357729459197411 0.5047181671134762 0.0265859375 0.6050140625
0 0.4896393658892683 0.2627203878484334 0.43420881134716804 0.26253457184109485 0.43407031488793146 0.3038492876589785 0.48950086943003174 0.30403510366631703
0 0.5298718750000002 0.32338125000000006 0.4380403636279085 0.3217778129653041 0.435171875 0.4860609375000002 0.5270033863720917 0.4876643745346961
0 0.41690000000000005 0.32589062500000004 0.3655719388181836 0.3249943046158557 0.3634734379763262 0.4451655977230364 0.4148014991581427 0.44606191810718065
0 0.5963046875000001 0.32545625000000006 0.5493145501970982 0.3246364701887909 0.5474281249999999 0.4327671875000001 0.594418262302902 0.4335869673112092
0 0.6552109374999999 0.32496562500000004 0.6044309384070587 0.32407972604449076 0.6025609375000001 0.43126875 0.6533409365929412 0.4321546489555093
0 0.3861609375 0.4963187500000001 0.33562456525713824 0.49543647547918257 0.3344829991852852 0.5608249759807399 0.385019371428147 0.5617072505015575
0 0.2457890625000001 0.33301718750000003 0.19069134906424753 0.3320559079272154 0.18864218750000006 0.4495078125 0.2437399009357526 0.4504690920727846
0 0.35607187500000004 0.330121875 0.25401833905104654 0.328341680808734 0.251915625 0.4488843750000001 0.3539691609489535 0.45066456919126613
0 0.32781336076605666 0.5205942706199422 0.32742499999999997 0.49834375 0.2653272642339433 0.49942760438005784 0.265715625 0.5216781250000001
0 0.29605000000000004 0.5235999999999998 0.2654831729095204 0.5231943347040556 0.2648296875000001 0.572434375 0.2953965145904797 0.5728400402959443
0 0.3283078125000001 0.5234156249999999 0.2975272225708504 0.523169101287878 0.2971734375 0.5673421875 0.32795402742914975 0.5675887112121221
0 0.5310168789153205 0.49811448475233105 0.39242594862246905 0.49519689862501737 0.3910828125 0.5589984375 0.5296737427928513 0.5619160236273137
0 0.07831875000000009 0.3380734375 0.032874577882433025 0.3372801678352376 0.030850000000000006 0.4532625 0.07629417211756707 0.45405576966476247
0 0.1340281250000001 0.337478125 0.08526563715770588 0.3366268592761788 0.08325468750000004 0.45181875 0.13201717534229424 0.45267001572382115
0 0.18364687500000004 0.333575 0.1409181927694651 0.3328296027736596 0.13885309775064963 0.45120781202463806 0.18158177998118458 0.4519532092509785
0 0.18549904140803108 0.4938890211186771 0.18487187499999996 0.4579671875 0.028522833591968888 0.46069691638132293 0.029149999999999992 0.49661875
0 0.41761528695463374 0.49059254150990234 0.4169093749999999 0.45014531249999995 0.19185658804536615 0.4540730834900975 0.19256249999999994 0.4945203124999999
0 0.2577750000000001 0.49990312500000006 0.19663506465761682 0.4988359675087464 0.19518164653775066 0.5821056728731104 0.256321581880134 0.5831728303643641
0 0.7748562500000002 0.4766515625000001 0.72748823134065 0.47582533655119236 0.7259421875000001 0.5644609375000001 0.7733102061593503 0.5652871634488079
0 0.6833982801197649 0.5631465644743868 0.6828531250000001 0.5319578125 0.6452907823802352 0.5326143730256132 0.6458359375 0.5638031250000001
0 0.7199208751771939 0.5628957525256537 0.7193515624999999 0.5302921874999998 0.6851947498228058 0.5308886224743461 0.6857640624999999 0.5634921875
0 0.7199135550862268 0.5264459033114842 0.7190624999999999 0.4776437499999999 0.6456255074137731 0.47892440918851575 0.6464765625 0.5277265625
0 0.831720997113821 0.4705288957161655 0.8310265357123872 0.43074065273932255 0.546750851098566 0.43570238202315714 0.5474453125000001 0.4754906250000001
0 0.7590453125000001 0.3212578125000001 0.6639719792883848 0.31959910056845237 0.6620640625 0.42895625 0.7571373957116153 0.4306149619315477
0 0.8311437500000002 0.3187359375000002 0.7674841343195641 0.31762409474770636 0.7656077856950647 0.42505622224210127 0.8292674013755008 0.426168064994395
0 0.9470284216676259 0.46747994073894955 0.9458937499999998 0.314334375 0.8373200158323739 0.3151388092610504 0.8384546875 0.468284375
0 0.9131905346157312 0.5644246394571061 0.9127578125 0.47516093749999994 0.779571153750647 0.4758065841794184 0.7800038758663783 0.5650702861365245
0 0.6393656250000002 0.4794390625000001 0.5381237017979267 0.47909865180443517 0.5378424517979267 0.562745526804435 0.6390843750000001 0.5630859375