0 0.48810902812499996 0.175748365625 0.4852441199980446 0.007657732413100911 0.38022194375 0.0094477125 0.38308685187695535 0.17753834571189908
0 0.7390569098295203 0.42977942054135826 0.6958357954147008 0.4295902051736177 0.6955817097975874 0.48762916712236837 0.738802824212407 0.48781838249010895
0 0.6755672828125 0.434684640625 0.505293415625 0.434684640625 0.505293415625 0.530774509375 0.6755672828125 0.530774509375
0 0.6727559796875 0.3589362750000001 0.5479398328125 0.3589362750000001 0.5479398328125 0.412645425 0.6727559796875 0.412645425
0 0.6735071890625 0.5511372546875 0.561208315625 0.5511372546875 0.561208315625 0.6003088234375 0.6735071890625 0.6003088234375
0 0.674118784375 0.6087826796875 0.562868978125 0.6087826796875 0.562868978125 0.6619183 0.674118784375 0.6619183
0 0.494483646875 0.3307205875000001 0.42694324687499996 0.3307205875000001 0.42694324687499996 0.3836013078125001 0.494483646875 0.3836013078125001
0 0.6650193046874999 0.17612745156250006 0.5431053015625 0.17612745156250004 0.5431053015625 0.23378267968750008 0.6650193046874999 0.23378267968750008
0 0.6682312875 0.2423071890625001 0.543863496875 0.2423071890625001 0.543863496875 0.3490915031250001 0.6682312875 0.3490915031250001
0 0.4922690031250001 0.3221977125 0.49103881581860775 0.257628469576167 0.46776295059304174 0.25807192643967036 0.46899313789943403 0.3226411693635034
0 0.465805446875 0.2898382359375001 0.46567136113951835 0.25785813209265224 0.4146877875000001 0.25807189531249997 0.41482187323548175 0.2900519991573478
0 0.4660521046875 0.32357843125 0.4657476733570382 0.2913801686768418 0.42006516562499996 0.29181209218750004 0.4203695969554618 0.32401035476065826
0 0.495290104271669 0.3901741756549294 0.42819438709182134 0.38989226304784497 0.4275849906250002 0.5349297390625001 0.49468070780484785 0.5352116516695845
0 0.6594543328125 0.011135620312500073 0.5389174531250001 0.011135620312500066 0.5389174531250001 0.05868790781250007 0.6594543328125 0.058687907812500086
0 0.6601686156250001 0.06592973906250008 0.5405145124999999 0.06592973906250008 0.5405145124999999 0.11695424843750006 0.6601686156250001 0.11695424843750009
0 0.6643336109375 0.12407679687500006 0.541245884375 0.12407679687500003 0.541245884375 0.16878758125000007 0.6643336109375 0.1687875812500001
0 0.534253715625 0.17233986875 0.5311514296097243 0.009434773864856662 0.49357682187500007 0.0101503265625 0.49667910789027586 0.17305542144764335
0 0.5428202359374998 0.414923203125 0.5383502758120252 0.18024480188850853 0.49604209531250004 0.181050653125 0.5005120554379747 0.4157290543614914
0 0.4905236265625 0.18539052343750004 0.404454975 0.18539052343750004 0.404454975 0.24936601250000007 0.4905236265625 0.24936601250000007
0 0.5156971062500002 0.7402810453125 0.42379238750000015 0.7402810453125 0.42379238750000015 0.789844771875 0.5156971062500002 0.789844771875
0 0.4577090046875 0.6946127453125001 0.4569701974241573 0.6558520237163602 0.42434479590550345 0.6564738873612789 0.42508360316884614 0.6952346089574186
0 0.45950958593750013 0.73276470625 0.4588394675977822 0.697584086394811 0.42473582715527547 0.698233690495186 0.42540594549499333 0.7334143103503751
0 0.5145655781250001 0.7315000000000002 0.5131171622060634 0.6555091165977768 0.46207034806153313 0.6564820888137541 0.4635187639804698 0.7324729722159775
0 0.5637993578124999 0.847766340625 0.558150131060742 0.5511452960628951 0.5165328734374999 0.5519379078125001 0.5221821001892578 0.848558952374605
0 0.6781679625000001 0.67098529375 0.56538529375 0.67098529375 0.5653852937500001 0.7704689546875 0.6781679625000001 0.7704689546875
0 0.6809256359375002 0.7792303921875 0.5696364562500003 0.7792303921875 0.5696364562500003 0.8458431375 0.6809256359375002 0.8458431375
0 0.6868338493268397 0.8547004942690766 0.5245831688755465 0.853070580383364 0.5234671117362069 0.9641691064267874 0.6857177921875002 0.9657990203125
0 0.517484421875 0.9340735296875 0.5170360230809704 0.7963600034956388 0.4236282548003856 0.7966641415989044 0.4240766535944151 0.9343776677907656
0 0.5125561125000001 0.6481633984374999 0.5110646870161077 0.5422733826043717 0.4235917870161076 0.5435054091668718 0.4250832125 0.649395425