0 0.59949021875 0.9805401421875001 0.593382553626785 0.8156331957960917 0.4854401473767849 0.8196310629835917 0.4915478124999999 0.984538009375
0 0.8277394891785679 0.5432906969690322 0.8224945606901709 0.48222988907640374 0.7778477367813477 0.48606490873496455 0.7830926652697447 0.5471257166275929
0 0.7596081609375 0.5411748265625002 0.7559115153122178 0.4413654071757841 0.5786588828125001 0.4479303203125 0.5823555284377823 0.5477397396992161
0 0.7639317640625 0.6198031375 0.761865534742892 0.5640149560532104 0.6320439421874999 0.5688231640624999 0.6341101715071079 0.6246113455092895
0 0.748557 0.4204578156250001 0.746665334503132 0.3693828589541476 0.6298568109375 0.3737091015625 0.631748476434368 0.4247840582333525
0 0.74424130625 0.36065869375 0.7421971408847108 0.30546624019967666 0.6264500937500002 0.30975316875 0.6284942591152893 0.3649456223003233
0 0.5814150031249999 0.6559111109375001 0.5793806446500996 0.6009834283845154 0.5089738859375 0.6035910859375001 0.5110082444124003 0.6585187684904849
0 0.7712797859375 0.8096766484375 0.7690617486570486 0.7497896381319415 0.6422260515625 0.75448725625 0.6444440888429515 0.8143742665555586
0 0.7680473312499999 0.7409605781249999 0.7639392638451867 0.6300427418058174 0.6342373499443493 0.6348465156849314 0.6383454173491625 0.7457643520041138
0 0.5850343375 0.73134143125 0.5808436511352096 0.664185533519839 0.5567291890624999 0.6656903328125 0.5609198754272903 0.7328462305426611
0 0.5579804140625 0.7317281859374999 0.5563615091292319 0.6985769639765126 0.504208652879232 0.7011237936640126 0.5058275578125 0.734275015625
0 0.5557830499999998 0.6965112999999999 0.5539707053423437 0.6631850981720648 0.5067413897173438 0.6657535216095649 0.508553734375 0.6990797234375
0 0.5795867513549037 0.5939035418230236 0.557988478283249 0.43805913414328834 0.48877510606374885 0.4476513250705295 0.5103733791354035 0.6034957327502648
0 0.7792092421875001 0.9738838828124999 0.7776429437019028 0.9315938274288437 0.65248135625 0.9362294421875001 0.6540476547355973 0.9785194975711564
0 0.7756944124999999 0.9241335218749999 0.7737314633908212 0.8711338999632205 0.6492823609289381 0.8757431263313308 0.6512453100381167 0.9287427482431101
0 0.7752232265624998 0.8636702453124998 0.77350317107706 0.8172287483502402 0.6455352796874999 0.8219682999999998 0.6472553351729398 0.8684097969622595
0 0.6470956218749999 0.9787769796874999 0.6370364226761362 0.8176004480261196 0.5981080984374999 0.82003000625 0.6081672976363637 0.9812065379113802
0 0.64062693125 0.8093948531250001 0.6254115508027147 0.5655875691643572 0.5815790953125 0.5683230390625 0.5967944757597853 0.8121303230231429
0 0.5877578781250001 0.8068389203124999 0.5854742265924336 0.7403810841170744 0.4990537609674336 0.7433506997420746 0.5013374125000001 0.8098085359375
0 0.568867984375 0.2303780921875 0.5669612334485755 0.1788958009754251 0.4713054609375 0.18243860624999997 0.4732122118639245 0.23392089746207487
0 0.5160260515624999 0.3195059 0.5135032684868073 0.27907270133706835 0.479702384375 0.28118166875000006 0.48222516745069255 0.32161486741293166
0 0.51443603125 0.2761290015625001 0.5121439383683397 0.239400617818261 0.47681161250000004 0.24160558749999997 0.4791037053816603 0.27833397124423903
0 0.57427288125 0.31734011406249996 0.5693320887957378 0.23815332988646215 0.516446078125 0.24145310781249996 0.5213868705792621 0.32063989198853776
0 0.6298175140625001 0.42402278750000005 0.6105902650363919 0.11593975526723092 0.5674736343750001 0.11863063437500002 0.5867008834011083 0.42671366660776916
0 0.7422686765625001 0.2960327046875 0.7384414689994381 0.19269812294423422 0.6208010046875001 0.197055178125 0.624628212250562 0.30038975986826577
0 0.7366295046875001 0.183652165625 0.7340668653740796 0.11446090226801489 0.6181925937371576 0.11875254184075516 0.6207552330505781 0.1879438051977403
0 0.7320128687499999 0.10538141875 0.727491110175179 -0.0018858051600197157 0.5631371926187192 0.0050423944234778886 0.5676589511935402 0.11230961833349759
0 0.5635397359375001 0.17223615781249996 0.5553217828124999 0.029309667187499992 0.45889092821551636 0.034854225368536676 0.4671088813405165 0.17778071599353668
0 0.5797805644428905 0.43532816597119917 0.5742559935874074 0.3235865054254737 0.4835360328124999 0.32807175156250007 0.489060603667983 0.4398134121082255