0 0.48590156250000016 0.8244828125 0.24234531250000008 0.8244828125 0.24234531250000008 0.8648624999999999 0.48590156250000016 0.8648624999999999
0 0.48397812500000004 0.6780671875000001 0.27569531250000007 0.6780671875000001 0.27569531250000007 0.816896875 0.48397812500000015 0.816896875
0 0.24708593750000007 0.6775828125000001 0.1826609375000001 0.6775828125000001 0.1826609375000001 0.725315625 0.24708593750000007 0.725315625
0 0.2623875000000001 0.738015625 0.1788328125000001 0.738015625 0.1788328125000001 0.811209375 0.2623875000000001 0.811209375
0 0.6194828125 0.6802859375 0.500275 0.6802859375 0.500275 0.7303671875 0.6194828125000001 0.7303671875
0 0.3185000000000001 0.5224390624999999 0.17245468750000004 0.5224390624999999 0.17245468750000006 0.6625453125 0.3185000000000001 0.6625453125
0 0.3405796875 0.09356562500000003 0.1625875 0.09356562500000001 0.1625875 0.15952500000000003 0.3405796875 0.15952500000000006
0 0.41085312500000004 0.09360625000000004 0.342509375 0.09360625000000004 0.342509375 0.15898906250000006 0.41085312500000004 0.15898906250000006
0 0.41237031249999995 0.16700312500000006 0.33187500000000003 0.16700312500000006 0.33187500000000003 0.21575937500000006 0.41237031249999995 0.21575937500000011
0 0.40855553408194434 0.16746226392343494 0.16342857768513178 0.16602290635028638 0.16281840534845765 0.26993710429297135 0.40794536174527013 0.27137646186611997
0 0.6012453125 0.09451093750000006 0.4211125 0.09451093750000004 0.4211125 0.3469609375000001 0.6012453125 0.3469609375000001
0 0.611771875 0.48975625 0.3309250000000001 0.48975625 0.3309250000000001 0.6650015625 0.611771875 0.6650015625
0 0.6106015625000001 0.3922984375000001 0.4156734375 0.3922984375000001 0.4156734375 0.486846875 0.6106015625000001 0.486846875
0 0.34802508813362665 0.35366086649664713 0.16342812499999998 0.35078906249999997 0.1610004868145724 0.5068354490710739 0.3455974499481991 0.5097072530677211
0 0.418325 0.3513921875 0.35016250000000004 0.3513921875 0.35016250000000004 0.38996718750000003 0.418325 0.3899671875000001