0 0.1428054609375 0.5055687390625 0.12287680165679424 0.23653183081734103 0.07943364687499999 0.2397498421875 0.09936230615570574 0.508786750432659
0 0.30147463906250005 0.5093646578125 0.2835060948757439 0.26678930290335245 0.13414387968750002 0.27785317031250006 0.1521124238742561 0.5204285252216476
0 0.28296541093749994 0.252416321875 0.27736493359320596 0.17680986251318426 0.22601079687499995 0.18061387187499997 0.2316112742192939 0.25622033123681576
0 0.21864067812499996 0.2665866921875 0.21127702549120264 0.16717739277063087 0.13253031875 0.17301048281249998 0.13989397138379733 0.27241978222936913
0 0.30995587031249994 0.6562636531250001 0.29993265614054543 0.5209502650736916 0.2460519140625 0.52494143125 0.2560751282344545 0.6602548193013086
0 0.4569951656250001 0.3361154421875 0.4440161664907305 0.16089893227308455 0.293280540625 0.17206453281250003 0.3062595397592695 0.34728104272691546
0 0.9239879468750001 0.377296609375 0.9091003332308325 0.17631381623307216 0.8381368499999999 0.1815703703125 0.8530244636441674 0.3825531634544278
0 0.9295904578125003 0.4535237921874999 0.9235183839550999 0.3715507882018652 0.8531752031249997 0.37676139375 0.8592472769824001 0.45873439773563474
0 0.8500954171875001 0.45222077812499994 0.8431945774194978 0.35905943792280226 0.7907393609375001 0.36294500937499996 0.7976402007055023 0.4561063495771977
0 0.8426844290908535 0.4436030884456942 0.8360440072672111 0.17622799391715388 0.726338103125 0.17895260625000003 0.7329785249486425 0.44632770077854034
0 0.9511146414791778 0.4654192661654172 0.6555893921875 0.4544738859375001 0.6483821585208221 0.6490691838345831 0.9439074078124999 0.6600145640625001
0 0.5160125546875001 0.6555539234375 0.49189003336757775 0.3298998822780685 0.30334946718749994 0.3438658499999999 0.32747198850742226 0.6695198911594313
0 0.6216354687500001 0.6581998734375001 0.605133176510755 0.43541893479268856 0.5034116765625 0.4429538609375001 0.5199139688017451 0.6657347995823116
0 0.6422898921875 0.372206278125 0.6300937747411345 0.16390595675771497 0.4617265009950299 0.17376396864772622 0.4739226184413954 0.38206429001501124
0 0.6505586312499999 0.4512721281250001 0.6447391540704815 0.372709175410105 0.6032376015624998 0.3757833640625001 0.6090570787420182 0.4543463167773951