0 0.48557500000000003 0.6844328125 0.2767828125000001 0.6844328125 0.2767828125000001 0.826109375 0.48557500000000015 0.826109375
0 0.2670828125000001 0.74231875 0.1794109375000001 0.74231875 0.1794109375000001 0.8222046875 0.2670828125000001 0.8222046875
0 0.2650125000000001 0.6850390625 0.1811312500000001 0.6850390625 0.1811312500000001 0.7310203125 0.2650125000000001 0.7310203125
0 0.6130953125 0.686259375 0.5008343749999999 0.686259375 0.500834375 0.7373578125 0.6130953125000002 0.7373578125
0 0.32566875000000006 0.5290421875 0.17337656250000005 0.5290421875 0.17337656250000005 0.6730265625 0.32566875000000006 0.6730265625
0 0.613715625 0.51265 0.3346281250000001 0.51265 0.3346281250000001 0.6734625000000001 0.613715625 0.6734625000000001
0 0.6034437500000001 0.10310625000000007 0.4232796875 0.10310625000000004 0.4232796875 0.3542437500000001 0.6034437500000001 0.3542437500000001
0 0.41113906250000004 0.17256875000000002 0.16390312499999998 0.17256875 0.163903125 0.271834375 0.41113906250000004 0.2718343750000001
0 0.41665 0.27798593750000006 0.16992812500000004 0.2779859375 0.16992812500000004 0.35277968750000005 0.41665 0.3527796875000001
0 0.42771488742292807 0.5159794989523958 0.42675929094708775 0.35992783791939237 0.1664484375 0.36152187499999994 0.1674040339758403 0.5175735360330034
0 0.6089578125 0.4071734375 0.4629171875 0.4071734375 0.4629171875 0.5034203125000001 0.6089578125 0.5034203125000001
0 0.41389375 0.10127656250000001 0.163034375 0.10127656249999999 0.163034375 0.16359843750000003 0.41389375 0.16359843750000005