0 0.3519597354399153 0.5680471531093427 0.35052585 0.3753466609375 0.1904964442475847 0.37653744064065753 0.19193032968749998 0.5692379328125001
0 0.3985065418321416 0.4934649551109799 0.39758430937500006 0.3733754546875 0.35507549679780853 0.3737019029326421 0.3559977292549501 0.493791403356122
0 0.35340875677047767 0.7620579043534446 0.351982540625 0.5693731078125001 0.1919181713545224 0.5705578737715555 0.19334438750000002 0.7632426703125
0 0.4004257736790054 0.7555693169638403 0.39952383437500005 0.6353239374999999 0.35700412133134596 0.6356428703401648 0.3579060606353513 0.7558882498040052
0 0.4623905380577358 0.6474098468602485 0.46181947343749996 0.5689212078124999 0.4036072472263255 0.5693447460883279 0.4041783118465612 0.6478333851360764
0 0.46319430270625633 0.7534251847975415 0.4624167703125 0.6523807234375 0.40425634260624355 0.6528282652024584 0.405033875 0.7538727265624999
0 0.5357338824775206 0.7495707370368078 0.5349332031250001 0.6355775437500001 0.4689483629933478 0.6360410161517238 0.46974904234586834 0.7500342094385315
0 0.5370207654428478 0.6250995544155074 0.5343951156249999 0.5657602921875001 0.466321217369652 0.5687724330844929 0.4689468671874999 0.6281116953125001
0 0.6592965286083288 0.7469838086867496 0.6576619718750001 0.517876859375 0.5386896686660931 0.51872566374289 0.5403242253994217 0.7478326130546396
0 0.6576431250789094 0.5125915771680933 0.6571356156250002 0.4480050874999999 0.6067748780460909 0.44840081345690647 0.6072823875000001 0.5129873031249998
0 0.6903395647783181 0.4425611762793091 0.68954173125 0.32860793437499997 0.6060604993004368 0.3291924208250704 0.606858332828755 0.44314566272937955
0 0.6894431245978245 0.3242678376392486 0.6883981640625001 0.1783783515625 0.6049307491032837 0.17897620242182816 0.6059757096386081 0.3248656884985768
0 0.8143143521681463 0.22644718384471818 0.8119896921875001 0.17274409687499998 0.7382820243943536 0.17593470053028185 0.740606684375 0.22963778750000002
0 0.8396422291671491 0.7410351926053523 0.8374017802387279 0.4409170869754663 0.6616870854465786 0.4422288365576138 0.663927534375 0.7423469421874999
0 0.81405699925118 0.4383717052163547 0.8120300395020388 0.1756906370789171 0.6931627824383587 0.17660786780006235 0.6951897421875 0.43928893593749996
0 0.6034868278060663 0.628444430487108 0.60021343125 0.18234682031250002 0.35375100344393373 0.18415532420039207 0.3570244000000001 0.6302529343750001