0 0.423688021669452 0.7202876672453548 0.2975368109375001 0.7144623625 0.29363402531008725 0.7989800235748108 0.4197852360420392 0.8048053283201657
0 0.293824891232672 0.7119366959268367 0.1089875890625001 0.7036899312500001 0.10418508637636996 0.8113299179544351 0.2890223885465419 0.8195766826312717
0 0.4366315831480853 0.8126348893066391 0.20799097383215623 0.8022686979029412 0.201337750059071 0.9490146992213022 0.42997835937500006 0.9593808906250001
0 0.20242522648509773 0.9074256468775012 0.11022094843750015 0.903474634375 0.10849150476490248 0.9438344421849987 0.20069578281250008 0.9477854546875
0 0.20374704162071328 0.8219676327454918 0.1108391796875001 0.8177518609375 0.10717906433371731 0.8984140759331624 0.20008692626693048 0.9026298477411542
0 0.8547553439835323 0.05330753823172 0.4313297937499999 0.034294017187500046 0.42671110210882485 0.13715092859150763 0.8501366523423572 0.1561644496357276
0 0.600344795727108 0.15190473583180225 0.43472518125 0.14363227656250002 0.43143769794202014 0.209449671407585 0.5970573124191281 0.21772213067688723
0 0.8550700861392354 0.1647063234672647 0.6045122218750001 0.15378153593750005 0.5997209247982644 0.26366899684523554 0.8502787890624999 0.2745937843750001
0 0.858875452035569 0.27999312237094315 0.6062835296875 0.2687831625 0.6011756051841577 0.3838790668887709 0.8537675275322268 0.395089026759714
0 0.5171885484375001 0.31871818906249993 0.5155582843846936 0.21839199808601256 0.43728328349157664 0.219663938333593 0.43891354754438305 0.31999012931008036
0 0.5197357558669312 0.33474714101293257 0.439623246875 0.33117773906250003 0.43754713788306876 0.3777744246120675 0.517659646875 0.3813438265625001
0 0.8023529341077333 0.402685105590984 0.7253563765625001 0.39911931562500014 0.7227523444782447 0.45534851255967845 0.799748902023478 0.45891430252566223
0 0.8591291531743541 0.4085842829603149 0.8089919781250001 0.4067185453125 0.8072132718256461 0.45451696391468505 0.8573504468750001 0.4563827015625
0 0.6355800259666519 0.46252276461409075 0.5209368484375 0.457269284375 0.5197025303611377 0.48420498031669446 0.6343457078902895 0.4894584605557853
0 0.8677056682870145 0.46919647950718213 0.6503325906249999 0.45885758593750003 0.6417639912201242 0.6390105985724899 0.8591370688821387 0.6493494921421721
0 0.6407173937499999 0.6392458015625 0.6384420624974748 0.48711284089484125 0.5172321157642761 0.4889256813122538 0.5195074470168012 0.6410586419799126