0 0.6966622140625 0.6768961187500001 0.5839917036836855 0.676700759579622 0.5838547733262959 0.755673316760255 0.6965252837051104 0.7558686759306331
0 0.8722156484375001 0.6746666671875002 0.706036259375 0.6746666671875001 0.7060362593750001 0.7751723750000001 0.8722156484375001 0.7751723750000001
0 0.7831314670515476 0.8983952609334706 0.7823050764103652 0.7614657158957222 0.5757995640463177 0.7627120080872516 0.5766259546875001 0.8996415531249999
0 0.8741411768080167 0.8607648154410095 0.7900763359375002 0.8606541093750003 0.7900267173596035 0.8983320615005915 0.8740915582301201 0.8984427675666007
0 0.8721374046875005 0.8562020546875001 0.87206488350716 0.7808776132163536 0.7899962026017645 0.7809566276437028 0.7900687237821049 0.8562810691148494
0 0.5625954203125001 0.037530821875000064 0.1740269733335179 0.03735211602180621 0.1739828018052178 0.13339632411856922 0.5625512487841999 0.1335750299717631
0 0.5609408390625 0.1392785390625001 0.4106240453125 0.13927853906250007 0.4106240453125 0.20076940625000012 0.5609408390625 0.20076940625000012
0 0.4031164125 0.14151255781250002 0.175402671875 0.1415125578125 0.17540267187500003 0.24410616406250005 0.4031164125 0.2441061640625001
0 0.40279961875000003 0.24879680312500002 0.17366412187500005 0.24878196406250006 0.17365716233713763 0.35624678309219554 0.4027926592121376 0.35626162215469553
0 0.5595361492665668 0.2100160179671872 0.4865705801022512 0.20996913273295967 0.48651335937500007 0.2990194062500001 0.5594789285393157 0.2990662914842276
0 0.5592232828125 0.35721004531250006 0.5591339589527757 0.3137016268668805 0.48664122187500014 0.31385045625 0.48673054573472446 0.35735887469561955
0 0.29383015312499994 0.4178321921875 0.29376209505236484 0.36532061742912975 0.2250600352347445 0.3654096593174899 0.2251280933073796 0.41792123407586007
0 0.21606679374999999 0.41301598125000005 0.21586722717458556 0.3684244490892715 0.17122982248708557 0.3686242209642715 0.1714293890625 0.4132157531250001
0 0.4849567481685712 0.45312863927681635 0.4849332062499999 0.42797488593749994 0.3796579402838735 0.4280734152386942 0.3796814822024447 0.4532271685780106
0 0.3643759546875001 0.424095890625 0.17232824375000005 0.424095890625 0.17232824375000005 0.592361871875 0.3643759546875001 0.592361871875
0 0.48880343437499996 0.5926666671875 0.48871336938053445 0.45761522966937784 0.3757363714355806 0.4576905733523599 0.37582643643004615 0.5927420108704821