0 0.3804445797306456 0.053285950106338464 0.255386246875 0.04958051875000004 0.2513229390193545 0.18671718583116165 0.3763812718750001 0.19042261718750003
0 0.6754844203125001 0.05150530781250009 0.435509420113598 0.044394937494106654 0.4323805312500001 0.14999493750000006 0.6723555314489021 0.1571053078183935
0 0.3919727778957882 0.20062980316450485 0.24857111093750003 0.19638086406250002 0.24615955491671188 0.27777086402299517 0.3895612218750001 0.282019803125
0 0.6730114203125 0.16497662968750007 0.40598808711477047 0.15706482655108583 0.3986646296875001 0.40423149375000006 0.6656879628852297 0.4121432968864143
0 0.3907213828125 0.29054996250000004 0.08060971570673711 0.2813614681692491 0.07396675236562655 0.5055614689615355 0.38407841947138943 0.5147499632922864
0 0.3905011359375001 0.488950803125 0.1743411351417689 0.48254606247642273 0.17189995000000005 0.5649360625 0.38805995079573125 0.5713408031485773
0 0.44846966734248656 0.7755365921920921 0.2831696671875001 0.7706388140624999 0.2804917904700135 0.861017146870408 0.44579179062499996 0.865914925
0 0.7620617964727383 0.7073684873982989 0.39095477095609943 0.6953653548374447 0.3851714595129783 0.8741709704891866 0.7562784850296171 0.886174103050041
0 0.3855535937500002 0.5842612718750002 0.2221020281371025 0.576228878080673 0.2131700598041506 0.7579859290182036 0.3766216254170483 0.7660183228125308
0 0.59097248125 0.5713560984375 0.3952974805017727 0.5655583202903303 0.3917615296875 0.684896653125 0.5874365304357273 0.6906944312721698
0 0.6722351361982417 0.42982929688272575 0.404506803125 0.4218966062500001 0.40048260598925844 0.5577132718672744 0.6682109390625002 0.5656459625000001
0 0.8728475209962694 0.43591978956333877 0.6088464701849723 0.4285967737608843 0.5984389289437245 0.8037976333753629 0.8624399797550215 0.8111206491778175
0 0.8750780234375 0.31289661718750017 0.7239063571266805 0.30841745779217955 0.72065149375 0.4182691234375001 0.8718231600608195 0.4227482828328208