0 0.9640691140625 0.939024365625 0.8349006796875 0.939024365625 0.8349006796875 1 0.9640691140625 1
0 0.8300277062499999 0.9945237546874999 0.8278606333649897 0.9417159973798146 0.77908745625 0.943717503125 0.7812545291350101 0.9965252604326853
0 0.7776894437500002 0.9404895546875001 0.6599688437500002 0.9404895546875001 0.6599688437500002 1 0.7776894437500002 1
0 0.7242152982998205 0.9049909935319249 0.6576216093750001 0.9036243781250001 0.6569390414934403 0.9368851718672184 0.7235327304182606 0.9382517872741433
0 0.6483177890624999 0.9090310703124999 0.6457257004414837 0.7999525223054406 0.5466470578125 0.8023069781250001 0.5492391464335162 0.9113855261320595
0 0.9399855984375 0.43307523437500006 0.9364256805693174 0.32809837189120905 0.8411105359375 0.331330646875 0.8446704538056826 0.43630750935879103
0 0.9306306943180918 0.43743874212454337 0.6610303140625 0.4273144125000001 0.6546054654365208 0.5984014569646128 0.9242058456921125 0.608525786589156
0 0.9198614415542157 0.1636288341997653 0.6525807406250002 0.15396944062500006 0.646591592724816 0.31969243724374563 0.9138722936540316 0.3293518308185109
0 0.36504924531250005 0.9248220578125002 0.36110269118697647 0.777179537754354 0.23532729794573815 0.7805415732769804 0.2392738520712617 0.9281840933351265
0 0.23382097500000004 0.9211044656249999 0.23036504058699783 0.8283443486702874 0.18294109062500002 0.8301112078125001 0.18639702503800218 0.9228713247672127
0 0.2326440861324206 0.7794674868964566 0.17958357343750006 0.7773146078125 0.1776880671461011 0.8240318323828781 0.23074857984102165 0.8261847114668347
0 0.18141322778751373 0.8539895714317203 0.06629473750000012 0.8508541140625002 0.06449119882758181 0.9170711359177813 0.17960968911509542 0.9202065932870014
0 0.17883070614456845 0.7784231897477845 0.06350588750000011 0.77530543125 0.06161647837943089 0.8451940272813709 0.17694129702399924 0.8483117857791557
0 0.125448278125 0.770937575 0.12215583804839394 0.6815146232321696 0.05894884062500001 0.6838418250000001 0.06224128070160608 0.7732647767678306
0 0.44372284687499997 0.6237397578125001 0.4389973767361595 0.5017998127014601 0.3520503921874999 0.5051692203124999 0.35677586232634034 0.6271091654235399
0 0.34902721154734684 0.48545931411542276 0.22049632812500003 0.48170146562499994 0.21869233673202934 0.5434039552319594 0.3472232201543761 0.5471618037223822
0 0.3514587334932863 0.5528984801675109 0.22424698437500004 0.5493587640625 0.22239662823664408 0.6158576113906232 0.3496083773549304 0.6193973274956341