0 0.13707458129372913 0.18000105996628663 0.13649209843750001 0.05196688437500001 0.0007969888901609194 0.052584220134147396 0.001379471746390034 0.180618395725434
0 0.0789810745881252 0.23164411634260412 0.07759072462024345 0.1834804269165856 0.0020737109696182614 0.1856603902614815 0.0034640609375000005 0.23382407968750005
0 0.12986937031249998 0.23159071875 0.12938398593749997 0.18348173281249996 0.08098699715722885 0.18397002292490253 0.08147238153222884 0.23207900886240257
0 0.13360945457717188 0.34868346551429685 0.13032834687499997 0.23491939999999994 0.0019394313603280865 0.23862230792320305 0.0052205390625 0.35238637343749996
0 0.16676934687500006 0.2850658390625001 0.1340334934948771 0.28500978674299965 0.13392298125000007 0.34955149843750005 0.16665883463012304 0.3496075507570005
0 0.2639326708653499 0.45361964169294494 0.2634105 0.35617507343749993 0.16076173538465008 0.35672513174455495 0.16128390625 0.4541697
0 0.7353683657783013 0.13022724993321574 0.7326736953124999 0.0363326 0.6345849592216986 0.03914763600428424 0.6372796296875 0.13304228593749998
0 0.6354207428624629 0.3163591083370535 0.6314940656249999 0.0615811484375 0.46278826807503703 0.06418126822544648 0.4667149453125 0.31895922812499994
0 0.9041815662439558 0.30674632301044497 0.9006656156250001 0.0540859515625 0.7372748398986391 0.05635965161191651 0.740790790517595 0.30902002305986154
0 0.27952704590588867 0.7601368717328055 0.27895080468750005 0.6356683328125 0.1393771603441114 0.6363145048296944 0.1399534015625 0.7607830437499999
0 0.23023926218670737 0.8116137333275114 0.22891209687499994 0.7648786453125 0.13854170343829258 0.7674449494849886 0.13986886874999999 0.8141800375000001
0 0.28048687510384956 0.8118253559039637 0.2795948515625001 0.763237675 0.2335123936461505 0.7640837050335364 0.23440441718750002 0.8126713859375
0 0.20565483661736433 0.9298068089145783 0.2050987765625 0.8186663515625 0.13987817432013572 0.8189926645229217 0.14043423437500002 0.9301331218750001
0 0.279926522836308 0.9274579196325059 0.27940044062499997 0.8178782625000001 0.21056505997619196 0.818208735054994 0.21109114218749997 0.9277883921874999
0 0.37073181230842184 0.9242322882011434 0.36888836406250003 0.8619510124999998 0.2836492673790782 0.8644739836738566 0.285492715625 0.9267552593750003
0 0.5525570022896342 0.6236602352556612 0.5509620281250001 0.5379346343749999 0.4369712133353659 0.5400554991193388 0.4385661875000001 0.6257811000000001
0 0.5722458771933148 0.7533036867089644 0.5713792703125 0.6295846812500001 0.5105917571816854 0.6300104757910356 0.5114583640625001 0.75372948125
0 0.5057514269255541 0.7531364391645525 0.5050710578125 0.6314712796874999 0.4395685853785996 0.6318375789572683 0.4402489544916537 0.7535027384343208