0 0.6970311578125 0.43292526406249987 0.671366888020754 -0.0059869728702736545 0.502385100794289 0.003893804680104057 0.528049370586035 0.4428060416128776
0 0.5627105306561381 0.3438095720648094 0.561431257288552 -0.0008327131903708085 0.1899806857440563 0.0005460695181980599 0.19125995911164237 0.3451883547733782
0 0.553181721875 0.9855847390625 0.5339170629623811 0.6300205190211615 0.217207673755578 0.6471800024944525 0.23647233266819706 1.002744222535791
0 0.3853233795419852 0.5623569647359102 0.037489578125000075 0.5623436703125001 0.037479011697947456 0.8388024813296348 0.3853128131149326 0.8388157757530449
0 0.3730773203125 0.4287303796875002 0.3713016442485401 0.16955414564311283 0.02301984141452865 0.17194030447856848 0.024795517478488495 0.43111653852295584
0 0.11893299062499998 0.552004225 0.11886905854231504 0.5098710666243476 0.03411549848369313 0.5099996701237861 0.03417943056637806 0.5521328284994386
0 0.11638006875 0.4989390234375001 0.11615518090733161 0.44288233532317217 0.0295486515625 0.4432297828125 0.029773539405168397 0.4992864709268279
0 0.18189044439538424 0.5489389640256678 0.17700253940357405 0.4396220083145117 0.1235927356331898 0.442010128663844 0.128480640625 0.5513270843750001
0 0.37813825937500006 0.5474866609375 0.37682539956846034 0.4394646214652321 0.18625085937500002 0.4417807937500001 0.18756371918153975 0.549802833222268
0 0.8654740338535823 0.15646917259259394 0.8648368859365461 -0.0007394016513337772 0.6823984343749999 0 0.6830355822920364 0.1572085742439277
0 0.9510619693639366 0.19733485132212492 0.8781926591002124 0.11448943410290573 0.8309369133340189 0.15605472178645394 0.9038062235977431 0.23890013900567314
0 1.001580896671443 0.4303690938101353 0.9985225031913364 0.16554985559841892 0.6937312357317287 0.16906988545533824 0.6967896292118352 0.43388912366705457
0 1.0156677362338695 0.9718814513896188 0.9997779158446093 0.4355999415661492 0.5380229445534234 0.44928156851629364 0.5539127649426836 0.9855630783397633
0 0.9894717601080009 0.8022963761400221 0.9454332205730059 0.7671852074171364 0.8236718566889445 0.9199056332042744 0.8677103962239394 0.9550168019271601
0 0.5700836806373393 0.6730319081307357 0.5563406592922389 0.34745250619604523 0.3797834618680653 0.35490515620526863 0.3935264832131657 0.6804845581399591