0 0.46216553069605765 0.5389479994479743 0.028394585852638453 0.5215955104813086 0.022158696453736287 0.6774779110808465 0.45592964129715546 0.6948304000475123
0 0.3680457609190078 0.5724344024847345 0.3628279174978477 0.23013550497045837 0.01764998497933863 0.2353972350473022 0.022867828400498707 0.5776961325615784
0 1.0062633459341954 0.2591865816469692 0.6385280869390384 0.25139523365351213 0.632264741004843 0.547012005131543 1 0.5548033531250002
0 0.8214381547615371 0.39620655630745755 0.8069495383430716 0.057618743518710415 0.5511904550545367 0.06856301000835492 0.565679071473002 0.407150822797102
0 0.4421223625 0.396225890625 0.43775661406250005 0.0669281359375 0.19671444524010545 0.07012381357856562 0.20108019367760535 0.3994215682660657
0 0.5478268781250001 0.15994621874999998 0.5447651476857797 0.06379343720255078 0.5059838140853729 0.06502832596652616 0.5090455445245933 0.16118110751397538
0 0.4988830328125001 0.1585197296875 0.4960955727749753 0.06350536173317993 0.44417248593750003 0.0650286421875 0.4469599459750248 0.16004301014182004
0 0.5475971107190046 0.16875609933301802 0.44667594375 0.16677220468750006 0.4457081095934955 0.21600614597948206 0.5466292765625 0.21799004062500008
0 0.5516328046875 0.398817753125 0.5478804895167672 0.2217756204218156 0.448398940625 0.22388407968750004 0.4521512557957328 0.40092621239068443
0 0.2065228607744078 0.8539292981069926 0.20155558408241697 0.6843949336646705 0.05637664843750001 0.6886486078125001 0.06134392512949081 0.8581829722548221
0 0.282680782215154 0.8876200649083412 0.20243678593632258 0.8240573080732494 0.16742397872302459 0.8682587825156578 0.24766797500185606 0.9318215393507495
0 0.463485471875 1 0.4567431194943975 0.6908414968573522 0.21286847024742098 0.6961600917049934 0.21961082262802348 1.005318594847641
0 1 0.5486026453125 0.4662254671875 0.5486026453124999 0.4662254671875001 1 1 1
0 0.9360300577067842 0.8350072080572051 0.898595002764788 0.7993815215706718 0.775406768725221 0.9288262779888221 0.8128418236672171 0.9644519644753554
0 0.6753305311508926 0.4103800499533752 0.37434518593750005 0.40379949374999996 0.3707847998526842 0.5666465239572072 0.6717701450660767 0.5732270801605824