0 0.991252314378935 0.5179696890705598 0.56845625 0.5098140624999999 0.565487389573668 0.6637228386171722 0.988283453952603 0.6718784651877321
0 1.0001853055025154 0.2275514583949932 0.6503785828754534 0.21951623349258628 0.642572170398878 0.5593618006139057 0.9923788930259401 0.5673970255163127
0 0.3859078125 0.501478125 0.3801141648972266 0.20482179086375923 0.019483119494414856 0.21186485366491997 0.02527676709718823 0.5085211878011606
0 0.4486 0.36644843749999995 0.44498125 0.039806249999999994 0.19375790309014065 0.04258946209390639 0.19737665309014057 0.36923164959390636
0 0.8074441278025528 0.36706808070641345 0.7972781378053897 0.03781275859843235 0.55994375 0.04514062500000001 0.5701097399971631 0.37439594710798113
0 0.4936640625 0.1297359375 0.49182138049798774 0.038543652644854334 0.4535448179979877 0.039317090144854315 0.45538749999999995 0.13050937499999998
0 0.5535461600264358 0.04033195547553362 0.5022390624999999 0.039970312500000056 0.5015850899735642 0.13275085702446648 0.5528921875 0.13311250000000008
0 0.558192281034026 0.14326840618495998 0.45610000000000006 0.13922187500000008 0.45417964815006406 0.18767154504741496 0.55627192918409 0.19171807623237486
0 0.5586874999999999 0.368678125 0.5562472122233886 0.1938570061674843 0.4581328125 0.19522656249999998 0.4605731002766113 0.37004768133251564
0 0.963628125 0.6810687500000001 0.8203203125000001 0.6793656250000001 0.8184245971075728 0.8388787705479602 0.9617324096075726 0.8405818955479603
0 0.8587390624999998 0.8478812499999998 0.8163105077361965 0.8020798471783047 0.746165745559347 0.8670590989056052 0.7885943003231504 0.9128605017273003
0 0.8162872584856734 0.9739836331319653 0.8091445439804597 0.6671411350459385 0.5686775979947865 0.6727387519139734 0.5758203125 0.9795812500000001
0 0.5743663135966737 0.5166597386608981 0.02579062500000006 0.5046796875 0.01565723485630237 0.9686953583213102 0.5642329234529759 0.9806754094822084
0 0.26343622782884835 0.8745852160752337 0.13008185515383267 0.7452444836153367 0.09919043332339053 0.7770945133846917 0.23254480599840618 0.9064352458445887
0 0.6425727716197704 0.3791849693220483 0.34512611401100063 0.37455667401814824 0.3426234707081477 0.5353940529540414 0.6400701283169175 0.5400223482579415