0 0.9762209149958222 0.4785731693215342 0.5095569347733291 0.4784587603765836 0.5095154023902009 0.6478656824238307 0.976179382612694 0.6479800913687813
0 0.9808368897670977 0.5328685590744252 0.9761422151475235 0.1557527908234257 0.6010787031971814 0.1604219171197031 0.6057733778167556 0.5375376853707026
0 0.31590034375000003 0.15495270468750003 2.2159058935211406e-17 0.1549527046875 4.164082967266916e-17 0.473114165625 0.3159003437500001 0.473114165625
0 0.3993091078125001 4.9960036108132046e-17 0.12315329511733972 -0.008191170688060728 0.1134797751803098 0.3179403264527693 0.3896355878754702 0.3261314971408301
0 0.7863384875 8.064340198053092e-17 0.5232817875 6.453582469806765e-17 0.5232817875 0.32542521250000006 0.7863384875 0.32542521250000006
0 0.4503114109375 5.551115123125783e-17 0.4081564377860755 -0.00025798764302898194 0.40776632343749986 0.06348638281250005 0.4499212965889243 0.06374437045552908
0 0.518046953125 6.003770341505999e-17 0.46080240625 5.653248586010454e-17 0.46080240625 0.06430737031250007 0.518046953125 0.06430737031250007
0 0.5174158078125 0.07530990156250007 0.40815979375 0.07305735000000005 0.4070585038111897 0.1264734631068631 0.5163145178736898 0.12872601466936312
0 0.5157817875 0.13720516718750006 0.407890034375 0.13463838593750005 0.4034213062576796 0.32247632920465186 0.5113130593826796 0.3250431104546519
0 0.9425154640625001 0.6586077515625002 0.782442587333361 0.6574604050535632 0.781173368044088 0.8345364507394406 0.941246244773227 0.8356837972483776
0 0.8195893468750001 0.8443482109375001 0.7747010034116355 0.7950589263576038 0.6946103678800757 0.8679984300769613 0.7394987113434403 0.9172877146568575
0 0.7728659796875001 0.6599211156250002 0.5082109191004274 0.6553003154357654 0.5022766328125001 0.9951849312500001 0.766931693399573 0.9998057314392348
0 0.4979900663965745 0.48580337292827613 5.915407053080912e-17 0.48441527656249994 -0.0014239375954422904 0.9952636550916433 0.49656612880113216 0.9966517514574195
0 0.16309731876582548 0.8861621938130295 0.023286831531349382 0.747808892399273 -0.012087764617042352 0.7835560662844759 0.12772272261743373 0.9219093676982325
0 0.5967705908450173 0.3351851949292263 0.27298739048046167 0.3310303222469292 0.27072167239583883 0.5075944455445537 0.5945048727603944 0.5117493182268509