0 0.704750946875 0.9653777968750001 0.6813835775204475 0.5545552573863743 0.5205646783292759 0.5637025515471825 0.5439320476838284 0.9745250910358081
0 0.5950333000000001 0.9710668609375 0.5780084459309061 0.6427303622424689 0.2214243948844706 0.661219904089203 0.23844924895356462 0.9895564027842342
0 0.50487309375 0.3732487640625 0.4818669950023648 -0.0025259094050875284 0.18069019832100966 0.01591307441734235 0.2036962970686449 0.3916877478849299
0 0.3660937421875 0.4461310937500002 0.3553866158401745 0.18342138709132919 0.013659854902674535 0.19734897146632902 0.024366981249999996 0.46005867812500006
0 0.390735064197259 0.813100788922533 0.3733104685343844 0.5569382710227146 0.0343980875 0.5799916484375001 0.0518226831628746 0.8361541663373184
0 0.12031348577117176 0.5060921569074388 0.11962297343749997 0.4660227296875 0.024163160869334475 0.46766777885644634 0.024853673203006254 0.5077372060763852
0 0.12612170156250002 0.567847265625 0.12296450830359855 0.5142590446660134 0.02675623281250001 0.5199272328125 0.02991342607140146 0.5735154537714866
0 0.18692344531250002 0.568260240625 0.17945938970600522 0.46271026852922414 0.12876167968750002 0.4662953999999999 0.1362257352939948 0.5718453720957758
0 0.3726893015625 0.5611343734375 0.3688027206527122 0.45851433405712977 0.1874074078125 0.4653844109375 0.19129398872228784 0.5680044503178702
0 0.8820324811741858 0.9561854120339275 0.8744134654089002 0.8092474162211014 0.7072996154847144 0.8179125885621739 0.7149186312500001 0.9648505843749999
0 0.9471049080656773 0.7686093157771756 0.896474650569191 0.7341895091079954 0.8396384291809399 0.8177934802654254 0.8902686866774262 0.8522132869346055
0 1.0071846276673755 0.79793968968181 0.9999999999999998 0.5462812828125 0.6910454314602335 0.5551016658416495 0.698230059127609 0.8067600727109594
0 1.0035862713448829 0.5341189574160327 0.9879327797078229 -0.014089974048093501 0.494480596875 -2.7755575615628915e-18 0.51013408851206 0.5482089314641262
0 0.9186253035365949 0.19521021221933518 0.7862062504275267 0.055136119116827365 0.7487046052313593 0.09058830186467204 0.8811236583404277 0.23066239496717986
0 0.5568327398154161 0.6365849948630882 0.5340695454277697 0.3258260764063424 0.36654956586976956 0.3380969707621035 0.38931276025741596 0.6488558892188492