0 0.868850174587189 0.3805588059888442 0.7432951535273999 0.3767144249061987 0.7376416142246467 0.5613553933637474 0.8631966352844357 0.5651997744463928
0 0.5008171609375002 0.2179441203125001 0.23472518939883527 0.21400201588207213 0.23256427500000004 0.35986369531250006 0.4986562465386649 0.36380579974292804
0 0.7605011421875001 0.2277734968750001 0.7198045870170529 0.22475893709700773 0.7119147421875 0.3312718375000001 0.7526112973579473 0.3342863972779925
0 0.7508965157533469 0.4301590240775184 0.6761985169203371 0.4247919986604732 0.6665153906250001 0.5595612796875 0.74121338945801 0.5649283051045454
0 0.4783949625000001 0.38317004531250004 0.44547922462225464 0.38073184255833437 0.4398652000000001 0.45652117656250013 0.47278093787774556 0.45895937931666586
0 0.6732433875000001 0.4286715843750001 0.5119244194066244 0.42628167430807096 0.5099809406250002 0.5574665234375001 0.671299908718376 0.5598564335044293
0 0.5761844640625002 0.22565881406250007 0.5189548835487052 0.2214195855969558 0.507286796875 0.37893874531250005 0.5645163773887949 0.3831779737780443
0 0.4423442156250001 0.3815666078125 0.2763017188950389 0.3802362438354135 0.2752052069878742 0.5170917043677155 0.4412477037178354 0.5184220683448021
0 0.557130552988258 0.5294315083949008 0.2715725014124782 0.5078263996480363 0.24744434217896885 0.8267319982986816 0.5330023937547487 0.848337107045546
0 0.2968343754080415 0.4760678643204743 0.26046699062500006 0.473132925 0.2514465108594694 0.5849073853004877 0.2878138956425108 0.5878423246209621
0 0.88213023125 0.23105592812500012 0.7578331796483144 0.2209552637544827 0.7434667666610904 0.3977458896876013 0.867763818262776 0.40784655405811865
0 0.71510588125 0.2277477875000001 0.5807395805926946 0.2184127716387215 0.569705380426384 0.37723678212693784 0.7040716810836893 0.38657179798821645
0 0.7735522756328821 0.409388619601087 0.7225928770893908 0.2849588838725518 0.3966116355236886 0.41846240623709524 0.44757103406717985 0.5428921419656303
0 0.6169473296875001 0.35785826093750006 0.5685491147981068 0.3571412503465461 0.5681601734375 0.38339479218750017 0.6165583883268935 0.38411180277845414