0 0.6223305506556521 0.12704534862832112 0.44584459201140375 0.12675740088471987 0.44564873247101194 0.24680160860578323 0.6221346911152603 0.24708955634938445
0 0.7725921875000001 0.4935953125000001 0.6323234375 0.4935953125 0.6323234375000001 0.7413984375000001 0.7725921875000001 0.7413984375000002
0 0.766840625 0.2432234375000001 0.666640625 0.2432234375000001 0.666640625 0.2825656250000001 0.766840625 0.2825656250000001
0 0.5732377702503787 0.3093126056317069 0.5728711176702361 0.2371198837278125 0.446034375 0.23776406249999998 0.4464010275801426 0.30995678440389435
0 0.6134171875 0.5033859374999999 0.5423453125 0.5033859374999999 0.5423453125 0.53520625 0.6134171875 0.53520625
0 0.5724453125 0.3128093750000001 0.44629062499999994 0.3128093750000001 0.44629062499999994 0.46060468749999994 0.5724453125 0.46060468749999994
0 0.7662484375 0.42058437500000007 0.617896875 0.42058437499999995 0.617896875 0.4759093750000001 0.7662484375 0.4759093750000002
0 0.6144453125000002 0.5381609375000002 0.48279769590277344 0.5372659182965379 0.4817444289551348 0.6921900615560942 0.6133920455523617 0.6930850807595564
0 0.4779462142563757 0.6927791173421213 0.47682932834262753 0.4166711023182524 0.17791441082872944 0.4178802445474325 0.17903129674247764 0.6939882595713014
0 0.5238187500000001 0.7065046875000001 0.5237669519449306 0.6715242421337866 0.4161307398767927 0.6716836267951827 0.4161825379318622 0.7066640721613962
0 0.7672900595838421 0.24541815094938543 0.7653951949733382 0.12464829869590088 0.5975251691558305 0.1272821594248047 0.5994200337663343 0.24805201167828922
0 0.7662578124999999 0.4163031250000001 0.7662185303941647 0.28614265295689306 0.6176187500000001 0.2861875 0.6176580321058354 0.4163479720431071
0 0.6705780666516434 0.24103748136536293 0.5395908332927352 0.2120638608347094 0.46904295227105186 0.5310047313616455 0.60003018562996 0.5599783518922989
0 0.6397265625 0.3719781250000001 0.6144796875 0.3719781250000001 0.6144796875 0.41706562500000005 0.6397265625 0.41706562500000005