0 0.6384710580833506 0.2193231662891495 0.636032522988393 0.08963974989172926 0.44420980662518855 0.093246737113814 0.4466483417201462 0.22293015351123419
0 0.7934024734375 0.4724951890625001 0.6429435702565705 0.470266168071761 0.6388361296875 0.7475183812500001 0.7892950328684297 0.7497474022407392
0 0.7937018988542306 0.24606733074170592 0.7912093453125001 0.20400548125000006 0.6804935995832696 0.21056641300829418 0.6829861531250001 0.25262826250000003
0 0.5867492078197829 0.2870048021892069 0.5817871048069329 0.20987353076058649 0.4412024016746499 0.21891779732137961 0.44616450468749996 0.29604906875000003
0 0.6243365437269632 0.5271575698320605 0.6223205437499999 0.493137571875 0.5434795375230367 0.4978096317304395 0.5454955375 0.5318296296875
0 0.5813556921875 0.29109880625000006 0.4460362010492882 0.2890940738078289 0.44353636718750017 0.45783292343750004 0.578855858325712 0.4598376558796712
0 0.7912570461705652 0.4536473884085255 0.7877518890624999 0.39449786249999996 0.6240629022669345 0.40419795065397457 0.6275680593749999 0.4633474765625
0 0.6228713531250001 0.5304144296875001 0.48174511950807275 0.527365437816436 0.47800996663330964 0.7002514537489073 0.619136200250237 0.7033004456199714
0 0.49344923886764736 0.7014729819256138 0.47225457479632793 0.4068203214663185 0.13887698211826732 0.4308005091038668 0.1600716461895868 0.725453169563162
0 0.5228761359375002 0.71695318125 0.5206050412654744 0.6795619497592494 0.4050270037654743 0.6865820091342495 0.4072980984375 0.723973240625
0 0.8002817903449186 0.20651870790146248 0.7915245536257274 0.0779738742514682 0.6079765692050524 0.09047825193247927 0.6167338059242435 0.21902308558247352
0 0.7978518947131883 0.3893203396069291 0.7898180788349288 0.25041057681930834 0.6241296546534637 0.2599931307472707 0.6321634705317232 0.39890289353489145
0 0.7209203640371027 0.2362366845484619 0.5911502121550011 0.18560404664289618 0.45888935908134415 0.5245852196846055 0.5886595109634458 0.5752178575901711
0 0.6526627265625 0.35035433750000006 0.625581733657172 0.34995313798058814 0.6248347140625 0.4003770078125 0.6519157069678281 0.40077820733191194