0 0.19746406250000004 0.2803171875 0.05901093750000005 0.2803171875 0.05901093750000005 0.4019734375 0.19746406250000004 0.4019734375
0 0.9346515625 0.2803000000000001 0.795684375 0.2803000000000001 0.795684375 0.4004015625000002 0.9346515625 0.4004015625000002
0 0.9311890625 0.41387500000000016 0.82686875 0.41387500000000016 0.82686875 0.5062609375000002 0.9311890625 0.5062609375000002
0 0.698678125 0.414259375 0.6474796875 0.414259375 0.6474796875 0.5586140625 0.698678125 0.5586140625
0 0.7304062499999999 0.5127484375000001 0.707403125 0.5127484375 0.707403125 0.5577562500000001 0.7304062499999999 0.5577562500000002
0 0.78795 0.5118218750000001 0.734671875 0.5118218750000001 0.734671875 0.5590890625000002 0.78795 0.5590890625000002
0 0.7880191070410024 0.41356454161847667 0.7079174882746103 0.41338880606131473 0.7077086893435116 0.5085609650017242 0.7878103081099038 0.5087367005588861
0 0.781100916262409 0.5994856245287108 0.781003125 0.5689296875000001 0.21408189623759094 0.5707440629712892 0.2141796875 0.6013000000000001
0 0.3669609375000001 0.6052328124999999 0.2925343750000001 0.6052328124999999 0.2925343750000001 0.71233125 0.3669609375000001 0.71233125
0 0.34699218750000005 0.41554531250000004 0.2967718750000001 0.41554531250000004 0.2967718750000001 0.56015625 0.34699218750000005 0.56015625
0 0.16778593750000004 0.415325 0.05809531250000004 0.415325 0.05809531250000005 0.505525 0.16778593750000004 0.505525
0 0.16778593750000007 0.51049375 0.058476562500000065 0.51049375 0.058476562500000065 0.5701171875 0.1677859375000001 0.5701171875
0 0.20180468750000008 0.6052796875 0.1349171875000001 0.6052796875 0.1349171875000001 0.7130625 0.20180468750000008 0.7130625
0 0.16871875000000008 0.5743171874999999 0.057893867361519136 0.573678219760065 0.05708625329274911 0.7137537334279791 0.16791113593123005 0.7143927011679142
0 0.28691250000000007 0.500759375 0.2378921875000001 0.500759375 0.2378921875000001 0.5253828125 0.28691250000000007 0.5253828125
0 0.23394218750000012 0.5009875 0.2139640625000001 0.5009875 0.2139640625000001 0.5606921875 0.23394218750000012 0.5606921875
0 0.2593421875000001 0.52995 0.23780468750000008 0.52995 0.23780468750000008 0.5599640625 0.2593421875000001 0.5599640625
0 0.28741250000000007 0.5292453125 0.26304843750000007 0.5292453125 0.26304843750000007 0.56084375 0.28741250000000007 0.56084375
0 0.6768468750000001 0.6036718750000001 0.5259359375 0.6036718750000001 0.5259359375 0.7119671875 0.6768468750000001 0.7119671875
0 0.9313171875 0.6038765625000002 0.7916515625 0.6038765625000002 0.7916515625 0.7103484375000002 0.9313171875 0.7103484375000002
0 0.78721875 0.6036750000000001 0.6813921875 0.603675 0.6813921875 0.7114828125000001 0.78721875 0.7114828125000001
0 0.9336386775610516 0.413620197496413 0.7861241755684248 0.41218993318421415 0.7843070873478541 0.599600652760979 0.9318215893404809 0.6010309170731778
0 0.5519573857498802 0.5600881822274365 0.55151875 0.41392656250000004 0.3559801142501197 0.4145133802725634 0.35641874999999995 0.5606749999999999
0 0.28823125000000005 0.4155515625 0.20733797680781674 0.4152559814511232 0.20704131612838408 0.49644472300918735 0.28793458932056737 0.4967403040580642
0 0.20985410830195644 0.41517451325494753 0.17236644472671053 0.41511080612619516 0.1720500000000001 0.6013187500000001 0.209537663575246 0.6013824571287525
0 0.2879921875000001 0.6048390625 0.2060265625000001 0.6048390625 0.2060265625000001 0.7125375 0.2879921875000001 0.7125375
0 0.639075 0.41436093749999997 0.5552890625 0.41436093749999997 0.5552890625 0.5592625 0.639075 0.5592625
0 0.444234375 0.6046046875 0.3709609375000001 0.6046046875 0.3709609375000001 0.7123765625 0.444234375 0.7123765625
0 0.521778125 0.604275 0.4485046875 0.604275 0.4485046875 0.711390625 0.521778125 0.711390625