0 0.9833030078125 0.31879877968750014 0.8522432590294802 0.31103227573842535 0.8440529577202314 0.44924360468203234 0.9751127065032513 0.45701010863110714
0 0.193691409375 0.29873494843750004 0.036298612720164644 0.2947399527408562 0.03294347656250005 0.4269238906250001 0.19033627321733543 0.4309188863216439
0 0.15067119687500002 0.4447518140625001 0.03243614638976464 0.4417508073847552 0.02985537656250007 0.543429171875 0.14809042704773548 0.5464301785527449
0 0.34804860625000006 0.45018340312499994 0.2918217997597606 0.44685144451294334 0.2823021765625001 0.6074951000000001 0.3385289830527396 0.6108270586120567
0 0.27568988125000005 0.5568150062500001 0.25042754311993165 0.5553179786752915 0.2474439093750001 0.60566679375 0.2727062475050685 0.6071638213247087
0 0.24573274687500005 0.5552129953125 0.18592126141527965 0.5535125729964735 0.18444292775646795 0.6055122035031186 0.24425441321618835 0.6072126258191451
0 0.2814699500000001 0.44753671875 0.19355940090148924 0.44262903042542295 0.1875569698863096 0.5501495108576954 0.27546751898482047 0.5550571991822724
0 0.8143083624999999 0.6343590437500001 0.19000868386177588 0.6165096345608662 0.1890471421875001 0.6501404484375001 0.8133468208257242 0.6679898576266339
0 0.7261908359375001 0.6701035375000002 0.6444545934957391 0.6652599076194224 0.6373116312554679 0.7857973780327315 0.7190478736972288 0.7906410079133093
0 0.7338887359374999 0.46139487031250004 0.678736119392289 0.45812656722221845 0.6692020232414329 0.6190144453008812 0.7243546397866438 0.6222827483911628
0 0.9745052625000001 0.46726072500000015 0.8760384264353812 0.4614256530378807 0.8699632801197129 0.5639437436830201 0.9684301161843318 0.5697788156451395
0 0.9683036781250003 0.5719124625 0.867418841237766 0.5693530450283613 0.8657540048779293 0.6349760809211759 0.9666388417651636 0.6375354983928148
0 0.8996319578125002 0.67455905625 0.8261752151367323 0.6702060645935582 0.819004340625 0.7912145859375 0.8924610833007678 0.7955675775939418
0 0.9641105609375001 0.6426713296875002 0.8640890478974713 0.6395559009681476 0.8593022583818712 0.7932368139610739 0.9593237714219001 0.7963522426804264
0 0.7931278984375 0.5567448140625001 0.7382685537865823 0.5553521922334337 0.7375805531250001 0.5824545 0.7924398977759178 0.5838471218290664
0 0.8194437687500002 0.55766609375 0.7975035269326508 0.5563659312603315 0.7935688811577312 0.6227630781195324 0.8155091229750807 0.6240632406092008
0 0.7913219171875002 0.5888480328125001 0.7676691472431397 0.5874463870368601 0.7656659153366501 0.6212509218579128 0.7893186852810106 0.6226525676335527
0 0.7635892453125 0.5873680156250002 0.7368323083396952 0.5857824184063064 0.7347195109375001 0.6214358531250002 0.7614764479103051 0.6230214503436938
0 0.4694539781250001 0.6618690343749999 0.29935891755359956 0.6575499398112696 0.2963324171875001 0.7767399125 0.46642747775890064 0.7810590070637302
0 0.17704326093750006 0.65467239375 0.01938966088323362 0.6506704189593494 0.01641505781250009 0.7678517874999999 0.17406865786676656 0.7718537622906505
0 0.2976619187500001 0.6575107546875001 0.17914979083698937 0.654502174077233 0.1761375735305911 0.7731575564523666 0.2946497014436018 0.7761661370626338
0 0.1922351993969048 0.4445514713508711 0.029441564122332186 0.4395361100620326 0.023105998190764372 0.6451822739419832 0.18589963346533697 0.6501976352308219
0 0.6683487744192398 0.459446706617754 0.44918739933339885 0.4523556993390209 0.44398250000000006 0.6132232390625 0.663143875085841 0.620314246341233
0 0.8312447689031851 0.4638732852489015 0.7414360821349633 0.46159262714111726 0.739166946875 0.5509475625000001 0.8289756336432218 0.5532282206077843
0 0.8707295406250001 0.46438977968750006 0.8295763087949082 0.46203827761819694 0.817824381296256 0.6677067323118417 0.8589776131263479 0.6700582343811448
0 0.8213902640625003 0.6724361078125002 0.7313915747719469 0.6669153757145956 0.7239514960447161 0.7882031545444088 0.8139501853352693 0.7937238866423134
0 0.44948984375 0.4528711328125 0.3574750109197034 0.44741840128301946 0.34784798125000005 0.60987450625 0.4398628140802966 0.6153272377794805
0 0.6399300375000001 0.6672220953125001 0.559460172432637 0.6624535102129585 0.5522758046875 0.7836897031250001 0.6327456697548631 0.7884582882245417
0 0.5546212937500001 0.6646927578125 0.4741514274384511 0.6599241723752217 0.4670099254899104 0.7804369983739391 0.5474797918014593 0.7852055838112173