0 0.449517375 0.9457003609375001 0.44456247979035235 0.7946527885995025 0.31400357812667956 0.7989355828637005 0.3189584733363273 0.9499831552016982
0 0.4218759890625 0.1545302765625 0.416904267751499 0.0029608088575133946 0.28801215468917934 0.007188676613697413 0.2929838760001804 0.158758144318684
0 0.5344514546875001 0.11935386406250001 0.5307179342908819 0.0055303476339964575 0.4315717000016793 0.008782439113696416 0.43530522039829755 0.12260595554219997
0 0.5969910890624999 0.31118673906249994 0.5961762398635323 0.2561844222902674 0.4401751312499999 0.25849555 0.44098998044896753 0.31349786677223257
0 0.5939600671874998 0.24684195937500003 0.5935939607570659 0.22212977572015916 0.5448186062289139 0.22285237357670082 0.5451847126593479 0.2475645572315417
0 0.5942316546875 0.2168383296875 0.5925586808778283 0.15958129456988354 0.54179545 0.16106452812500002 0.5434684238096718 0.21832156324261648
0 0.54078605625 0.24730064687500003 0.5398071564850512 0.16133290840944034 0.4364043383758965 0.1625103384099125 0.43738323814084523 0.2484780768754722
0 0.658095078125 0.7758764484375 0.6361506451526209 0.1664364697872533 0.6033635718750001 0.1676170515625 0.6253080048473793 0.7770570302127469
0 0.774560253125 0.6899563750000002 0.7733757167259548 0.6100001604602503 0.6569343765625 0.6117252171875001 0.6581189129615452 0.6916814317272498
0 0.6110006343750001 0.6878261484375 0.610201352677324 0.6338746311300392 0.45394612187328554 0.6361895233217834 0.4547454035709615 0.6901410406292443
0 0.5607473156249999 0.945036378125 0.556824244617571 0.8254859118864315 0.46002233541184384 0.8286624847214629 0.46394540641927284 0.9482129509600312
0 0.6300948921875001 0.9435993406250001 0.6262060716487581 0.8250494395413007 0.5622169665567305 0.8271484893411138 0.5661057870954724 0.9456983904248132
0 0.7808997390625 0.85922725625 0.7798351905667434 0.7873702308462872 0.6628031328125 0.7891040390624999 0.6638676813082565 0.8609610644662127
0 0.7841511187499999 0.9428096203124999 0.7833011921668976 0.8240393736022626 0.6307211046874999 0.8251312453124999 0.6315710312706021 0.9439014920227372
0 0.5757368765625 0.7516167171875001 0.5739941802529043 0.6984931888932107 0.547566815625 0.6993601281250001 0.5493095119345957 0.7524836564192894
0 0.6144963078125001 0.776754053125 0.6141783461513812 0.7552916169384194 0.549680424976857 0.756247140625343 0.5499983866379758 0.7777095768119237
0 0.6128719234375 0.7511605890625 0.6125291431512174 0.728022922542848 0.5798843031229429 0.7285065498611446 0.5802270834092255 0.7516442163807967
0 0.6129288968750001 0.7240345140625 0.6125411305823353 0.6978602796652323 0.5781402687268571 0.6983699218753429 0.5785280350195219 0.7245441562726105
0 0.765946196875 0.439286415625 0.7605612563972839 0.2751170765702295 0.6443395218750001 0.27892928125 0.6497244623527162 0.4430986203047705
0 0.7548469796875 0.153930759375 0.7498589283694871 0.0018739124494779019 0.6355957859391796 0.005622184426200929 0.6405838372571926 0.15767903135172304
0 0.7599497765625001 0.27233245156249997 0.7561551993612295 0.1565952829078761 0.6404545109375 0.16038866406250002 0.6442490881387706 0.2761258327171239
0 0.6369738028951613 0.005173612162486076 0.43456080641655015 0.004138102260661203 0.43374906969012894 0.1628097507471768 0.63616206616874 0.16384526064900168
0 0.6094576437500001 0.6237565 0.6018376320634786 0.4109361324357982 0.445003765625 0.416551553125 0.4526237773115215 0.6293719206892018
0 0.5454791203125 0.7848315062500001 0.5438692252677001 0.6976766270401734 0.45602233437499995 0.6992993046875001 0.4576322294198 0.7864541838973268
0 0.659597353125 0.8211239125 0.6590862334632017 0.7808750849747518 0.45853780403085187 0.7834218484888276 0.45904892369265016 0.8236706760140757
0 0.7776751084594817 0.7826261787417762 0.7761874204842315 0.6945698649278371 0.6592921328124999 0.6965447796875 0.6607798207877501 0.784601093501439
0 0.6009362406250001 0.41019011875 0.5996027447825278 0.32017915706599026 0.4423838171875 0.32250832656249995 0.4437173130299722 0.4125192882465097
0 0.7718475031249998 0.605724671875 0.7706813197875146 0.5270072551461282 0.6535367265625 0.5287427296874999 0.6547029098999853 0.6074601464163718
0 0.768056078125 0.5224575578125001 0.7668898941447683 0.44374013968150905 0.6504516781063141 0.44546515030120243 0.6516178620865458 0.5241825684321935