0 0.1988793542847318 0.2826320922816844 0.05901093750000004 0.28100468749999996 0.05759564571526825 0.4026429077183155 0.1974640625 0.4042703125
0 0.9360490178969385 0.29119126245332017 0.7956843750000001 0.2895578125000001 0.7942869196030615 0.4096431125466801 0.9346515625000003 0.41127656250000016
0 0.9322640709401517 0.42472344826998426 0.82686875 0.423496875 0.8257937415598484 0.5158687392300159 0.9311890625 0.5170953125000002
0 0.698678125 0.4217921875 0.6474796875 0.4217921875 0.6474796875 0.56674375 0.698678125 0.56674375
0 0.7304062499999999 0.5209796875000001 0.707403125 0.5209796875 0.707403125 0.5662562500000001 0.7304062499999999 0.5662562500000001
0 0.7882528632079497 0.5209932274670049 0.7346718750000001 0.5205328125000002 0.7342659276247732 0.5677751114777718 0.7878469158327228 0.5682355264447766
0 0.7881949603717804 0.42224193010077055 0.708034375 0.42162812499999996 0.7073019146282197 0.5172846323992295 0.7874625000000001 0.5178984375000001
0 0.781260746636853 0.5780193596783968 0.21443730556011423 0.5732400963817149 0.2141796839232614 0.6037941742033183 0.781003125 0.6085734375000001
0 0.3669609375000001 0.6086359375 0.2925343750000001 0.6086359375 0.2925343750000001 0.7166015625 0.3669609375000001 0.7166015625
0 0.34699218750000005 0.4189984375 0.2967718750000001 0.4189984375 0.2967718750000001 0.56419375 0.34699218750000005 0.56419375
0 0.1688355107880735 0.41729033977132224 0.05809531250000005 0.4160015625000001 0.057045721030256215 0.5061893475170824 0.16778591931832965 0.5074781247884046
0 0.1684804471694216 0.5124549659314243 0.05847656250000005 0.5111734374999999 0.05778203463016268 0.5707903463565437 0.16778591929958422 0.572071874787968
0 0.20180468750000008 0.60685 0.1349171875000001 0.60685 0.1349171875000001 0.7154109375 0.20180468750000008 0.7154109375
0 0.16871875000000008 0.5762812500000001 0.05790210965725169 0.5756298019341118 0.057081298946913626 0.7152564123116927 0.16789793928966204 0.7159078603775809
0 0.2871989535931813 0.5041002076606163 0.23789218750000005 0.5035265625 0.2376057339068188 0.5281482298393838 0.28691250000000007 0.5287218749999999
0 0.23394218750000012 0.503478125 0.2139640625000001 0.503478125 0.2139640625000001 0.563415625 0.23394218750000012 0.563415625
0 0.2593421875000001 0.5327171875000001 0.23780468750000008 0.5327171875000001 0.23780468750000008 0.56298125 0.2593421875000001 0.56298125
0 0.28741250000000007 0.53230625 0.26304843750000007 0.53230625 0.26304843750000007 0.5641890625 0.28741250000000007 0.5641890625
0 0.6781058874186325 0.6115615139214058 0.5259359375000001 0.6097921875000001 0.5246769250813679 0.7180728610785944 0.6768468750000002 0.7198421875000001
0 0.9325557946358632 0.6147284736093606 0.7916515625000001 0.6130890625000002 0.790412955364137 0.7195449638906397 0.9313171875000001 0.7211843750000001
0 0.7880888729877275 0.6128444973691354 0.6820515625000001 0.6116109375000001 0.680797554922758 0.7194059413332494 0.7868348654104854 0.7206395012023848
0 0.9336511221581059 0.4232001185071913 0.7861199648421932 0.4217695416689202 0.7843070323968369 0.6087319016371129 0.9318381897127497 0.6101624784753839
0 0.5521810951147964 0.4202281340902595 0.35634375 0.41953593749999996 0.3558267173852036 0.5658156159097405 0.5516640625000001 0.5665078125
0 0.28823125000000005 0.4189046875 0.20764004497902314 0.4178482775327363 0.20657598247902315 0.49902327753273623 0.28716718750000003 0.5000796874999999
0 0.2096281250000001 0.4171171875 0.17205000000000006 0.4171171875 0.1720500000000001 0.6035421875 0.2096281250000001 0.6035421875
0 0.2879933494646726 0.6077945325639648 0.20602656250000012 0.6075531250000001 0.2057082130353276 0.7156445299360353 0.287675 0.7158859375
0 0.639075 0.420821875 0.5552890625 0.420821875 0.5552890625 0.5667 0.639075 0.5667
0 0.444234375 0.6089203125 0.3709609375000001 0.6089203125 0.3709609375000001 0.717546875 0.444234375 0.717546875
0 0.521778125 0.6094921875 0.4485046875 0.6094921875 0.4485046875 0.7174609375000001 0.521778125 0.7174609375000001