0 0.44831383125 0.9658934953125 0.44043041959760326 0.8138562701036035 0.31784770312499994 0.8202124109375 0.32573111477739675 0.9722496361463964
0 0.40804065781250004 0.21982433281249997 0.40013809398010736 0.06741773688063901 0.27912190625 0.07369265000000003 0.2870244700823926 0.226099245931861
0 0.5136025890625 0.193009634375 0.5076590346606996 0.07838393289451887 0.4145695375 0.0832107953125 0.4205130919018004 0.19783649679298115
0 0.5783322582804878 0.32540064149451897 0.42716751093750005 0.31868220781250006 0.4248730635945123 0.37030726944298115 0.5760378109375001 0.37702570312500006
0 0.5730535484477641 0.293110328878018 0.5252372828125002 0.29098516250000006 0.5242064031147362 0.3141799664344821 0.5720226687500001 0.31630513281250006
0 0.5717418312500001 0.28808565312500006 0.5689548940309483 0.23036912535132847 0.5212774734375001 0.2326713078125 0.524064410656552 0.2903878355861716
0 0.5218720937500001 0.31376680625 0.5178899576811047 0.22672877810572617 0.42193068752548896 0.2311190759902111 0.42591282359438426 0.31815710413448495
0 0.6420158812500001 0.81773168125 0.6102470332426034 0.2405824278632743 0.5794729359374999 0.2422763703125 0.6112417839448966 0.8194256236992257
0 0.7536737372381678 0.6683356076943775 0.6379762078125001 0.6631934953125002 0.6346407971368324 0.7382402360556228 0.7503383265625001 0.7433823484375002
0 0.5982651706058745 0.6816034778324922 0.4469361234375001 0.6748777421875001 0.44468551064412576 0.7255165284175079 0.5960145578125001 0.7322422640625
0 0.5532242500000001 0.9714812593750001 0.547009732747384 0.8516298561807739 0.4561228203125 0.8563425109375002 0.4623373375651161 0.9761939141317264
0 0.6186140421874999 0.9740022859374999 0.6125737347376996 0.8575106439071287 0.5524962375 0.8606257734374999 0.5585365449498003 0.9771174154678711
0 0.7623525772372864 0.8355827446050403 0.646695734375 0.830442440625 0.6436981852627137 0.8978872975824599 0.7593550281250001 0.9030276015625003
0 0.7702869663968914 0.8713788678610527 0.6170785859375001 0.8625536578125 0.6106698380728092 0.9738115061492554 0.7638782185322005 0.982636716197808
0 0.5638926171875001 0.7903022140625 0.5611944777258503 0.7382666715137919 0.5363835218750002 0.7395531656250001 0.5390816613366499 0.7915887081737081
0 0.6018006822882261 0.7959777990393061 0.5393959093750003 0.7932042546875001 0.5385005942742741 0.8133488525231944 0.6009053671875001 0.8161223968750002
0 0.599881396864942 0.7702302550246969 0.5673913156250002 0.7687862515624999 0.5664261171975582 0.7905032184128032 0.5989161984375 0.7919472218750001
0 0.5995733857352694 0.7418564405581326 0.5652037859375001 0.740328903125 0.5641119158272307 0.7648959860043675 0.5984815156250001 0.7664235234375001
0 0.7377141578125 0.5070099499999999 0.7292439850769761 0.34365662272820036 0.6201239562499998 0.3493146984375 0.6285941289855239 0.5126680257092996
0 0.7221226671875001 0.23785798125000004 0.7142521615980101 0.08606964814738036 0.6069694562500001 0.09163245468750003 0.6148399618394901 0.2434207877901197
0 0.7338035171374238 0.24285570873688572 0.6143316937499999 0.23754585156250013 0.6095891000500762 0.3442542428256145 0.7290609234375001 0.3495641000000001
0 0.6183405897418981 0.09176628859043492 0.4248937008640752 0.08129829955003488 0.4168556672993379 0.2298399707146544 0.6103025561771609 0.24030795975505442
0 0.5934079234375 0.6718637125 0.5817670536635248 0.45961559218663667 0.43455755937500007 0.46768938125000004 0.44619842914897523 0.6799375015633633
0 0.535947903125 0.8198688109374999 0.5319161339315727 0.7306809813638924 0.45002788437499996 0.7343827703124999 0.4540596535684272 0.8235705998861074
0 0.6459888478851787 0.8226013591454919 0.45453803972818596 0.8137779356088644 0.4527962152805073 0.8515720749008725 0.6442470234375002 0.8603954984375001
0 0.758096953808001 0.7486581528695843 0.6417239812500001 0.7431441281250001 0.637809591848302 0.8257569475311104 0.7541825644063029 0.8312709722756946
0 0.58529006930786 0.3859283772682313 0.4304000125000001 0.37904437500000004 0.4266451635046402 0.4635284805442687 0.5815352203125002 0.4704124828125
0 0.7495499086287876 0.5900810761405842 0.6332826421875001 0.5849136421875001 0.6299989085587124 0.658797650421916 0.7462661749999999 0.6639650843750001
0 0.7444798080275902 0.5115113872906514 0.628877096875 0.5063734875 0.6255933622849097 0.5802574939593487 0.7411960734374998 0.58539539375