0 0.6888668671875001 8.604228440844963e-17 0.5545019744083096 -0.0036297421492448357 0.5504451084164775 0.14654631488154535 0.6848100011956679 0.15017605703079026
0 0.66722314375 0.8018341921875003 0.5345754705689154 0.7982497845770534 0.5301538320850279 0.961880744076808 0.6628015052661125 0.9654651516872548
0 0.5184639750000002 0.8433711 0.4164288827350237 0.8406138196112213 0.41310453593750013 0.9636336015625002 0.5151396282024765 0.966390881951279
0 0.5260875843684393 0.7013958365503844 0.5233994609375 0.6449668328125 0.35942510313156073 0.6527781228246157 0.36211322656250006 0.7092071265625
0 0.41381897858094074 0.741795902883218 0.4126106819254872 0.7164402732621228 0.3609051970945464 0.7189042453789047 0.36211349375 0.744259875
0 0.41264206093750005 0.7465647437500001 0.36044525819095996 0.7453133865865208 0.3589657269654499 0.8070278209535815 0.41116252971199 0.8082791781170607
0 0.5260917677020043 0.8003277260541587 0.522553940625 0.711900871875 0.41112038229799575 0.7163591630083413 0.41465820937500003 0.8047860171875
0 0.36315851562500007 0.17428768437500003 0.3293996396220917 0.17348368578043807 0.3144207984375001 0.8024261312500002 0.3481796744404085 0.8032301298445621
0 0.3265672479476252 0.34445575305710774 0.32265789449251636 0.2624232544348141 0.19799852935739112 0.2683640404402064 0.2019078828125 0.3503965390625
0 0.5350943390927394 0.3124611586704432 0.5324568615154509 0.2571068605866856 0.36827843961021145 0.2649295034787423 0.37091591718750005 0.32028380156249997
0 0.5396471015625 6.38378239159465e-17 0.4400247844500701 -0.0026935112255883297 0.4367296822420208 0.11917927473855525 0.5363519993544507 0.12187278596414367
0 0.4344597140625 5.2735593669694933e-17 0.36860612161691064 -0.001779318690392294 0.36524586560644606 0.12258565933228105 0.4310994580520354 0.12436497802267339
0 0.33082836735168264 0.16180403256159068 0.3273160703125 0.088082646875 0.2025237670233173 0.09402810806340929 0.20603606406249994 0.16774949374999998
0 0.36317005 0.0015683578125000458 0.2088656577437959 -0.0017116881521878722 0.2062328778468397 0.12214313166367882 0.3605372701030438 0.12542317762836674
0 0.4399118421875 0.19647324062500005 0.4127144853612232 0.19573790505678917 0.4111934640624998 0.2519948859375 0.4383908208887767 0.2527302215057109
0 0.44142267288092596 0.19203717040138785 0.440373119411543 0.1700174233388994 0.3726515230931171 0.17324531856251155 0.3737010765625 0.19526506562499998
0 0.4087393744120664 0.22165319947307172 0.4076076515625 0.19791476406249997 0.37261656621293365 0.19958295365192827 0.3737482890625 0.22332138906250004
0 0.40891309043622365 0.2526537166761512 0.4076331405506946 0.22579981875354166 0.37065495948947097 0.22756232707739046 0.371934909375 0.254416225
0 0.3174114953125001 0.52051191875 0.19780342618892138 0.517279382795062 0.193050407130288 0.693147320549093 0.3126584762538667 0.696379856504031
0 0.3092418687500001 0.8144356921875001 0.1916493565643122 0.8112583662192432 0.1872376015625001 0.9745369718750002 0.304830113748188 0.9777142978432571
0 0.3127409453125001 0.693193284375 0.19367009793305937 0.6899765456400779 0.19036055223607604 0.8124827368649413 0.3094313996155168 0.8156994755998633
0 0.5207880437500001 0.8044741375 0.31128251111559513 0.8037755986332524 0.3107308343750001 0.9692342937499998 0.520236367009405 0.9699328326167473
0 0.5309618027698048 0.32299424969459667 0.36942375926663795 0.31975467714197003 0.3648730484375001 0.5466713187500002 0.526411091940667 0.5499108913026267
0 0.5350553257626853 0.16068798184093266 0.4453882529509447 0.1582657431977878 0.4428895421874999 0.25076368125 0.5325566149992406 0.2531859198931449
0 0.5386048699687533 0.16055074975366773 0.5366323501458513 0.11913343464078181 0.32829725084678896 0.12905549530680024 0.330269770669691 0.17047281041968615
0 0.3293660434053484 0.25710413318027914 0.32532695156249997 0.16673189687499998 0.20000958159465151 0.17233282463222083 0.2040486734375 0.2627050609375
0 0.5304421697330425 0.6353444769574738 0.5260419453125 0.5429977828125001 0.3587745162044576 0.5509679027300263 0.363174740625 0.643314596875
0 0.3248579539303281 0.4298997606326097 0.3210091435858159 0.3491382307333596 0.1956992865304878 0.35511005760075004 0.19954809687500003 0.43587158750000005
0 0.32290408695560224 0.5156562457404777 0.319056325 0.43489460468749996 0.1944754224193978 0.44083006675952224 0.19832318437500002 0.5215917078125