0 0.2866338962322005 0.466764201699137 0.2826199333268332 0.3570824414123995 0.14776805428213274 0.3620175412757625 0.1517820171875 0.47169930156250006
0 0.40540157482413663 0.46231316635315867 0.4012864519333747 0.3526617746676758 0.2855084099217381 0.357006825502017 0.2896235328125 0.46665821718749995
0 0.4679720513590757 0.4617957965613555 0.4670919343750001 0.34937385 0.40721870115650705 0.3498425792033176 0.4080988181405827 0.4622645257646731
0 0.5523994975261008 0.37136568957161187 0.5517111781249999 0.2750763734375 0.47469124847107996 0.27562694658497544 0.4753795678721808 0.37191626271908734
0 0.2518931559437514 0.17231986833416751 0.25087568125000004 0.048010065624999994 0.14744508780624865 0.04885664416583248 0.14846256249999998 0.173166446875
0 0.36842875544281206 0.0990968494230415 0.366414209375 0.04378095625 0.25541322111968795 0.047823494326958496 0.2574277671875 0.1031393875
0 0.4658318437314123 0.09540633049042155 0.46371031745840163 0.03922120714887001 0.37081742216448926 0.042728803220948484 0.37293894843750003 0.09891392656250002
0 0.4655835476113558 0.2658730845127419 0.46427985937500005 0.10086036562499998 0.3729209950612614 0.10158214923959316 0.37422468329761716 0.26659486812733507
0 0.5542571677735324 0.9054911940867789 0.55356345625 0.7990009562499999 0.48358906503896765 0.7994567918507209 0.48428277656249996 0.9059470296875001
0 0.48029199751498297 0.9824857563420377 0.47730297748287676 0.9017822154751712 0.32084215653039383 0.9075770606956335 0.3238311765625 0.9882806015624999
0 0.3477285327558194 0.94934114311316 0.34714673826319503 0.8811353455540691 0.2966928508198757 0.8815657165034094 0.29727464531250003 0.9497715140625003
0 0.32179909285582475 0.9883558638661507 0.317836617229022 0.8813690159082672 0.15065302437319725 0.8875610004796165 0.1546155 0.9945478484375
0 0.3095938383722271 0.6830992236880784 0.3054636967014575 0.5715854031301146 0.1481021833292304 0.5774136075670361 0.152232325 0.688927428125
0 0.38026509099845474 0.6577740264654958 0.3794170390625 0.5688833015625001 0.3084468683765453 0.5695603844720043 0.3092949203125 0.658451109375
0 0.4769449655269643 0.6522838643944449 0.47371926869557235 0.565350196970657 0.3810601750436082 0.5687883372637123 0.384285871875 0.6557220046875
0 0.3651787259829261 0.16598340621657443 0.3645194734375 0.10661349531250001 0.2571634349544353 0.1078055931371232 0.25782268749986137 0.16717550404119763