0 0.4550191343749999 0.29940595 0.4549641417179184 0.1745540147225268 0.35099833593749996 0.17459980781249998 0.3510533285945815 0.29945174308997313
0 0.45502500489242353 0.3051691803999664 0.35108153125 0.3051180421875 0.35102906209752577 0.41176678300585906 0.45497253573994934 0.41181792121832544
0 0.4550774455016625 0.41746068526748353 0.3502554895313179 0.41740206771689803 0.35022379375000007 0.4740815734375001 0.4550457497203446 0.4741401909880857
0 0.37185440953848603 0.5547033994637582 0.371853578125 0.48177639218749996 0.28285857014901394 0.4817774067862417 0.28285940156249995 0.5547044140625
0 0.17225207968750003 0.17369769687500003 0.05740441488672702 0.17361475025910783 0.057333699261727 0.27152741744660785 0.1721813640625 0.2716103640625
0 0.10994667437879124 0.2773370070852114 0.05748752031250002 0.2772869484375 0.0573885990587088 0.38095186010228854 0.10984775312500002 0.38100191874999995
0 0.10983361093750003 0.3867111328125 0.05657237968750004 0.3866919390625 0.05654125021714942 0.4730739081428347 0.1098024814671494 0.4730931018928347
0 0.2688455988395115 0.386992416723436 0.11470133125000004 0.3866765828125 0.11452412805037397 0.47316146133592774 0.2686683956398854 0.47347729524686377
0 0.8777637265625001 0.5526957781250001 0.8776871875000001 0.4864520156250001 0.778729375615277 0.4865663530035376 0.778805914677777 0.5528101155035376
0 0.9583044921875 0.47987524062500003 0.9582720227501431 0.33389921764769204 0.8734940397816585 0.33391807480896485 0.8735265092190154 0.47989409778627284
0 0.9127415238143127 0.30912009318184414 0.848595792012121 0.30905270602497775 0.8485456166353084 0.3568145706556337 0.9126913484375001 0.3568819578125001
0 0.9584417640625003 0.17376487500000012 0.8485856906250003 0.17373608437500015 0.8485444360564985 0.3311506909336793 0.9584005094939985 0.3311794815586793
0 0.66061148125 0.1736497125000001 0.554905990625 0.1736497125000001 0.554905990625 0.31952591093750005 0.66061148125 0.31952591093750005
0 0.6373069890624999 0.38972360781250004 0.6372687166249633 0.32253753675178864 0.5549027855837592 0.32258445637219735 0.5549410580212958 0.38977052743290874
0 0.6373144856062517 0.3934154105286511 0.5549084859375002 0.3934097890625001 0.5549026518937488 0.4789319988463491 0.6373086515625002 0.4789376203125001
0 0.17142678906250003 0.2772332046875 0.11477620625000004 0.2772332046875 0.11477620625000004 0.378687140625 0.17142678906250003 0.378687140625