0 0.54041875 0.028142187500000065 0.346796875 0.028142187500000054 0.346796875 0.14727812500000004 0.54041875 0.14727812500000004
0 0.19561250000000002 0.10131250000000006 0.10874687499999999 0.10131250000000003 0.10874687500000002 0.1951203125 0.19561250000000002 0.1951203125
0 0.267225 0.15103125000000003 0.20091718749999998 0.15103125000000003 0.20091718749999998 0.19887343750000003 0.267225 0.19887343750000003
0 0.4401965856874234 0.10806107949079072 0.27675678446835617 0.10615455733619468 0.2728582930917892 0.44035925257372116 0.4362980943108565 0.44226577472831724
0 0.2676103003038598 0.5324077085159263 0.2668820601479832 0.20050398201889882 0.1010074987672677 0.20086793248643575 0.1017357389231442 0.5327716589834632
0 0.23285781249999998 0.6580328125 0.2322796875 0.5411390625 0.10690490760485023 0.5417591323893387 0.10748303260485023 0.6586528823893387
0 0.3091281250000001 0.5419578125 0.24152500000000007 0.5419578125 0.24152500000000007 0.6555796875000001 0.3091281250000001 0.6555796875000001
0 0.43971780393516424 0.5417974373156826 0.3183734375 0.5411390625 0.3177791658676873 0.6506686389596041 0.4391235323028515 0.6513270137752868
0 0.513059375 0.6656765625000001 0.44502968750000005 0.6656765625000001 0.4450296875000001 0.8280859375 0.5130593750000001 0.8280859375
0 0.6864995120441468 0.8210447911524437 0.6845515624999999 0.66266875 0.5196145504558531 0.6646973963475563 0.5215625 0.8230734375000001
0 0.7938093750000002 0.2515062500000001 0.6172528895114598 0.2498610605699798 0.6124294520114598 0.7674969980699797 0.7889859375000002 0.7691421875000002
0 0.6153390625000001 0.45329687500000004 0.4516905838513683 0.4513177742552596 0.4492734375000002 0.6511875 0.612921916148632 0.6531666007447405
0 0.605003125 0.11600468750000008 0.456853125 0.11600468750000006 0.456853125 0.42600156250000004 0.605003125 0.42600156250000004