0 0.1286761000000001 0.33993296093750003 0.009224558791264579 0.3352011895834136 0.0010747375000000696 0.5409399374999999 0.1205262787087356 0.5456717088540863
0 0.19291902013648965 0.18481722608092477 0.18840911873137922 0.09784056526588537 0.08561644390738957 0.1031705563724606 0.09012634531250001 0.1901472171875
0 0.18806362656250003 0.19039473593750003 0.14012618344447353 0.1882641830612166 0.136954996875 0.25961588593750007 0.18489243999302654 0.26174643881378346
0 0.4337770926863461 0.41383782709861583 0.42340587760198656 0.2504702395146293 0.08487086075585805 0.2719617699046065 0.09524207584021767 0.43532935748859297
0 0.5356118917911422 0.2393642377641095 0.5273609336070948 0.07322382635161429 0.17884827306595266 0.0905318573375048 0.18709923125000003 0.25667226875000004
0 0.6526438156250001 0.07248907500000007 0.535329894053387 0.06880325021687014 0.5310792093749999 0.20409576093750004 0.6483931309466129 0.20778158572062994
0 0.6485136020457597 0.27516011714630223 0.6450037734374999 0.20747057968749996 0.5249563135792401 0.2136952641036977 0.5284661421875 0.28138480156249995
0 0.6374277437500001 0.2855973796875001 0.5277060164805991 0.2804860112137163 0.5215487440943989 0.4126593352358768 0.6312704713637999 0.4177707037096606
0 0.8141036316642936 0.4705684623141325 0.810275593221844 0.40249728907329096 0.6400143443700503 0.41207207050915856 0.6438423828125 0.48014324375000006
0 0.80184888125 0.4804872000000001 0.6434307808005897 0.4715036588540187 0.6331458421875003 0.6528709406250002 0.7915639426369105 0.6618544817709816
0 0.7425983799832561 0.7519797677967841 0.7318039227392054 0.5754403219069026 0.20371651463094936 0.6077300853601186 0.214510971875 0.7842695312500001
0 0.6467939374978735 0.573424426138731 0.6317829425885135 0.413167616603965 0.41054162696563995 0.43389093109023413 0.4255526218750001 0.5941477406250002
0 0.4095938996748826 0.5846962804252275 0.4032114968749999 0.436190996875 0.08034223001261728 0.45006714769977235 0.08672463281250001 0.5985724312499999