0 0.5903598349435064 0.4537847412388391 0.5886852208614993 0.30987259356633884 0.5232511207358501 0.31063400854961914 0.5249257348178573 0.45454615622211936
0 0.7053322388401935 0.5290268904170871 0.2519673525061785 0.3807595712297081 0.16372045823693235 0.650596804471545 0.6170853445709473 0.798864123658924
0 0.3011465000025484 0.39239819589557257 0.3003671875 0.286196875 0.12034051889979462 0.287517922915875 0.12111983140234299 0.39371924381144763
0 0.2595234375 0.5318234375 0.25821087636805906 0.45809500363154526 0.1922134533030533 0.45926993232293645 0.19352601443499426 0.5329983661913913
0 0.18583561067752646 0.5126920945247412 0.18532187500000002 0.46853125 0.14367687114792582 0.4690157181866885 0.14419060682545226 0.5131765627114298
0 0.1943301671454254 0.5427895534344376 0.19408281250000003 0.5215859375 0.18702608285457464 0.5216682590655626 0.1872734375 0.542871875
0 0.19481698842274117 0.58461974832969 0.1937193184235046 0.5218173433733717 0.14196718749999998 0.5227218749999999 0.14306485749923656 0.5855242799563181
0 0.19336617773562523 0.5843867548319032 0.1932375 0.5770062500000002 0.1532244472643748 0.5777038701680971 0.15335312500000003 0.5850843750000001
0 0.23570644603060392 0.7383299371518114 0.23216874999999995 0.589840625 0.14277750980401882 0.5919703340748779 0.1463152058346228 0.7404596462266892
0 0.30678803422256384 0.7379057083250657 0.30563281249999996 0.6017734375000001 0.2402041532774361 0.6023286666749343 0.241359375 0.7384609375
0 0.4268186532675468 0.8122317973389045 0.42564062500000005 0.71101875 0.33480322173245325 0.7120760151610954 0.33598125 0.8132890624999998
0 0.5287047811455549 0.8124094970508651 0.5267024786715843 0.7094760308575108 0.4315859239175032 0.7113262756801411 0.43358822639147376 0.8142597418734955
0 0.6024530624759532 0.80990023896008 0.6012515624999999 0.7067359374999999 0.5328500625240465 0.7075325735399199 0.5340515624999999 0.8106968750000002
0 0.7046298059067713 0.8082706032082763 0.70345 0.706903125 0.6093670690932288 0.7079981467917238 0.610546875 0.8093656250000002
0 0.7986605393283066 0.806902262654844 0.7974687500000001 0.7046109375000001 0.7108941481716935 0.7056196123451561 0.7120859375 0.8079109375
0 0.7987078124999999 0.6990796875 0.7947206850450649 0.49612284630160214 0.6213024567678859 0.4995296818389872 0.6252895842228209 0.7024865230373851
0 0.5059008642572408 0.6042894702983278 0.5047171875 0.5026359375 0.44571007324275913 0.5033230297016721 0.4468937499999999 0.6049765624999999
0 0.5613205167038267 0.5515736240940192 0.5607343750000001 0.5011984374999999 0.5116013582961735 0.5017701259059807 0.5121875 0.5521453125
0 0.6165080371460914 0.5502927661661582 0.6159296875 0.5005531249999999 0.5667951062307041 0.5011244392881955 0.5673734558767954 0.5508640804543538
0 0.5330310978263553 0.5885946080393636 0.5326546874999999 0.5562546875 0.5119204646736446 0.5564960169606364 0.5122968749999999 0.5888359375000001
0 0.5620625601156177 0.5884297555088248 0.5617000000000001 0.5573421875 0.5374561898843824 0.5576249319911752 0.53781875 0.5887125
0 0.5914250310709454 0.5885542549447547 0.5910562500000001 0.556834375 0.5677687189290548 0.5571051200552454 0.5681375 0.588825
0 0.6182171665724245 0.587119788741602 0.6178625 0.5566843749999999 0.5948890834275754 0.5569520862583979 0.59524375 0.5873875
0 0.4234298437963015 0.4575817885334927 0.42170937499999994 0.30972968749999996 0.3272248437036985 0.31082914896650726 0.32894531250000003 0.45868125
0 0.5173903089985188 0.4558663186468774 0.515672280340407 0.3081897477549841 0.4281625 0.30920781250000007 0.42988052865811177 0.4568843833918934
0 0.7950046875000001 0.4928890625000001 0.7922041198643635 0.3050767827011317 0.6140494570750997 0.30773334053259876 0.6168500247107364 0.49554562033146726
0 0.6469451219634201 0.4947176142112677 0.6465015625 0.4604078125 0.5113167707309416 0.46215549073504897 0.5117603301943616 0.49646529244631665
0 0.5618572020759897 0.6607542131181804 0.5612562500000001 0.6089625 0.5240474675067159 0.6093942427197929 0.5246484195827055 0.6611859558379733
0 0.5193136742798278 0.6620124861545693 0.5186994316160779 0.6099163985872008 0.44620919483625016 0.6107710999326315 0.4468234375000001 0.6628671875000001
0 0.6185999999999999 0.6596609375 0.6181477923939571 0.6094239025229761 0.5691669563651585 0.6098648024807998 0.5696191639712013 0.6601018374578237
0 0.25824167684384425 0.4607866612591797 0.257015625 0.3553953125 0.12161607380606854 0.356970459524414 0.12284212564991277 0.46236180828359374