0 0.6053352740938173 0.4721224518419559 0.5980955374825809 0.32334286529727313 0.5320522303788027 0.3265565867456975 0.5392919669900389 0.47533617329038025
0 0.7328095609016007 0.5542149623827713 0.26737231594603494 0.39360190589206834 0.17529210697812125 0.6604392335251386 0.640729351933687 0.8210522900158417
0 0.3116244597694804 0.296452645437544 0.12316397187500001 0.293884809375 0.12170018823659992 0.4013158804970149 0.31016067613108034 0.4038837165595589
0 0.27326136875 0.5441845984374999 0.2689623508540187 0.4657611064134944 0.2023898265625 0.46941047812500003 0.20668884445848135 0.5478339701490056
0 0.19791139218750003 0.5229092125000001 0.19563740485072867 0.47617489343621583 0.1536046640625 0.4782201125 0.15587865139927135 0.5249544315637843
0 0.2076521328125 0.5537808015625 0.20658988510110685 0.5319642844409213 0.19946747656249997 0.532311075 0.20052972427389312 0.5541275921215787
0 0.20881329935771173 0.5945286971620123 0.20667855944598673 0.530560273394135 0.1538757046875 0.5323223984374998 0.156010444599225 0.5962908222053772
0 0.20823037021936894 0.5884495773155055 0.16738091875000008 0.588255484375 0.1673454032181312 0.5957302023719945 0.2081948546875001 0.5959242953125
0 0.253979078125 0.7527738046874999 0.24759088497182677 0.5988135068803897 0.15780715981705448 0.6025388554700546 0.16419535297022766 0.7564991532771648
0 0.32881669062499996 0.7531293953124999 0.322446403479083 0.6131676247034579 0.25638862354944714 0.6161742101770658 0.2627589106953641 0.7561359807861078
0 0.4531651421875001 0.8313716593750001 0.44796375157555124 0.7244869056858094 0.3562806554046321 0.7289485298112159 0.36148204601658096 0.8358332835004066
0 0.5555775763259557 0.834377512638496 0.5539471103287779 0.7283074685413978 0.45470704375000015 0.7298329468750001 0.45633750974717796 0.8359029909720983
0 0.6309418078125 0.8330962375000001 0.6256957910833001 0.7253108016290472 0.5566575235170613 0.7286709578846761 0.5619035402462612 0.8364563937556289
0 0.7343434125000001 0.83359331875 0.7291267976903695 0.726395300188247 0.63416795625 0.731016315625 0.6393845710596306 0.8382143341867531
0 0.8295152953124999 0.8343691640625002 0.8242692813456864 0.7265936277349453 0.736888771875 0.7308469062500002 0.7421347858418136 0.838622442577555
0 0.8255439515624999 0.7256915609375 0.8133082818649813 0.5097330393424613 0.6384097402221157 0.5196423532714236 0.6506454099196344 0.7356008748664623
0 0.525458509375 0.6227652593750002 0.520309200417862 0.5169618818524522 0.46075276165189916 0.5198604141183759 0.4659020706090372 0.6256637916409239
0 0.5796053093750001 0.5706864640625 0.5770075374089985 0.5173002556084356 0.5274170765625 0.5197133265625002 0.5300148485285017 0.5730995350165645
0 0.635443271875 0.570629325 0.6328773567024245 0.5178891447049658 0.5832852781250001 0.5203018984375001 0.5858511932975756 0.5730420787325342
0 0.55235443125 0.607706540625 0.5507118926333343 0.5739536502445828 0.529784634375 0.5749720468749999 0.5314271729916658 0.6087249372554171
0 0.5817463078125 0.6081747187500001 0.5801562966786635 0.5755168554601289 0.5556868320474073 0.5767081985941662 0.5572768431812439 0.6093660618840373
0 0.6114852312499999 0.6089636421875 0.6098677433412588 0.5757166588103806 0.5863633777279355 0.5768601618690173 0.5879808656366766 0.6101071452461367
0 0.638562940625 0.6081187765625 0.6370084169083295 0.5761836492275654 0.6138211477502075 0.5773123486516536 0.6153756714668779 0.6092474759865881
0 0.43643090625000003 0.47213400156249985 0.42892244182145306 0.3178321114859489 0.33355823780716365 0.32247261675288214 0.3410667022357107 0.4767745068294332
0 0.5315184015625001 0.47255224999999995 0.5240102537176365 0.31824831557878974 0.4356857125000001 0.32254602656250003 0.4431938603448636 0.4768499609837102
0 0.8140605953125 0.5168075937500001 0.8126493275730056 0.3238727223318335 0.625072784375 0.32524479531250006 0.6264840521144944 0.5181796667306666
0 0.6643588816445134 0.4805857848819735 0.5256844812500001 0.4796777078125 0.525457399978445 0.5143557767037058 0.6641318003729583 0.5152638537731793
0 0.584247128125 0.6813314703125001 0.5816092396428032 0.6270848807256483 0.5440539140624999 0.6289111109375001 0.5466918025446967 0.6831577005243519
0 0.5416233333837042 0.6291205402016607 0.46528856093750004 0.6285393812500001 0.46488698067879586 0.6812866332358395 0.541221753125 0.6818677921875002
0 0.6421385521645896 0.6308581353779181 0.5897607250000002 0.6303837203125002 0.5893000337729106 0.6812463661845822 0.6416778609375001 0.6817207812500001
0 0.26898035615808746 0.47052976292313087 0.26762298983799 0.3630608497724349 0.12835079687499998 0.36481990156249994 0.12970816319509743 0.47228881471319595