0 0.4389595220961085 0.5580546698403522 0.43766548767686153 0.48618038330738933 0.2739945704629849 0.4891271367364805 0.27528860488223195 0.5610014232694434
0 0.7344615646868082 0.13457458369499567 0.3957822105017187 0.11184075531879226 0.3633496111473743 0.5950084656623288 0.7020289653324638 0.6177422940385322
0 0.38466114267692925 0.04671094531877148 0.2655215372254279 0.04670893742476181 0.2655182 0.24472522656250004 0.3846578054515014 0.24472723445650973
0 0.5416901402317996 0.12006546308378245 0.45709388028811293 0.1199037110552112 0.4569545625000001 0.19276687031250003 0.5415508224436867 0.19292862234107128
0 0.5248466404073195 0.11133290281213135 0.5240229214758177 0.0655891090821116 0.47175942950599825 0.06653022970748027 0.4725831484375 0.11227402343750001
0 0.5543603403995989 0.1197491706168687 0.5542210125 0.111997875 0.530286203350401 0.11242809813313129 0.5304255312499999 0.12017939375
0 0.6036206187500001 0.06234201406250006 0.5320240456894575 0.06183225348890772 0.531614974036178 0.11928692932747013 0.6032115470967205 0.11979668990106249
0 0.6025743671875 0.07332180312500007 0.5945112086190545 0.07276342199415049 0.5914170296875 0.11744411406250006 0.5994801882559455 0.11800249519334964
0 0.7730117127990838 0.07140762074382842 0.6109248440032633 0.059150120051105405 0.6033106015625 0.1598369359375001 0.7653974703583205 0.1720944366302231
0 0.7677375233862139 0.2369442125307037 0.76621783125 0.16510105625 0.610724040676286 0.1683902030942963 0.6122437328125 0.24023335937500004
0 0.844903930259626 0.3664923990635781 0.8431077890625 0.266714521875 0.7237371416153737 0.26886336031142194 0.7255332828124998 0.3686412375
0 0.8380456862092887 0.47860260233353263 0.8369803875000003 0.37403362656250005 0.7179279559782116 0.37524647579146747 0.7189932546875 0.47981545156250005
0 0.8303154195164524 0.5597420902657679 0.8289634593749999 0.4846082593750001 0.7094585023585476 0.4867586347342323 0.7108104624999999 0.5618924656250002
0 0.824998174661142 0.6721130283900808 0.8231378390625 0.5687701921875001 0.703306700338858 0.5709273434849194 0.7051670359375 0.6742701796875001
0 0.8174592340088566 0.7755713087229622 0.8157485046869943 0.6804756655969004 0.6955748128656377 0.6826375381239382 0.6972855421874999 0.77773318125
0 0.7025576780787041 0.7791617543273033 0.7006521449762882 0.5885056110736294 0.46668747939758415 0.5908439958088262 0.46859301249999996 0.7815001390625
0 0.608877904779045 0.460282278562254 0.6077114796875 0.39546748125000003 0.49070848897095487 0.39757309956274606 0.49187491406249995 0.462387896875
0 0.5468639683052244 0.5229583432901105 0.5458922609375 0.4689895375 0.4861283941947755 0.47006558483488947 0.48710010156249994 0.524034390625
0 0.5423087163443945 0.5836873481256213 0.5413365475474977 0.5297168712234184 0.48227111714060333 0.5307808152852971 0.48324328593750004 0.5847512921875
0 0.5866430836741274 0.4906892869050612 0.5862331046874999 0.46791434374999985 0.5488341600758726 0.46858757403243867 0.5492441390625 0.4913625171875
0 0.585120881347035 0.52261368202134 0.5846421281249999 0.4959836578125 0.5483051217779649 0.49663692266616 0.548783875 0.523266946875
0 0.5834978859484192 0.5548997159836843 0.5830370874999999 0.5293201984375 0.5460907859265809 0.5299857621413159 0.5465515843750002 0.5555652796875001
0 0.5803646603745942 0.5844091596083623 0.5799107546875 0.5591745953125 0.5444042583754057 0.5598132669541378 0.5448581640625 0.58504783125
0 0.4554307706615913 0.37431532121393374 0.4535622375 0.2705313875 0.2826088371509087 0.27360924441106627 0.2844773703125 0.37739317812500006
0 0.4475618473283827 0.47770666802486045 0.44583098888208506 0.38158398714918434 0.2759625499230228 0.38464276807011993 0.2776934083693205 0.480765448945796
0 0.4770461908051139 0.7817454726137495 0.4742693229849304 0.5860002244121818 0.25653890092981657 0.5890889767984324 0.25931576875 0.784834225
0 0.48465451030727175 0.4708470042652091 0.4471488829192875 0.4684183230970634 0.4373540531250001 0.6196778796875001 0.4748596805129843 0.6221065608556458
0 0.6658260407562373 0.5200102766471909 0.6650888452856969 0.479139464422042 0.6048365857794595 0.4802262471498512 0.60557378125 0.5210970593750001
0 0.6713752828125001 0.3935039453125001 0.6144180659665648 0.3898803154933971 0.6090632546875001 0.47404872187500013 0.6660204715334354 0.477672351694103
0 0.6613073562500001 0.5290426125 0.603622947706574 0.5282875386036657 0.6029151078125001 0.5823634718750001 0.6605995163559262 0.5831185457713344
0 0.46921966406250004 0.04377133750000006 0.3537978795284319 0.03668088676109251 0.344084575 0.19479875312500003 0.45950635953406815 0.20188920386390757