0 0.6244361354563206 0.45466634185538013 0.6156270431690218 0.30601292638581445 0.5488511130911371 0.30997001898787935 0.557660205378436 0.458623434457445
0 0.7508183477097962 0.5321731746141218 0.2792337518570977 0.3860616645331723 0.1941668285041313 0.6606208053401883 0.6657514243568297 0.8067323154211378
0 0.32552542968750003 0.39555063281249997 0.3222688030038989 0.2856396064010885 0.13545079843750002 0.2911749609375 0.13870742512110118 0.40108598734891154
0 0.28974335625000003 0.5390153953125 0.28466926112873725 0.4614747838104858 0.2173540046875 0.46587975312499996 0.2224280998087628 0.5434203646270142
0 0.213400946875 0.5201236999999999 0.2106654663481414 0.47396247735295144 0.1681648796875 0.47648103124999996 0.17090036021435856 0.5226422538970484
0 0.2235693640625 0.5509968640625 0.22227452498045835 0.5291464354211934 0.2150714953125 0.52957328125 0.21636633439454167 0.5514237098913066
0 0.22522293878397406 0.59319924506694 0.2223912513860399 0.5288237382834325 0.16901822187499999 0.531171459375 0.17184990927293414 0.5955469661585073
0 0.2245664765625 0.5935851500000001 0.22434273290889645 0.5860338024848738 0.18325356718750002 0.587251259375 0.18347731084110358 0.5948026068901263
0 0.27248813124999993 0.750570690625 0.2645065509563587 0.597297310847904 0.17373438123102358 0.6020241940297353 0.18171596152466485 0.7552975738068313
0 0.348091965625 0.7483305765625 0.3402375040897443 0.6083271587723548 0.27344903611492977 0.6120741205321967 0.2813034976501855 0.7520775383223419
0 0.4745408953125 0.8231129578124999 0.4682784976908933 0.717434998950461 0.3755783578125 0.722928340625 0.38184075543410667 0.828606299487039
0 0.5780173828125001 0.8225929828125 0.5754179071971588 0.7179081754429175 0.47501689843750006 0.7204012781250001 0.4776163740528414 0.8250860854945825
0 0.654145959375 0.8186762624999998 0.647797600544201 0.711547718781003 0.5779934328125 0.7156842625000002 0.584341791643299 0.822812806218997
0 0.75860630625 0.8155859421874998 0.7523298690969765 0.7096710425518583 0.6563176437499998 0.7153606546875 0.6625940809030233 0.8212755543231417
0 0.8547566093750001 0.8130634953125 0.848434910086711 0.7063848126148086 0.7600849734375 0.7116203640625 0.7664066727257892 0.8182990467601915
0 0.8495850546874998 0.7033260328125001 0.8352075493304179 0.48960579389202297 0.6583505617587108 0.5015034143471251 0.6727280671157928 0.7152236532676022
0 0.5453485265625001 0.6096956812500001 0.5391051026798168 0.5043379187260638 0.47888796562499997 0.5079063421875001 0.48513138950768325 0.6132641047114363
0 0.5994906046875 0.5551616375000001 0.5963681017798143 0.5024693788262532 0.5462291453124999 0.5054405750000001 0.5493516482201857 0.558132833673747
0 0.6558962125 0.5531639093749999 0.6528122359383566 0.5011218087170544 0.6026732812499999 0.50409300625 0.6057572578116434 0.5561351069079454
0 0.5723568796875 0.5935362437500001 0.5703678347996644 0.5599711023117201 0.5492084374999998 0.5612249921875 0.5511974823878354 0.59479013362578
0 0.60205219375 0.592987634375 0.6001338320220906 0.5606152774189125 0.575392853125 0.5620814093750001 0.5773112148529094 0.5944537663310876
0 0.6321036906249999 0.592751721875 0.6301486094817713 0.5597597158087371 0.60638515 0.5611679203125 0.6083402311432285 0.594159926378763
0 0.6594479343749999 0.59095576875 0.6575709419915368 0.5592815031093828 0.6341264109375 0.5606708078125 0.6360034033209632 0.5923450734531172
0 0.45380810625 0.46050116093750004 0.4447148112536299 0.3070518198144241 0.34829435624999994 0.312765625 0.3573876512463701 0.46621496612307595
0 0.549868228125 0.457618128125 0.5407647844989747 0.30399750305195583 0.451461246875 0.3092895640625 0.4605646905010253 0.4629101891355442
0 0.8357609984375 0.4925395812500001 0.830557137302095 0.30035105555109026 0.6428082125000001 0.3054347062500001 0.6480120736354051 0.4976232319489099
0 0.6842958151506785 0.49625182945800733 0.6834141959276272 0.46114612719898995 0.5440422196387881 0.46464621423739516 0.5449238388618394 0.4997519164964125
0 0.6053594140625 0.6668627500000001 0.602168311405289 0.6130128890690593 0.5641997171875001 0.6152628796874999 0.5673908198447111 0.6691127406184407
0 0.561900615625 0.668900934375 0.5606238273027774 0.6155951334385289 0.4846230323890248 0.617415515568068 0.48589982071124743 0.670721316504539
0 0.6633791984375 0.6652620640625 0.6622930805514071 0.6138622276144858 0.6103806918773617 0.6149591761214274 0.6114668097634546 0.6663590125694415
0 0.2848198894775736 0.4637901128218293 0.2783492537363616 0.35459812803887053 0.14017291036350213 0.36278635529562003 0.14664354610471408 0.4719783400785788