0 0.8932317593397101 0.4709582578143211 0.6751499031250001 0.45809474843750014 0.6677157609727904 0.5841296796856793 0.8857976171875002 0.5969931890625002
0 0.8917432146295369 0.31316425746353865 0.6181143575928504 0.284940240612506 0.60425051271825 0.4193487497624723 0.8778793697549364 0.4475727666135049
0 0.5465838205648377 0.1178514431049337 0.24463089687500003 0.09991325937500004 0.23338969282530836 0.28913611937583295 0.5353426165151459 0.3070743031057666
0 0.6297075998190464 0.2610077212690445 0.6229419238032553 0.11111528591837445 0.5150525739881221 0.11598507394133813 0.5218182500039132 0.26587750929200815
0 0.8829971847851835 0.13777961954016366 0.6312682046874999 0.12282510000000006 0.6212289376169517 0.2918157823024349 0.8729579177146354 0.3067703018425985
0 0.4887071890625 0.41840680937499997 0.48665750538572483 0.3716429783591796 0.456268176580347 0.372974958863075 0.4583178602571222 0.41973878987889546
0 0.486582665625 0.3695509203124999 0.4836501176531153 0.3035685977594742 0.43121807656250005 0.3058989109375 0.4341506245343848 0.37188123349052576
0 0.39882778871799235 0.452727987202637 0.2599128406250001 0.44450995625 0.25434654266796913 0.5386008639415758 0.3932614907609614 0.5468188948942128
0 0.4936855859375001 0.5308951437499999 0.4884897018947025 0.4139877204363488 0.39534505781250007 0.41812748125 0.40054094185529765 0.5350349045636511
0 0.8813377355751447 0.4434376295613425 0.780387965625 0.4374600718750001 0.7790724628623553 0.45967645325115775 0.8800222328125 0.46565401093750014
0 0.7748912342803164 0.43711510733662573 0.6737175421875 0.43113734531250003 0.6724061148700335 0.4533332679812137 0.7735798069628499 0.4593110300053393