0 0.77826735 0.4742029937500002 0.588425510234302 0.47003658936425313 0.5858946723109913 0.585353990899663 0.7757365120766895 0.5895203952854101
0 0.7858795746841266 0.3269768360501115 0.5510065114204744 0.3146992043017362 0.5445162838814573 0.43885829740768356 0.7793893471451094 0.4511359291560589
0 0.4859299024347214 0.16431686943317578 0.22474536477998494 0.15847397538750754 0.22087199218750006 0.33161848593750004 0.4820565298422365 0.3374613799831683
0 0.5740532984375001 0.16624561718750006 0.4756850901693627 0.16121341677731324 0.4687005994117035 0.29774451361230503 0.5670688076798409 0.30277671402249184
0 0.79396595625 0.17115567656250005 0.5785580056431213 0.16633684011771724 0.5750987843515294 0.3209683113568417 0.7905067349584082 0.32578714780162454
0 0.4270012859375001 0.4006442562500001 0.3993020995266562 0.3991909339723067 0.3971788078125 0.43965921406249997 0.4248779942233439 0.4411125363401934
0 0.4301187484375001 0.3408750218750001 0.38232139306063895 0.33839664079690573 0.3793944334177447 0.39484515529763853 0.42719178879460584 0.39732353637573287
0 0.33097557499999997 0.4743574187500001 0.21099991354693642 0.47170339845666404 0.20909543750000004 0.5577957218749999 0.3290710989530636 0.560449742168336
0 0.42465735000000004 0.4450068328125 0.3397461445737862 0.44060402990080866 0.33456033884210507 0.5406160051391127 0.4194715442683189 0.545018808050804
0 0.7794933312500001 0.44976424531250003 0.6892726910297695 0.4477635162288099 0.688821898724558 0.46809149102264447 0.7790425389447886 0.47009222010633456
0 0.6828088140625 0.44760266250000014 0.5923271029478806 0.4456078613269683 0.5918793656250002 0.4659166718750002 0.6823610767396197 0.467911473048032