0 0.8964946562500001 0.41659105468750013 0.8346932298062549 0.41475990134814067 0.8299936059753673 0.57337220882397 0.8917950324191125 0.5752033621633295
0 0.8590466484375 0.2887084312500001 0.6581437665837961 0.28199319956720875 0.6482239450307137 0.5787693692704654 0.8491268268844175 0.5854846009532568
0 0.8736878125 0.5832057796875 0.7926745948754117 0.580674500814039 0.7836015287591763 0.8710566817358426 0.8646147463837648 0.8735879606093035
0 0.7926688066046683 0.8259076085515892 0.7836704711689519 0.5838831660534323 0.5020935645642834 0.594352040314343 0.5110918999999999 0.8363764828124998
0 0.8756044170041433 0.9731782507335378 0.8714333034767916 0.8324031539967638 0.5459219786601485 0.8420479329507261 0.5500930921875 0.9828230296875
0 0.5477536968750002 0.8451777125000002 0.4143233219751104 0.8404394889215586 0.4093942453125002 0.9792443671875001 0.54282462021239 0.9839825907659415
0 0.5081858140625001 0.59503631875 0.30862475103686715 0.5891233983159289 0.3011249000000001 0.8422433687499999 0.5006859630256331 0.8481562891840712
0 0.2985455205261536 0.7680243295594344 0.2939622005343665 0.6300113552518051 0.1005617003207129 0.6364340585048706 0.10514502031249998 0.7744470328124999
0 0.6505791734375002 0.29717216406250013 0.5658353670921336 0.2946612364519788 0.5599154431796138 0.49445866729774685 0.6446592495249803 0.4969695949082683
0 0.6878655518700069 0.28467270830311375 0.6796456059920417 0.05392595628622428 0.48139956125242767 0.06098812181634198 0.4896195071303929 0.2917348738332315
0 0.5313297852725106 0.32608330137126 0.5299291171875 0.15628222500000002 0.32148195378998945 0.1580016798787401 0.322882621875 0.32780275625000005
0 0.5574292078125 0.3391762281250001 0.3685051342190226 0.3339818611280146 0.36151354687500004 0.5882725500000002 0.5504376204684774 0.5934669169969856
0 0.3157929640625 0.08390897187500004 0.1302370437219746 0.07907460474133927 0.11583251276856817 0.6319589687612766 0.30138843310909363 0.6367933358949374