0 0.9434714873147524 0.4447769605320525 0.9423523056651186 0.3766675836793451 0.8044765362835726 0.37893317526381465 0.8055957179332063 0.447042552116522
0 0.932891571875 0.6031956390625001 0.9302664724587281 0.4496844543655113 0.6552968463831357 0.4543865391440788 0.6579219457994077 0.6078977238410675
0 0.9885916671875001 0.7264000000000002 0.9859393111910286 0.607043982839385 0.7032381390625001 0.6133262312500001 0.7058904950589715 0.7326822484106152
0 0.9930993093750002 0.8024664562500001 0.9915332894395565 0.7319955567644193 0.7125690921875001 0.7381947609375 0.7141351121229438 0.8086656604230809
0 0.9413268285427202 0.4442427561739505 0.9363401016443624 0.20410608627267735 0.6422375492298893 0.21021347965663623 0.6472242761282472 0.4503501495579093
0 0.727614346875 0.35247542187500003 0.723693844648917 0.20339941513718177 0.5605362855905844 0.20769024360440422 0.5644567878166675 0.35676625034222254
0 0.5642595062500001 0.396657278125 0.5530933360934022 0.208228170369593 0.4201316093750001 0.21610738437500002 0.43129777953159804 0.40453649213040704
0 0.2923483359375 0.4466309421875 0.29038318575191663 0.3581990783695058 0.05581091289326491 0.3634117893272849 0.057776063078848236 0.4518436531452791
0 0.4276696437500001 0.44408009843749996 0.424969403321914 0.21452676450287642 0.054736864350788575 0.2188818172149729 0.057437104778874634 0.4484351511495965
0 0.5679523671875 0.46654064687499996 0.5665098313530607 0.4016265304869756 0.43198060156249996 0.4046160687499999 0.43342313739693933 0.46953018513802425
0 0.6777759140625 0.45002306562500005 0.6772477721760136 0.4262566946346619 0.6443133156249999 0.42698857187499983 0.6448414575114862 0.45075494286533796
0 0.6495357703125 0.5558633625 0.6361411987196022 0.3319665968058677 0.36109761810511737 0.3484210146277873 0.37449218969801523 0.5723177803219197
0 0.5968900140625 0.55638843125 0.5964455558875248 0.5363878133761105 0.4688133609375001 0.539224084375 0.4692578191124753 0.5592247022488894
0 0.601637340625 0.636553059375 0.5971026736251426 0.5600305298181176 0.5371091731866376 0.5635856991025071 0.5416438401864949 0.6401082286593895
0 0.54421436875 0.7923820671875 0.5365193305118041 0.44610535269590895 0.09604259464429624 0.45589372478010376 0.10373763288249212 0.8021704392716948
0 0.708604001138865 0.8105774328524114 0.6931798186426303 0.5560617033118477 0.5371741436996195 0.5655159716398324 0.5525983261958543 0.820031701180396