0 0.13778436875000005 0.4271128343750001 5.238864897449957e-17 0.4264990000000001 -0.0003341954920824574 0.501514210602511 0.13745017325791753 0.502128044977511
0 0.30617069375000006 0.50873434375 0.005027403125000061 0.506853340625 0.0039687783588248865 0.6763361774082274 0.30511206898382487 0.6782171805332274
0 0.26101499531250005 0.6837844859375001 8.326672684688674e-17 0.681851040625 -0.0009761094432258692 0.8136257539313038 0.2600388858692741 0.8155591992438038
0 0.2568392250000001 0.8217826859375 1.0061396160665481e-16 0.8198801734375 -0.0005763200649540501 0.8976833935660252 0.2562629049350459 0.8995859060660253
0 0.3143159906142833 0.23828597646576583 2.8796409701215e-17 0.235957709375 -0.001962216320057165 0.5008568564206353 0.31235377429422606 0.5031851235114012
0 0.39879682351578294 0.2336718309672436 0.2232529113060163 0.23160613368471936 0.22131579843750004 0.39622288281250007 0.3968597106472667 0.3982885800950243
0 0.5540291250000002 0.24065609843750008 0.4068145081791821 0.23847514096639139 0.4037944953125 0.4423259921875001 0.551009112133318 0.4445069496586088
0 0.9640258106808473 0.39769994698125977 0.7072512659579439 0.3954145435525954 0.706382284375 0.493048225 0.9631568290979035 0.49533362842866435
0 0.9576575765624998 0.2428818703125001 0.5594144080551475 0.2389146758251725 0.5568888109375001 0.49244441875 0.9551319794448524 0.4964116132373276
0 0.5501949625 0.4489495078125 0.40367638220639457 0.4478641852046012 0.4031455062499999 0.5195324531250002 0.5496640865436053 0.5206177757328989
0 0.3169181812500001 0.4771181687500001 0.2813060069303173 0.4768543744821104 0.28111164218750007 0.5030935765625001 0.31672381650718284 0.5033573708303899
0 0.6248480932823959 0.37716938068241695 0.31928546438512223 0.37490595604680643 0.3174738671875001 0.6194718203125001 0.6230364960847738 0.6217352449481106
0 0.516140196875 0.5981489640625 0.3757738504280501 0.5971092135218917 0.3756102828125001 0.6191908453125 0.51597662925945 0.6202305958531082
0 0.4415533328991713 0.6252145652145392 0.3751194180515379 0.6245615554303393 0.3743015796875001 0.707764296875 0.4407354945351335 0.7084173066591999
0 0.9294671674425607 0.5001046901620463 0.44810672035143834 0.4966048263369486 0.44532702943897595 0.8789149181762177 0.9266874765300983 0.8824147820013154
0 0.441658859793092 0.6259604069456229 0.2689068358351375 0.6234011177932731 0.26473342209796363 0.9051065551209676 0.4374854460559181 0.9076658442733174