0 0.8796884828124998 1 0.875970310563992 0.7650225496403366 0.7056148870289431 0.7677181734425409 0.7093330592774512 1.0026956238022044
0 0.6974289890625001 1 0.6952177037968308 0.8507382127580483 0.6066658234184996 0.8520500921877815 0.608877108684169 1.0013118794297333
0 0.5952405687500001 1 0.5917490514118183 0.8383305867133727 0.503531890723891 0.8402357816405107 0.5070234080620728 1.001905194927138
0 0.692652034375 0.7437044625 0.6886428173610679 0.4377260223641296 0.5444606438275283 0.4396152326724758 0.5484698608414604 0.7455936728083461
0 0.5390615203125001 0.5833119421874999 0.5373448996919594 0.4905572261166725 0.4572715437500001 0.4920391515625001 0.4589881643705408 0.5847938676333275
0 0.40600476686078313 0.6070291638300723 0.40479246099671784 0.5025209084959303 0.36060407204718936 0.5030334980791726 0.3618163779112547 0.6075417534133146
0 0.5346034343750001 0.7425376609375001 0.5320982445405662 0.5039780086767772 0.35995358272926165 0.5057857538370963 0.3624587725636955 0.7443454060978192
0 0.6867461546875 0.32167164062500003 0.683640747503969 0.11205667085857207 0.5535328562500001 0.11398419531249997 0.5566382634335312 0.32359916507892794
0 0.5497305633902652 0.31797700314821753 0.5478967365049668 0.21124159504874584 0.46518167638799746 0.21266272702137307 0.4670155032732958 0.3193981351208447
0 0.39175962656249996 0.2609706015625 0.3900211427244127 0.14362297166437357 0.35384725468749995 0.14415888125 0.3555857385255872 0.2615065111481264
0 0.34826519433900793 0.004653499775150712 0.138803878125 0.0020563531250000168 0.13492482352947804 0.3149042553398743 0.344386139743486 0.317501401990025
0 0.5468171000000001 0.2041157203125 0.5454526469755737 0.11201517467322937 0.48081106250000005 0.11297282812500001 0.4821755155244264 0.20507337376427065
0 0.47302570624999996 0.20217781562500003 0.47168785283459547 0.11187266923450952 0.3965789140625 0.11298539375000001 0.39791676747790455 0.20329054014049053
0 0.46111335634279216 0.26612092258888675 0.343863621875 0.2643838890625 0.3429641999072079 0.3250948570986133 0.460213934375 0.32683189062500007
0 0.45923380442255207 0.20506687130965373 0.3985022359375 0.20416714375000003 0.39765478932744797 0.2613697505653464 0.45838635781250003 0.26226947812500007
0 0.35301160200164766 0.4228705412027171 0.14598234843750008 0.4192460578125 0.1404327410728941 0.7362377354042877 0.3474619946370417 0.7398622187945049
0 0.5831318616685741 0.43396801744109254 0.3650618015625001 0.4285217078125001 0.36344167225154395 0.4933916326447287 0.5815117323576179 0.4988379422733211