0 0.257086886416501 0.12115227863669123 1.3877787807814457e-17 0.10946663125 -0.007919290571539206 0.2836928155847519 0.2491675958449618 0.29537846297144316
0 0.16382320529377983 0.30349790183539055 3.608224830031759e-17 0.2962168703125 -0.00402518342333604 0.38678349514212623 0.15979802187044376 0.3940645266650168
0 0.17339415107824388 0.40974349076431693 4.718447854656915e-17 0.40085988281249996 -0.004621590437360804 0.491066109253821 0.16877256064088303 0.49994971720563797
0 0.5865891361823726 0.32275489078956626 0.27336313906250004 0.3093703828125 0.26706157246037737 0.4568404643238426 0.58028756958025 0.4702249723009088
0 0.52789440167925 0.47596001701541735 0.4329613359375001 0.47138990312500006 0.42901929988325016 0.5532761704845828 0.523952365625 0.5578462843750001
0 0.5117386733550997 0.6119001747456931 0.4047992218409845 0.6064060886626162 0.4024639245989185 0.6518614023240104 0.5094033761130338 0.6573554884070872
0 0.5139896583442181 0.48092122531440495 0.2697633390625001 0.47112098437500005 0.262697502625702 0.6472047394862932 0.5069238219074201 0.6570049804256981
0 0.9199521403547294 0.3377527075194625 0.7053869750000001 0.3282164781250001 0.6994728362077709 0.4612846034180377 0.9140380015625003 0.4708208328125001
0 0.8147220464897857 0.4742196283500578 0.7053386121902226 0.46845839570731646 0.700880590879559 0.553098907795541 0.8102640251791222 0.5588601404382824
0 0.8787226109270598 0.6372266538247329 0.7586017890625001 0.6318879500000001 0.7569574812604402 0.6688848711752672 0.877078303125 0.6742235750000001
0 0.9907041038769219 0.6835883788990328 0.6989771194025607 0.6790305419963352 0.6956372311506391 0.8928020193473026 0.9873642156250002 0.8973598562500003
0 0.9158059050869698 0.47914807918736607 0.8215307437500001 0.47495807187500005 0.8185924183505303 0.5410703911251341 0.9128675796874999 0.5452603984375001
0 0.9137134871014803 0.5546284583322646 0.821276740625 0.5505201578125 0.8178626144610197 0.6273379838552355 0.9102993609375 0.6314462843750002
0 0.755431338877639 0.5607690217577327 0.6932300671875 0.559847521875 0.691451956434861 0.6798700548047674 0.753653228125 0.6807915546875
0 0.8178996589539622 0.5645443753174869 0.75929286875 0.5636761265625001 0.7583718644835378 0.6258439137450132 0.8169786546875001 0.6267121625000001
0 0.5916248777666626 0.6666229973719648 0.26682593019600553 0.6626863109707707 0.2642571071168429 0.8746287792238059 0.5890560546875001 0.8785654656250002
0 0.5872411285883024 0.4308269295547967 0.520758807617683 0.4305178715557757 0.5197207696543807 0.653813088875979 0.5862030906250001 0.654122146875