0 0.25824554976672587 0.14361448102608387 0.020081070517601808 0.14337418477581446 0.019918242652299734 0.30475753430141916 0.2580827219014238 0.3049978305516886
0 0.17498750000000005 0.3160078125 0.02077656250000004 0.3160078125 0.020776562500000047 0.3998921875 0.17498750000000005 0.3998921875
0 0.18714385671901518 0.41382285092492943 0.020017187500000047 0.4126890625 0.019450095537692905 0.4962815465273122 0.18657676475670804 0.49741533495224166
0 0.5664135762263779 0.4530479568588349 0.5662640624999999 0.31644375 0.27745204877362206 0.316759855641165 0.2776015625 0.45336406250000005
0 0.5148609375000001 0.46046718750000004 0.42855625 0.4601484375 0.42827605629327525 0.5360136305928547 0.5145807437932752 0.5363323805928546
0 0.502886370126962 0.6280356796708245 0.5028051224783641 0.586257073218791 0.4030437523514019 0.5864510810479664 0.4031249999999999 0.6282296875
0 0.5007585185427817 0.6291502090372728 0.500706257983982 0.46597057331848346 0.27759044480084044 0.4660420292757335 0.2776427053596401 0.6292216649945229
0 0.8732515624999999 0.3166078125000001 0.6784234375 0.3166078125000001 0.6784234375 0.4398578125000001 0.8732515624999999 0.4398578125000002
0 0.778575 0.5242984374999999 0.7782758134351406 0.44602512628451246 0.6781242509351405 0.44640793878451246 0.6784234375 0.52468125
0 0.841871875 0.5951328125000002 0.7317734375 0.5951328125000002 0.7317734375 0.6294000000000002 0.841871875 0.6294000000000002
0 0.9808581581823861 0.8310521493726528 0.9803832599951393 0.6344951454828146 0.6766735393127533 0.6352289336101618 0.6771484375000001 0.8317859375
0 0.8731890625000001 0.4474828125000002 0.7877953125 0.4474828125000002 0.7877953125 0.5087171875000002 0.8731890625000001 0.5087171875000002
0 0.8719953125 0.5173421875000002 0.7885953125 0.5173421875000002 0.7885953125 0.5884921875000002 0.8719953125 0.5884921875000002
0 0.7278687500000001 0.5312250000000001 0.6703578125 0.531225 0.6703578125 0.6405421875000001 0.7278687500000001 0.6405421875000001
0 0.785665625 0.5320500000000001 0.731478125 0.5320500000000001 0.731478125 0.5879500000000002 0.785665625 0.5879500000000002
0 0.5785346169220309 0.8301246429824916 0.5779011521926551 0.6356287087253772 0.2774727852706242 0.6366071907428856 0.27810625000000005 0.831103125
0 0.5727159219669786 0.6229516966083328 0.570629386578773 0.4176646026002417 0.5091509646117944 0.41828946849190884 0.5112375 0.6235765625