0 0.7565214899936425 0.6815278164149609 0.5324267734375001 0.6665881687499999 0.5242293256313576 0.7895498867100392 0.7483240421875001 0.8044895343750001
0 0.7501595576185852 0.8138473756179205 0.5476895328125001 0.8003493734375 0.540925008006415 0.9018172415695795 0.7433950328125001 0.91531524375
0 0.693073284173152 0.17441983748204476 0.5225538875 0.16305187812500005 0.5170733595768481 0.2452598000179554 0.68759275625 0.25662775937500004
0 0.13201689644053125 0.2010482452761634 0.008625976562500026 0.192822184375 0.0021713473094688296 0.28964162816133665 0.12556226718750005 0.2978676890625
0 0.3986295551541975 0.24693619231715602 0.14397061093750002 0.22995892968750004 0.13042474953330258 0.433146854557844 0.38508369375000007 0.45012411718750006
0 0.12304630565124972 0.3047608868273458 0.0030100125000000364 0.29942593906250003 -0.0026552540887496033 0.4268944037976542 0.11738103906250008 0.4322293515625
0 0.4284625483019827 0.5276888598845489 0.30432078125000006 0.5194127421875 0.29642334544801735 0.6378742807404512 0.4205651125000001 0.6461503984375001
0 0.29649101742767003 0.4542816602674872 5.551115123125783e-17 0.4358395359375001 -0.012966205183833252 0.6442950966062717 0.2835248122438367 0.6627372209362589
0 0.6920587168272375 0.26793112287503623 0.4065793328125 0.24659158125000005 0.39123441720527763 0.4518751403948918 0.6767138012200151 0.47321468201992795
0 0.9005364514115829 0.42178507667188914 0.6043579402616868 0.4087714988621589 0.589067638850104 0.75676639875277 0.8852461500000002 0.7697799765625002
0 0.5941018607225248 0.4694944599058736 0.44472606100707807 0.46302899193546415 0.43546242342182107 0.6770526757438036 0.5848382231372679 0.683518143714213