0 0.7449122640624999 0.7886731296875001 0.7309239859441048 0.578848953089465 0.6178522015624999 0.5863870718750002 0.6318404796808951 0.7962112484730353
0 0.8470252625000001 0.7871571984375001 0.8344042968542589 0.5978427137513826 0.7410975890624999 0.6040631609375 0.7537185547082411 0.7933776456236173
0 0.24012138437500002 0.7179139421875 0.22949795281225663 0.5585624895705859 0.15390209531250001 0.5636022140625001 0.16452552687524338 0.7229536666794143
0 0.27811918125 0.20221065624999995 0.27036413036504425 0.08588489297566371 0.18133197031249998 0.0918203703125 0.18908702119745574 0.20814613358683626
0 0.41840576406250013 0.4450028765624999 0.40239447878098067 0.20483359408348498 0.21554916093749998 0.2172899484375 0.23156044621901936 0.45745923091651497
0 0.40191781875 0.1983447234375 0.4002796636536858 0.08776930026024225 0.27955492656250003 0.08955781562500001 0.28119308165881424 0.20013323880225778
0 0.5990211750000001 0.4829662468750001 0.5911807297452671 0.3653595762602451 0.48224717031250003 0.37262181406250006 0.490087615567233 0.49022848467725505
0 0.6136238984375 0.35742185000000004 0.5977232632539637 0.07521352570593752 0.40496865781249997 0.08607401562500001 0.4208692929960362 0.3682823399190625
0 0.4379847537712509 0.7122624387761936 0.4197396914126326 0.4462745644752052 0.23087421406250003 0.4592295249999999 0.2491192764211183 0.7252173993009883
0 0.712931446875 0.9136376781250002 0.7090273922488554 0.640811157472102 0.3815088416572249 0.6454978364266462 0.3854128962833695 0.9183243570795442
0 0.6319447854783715 0.635064417316533 0.6300658301928381 0.4974713803765158 0.4303535946393133 0.5001986285638103 0.43223254992484667 0.6377916655038275