0 0.9965878683101694 0.017029607185228307 0.8242436870668944 0.01689200737122708 0.8239724005172189 0.35667922747399655 0.9963165817604939 0.3568168272879978
0 0.8177194125088759 0.44961690063525966 0.8113047437500003 0.1368368828125 0.5175232999911243 0.14286191811474028 0.5239379687500001 0.4556419359375
0 1 0.5281532375000002 0.834172378125 0.5281532375000002 0.834172378125 0.7432961281250001 1 0.7432961281250001
0 0.8352291974309717 0.807321379826927 0.8205994006184124 0.6002075902071755 0.5221851143553342 0.6212865361431703 0.5368149111678935 0.8284003257629218
0 0.7403877119170719 0.5438922982928004 0.734134146875 0.45008881718750005 0.5432329946923286 0.46281555992363205 0.5494865597344003 0.5566190410289324
0 0.6866271667449173 0.5991284824277245 0.6799199573099282 0.5088966791477588 0.5191815358775109 0.5208448639075345 0.5258887453125001 0.6110766671875001
0 0.8976194492767128 0.5962213527823307 0.8906756558298807 0.3624782267197971 0.687790707515423 0.3685053180755869 0.694734500962255 0.6022484441381204
0 0.39749829107039436 0.2609340450216942 0.3921772171874999 0.1666240859375 0.20840675111710563 0.1769926221658058 0.213727825 0.27130258125
0 0.42182380958393695 0.3593558937873006 0.41642037031249995 0.2684018281250001 0.2429191169785629 0.2787092671501995 0.24832255625 0.3696633328125
0 0.2115749176741259 0.37649651050777033 0.2026402390625 0.1777422578125 0.016924594085552972 0.18609080672915584 0.025859272697178904 0.38484505942442626
0 0.2099395977493952 0.45083051580125366 0.2030739402413852 0.3769469894960824 0.03276715030449005 0.39277281900732863 0.0396328078125 0.4666563453124999