0 0.9694388496616527 0.16135698725111194 0.5076301526726497 0.1287186703500695 0.479769687005711 0.5229242106101697 0.9415783839947143 0.555562527511212
0 0.8373066031250002 0.4260198109375001 0.7851383635253987 0.42254192808919333 0.78197190625 0.4700387843750001 0.8341401458496016 0.4735166672233069
0 0.9405577563042182 0.6573933960617291 0.7719256812500002 0.6461512578125002 0.7585755765082821 0.8464028305007713 0.9272076515625003 0.8576449687500002
0 0.6265587062689776 0.5955601522171768 0.4761360271087597 0.5864039681464986 0.47057996745117414 0.6776818818293886 0.621002646611392 0.6868380659000668
0 0.6798161421875 0.5457176109375 0.47963617688717664 0.5336162334716376 0.47695981745434485 0.5778883454611039 0.6771397827546682 0.5899897229269664
0 0.7556425746336448 0.7062742120296824 0.47027102809498783 0.6865740941018443 0.45577524237223804 0.8965568365984546 0.7411467889108951 0.9162569545262927
0 0.8434955969585521 0.4848465404308341 0.6449106895613925 0.47160754826717877 0.6304240038108404 0.6889078618184519 0.829008911208 0.7021468539821071
0 0.3745008390625001 0.225653459375 0.1980608935222306 0.21446561005864817 0.1923014379761825 0.30529611681217467 0.36874138351645197 0.3164839661285265
0 0.18787641406250002 0.21290702343749998 0.010227045348342841 0.20308505494636128 -0.00014267395019731954 0.390641560425958 0.17750669476395986 0.4004635289170967
0 0.3887997906250001 0.3270480078125 0.20113802617521648 0.317324173100308 0.19653375813763124 0.40618264195618303 0.38419552258741485 0.415906476668375
0 0.17391195000000004 0.40986582812499994 0.012236165946296024 0.3997417226249637 0.007764048758796016 0.4711587038749637 0.16943983281250002 0.48128280937499995