0 0.4142980169881062 0.9763269219881281 0.40434485176696083 0.8083672575068931 0.06214125188017361 0.8286459891860959 0.07209441710131895 0.9966056536673309
0 0.4955704947909383 0.7916026178491367 0.47962319375 0.4939048937500001 0.16381073177156175 0.5108225790258635 0.1797580328125 0.8085203031250001
0 0.8072047273612478 0.9530435607839923 0.7973078562499998 0.78603385625 0.5826163195137519 0.7987563173410077 0.5925131906249999 0.9657660218749999
0 0.8623755345966364 0.780800110025544 0.8590970866201557 0.4785436582137976 0.6476478487140418 0.4808371587230057 0.6509262966905224 0.783093610534752
0 0.5871100104351828 0.7054923287065087 0.5842404128414849 0.5117943826964039 0.488506941468802 0.5132126555523953 0.49137653906250006 0.7069106015625001
0 0.6387442063417728 0.6473630066052187 0.6375769156249999 0.48418698125 0.5454262694831342 0.4848461871201752 0.5465935601999071 0.648022212475394
0 0.6517163674795888 0.861333145629715 0.6425853318818759 0.655618024744455 0.40618912726220363 0.6661108954204537 0.4153201628599166 0.8718260163057134
0 0.2714834568960866 0.3799725143770389 0.26682242968750003 0.19402973906250004 0.17065927747891343 0.1964402606229612 0.1753203046875 0.3823830359375
0 0.3734134105329627 0.39719902124996 0.3695373046875 0.2216200125 0.27677144727953723 0.22366792406254005 0.28064755312499995 0.3992469328125
0 0.3676023514340532 0.1891810575423655 0.3669545603895321 -0.0004146328043525334 0.1672966325245415 0.00026753785787111224 0.16794442356906253 0.18986322820458915
0 0.450735421875 0.0032603031250000546 0.3751353749091429 0.0025666617592989376 0.37355012801075055 0.17534289151861499 0.44915017497660764 0.1760365328843161