0 0.9880108143935914 0.048380747023336966 0.8110488600534203 0.041795893391264716 0.7979231775110763 0.3945366777009801 0.9748851318512475 0.40112153133305234
0 0.7931590250000002 0.1676419968750001 0.491159010462507 0.16281644798586184 0.4859184937500001 0.49078662500000003 0.7879185082874933 0.4956121738891383
0 0.9761311921875002 0.5748198234375002 0.798699185976274 0.5709775468475189 0.7938786390625002 0.7935849750000002 0.9713106452737266 0.7974272515899815
0 0.7962674438921215 0.8594475418733568 0.7852426283895058 0.6457405334894777 0.4749922453256568 0.66174587303712 0.48601706082827245 0.8754528814209989
0 0.7067100554181509 0.5859927018203739 0.7021029406250001 0.48920155156249995 0.504651101681718 0.49859996542272167 0.5092582164748688 0.5953911156805957
0 0.6484167539567246 0.6419428890430157 0.6432692379635007 0.5488373870991112 0.476939957444276 0.5580332199310956 0.48208747343749997 0.651138721875
0 0.8662360587690353 0.4020905735697469 0.6575763654728076 0.4006652461366542 0.6559049002231664 0.6453580923191709 0.8645645935193939 0.6467834197522635
0 0.36503191515035877 0.28741159493833346 0.36139500312500006 0.19010039375000004 0.1704691910996413 0.19723606131166663 0.17410610312500002 0.2945472625
0 0.38626697351505335 0.38939948693580895 0.3824790453125 0.295550609375 0.2021713921099466 0.30282818650169097 0.2059593203125 0.3966770640625
0 0.16622874375000002 0.19783189375000004 0.001578165810318066 0.1966122595751454 0.000021353233261342185 0.4067819119520196 0.1646719311729433 0.40800154612687434
0 0.16476161560291944 0.47954056098884845 0.15914738984308924 0.40350123015699646 -0.0019739538848302096 0.41539733166814796 0.003640271875000001 0.49143666249999995