0 0.9736517974314307 0.09454519157018045 0.806725073373524 0.09193878870159174 0.8016701841026788 0.4156784977952094 0.9685969081605854 0.4182849006637981
0 0.794228784608988 0.488780224807034 0.7925738720578015 0.19772843564641535 0.5082513374488133 0.1993450858393813 0.5099062499999999 0.49039687499999995
0 0.9753876308880329 0.5913530511492184 0.8082562477325546 0.589482141657151 0.8060250000000002 0.7888031250000002 0.9731563831554786 0.7906740344920677
0 0.795125 0.6527640625000001 0.5117218750000002 0.6505703125000001 0.5101695685679408 0.8511075176524685 0.7935726935679406 0.8533012676524685
0 0.7134125 0.49858437499999997 0.5307546875 0.49858437499999997 0.5307546875 0.5897703125 0.7134125 0.5897703125
0 0.6632973401970831 0.6397742854696306 0.662625020040649 0.5519810744038007 0.5088933048435659 0.5531583514341701 0.5095656249999999 0.6409515625
0 0.8693688258771255 0.6404508869329424 0.8661959987429366 0.4225029331187741 0.6699150303827885 0.42536033816176405 0.6730878575169774 0.6433082919759323
0 0.3865328125 0.20218593750000005 0.21177336985830922 0.2004614956441108 0.21086982751446864 0.2920288372007366 0.38562927015615944 0.2937532790566258
0 0.40853593750000006 0.30225 0.24455791101612467 0.30195390275103284 0.2443984087196053 0.3902859351968927 0.4083764352034806 0.3905820324458599
0 0.20294062500000004 0.2007171875 0.026169472902274993 0.1998136480606052 0.025197798442105162 0.3899149389386266 0.20196895053983024 0.3908184783780214
0 0.20255811696938647 0.4655739594371158 0.20066893460851137 0.3935300260211588 0.03915144263912493 0.3977654415840431 0.041040625 0.4698093750000001