0 0.9927865281249998 1 0.9620323871127721 0.5094407208792523 0.5472397661781396 0.5354448987594863 0.5779939071903676 1.026004177880234
0 0.6993421109375 0.9132413578125 0.6952347633264302 0.8516311279788225 0.6453088890624998 0.8549595187499998 0.6494162366735697 0.9165697485836773
0 0.4691552812500002 0.8331136796875 0.2466014437500001 0.8331136796875 0.2466014437500001 1 0.4691552812500002 1
0 0.4910818769302372 0.6846008591670472 0.47914843173891625 0.5198093656732884 0.38334529156229075 0.5267469902934421 0.3952787367536116 0.6915384837872008
0 0.5514251109374999 0.7473192343750001 0.5356726935721456 0.5310265967717034 0.48921070948821377 0.5344103853880081 0.5049631268535681 0.7507030229913048
0 0.39339455625 0.8286613578124999 0.3725903783723324 0.5052129636391307 0.15173468535476617 0.5194183862215357 0.17253886323243384 0.842866780394905
0 0.661647474821952 0.8875144412900913 0.45436760333116866 0.6460984053342294 0.33469801811485805 0.7488467424394221 0.5419778896056414 0.9902627783952838
0 0.8447304437499998 0.4213421484375 0.8308188712176543 0.222313578668844 0.7354231279969832 0.22898148972620605 0.7493347005293287 0.42801005949486204
0 0.8377359188810709 0.04673253637917757 0.6209129999999999 0.03952900000000008 0.6150396373689289 0.2163143401833226 0.8318625562499999 0.2235178765625001
0 0.7402153328125001 0.43728419687500003 0.7231849645741923 0.22805324640969826 0.6301376428804745 0.23562683984082441 0.6471680111187822 0.44485779030612616
0 0.6229688890624999 0.21026246875000004 0.6097494610936771 0.030441401839127625 0.5348004577284959 0.03595122873728606 0.5480198856973187 0.21577229564815847