0 0.42426464244932516 0.24202357581113132 0.4240117546875 0.0294599140625 -0.0002528877618252057 0.029964663251368696 4.336808689942018e-20 0.24252832500000002
0 0.41654902475037925 0.4280974816940139 0.41582511562500013 0.33036973906249995 -0.0007239091253791543 0.33345528705598604 0 0.4311830296874999
0 0.4194053321928803 0.3231932717977089 0.41885033906249997 0.248269203125 -0.0005549931303802554 0.25137590945229105 0 0.32629997812499995
0 0.9718320879185367 0.696137576592198 0.9704538765624999 0.48474171718750003 0.5469943008546633 0.48750249404333124 0.5483725122106999 0.6988983534480291
0 0.9670022321907329 0.88250887674512 0.9662729890625001 0.7840610343750001 0.5415757943717673 0.7872069388798801 0.5423050374999999 0.8856547812500001
0 0.9666520855997582 0.7783903483440208 0.96608528125 0.7018717765625 0.5455540253377417 0.7049868235309792 0.5461208296875 0.7815053953125
0 0.41246208258342965 0.6070050589771887 0.41159478436785124 0.48991982715991245 -0.000867298215578366 0.4929751025577237 0 0.610060334375
0 0.29226813125000006 0.6166077765625 7.554921132691576e-17 0.6166077765625 8.080331214984021e-17 0.7024137546875 0.29226813125000006 0.7024137546875
0 0.28656597896222646 0.8867998057804434 0.28598678125 0.7531511250000001 -0.0005791977122264668 0.7543930254695568 0 0.8880417062499999
0 0.30130035927589294 0.7461289617544725 0.3011123265625001 0.7068103609375 -0.0001880327133928973 0.7082512648080275 0 0.747569865625
0 0.4113234375000001 0.6157692859375 0.3010162934868336 0.6142933144661764 0.2973703828125001 0.8867714765624999 0.4076775268256666 0.8882474480338235