0 0.43310312500000003 0.041064062500000054 0.02361132118655639 0.04043281550011972 0.0232928654351778 0.24701600732759127 0.4327846692486214 0.24764725432747162
0 0.4316453125 0.3335 0.024604687500000038 0.3335 0.024604687500000045 0.4285 0.4316453125 0.4285
0 0.4328125 0.25371718750000005 0.02527031250000003 0.2537171875 0.025270312500000038 0.32655 0.4328125 0.32655000000000006
0 0.9760921874999999 0.6930390625 0.9759097196281287 0.48754682916283854 0.5660695853192156 0.4879107487908471 0.5662520531910867 0.6934029821280087
0 0.9765 0.7784671875000001 0.5665828125000002 0.7784671875 0.5665828125000002 0.8741671875 0.9765 0.8741671875
0 0.9745421875 0.6985750000000002 0.5680421875 0.6985750000000001 0.5680421875000001 0.7729578125000001 0.9745421875 0.7729578125000002
0 0.4309796875 0.4885578125 0.02527031250000005 0.4885578125 0.025270312500000065 0.602375 0.4309796875 0.602375
0 0.31772656250000014 0.6108437499999999 0.025378125000000078 0.6092749999999999 0.024931064699695145 0.6925880710836197 0.31727950219969514 0.6941568210836198
0 0.31457031250000006 0.7435234375 0.026870312500000087 0.7435234375 0.026870312500000097 0.8734203125000001 0.31457031250000006 0.8734203125000001
0 0.3286920228670478 0.6985877214916089 0.023976060811542504 0.6984270827404477 0.02395591294449482 0.7366456112488389 0.3286718750000001 0.73680625
0 0.4357500000000001 0.872759375 0.43396214395586713 0.6100325893797194 0.3267340189558671 0.6107622768797193 0.32852187499999996 0.8734890625