0 0.2492621264726221 0.4279802151556035 0.246660378125 0.009664675 0.03872057821487788 0.010957973906896434 0.0413223265625 0.42927351406250003
0 0.43119496875 0.0008782328125000528 0.335597484375 0.0008782328125000469 0.33559748437500003 0.41472763749999997 0.43119496875 0.41472763749999997
0 0.3286037734375 0.00610765156250004 0.25531289375 0.0061076515625000365 0.25531289375000005 0.41947037031249995 0.3286037734375001 0.41947037031249995
0 0.697404014712151 0.9535191339686477 0.6970335671318743 0.5363406331066354 0.4902443321072232 0.5365242585129875 0.4906147796874999 0.9537027593749998
0 0.8796650937500001 0.5263330187500002 0.7833632078125 0.5263330187500002 0.7833632078125001 0.9431083859375 0.8796650937500001 0.9431083859375
0 0.7778191828125001 0.5323280562500001 0.7029685531250001 0.5323280562500001 0.7029685531250001 0.94471135625 0.7778191828125002 0.94471135625
0 0.606163521875 6.722049694196698e-17 0.491630503125 6.020737220152341e-17 0.491630503125 0.407123025 0.606163521875 0.407123025
0 0.6987586049049873 0.28678801785246877 0.6956774228609187 -0.000884022111633695 0.6116043523309315 0.00001646316089759653 0.6146855343750001 0.28768850312500005
0 0.8789135218749999 9.9631949089898e-17 0.7481996859375 9.162803505064142e-17 0.7481996859375 0.27857844218750005 0.8789135218749999 0.27857844218750005
0 0.7414434176027849 0.2942749000816015 0.7406704781502549 -0.00009936852244163234 0.7022081933599702 0.0000016220209568530014 0.7029811328125002 0.29437589062499997
0 0.8828196089661642 0.3945775775123369 0.8789827046875001 0.28680517031249997 0.6108910832213357 0.29634974592516306 0.6147279874999999 0.404122153125