0 0.39196718750000004 0.16489531250000006 0.21584403731587626 0.1640940747803132 0.21548309981587624 0.2434331372803132 0.39160625000000004 0.24423437500000006
0 0.41308124999999996 0.32157187499999995 0.412685175537729 0.24732710157511367 0.20834687500000001 0.2484171875 0.20874294946227095 0.3226619609248863
0 0.20723906250000002 0.16399843750000004 0.03197968750000002 0.1639984375 0.03197968750000003 0.3158640625 0.20723906250000002 0.3158640625
0 0.20679687500000005 0.322003125 0.041484375000000046 0.322003125 0.041484375000000046 0.3815234375 0.20679687500000007 0.3815234375
0 0.09467656250000005 0.3863 0.04045000000000005 0.3863 0.040450000000000055 0.45439999999999997 0.09467656250000006 0.45439999999999997
0 0.9718301760492778 0.48838717925111885 0.9716853707704558 0.16123159409421017 0.4997078841669832 0.16144050029861592 0.49985268944580497 0.4885960854555246
0 0.971471875 0.5688265625000002 0.7957156249999999 0.5688265625000002 0.795715625 0.7336046875000002 0.971471875 0.7336046875000002
0 0.6530586094648388 0.5366818014289323 0.49872678468480086 0.5356042139028416 0.49818848771996205 0.6126989749739093 0.6525203125 0.6137765625000001
0 0.7868562500000001 0.6223250000000001 0.49968153593732306 0.6205360582407996 0.49864416637732417 0.7870626124105359 0.7858188804400013 0.7888515541697363
0 0.7099305950265107 0.5710516042038605 0.7097140624999999 0.4949890624999999 0.526151232394443 0.4955116235725837 0.5263677649209537 0.5715741652764443
0 0.8494406250000001 0.3874750000000001 0.795925 0.3874750000000001 0.795925 0.42317656250000024 0.8494406250000001 0.42317656250000024
0 0.8628734375 0.4566843750000002 0.7189921874999999 0.45668437500000014 0.7189921874999999 0.6135515625000001 0.8628734375 0.6135515625000002
0 0.7081640625000001 0.5781078125 0.661784375 0.5781078125 0.661784375 0.614084375 0.7081640625000001 0.614084375