0 0.7868688485541149 0.15784575749281665 0.6014321906250001 0.1558470062500001 0.6005439356527136 0.2382559773722006 0.7859805935818284 0.24025472861501718
0 0.7943408594350062 0.24546507827335717 0.581668446875 0.24150287500000003 0.5802334960375763 0.318524278357057 0.7929059085975826 0.32248648163041416
0 0.9801053846443759 0.1605253649309939 0.7933437109374999 0.15775852500000007 0.791007218480624 0.31547174756900626 0.9777688921875001 0.3182385875000001
0 0.9698202578201822 0.32449767794119305 0.7962351375 0.3219260453125 0.7953194015548176 0.38373819237130713 0.968904521875 0.3863098250000001
0 0.9700527187500001 0.39128840781250007 0.9137309629380388 0.3909118375023969 0.9132580535630387 0.46164255000239696 0.969579809375 0.46201912031250003
0 0.4942877468749999 0.4878536562499998 0.4934201152645542 0.14446314148459122 0.0027050977553200574 0.14570301225155827 0.0035727293657657 0.48909352701696684
0 0.19324203313592841 0.569376468137481 0.008394637500000069 0.5666379874999999 0.00585948248907171 0.7377609068625189 0.19070687812500006 0.7404993875
0 0.4996305703002493 0.5414759964258231 0.3393852845814078 0.5379834770716513 0.33763683281250007 0.6182066984375 0.4978821185313415 0.6216992177916718
0 0.5004504882148264 0.6276156715983486 0.19819860468750009 0.6250204906250001 0.1967133156257202 0.7980070457500001 0.4989651991530465 0.8006022267233487
0 0.46823300375276566 0.4976334513351869 0.27638637656250004 0.49391078593750004 0.27485560066737325 0.5727989375953748 0.4667022278576388 0.5765216029930617
0 0.1862605085136704 0.3808971831304932 0.12956106250000005 0.38005719218750006 0.12901178523632972 0.4171334449945068 0.18571123125000008 0.41797343593749997
0 0.2691139633188549 0.4530790819632936 0.1179343958934745 0.4525787975200489 0.11739211382461964 0.6164495108692553 0.26857168125 0.6169497953124999
0 0.32857008006650873 0.5810220679625788 0.27927612968750004 0.5802917859375001 0.2787226199334914 0.6176536289124211 0.3280165703125001 0.6183839109375