0 0.4046335992381377 0.17060403142100194 0.25866016875000003 0.16952274687500005 0.25717834451186233 0.36956904201649815 0.403151775 0.3706503265625001
0 0.40567052438165263 0.01846714327066588 0.2316711494831567 0.017178259835371714 0.23060242783179424 0.1614557749196738 0.4046018027302901 0.16274465835496799
0 0.6225612837528083 0.031995429156776486 0.4104808319146436 0.030424462863741685 0.4078825540972052 0.3811919719863686 0.6199630059353699 0.38276293827940344
0 0.697157347154453 0.06240361474409334 0.6268475578125 0.061882801562500075 0.624991018470547 0.3125156477559069 0.6953008078125 0.31303646093750015
0 0.859131422715846 0.0596458407966438 0.629563258895223 0.0581438949366334 0.6267856611793772 0.4826918260149896 0.856353825 0.48419377187500007
0 0.35329682858041084 0.4508307111462103 0.260760607832888 0.4499204183851508 0.25874396675247724 0.6549229759889406 0.35128018750000006 0.6558332687500001
0 0.40157500998434 0.5162102283476685 0.3591457640625001 0.5158959375000001 0.3580903228281602 0.6583804419648318 0.40051956875000017 0.6586947328125001
0 0.2571663053844181 0.003815537207180956 0 0 -0.005219810071918069 0.3518139643553191 0.2519464953125 0.35562950156250006
0 0.16848405295827207 0.28455464263641056 3.400058012914542e-17 0.282858821875 -0.001842299833271965 0.4658959386135895 0.16664175312500007 0.467591759375
0 0.16614136875000005 0.52352145625 6.411288756815237e-17 0.52352145625 9.328878374144385e-17 1 0.1661413687500001 1
0 0.6425970491343957 0.6231776195817728 0.6221948337956731 0.32771750486940326 0.1505785999717158 0.3602837142512713 0.17098081531043854 0.6557438289636408