0 0.9267645 0.6491287703124999 0.9126237960926243 0.3764151836622892 0.71903055 0.38645335156250005 0.7331712539073757 0.6591669382127108
0 0.912493525 0.3774651046875 0.8954883467076616 0.006116321373417111 0.701389625435831 0.015004685924084538 0.7183948037281694 0.38635346923816744
0 0.6486918421875001 0.5377479546874999 0.6478883209514985 0.4292727125930963 0.522163821875 0.43020400625000005 0.5229673431110016 0.5386792483444037
0 0.5225023359375001 0.539629134375 0.5165928682062157 0.42566080756857677 0.45783443437500015 0.42870754062500005 0.46374390210628447 0.5426758674314234
0 0.5353552531250001 0.12845125781250002 0.529164819588452 0.009064345438927007 0.4360117640625001 0.013894504687500003 0.4422021975990482 0.13328141706107302
0 0.6436384171875 0.422288428125 0.6283460478493167 0.12736416438410442 0.44207417031249996 0.13702270625000001 0.45736653965068336 0.43194696999089555
0 0.728755612651114 0.6478995673499041 0.697317750787183 0.007447031270642795 0.6266938868968579 0.010913741373585268 0.6581317487607887 0.6513662774528466
0 0.4327357421874999 0.649963628125 0.43243559545326954 0.6094437574497696 0.35143605624999996 0.6100437531249999 0.3517362029842303 0.6505636238002303
0 0.38594825625 0.9975252125 0.3728956174950522 0.7457957551362174 0.2452941406249999 0.7524121281249999 0.25834677937994777 1.0041415854887827
0 0.6545135453125 0.6491724640625 0.6537450642826406 0.5454275380843515 0.46285326875 0.5468415515624999 0.46362174977985926 0.6505864775406485
0 0.465037340625 0.6509405109374999 0.45073158331134744 0.3967461594007799 0.22639224707456015 0.4093717117811041 0.2406980043882127 0.6635660633178241