0 0.5133825084232175 0.7632871741068852 0.25987620038140025 0.7603378167146118 0.2586048172496204 0.8696170938508787 0.5121111252914378 0.8725664512431521
0 0.14380659234759854 0.618298066610113 0.025614062500000083 0.616921875 0.024893407652401653 0.6788144333898869 0.1430859375000001 0.680190625
0 0.8014121820820073 0.5789371731640532 0.05148990140595289 0.5695175622224851 0.04767449081733306 0.8732733572422997 0.7975967714933875 0.882692968183868
0 0.9196815458028234 0.4497728721666735 0.14355702988151436 0.44179992684699965 0.13905673407869104 0.8798801796803263 0.9151812500000001 0.8878531250000001
0 0.8439401057318708 0.2598276395440756 0.7040484375 0.2582000000000001 0.7030020760024047 0.34813223100594726 0.8428937442342755 0.3497598705500228
0 0.6954097235759187 0.2580923124747897 0.653768878618116 0.2580827479288228 0.6537482175421971 0.34803418545403314 0.6953890624999999 0.34804375000000004
0 0.3484750015856871 0.25403529417601944 0.21157883344834305 0.25283275009551204 0.21087414436265592 0.33305370591949257 0.3477703125 0.33425625000000003
0 0.6467439373071551 0.25750750624372937 0.35417499999999996 0.2544921875 0.3533482501928448 0.33470968125627076 0.6459171875 0.33772500000000005
0 0.8456095353030946 0.05489221701139968 0.5531734375000001 0.05148906250000007 0.5508482727538485 0.25129253978444516 0.843284370556943 0.2546956942958448
0 0.5485495137741792 0.05179148668220056 0.21033906249999998 0.048278125000000026 0.20826611122582084 0.2478288258177995 0.5464765625 0.25134218750000004
0 0.18831875 0.4947749999999999 0.1880333618035969 0.4456723753188684 0.1472562409189377 0.44590937505277994 0.1475416291153408 0.4950119997339114