0 0.5686533781249999 0.18023893125000004 0.39061382420540547 0.1797596497756077 0.3898996325723727 0.44506170410491847 0.5679391864919672 0.4455409855793109
0 0.6923524671875001 0.18021974843750008 0.5731933642795992 0.17466631326974003 0.5670658296875 0.30614376875000004 0.6862249325954008 0.31169720391776007
0 0.6850844703125001 0.4262982031250001 0.3814737126749269 0.4141566384065912 0.3654369375000001 0.815170640625 0.6690476951375735 0.8273122053434088
0 0.5560859827544007 0.5226947903337527 0.374606568851943 0.5194143220662579 0.3729055 0.613519478125 0.5543849139024577 0.6167999463924947
0 0.48164402500000003 0.35274822187500005 0.3889304936422123 0.34983884616032995 0.3860999140625001 0.44004136875000005 0.47881344542028775 0.4429507444646702
0 0.6893292718749999 0.31168856875000006 0.5547772582055166 0.30986362175987403 0.5532914231478403 0.4194131594027429 0.6878434368173237 0.42123810639286885
0 0.6142504609375 0.31160099687500004 0.5550778969731156 0.3111626825894847 0.5545884588459115 0.3772369809768827 0.6137610228102959 0.377675295262398
0 0.5752294828125001 0.7629740359375 0.5542890018121763 0.7621984622568706 0.5522406796875 0.8175031374999999 0.5731811606878239 0.8182787111806293
0 0.6768715390625002 0.6406450109375 0.6386244636536301 0.6392284529434927 0.6362698421875002 0.7028032484375002 0.6745169175963702 0.7042198064315075
0 0.3817709484375001 0.74166845 0.3707033578231659 0.7412585389798182 0.3689353390625001 0.7889950156250001 0.3800029296768343 0.7894049266451819
0 0.38600529062500005 0.618817275 0.3749376984256031 0.6184073642922133 0.3726448875 0.6803132765625 0.38371247969939704 0.6807231872702867