0 0.7880816359374999 0.4400346203125001 0.5316548425285113 0.4309298272619618 0.525532150108676 0.6033689343930159 0.7819589435176648 0.6124737274435542
0 0.7948111828125 0.3203163625000002 0.6674975198945281 0.3192333211892651 0.6664963078125001 0.43692779531250003 0.7938099707304721 0.4380108366232351
0 0.5792126699335961 0.5777065341315677 0.5555137197336335 0.30151145497004767 0.14064581542503735 0.33710924271348014 0.16434476562500003 0.6133043218750001
0 0.4568692137497137 0.4411530872818695 0.36602664231477383 0.4376999639770377 0.3593436953125001 0.6135106828125001 0.45018626674743994 0.6169638061173319
0 0.6168900203125001 0.5178839953125001 0.5280716634664203 0.5172865150778537 0.5274672515625001 0.6071352984375 0.6162856084085798 0.6077327786721464
0 0.6677796234375001 0.3183956062500001 0.5622159662706854 0.3125664920101027 0.5549027431063921 0.4450069539958781 0.6604664002732068 0.4508360682357754
0 0.664743168767499 0.4451985566840408 0.6637920078125 0.39105948593749995 0.5963384671700009 0.3922445667534591 0.597289628125 0.4463836375
0 0.22609771406250007 0.41218660312500005 0.17225074117346806 0.41213021440023134 0.17222948750000006 0.43242586718750003 0.2260764603890321 0.4324822559122688
0 0.34966005781250004 0.3183245078125 0.2875128538049616 0.3182605264939794 0.2874746905305673 0.35532979693442146 0.3496218945381057 0.35539377825294205
0 0.23616184375000007 0.6002050015625 0.18980577059532278 0.6001565925490324 0.1897945687500001 0.6108833875 0.23615064190467736 0.6109317965134677
0 0.354941884375 0.6006368703125 0.2948855998843837 0.6005732728500052 0.2948742406233472 0.6113000374983436 0.3549305251139635 0.6113636349608385