0 0.5945035778162626 0.555489538121326 0.4280934925741054 0.5532265298978412 0.4246941139082338 0.8031995029023152 0.5911041991503911 0.8054625111258
0 0.42746562500000007 0.68488125 0.3114774139967615 0.6846745520868418 0.31126093750000006 0.80615 0.42724914850323864 0.8063566979131582
0 0.6105171875 0.20180468750000005 0.3428265927265948 0.17229420448582572 0.2986595641532211 0.5729348223469968 0.5663501589266262 0.6024453053611711
0 0.6067044437140777 0.4799537338961479 0.606103125 0.39148281249999994 0.43534415707272267 0.39264342619533477 0.4359454757868003 0.48111434759148264
0 0.5959375 0.5548203125 0.5077318216305058 0.554272117518641 0.5072046875 0.6390890625 0.5954103658694941 0.6396372574813589
0 0.4390644069187545 0.579139020840545 0.3127114044134363 0.5787636376631042 0.31240312500000006 0.6825296875 0.43875612750531817 0.6829050706774408
0 0.43828125000000007 0.6178515625000001 0.38575117825046873 0.6156490936555377 0.3830171875 0.68085625 0.4355472592495314 0.6830587188444626
0 0.4347921875 0.20398125000000006 0.41509210216551934 0.20352285797794015 0.41387656249999993 0.2557625 0.4335766478344806 0.25622089202205994
0 0.3572453125 0.31373593750000006 0.32126380489689593 0.3128983791293505 0.3198625 0.3730984375 0.3558440076031041 0.3739359958706495
0 0.6075656249999999 0.22648593750000004 0.5971520411342508 0.2262436593049455 0.5961046875000001 0.2712609375000001 0.6065182713657492 0.27150321569505464
0 0.6054828125000001 0.32870781250000003 0.5950708000644569 0.32846541792940726 0.5937124999999999 0.38681093750000006 0.6041245124355431 0.3870533320705928