0 0.8821028796891976 0.47245047536155316 0.8721150156249999 0.2888848234375 0.6021339594031867 0.30357457645604197 0.6121218234673843 0.4871402283800951
0 0.8883203594189713 0.5921521547287657 0.8813315856560588 0.47083765705953695 0.7503611137370876 0.4783826992057712 0.7573498875 0.599697196875
0 0.6383229724505438 0.6231871513039764 0.6333331143100713 0.3240290615893554 0.2265991375 0.33081325 0.23158899564047256 0.6299713397146209
0 0.5336796656020236 0.49698096290203775 0.5273608484374999 0.309790415625 0.43156880862159086 0.313023978399501 0.43788762578611456 0.5002145256765388
0 0.7021923654108445 0.3994102914665918 0.697465615625 0.3040927796875 0.6056559455266555 0.3086455772834082 0.6103826953125 0.4039630890625
0 0.7547112809938581 0.6037168888984772 0.7478670600563604 0.4696030166495005 0.6363957556250024 0.4752917215010234 0.6432399765625001 0.6094055937500001
0 0.7508076562500001 0.5267398015625 0.7482774015625001 0.469809059375 0.6810134393772185 0.4727985681900898 0.6835436940647185 0.5297293103775897
0 0.29126256954203 0.5380315458956352 0.28968693749999996 0.5167605109374999 0.23345064295796997 0.5209261619168648 0.23502627499999998 0.542197196875
0 0.4212961946689463 0.6274491074613521 0.41841835624999996 0.5885982859374999 0.35377437720605376 0.5933867284761477 0.356652215625 0.6322375499999999
0 0.3023924474248713 0.3390823251851707 0.301559684375 0.3278400265625 0.2530182119501287 0.3314356920023294 0.253850975 0.34267799062500004
0 0.4273021705099114 0.32950775178426783 0.42646940781250003 0.31826545312499993 0.36351915136508856 0.32292843415323214 0.3643519140625 0.3341707328125