0 0.5070765624999999 0.866278125 0.5069086294934737 0.7571459502287726 0.25407425449347376 0.7575350127287727 0.2542421875 0.8666671875
0 0.13913750000000008 0.616665625 0.02199687500000008 0.616665625 0.021996875000000082 0.678571875 0.13913750000000008 0.678571875
0 0.7928018337758951 0.5696464280491786 0.04480292853273049 0.5689527519708544 0.044521168200758666 0.8727781633430205 0.7925200734439233 0.8734718394213447
0 0.9100796875 0.8772624999999998 0.9099260553922981 0.4391147025565284 0.1399757731576387 0.43938467786024005 0.1401294052653406 0.8775324753037115
0 0.8409171875 0.25002500000000005 0.7018796875 0.25002500000000005 0.7018796875 0.3399750000000001 0.8409171875 0.3399750000000001
0 0.6934109375 0.25002500000000005 0.6517734374999999 0.25002500000000005 0.6517734374999999 0.3399750000000001 0.6934109375 0.3399750000000001
0 0.34585 0.25 0.2089671875 0.25 0.2089671875 0.3302328125 0.34585 0.3302328125
0 0.6445609375000001 0.25000000000000006 0.3522388276731857 0.24961186277238318 0.3521322959502742 0.3298452848437628 0.6444544057770885 0.3302334220713797
0 0.8426625 0.045054687500000086 0.552346875 0.045054687500000065 0.552346875 0.24490000000000006 0.8426625 0.24490000000000006
0 0.54505 0.04541718750000007 0.2088015625 0.045417187500000046 0.2088015625 0.24500000000000005 0.54505 0.2450000000000001
0 0.18545312500000005 0.44422656250000003 0.14467187500000006 0.44422656250000003 0.14467187500000006 0.49261718749999994 0.18545312500000005 0.49261718749999994