0 0.5587157526284954 0.18901758633677607 0.3899951987533452 0.18738089734696842 0.3875732519531447 0.43705093736721884 0.5562938058282949 0.4386876263570265
0 0.6698421875 0.18808750000000007 0.5575637413503148 0.18701357132221205 0.5564059288503149 0.308062008822212 0.668684375 0.30913593750000007
0 0.6764258633758893 0.4196766177740324 0.3949509744827123 0.411871174593498 0.38453593750000015 0.7874515625 0.6660108263931772 0.7952570056805345
0 0.55525625 0.5968937500000001 0.5548003989303589 0.5084270648844484 0.3840800864303589 0.5093067523844483 0.38453593750000004 0.5977734375000001
0 0.478622277281955 0.3518000002664136 0.39132804483907146 0.3513525090354509 0.39089326755711656 0.43616657126903735 0.4781875000000001 0.43661406250000007
0 0.671578125 0.3117375000000001 0.5477378069390475 0.3096503563983296 0.5459970030841179 0.41294066325774736 0.6698373211450706 0.41502780685941776
0 0.6009734375 0.3121781250000001 0.547153125 0.3121781250000001 0.547153125 0.3743156250000001 0.6009734375 0.3743156250000001
0 0.5800000000000002 0.73690625 0.5602812500000002 0.73690625 0.5602812500000002 0.78834375 0.5800000000000002 0.78834375
0 0.6713203125 0.6211640625 0.6353046875 0.6211640625 0.6353046875 0.6798984375 0.6713203125 0.6798984375
0 0.39733593750000007 0.71821875 0.3869140625000001 0.71821875 0.3869140625000001 0.7628125 0.39733593750000007 0.7628125
0 0.3970390625000001 0.6026640624999999 0.38661718750000007 0.6026640624999999 0.38661718750000007 0.6605859374999999 0.3970390625000001 0.6605859374999999