0 0.23252293124999998 0.5164764578125001 0.2195402659713126 0.24394504372037526 0.1044974453125 0.249425375 0.11748011059118739 0.5219567890921246
0 0.36261878750000004 0.13170044062500003 0.35655521883074304 0.004389253112913364 0.2913982738073157 0.007492543704645874 0.2974618424765727 0.13480373121673253
0 0.4450194109375002 0.8201509343750002 0.40737300050828285 0.014216669419479406 0.0875550715915238 0.029155849372681973 0.12520148202074113 0.8350901143282028
0 0.5887273187500002 0.9463472687500001 0.5486216098099534 0.12782463202160516 0.08752457570098822 0.1504173162227499 0.12763028464103487 0.9689399529511448
0 0.7850190187499999 0.8795374781249998 0.7777369629819535 0.726670554734549 0.6830615703125 0.7311805656249999 0.6903436260805463 0.8840474890154508
0 0.7787024923701626 0.6807852836663975 0.6810509359375001 0.6782847828125 0.6799272047780583 0.7221696295464383 0.777578761210721 0.7246701304003356
0 0.7601446265625001 0.35682999687500006 0.7525668680064269 0.20673004182789917 0.668148742026311 0.21099186972939826 0.6757265005823843 0.3610918247764991
0 0.77516929375 0.6722203890625 0.7597844875530091 0.35801465365028307 0.6753519605019968 0.362148817731336 0.6907367666989876 0.676354553143553
0 1.0014826886643864 0.8845511653219191 0.986257592752805 0.5649266578978724 0.7759161109375 0.57494613125 0.7911412068490813 0.8945706386740466
0 0.9861210234374997 0.5700557015624999 0.9681281840699303 0.20197184156722603 0.758089667837488 0.21223903797084312 0.7760825072050576 0.580322897966117
0 0.5477314277109946 0.1411012853142101 0.49388506249999997 0.14021734375000003 0.49317896276874473 0.18323025947201665 0.5470253279797392 0.18411420103622672