0 0.5096313057712364 0.549635154706521 0.3366523762807506 0.5331383991237317 0.30973777656250007 0.8153550218750002 0.4827167060529859 0.8318517774577894
0 0.613025840625 0.677331628125 0.4954722403801215 0.6698918156762095 0.4867303312500001 0.8080193421875002 0.6042839314948786 0.8154591546362908
0 0.6488089165155333 0.5689081250430685 0.6447937175664662 0.18012141490005876 0.3608312953389282 0.18305403988326135 0.3648464942879952 0.5718407500262711
0 0.5289934600204786 0.4706680607879828 0.5236410928623882 0.3788410775343183 0.3323667094044096 0.38998998705883553 0.33771907656249994 0.4818169703125001
0 0.4307194355775191 0.6416234913446017 0.42696284218749997 0.553325478125 0.3246249737974808 0.5576793899053984 0.3283815671875 0.6459774031250001
0 0.6293947676210575 0.673926179782057 0.6249861421874999 0.5666876296875001 0.4909371395787428 0.5721984449840788 0.49534576501230043 0.6794369950786356
0 0.5461888171875001 0.6125789515625002 0.4914763211687635 0.6095458878407025 0.4875627578125002 0.6801414437500002 0.5422752538312368 0.6831745074717979
0 0.5691482078125001 0.17992549062500007 0.5488324968567884 0.17795063031331287 0.5433087880306162 0.2347739262456491 0.5636244989863279 0.23674878655733628
0 0.6535232390625 0.2889407765625 0.6164171459922991 0.2853343976268047 0.609914428125 0.35224097031250007 0.6470205211952008 0.3558473492481954
0 0.37569293125000003 0.21575918593750001 0.364955526252855 0.2147154497347207 0.3602643421875 0.26297586562499997 0.371001747184645 0.2640196018277793
0 0.3649754890625001 0.32282374687500004 0.35423815835772404 0.3217798614282778 0.34818917812500005 0.38399923750000003 0.35892650882977606 0.38504312294672227