0 0.4358759690566287 0.5784898894691646 0.42934044288023987 0.4077252968632079 0.1654913285111112 0.4178233667690433 0.17202685468750004 0.5885879593750001
0 0.29982771086229715 0.4140323804099408 0.2995144109375 0.29857745625 0.17404367195020284 0.29891793521505916 0.17435697187500002 0.41437285937499996
0 0.7928293356875737 0.29177197057723236 0.41086787745912356 0.2819755353990646 0.40356218239655 0.5668234304468324 0.7855236406250001 0.5766198656250001
0 0.5930603187500002 0.40672207968750007 0.5021644163088905 0.4054086119358164 0.4995893765625 0.583609075 0.5904852790036097 0.5849225427516836
0 0.4280349773532571 0.5803770453032915 0.4267302015624999 0.49065989062499993 0.33694305077174286 0.49196568438420823 0.3382478265625 0.5816828390624998
0 0.4081047390624999 0.2942818984375001 0.3021888096408699 0.29303656929406363 0.300681139067514 0.42126478179536775 0.40659706848914395 0.4225101109388042
0 0.36510640781250003 0.36894923125000006 0.30094184392802764 0.36809029971978874 0.3002171000000001 0.42223067812500015 0.3643816638844725 0.4230896096552114
0 0.7909576426730479 0.39589775198909416 0.7903785281237221 0.37565464995533654 0.7365212198256741 0.37719539952874237 0.7371003343749999 0.3974385015625
0 0.6817887355805194 0.32193936686229796 0.6807313327665735 0.2849660108941275 0.6185657378110541 0.2867438877818295 0.619623140625 0.32371724375
0 0.7607574009595683 0.5748849050982399 0.7604512462726886 0.5641842826999388 0.7140897609381203 0.5655107276016991 0.714395915625 0.5762113500000001
0 0.6556565534837928 0.5781956108794944 0.6553506015612232 0.5674965827678549 0.5952872949524305 0.5692141672008604 0.5955932468749999 0.5799131953125001