0 0.6288734375 0.8023125 0.62059613666379 0.5511933937578298 0.4542334808857377 0.5566769818861574 0.4625107817219477 0.8077960881283277
0 0.45970823397923344 0.6873010927090535 0.3473953125000001 0.6870078125000001 0.3470791981941533 0.8080651498690286 0.45939211967338656 0.808358430078082
0 0.6204109375000001 0.2053859375000001 0.34163415418142634 0.1997221752783614 0.33397984516086987 0.5764759237186861 0.6127566284794436 0.5821396859403248
0 0.625728125 0.483553125 0.6248265625 0.3950640624999999 0.4541150868176974 0.39680334033215947 0.45501664931769736 0.48529240283215946
0 0.6236396471339208 0.6406817503301785 0.6222172265000789 0.5558503791662973 0.534925 0.5573140624999999 0.5363474206338419 0.6421454336638811
0 0.4679833862964384 0.5817715379268182 0.3437796875000001 0.5814187500000001 0.34348707208701945 0.6844379120921746 0.4676907708834578 0.6847907000189928
0 0.46770015492179445 0.6829344529345449 0.46740937500000007 0.6204875000000001 0.41474359507820563 0.6207327345654552 0.415034375 0.6831796875
0 0.4458421875 0.25797812499999995 0.44463998414748174 0.20631006159497062 0.42492656250000005 0.20676875 0.4261287658525183 0.25843681340502933
0 0.3735125 0.3745921875 0.3721355513512249 0.3154384735486214 0.33612968834616724 0.3162765988513462 0.3375066369949423 0.3754303128027248
0 0.61964375 0.274646875 0.6186034457783715 0.2299325941486742 0.608184375 0.23017500000000002 0.6092246792216286 0.2748892808513258
0 0.6226312499999999 0.3901984375 0.6212799665923187 0.3321543170796689 0.6108609375 0.332396875 0.6122122209076813 0.39044099542033106