0 0.8600755343395529 0.45804538606469986 0.5920940816153899 0.4365465099658935 0.5782609350920307 0.6089753701555586 0.8462423878161935 0.630474246254365
0 0.867129727993688 0.6360463575617589 0.7227166546875 0.6193522875000002 0.709386799038272 0.7346630184308899 0.85379987234446 0.7513570884926486
0 0.6570632477859475 0.4729355412154871 0.21044868125000002 0.3942472765625 0.16234645402455047 0.6672632778232709 0.6089610205604978 0.745951542476258
0 0.5091281171875 0.5923863828125 0.5010517292820469 0.4080528248009038 0.408975853125 0.4120870359375 0.41705224103045324 0.5964205939490961
0 0.6746935153468426 0.43701942697071755 0.5801800406250001 0.4341051187500001 0.5772275080906575 0.5298582402167826 0.6717409828125 0.5327725484375001
0 0.7247140515625 0.7395151406250001 0.7158797883194501 0.594587027172014 0.6090711522542221 0.6010976729339037 0.6179054154972722 0.7460257863868898
0 0.7261027318453942 0.6113815723234013 0.65220134375 0.6033687359375001 0.646327672842106 0.6575408683015989 0.7202290609375 0.6655537046875001
0 0.276322593465998 0.5832668968886735 0.2195309250000001 0.5781637265625 0.21769967840900217 0.5985431265488266 0.2744913468750001 0.6036462968750002
0 0.404181939460735 0.6729197458826414 0.3373105796875001 0.6669102390625001 0.33396554491426517 0.7041324322423588 0.4008369046875001 0.7101419390625001
0 0.2846088631375321 0.40338875951402625 0.23637345625000003 0.3990545750000001 0.235405479049968 0.4098272529859739 0.2836408859375001 0.41416143750000006
0 0.40553812684470963 0.4139478184253207 0.34335282031250003 0.40835925937499995 0.34238483409279047 0.4191302862621793 0.404570140625 0.42471884531250004