0 0.5508161535704774 0.8444730071263093 0.542847891915803 0.7276496866303988 0.26782748834532555 0.7464082232540897 0.27579574999999995 0.8632315437500001
0 0.14992270348648462 0.6693487621083506 0.1456957875 0.6030491046875001 0.01768128557601538 0.6112106332041495 0.0219082015625 0.677510290625
0 0.8655940593070944 0.8309522718632989 0.8438834591925473 0.505293276964091 0.02999592012601182 0.5595524473713305 0.05170652024055904 0.8852114422705386
0 0.9940018724813908 0.8268667796268667 0.9668582765625 0.35736476406250006 0.13783781875136875 0.4052934109465182 0.16498141467025967 0.8747954265108848
0 0.8974879015767362 0.2553720063621633 0.8910675234375001 0.15906633125 0.737491590610764 0.16930472645033676 0.7439119687500001 0.2656104015625
0 0.7348506241900449 0.2676844026382543 0.7326715500000001 0.1696260625 0.6879160039349552 0.17062063017424572 0.6900950781249999 0.2686789703125
0 0.36469307519740013 0.28043365605329806 0.35945115625000007 0.1944805359375 0.20911702949009997 0.20364878144670193 0.2143589484375 0.2896019015625
0 0.6857141715446038 0.25902451815200356 0.6802145796875 0.1730963078125 0.36259425658039607 0.19342469747299637 0.3680938484374999 0.2793529078125
0 0.8922638681088726 0.16730585951012972 0.8883925288512232 -0.0069044573636900305 0.5771997263673506 0.00001093625118029351 0.581071065625 0.17422125312500003
0 0.5735943213229995 0.19089073364101047 0.5691744470687835 -0.008003538587968059 0.207745860120784 0.000028210583521445094 0.21216573437499994 0.19892248281249997
0 0.19304565339953478 0.468436959128954 0.1918476890625 0.4145285234375001 0.1480125122254652 0.41550263774604607 0.14921047656249997 0.4694110734375