0 0.20362326406250006 0.2388321359375 0.08217534687500003 0.2388321359375 0.08217534687500004 0.5238009140625 0.20362326406250011 0.5238009140625
0 0.3599548609375 3.9888176119042836e-17 0.2911701390625 3.567632664531985e-17 0.2911701390625 0.10262047343750005 0.3599548609375 0.10262047343750005
0 0.4129573461886428 0.003330392040012037 0.07539210746890436 0.003017359739834895 0.07461463942461645 0.8414170578493844 0.41217987814435497 0.8417300901495615
0 0.5572752203281336 0.9716426409457684 0.5560774307524433 0.09174766446046681 0.0692049885493097 0.09241043757719856 0.070402778125 0.9723054140625003
0 0.7673333328125 0.7004658953125003 0.6673888890625 0.7004658953125001 0.6673888890625002 0.8600812359375001 0.7673333328125002 0.8600812359375001
0 0.7694733879594217 0.6901359522488023 0.766741418381296 0.6440339586807691 0.6646569194843743 0.6500834095569668 0.6673888890625 0.696185403125
0 0.7673754693968726 0.30911051434256703 0.7669305562500001 0.15330573593750002 0.6777686290406275 0.15356034503243293 0.6782135421875 0.30936512343749994
0 0.7673671341245916 0.6405193074325328 0.76693055625 0.31173976406250004 0.6777769643129086 0.31185814881746726 0.6782135421875001 0.6406376921875001
0 0.995078125 0.5206556718750002 0.773027778125 0.5206556718750002 0.7730277781250001 0.8548680296875 0.995078125 0.8548680296875
0 0.9946922415354141 0.5248096952942077 0.99421180625 0.1397747171875 0.772436231902086 0.1400514422057922 0.7729166671875001 0.5250864203125
0 0.5542296075430266 0.13849357067165902 0.55155381875 0.09333963593749998 0.4951106690194732 0.09668441526584096 0.49778645781249986 0.14183834999999997