0 0.7064139860032232 0.39125898303487644 0.687377477497121 0.10812672161514891 0.540605675 0.11799498125 0.5596421835061023 0.40112724266972755
0 0.5409572880437732 0.20160274881702273 0.5350128448834994 0.12135274960740458 0.46963381171184626 0.12619563995494706 0.4755782548721201 0.2064456391645652
0 0.5561708429488681 0.4022030803060469 0.5361984344018713 0.13571955667810226 0.23162679116947307 0.15854659381590494 0.2515991997164698 0.4250301174438495
0 0.4232194140625 0.41092520937500004 0.41898025108119674 0.3461873639711195 0.32631517187500003 0.35225525781250006 0.33055433485630337 0.4169931032163805
0 0.493279570339347 0.41327347692493577 0.48825268906249997 0.3454105734375 0.42635107497315283 0.34999587776256413 0.43137795624999997 0.4178587812499999
0 0.23859062031249995 0.3340086625000001 0.22601726406249995 0.16006475625000002 0.1357902470654063 0.16658672331706575 0.14836360331540632 0.34053062956706576
0 0.18861140937499998 0.4545548984375 0.18067879370281215 0.3474645759254642 0.15060459999999998 0.34969229374999994 0.15853721567218781 0.45678261626203576
0 0.34644247343750006 0.8180611703125003 0.3103015253939606 0.33647655733540544 0.1487325982842563 0.34860164198880556 0.18487354632779576 0.8301862549659005
0 0.5209146805570006 0.8043662709580109 0.48899030995774123 0.350043474664067 0.2965955970386315 0.3635626732749901 0.3285199676378908 0.8178854695689342
0 0.8817339312539255 0.7483215641154959 0.872134409375 0.618728015625 0.8423021515585745 0.6209378124470041 0.8519016734375 0.7505313609375
0 1.0169926373308436 0.7684728346968245 0.9768141079208782 0.2082412248795472 0.4860948396661038 0.24343448817656413 0.5262733690760691 0.8036660979938415