0 0.44597575590285876 0.4832660512725755 0.44577652062713613 0.3423070936987602 0.17081748512844938 0.3426957283779103 0.1710167204041721 0.4836546859517255
0 0.2515937500000001 0.48850781249999997 0.17385156250000006 0.48850781249999997 0.17385156250000006 0.55184375 0.2515937500000001 0.55184375
0 0.44604939281391304 0.48816797595376366 0.18829106539155224 0.48794395772962745 0.1880343750000001 0.7832953125000002 0.44579270242236085 0.7835193307241364
0 0.4448656250000001 0.6168828125000001 0.3821905332122279 0.6163469026879657 0.3814234375000001 0.706059375 0.44409852928777227 0.7065952848120345
0 0.45212812500000005 0.54955 0.3863859375000001 0.54955 0.3863859375000001 0.6095171875000001 0.45212812500000005 0.6095171875000001
0 0.3575828125000001 0.7892765625000001 0.1890968750000001 0.7889765625 0.1889412610114118 0.8763724583513941 0.3574271985114118 0.8766724583513941
0 0.4701578125000002 0.8460328125000001 0.3664140625000001 0.8460328125000001 0.3664140625000001 0.8751671875 0.4701578125000002 0.8751671875
0 0.8317227478281994 0.8764421507233985 0.831646875 0.7199109375000001 0.36511085515061326 0.7201370739142907 0.36518672797881274 0.8766682871376892
0 0.8309040123522587 0.5508359599684474 0.39090221107180145 0.5491699682305929 0.39019670387553057 0.7355000862750708 0.8301985051559878 0.7371660780129251
0 0.8026578125 0.1992000000000001 0.6771140625000001 0.1992000000000001 0.6771140625000001 0.2281000000000001 0.8026578125 0.2281000000000001
0 0.8316171875 0.008175000000000097 0.2888015625 0.008175000000000064 0.28880156250000005 0.5447468750000001 0.8316171875 0.5447468750000002