0 0.9248248773677483 0.27973259634512837 0.7012947590668875 0.27696952824546145 0.6932589706837954 0.9270587273245026 0.916789088984656 0.9298217954241694
0 0.9300847498289464 0.0005252297803644334 0.7294218278059519 -0.003147726093383077 0.7246985796875001 0.2548953328125001 0.9253615017104947 0.2585682886862476
0 0.6281929265625 0.011532667187500076 0.4561209407502367 0.009455587344648898 0.45263124399004023 0.2985533095513039 0.6247032298023035 0.30063038939415504
0 0.637460936230535 0.5634715273572214 0.6223788880723233 0.26650111154266753 0.4488759518417883 0.27531269512294626 0.463958 0.5722831109375001
0 0.3354491474887856 0.67547749195375 0.3317771741952719 0.3646755517191643 0.026224580278292182 0.3682855065469242 0.029896553571805873 0.6790874467815099
0 0.45880525937500005 0.4141183328125001 0.3631158833680059 0.41270071255900753 0.3606349015625 0.580167 0.4563242775694942 0.5815846202534926
0 0.3547278515625001 0.40424844374999996 0.23942316200133068 0.40249631929515345 0.23662188633775547 0.5868440805916485 0.35192657589892484 0.588596205046495
0 0.7115099875 0.6782618890625 0.6493084799980797 0.6773403854937147 0.6473261109374999 0.8111503328125 0.7095276184394204 0.8120718363812852
0 0.7211753562500001 8.743006318923108e-17 0.6372950453846599 -0.001242670792473552 0.6351844453125001 0.14122288906250008 0.7190647561778402 0.14246555985497372
0 0.721000728125 0.14373200000000008 0.6351661115702831 0.14246037580872034 0.63342249375 0.2601545562500001 0.719257110304717 0.2614261804412799
0 0.721053395452709 0.6909618644558658 0.6941028406249999 0.29317422187500003 0.31313837761299473 0.31898498759210386 0.34008893244070376 0.7167726301729697