0 0.5113559 0.8505722406249998 0.5009691619261238 0.559024636164284 0.3564940690135029 0.5641717371019099 0.3668808070873791 0.8557193415626256
0 0.5821506711246069 0.8497956188953895 0.5790432195330444 0.7658944408620953 0.5140886619198656 0.7683001656464865 0.5171961135114281 0.8522013436797806
0 0.8401749289512239 0.5928209714762852 0.5065466060387037 0.5663170875328893 0.4860733852503042 0.8240320070080575 0.8197017081628243 0.8505358909514534
0 0.7368472726276386 0.5818670764553154 0.6388008218750001 0.5759467078125001 0.6349293133098615 0.6400622547946848 0.7329757640625001 0.6459826234375001
0 0.6334506375000002 0.6357257578125 0.6307424203305395 0.5626039043711522 0.5692427062500001 0.564881671875 0.5719509234194607 0.638003525316348
0 0.9156224490235966 0.8507929914602878 0.9085643746262333 0.6714482779884725 0.8188009416750646 0.674980899472917 0.8258590160724278 0.8543256129447323
0 0.9075493625 0.6704486609375 0.9034972516585167 0.5610416634130944 0.873618315625 0.5621482906249999 0.8776704264664833 0.6715552881494057
0 0.9089930085609822 0.6678559869903642 0.8905924409363142 0.17744632021612392 0.73007068125 0.1834692265625 0.7484712488746681 0.6738788933367402
0 0.7658133618807288 0.6341811161181046 0.7234009753850262 0.16249477098485188 0.5347441772292523 0.17945813047359013 0.5771565637249549 0.6511444756068429
0 0.22991633906250003 0.31623476250000004 0.2250342476210015 0.18441830474053628 0.19539567656249998 0.18551602968750003 0.20027776800399857 0.3173324874469638
0 0.5693401780495531 0.7006944754549834 0.548076417923989 0.1265729100656455 0.0054322531250000005 0.14667084062500002 0.02669601325056419 0.7207924060143378