0 1.0109619859604404 0.20938609866139216 0.9936535150413883 -0.013699612209030942 0.35798470564344786 0.03561979537957695 0.3752931765625 0.25870550625000005
0 0.34719786283898146 0.2376673505173174 0.33303237161946636 0.03697822465754923 -0.014096102157015063 0.06148002726523184 0.0000693890624999971 0.262169153125
0 0.38260838270596303 0.5061366395432815 0.36862257836369083 0.3345029379408063 0.06495998315772783 0.35924729527252486 0.07894578749999999 0.530880996875
0 0.6585887826553523 0.4768217917229059 0.6402217596578293 0.3070931478160016 0.31231884575247715 0.3425768482805958 0.33068586875 0.5123054921875
0 0.7358498562507247 0.9010518207411371 0.714757084375 0.5952913875 0.36664175468677523 0.6193059964463631 0.3877345265625 0.9250664296875002
0 0.6393809476269058 0.5768233752704932 0.63229903125 0.48121749999999996 0.46019731487309423 0.4939657747295068 0.46727923125000004 0.58957165
0 0.6352817011709131 0.700124906946029 0.6259178840229749 0.5850830974816554 0.43560355785206184 0.6005737139731264 0.44496737500000005 0.7156155234375
0 0.9004191595121354 0.26610068394655 0.8958156609374999 0.2039534546875 0.7588250623628647 0.21410090667845 0.7634285609375 0.27624813593750003
0 0.22610040352814004 0.33821359108585575 0.21989246874999996 0.2544064749999999 -0.0007223644656400658 0.2707483151641442 0.005485570312500002 0.35455543125
0 0.346062452393072 0.32932751428011986 0.33970988125 0.24356779843749998 0.21807595229442794 0.25257771853238015 0.22442852343749994 0.33833743437499997
0 0.7947385118742464 0.5859484963032623 0.7682976299432734 0.21055708434383505 0.36715885492724776 0.23881149467456533 0.39359973685822075 0.6142029066339925