0 0.6272833802538945 0.11417911335684491 0.02855489130115089 0.11268600823315242 0.02803178929680771 0.32244757669795016 0.6267602782495513 0.32394068182164265
0 0.9765484375 0.30120625 0.9758888446639465 0.1127946232333179 0.6585513446639465 0.11390556073331792 0.6592109374999999 0.30231718750000003
0 0.8936265625 0.3962640625000001 0.6290406250000001 0.3955375000000001 0.6285972233555455 0.557007214975775 0.8931831608555454 0.5577337774757749
0 0.6573601567222618 0.39578283817317134 0.37534218750000004 0.3956046875 0.3752398432777383 0.5576187243268287 0.6572578124999999 0.557796875
0 0.5868315088151028 0.9473983564117587 0.5853665185128685 0.6604315329980077 0.2949640625 0.6619140625 0.2964290528022344 0.948880885913751
0 0.5264265625 0.549625 0.3767437500000001 0.549625 0.3767437500000001 0.6394421875 0.5264265625 0.6394421875
0 0.5422 0.64743125 0.3778850591349586 0.6471869208064344 0.37772412163495855 0.7554197333064344 0.5420390625 0.7556640625000001
0 0.2627375 0.3088078125 0.14204687500000004 0.3088078125 0.14204687500000004 0.3671921875 0.26273750000000007 0.3671921875
0 0.9676515625000001 0.30916718750000005 0.771484375 0.30916718750000005 0.771484375 0.3879000000000001 0.9676515625000001 0.3879000000000001
0 0.7637609375000001 0.3073328125000001 0.6599859375 0.3073328125000001 0.6599859375 0.3879000000000001 0.7637609375000001 0.3879000000000001
0 0.6253392355093504 0.3080166493028301 0.2507790516537319 0.30574880830809337 0.24864383794491668 0.6584040611238667 0.6232040218005354 0.6606719021186034