0 0.5482692312500002 0.5453892765624999 0.4556171328125 0.5453892765624999 0.4556171328125001 0.7411167843750001 0.5482692312500002 0.7411167843750001
0 0.4791660843750002 0.7561867125 0.3922395109375001 0.7561867125 0.3922395109375001 0.9738507000000001 0.4791660843750002 0.9738507000000001
0 0.8168758734375 0.25526713281250013 0.679384615625 0.25526713281250013 0.679384615625 0.432658740625 0.8168758734375 0.4326587406250001
0 0.3843164328125 3.5484676214216e-17 0.19519230781250002 2.3904163498076302e-17 0.19519230781250002 0.10006934687500005 0.3843164328125 0.10006934687500005
0 0.9190597630731174 0.5747538892819802 0.9171241265625001 0.24737412656250007 0.8271353524948092 0.2479061861961933 0.8290709890054264 0.5752859489156735
0 0.767179697334892 0.01227291191890027 0.534348448180419 0.010188198787317512 0.5321656207115256 0.25397735067188 0.7649968698659986 0.25606206380346275
0 0.5324421774901128 0.15766819051471703 0.5241520984374999 0.033317015625 0.391077053759887 0.04218868604778295 0.3993671328125 0.16653986093749998
0 0.683413082502513 0.4241777602972395 0.6618299052206724 0.16075209101821952 0.3888917034405515 0.18311465580596442 0.41047488072239213 0.4465403250849844
0 0.8854376323837891 0.7004555266847791 0.8690669937486655 0.43246288851559367 0.5400471941773765 0.45256144151831457 0.5564178328125 0.7205540796875001
0 0.0793059437500001 0.741541609375 9.113639504394293e-17 0.741541609375 1.0392466208744423e-16 0.950389859375 0.07930594375000011 0.950389859375
0 0.392452750435564 0.9738364830959624 0.3763933562499999 0.7329455703125001 0.07199130581443595 0.7532390403415377 0.0880507 0.994129953125
0 0.4367360140625 0.4829017484375 0.2813269234375001 0.4829017484375 0.2813269234375001 0.7213532640625 0.4367360140625 0.7213532640625
0 0.2541503500000001 0.4771423078125 0.09248776250000008 0.4771423078125 0.0924877625000001 0.74341456875 0.2541503500000001 0.74341456875
0 0.19328846093750005 0.34044976718750003 0.08881293750000005 0.34044976718750003 0.08881293750000005 0.4719217953125 0.19328846093750005 0.4719217953125
0 0.42539037527440976 0.4597452241626129 0.42195319326441816 0.10503918375887666 0.20200900701526706 0.10717049282628735 0.20544618902525866 0.46187653323002353