0 0.67015706875 0.053835410937500085 0.594328534375 0.05383541093750007 0.594328534375 0.16868952656250008 0.67015706875 0.16868952656250008
0 0.6652359060858155 0.373666554262225 0.6650274875 0.18075311718750003 0.4767033594852476 0.18095657760493356 0.4769117780710631 0.3738700146796585
0 0.6647905765625 0.37280423906250004 0.6645287953125 0.28953740624999996 0.5773540438267448 0.28981147354236075 0.5776158250767448 0.3730783063548608
0 0.666780555858993 0.5312897164010241 0.6650340312499999 0.38048254375 0.4763359363285069 0.38266788984897593 0.4780824609375 0.5334750625
0 0.2646871734375001 0.5660710718749999 0.0679049237001028 0.5660149158765613 0.0678625656250001 0.7144463843750001 0.26464481536239737 0.7145025403734387
0 0.2663926703125 0.7224713218749999 0.06783246093750009 0.7217593515624999 0.06730459798811488 0.8689741664375848 0.2658648073631148 0.8696861367500848
0 0.3938350781250001 0.80193765625 0.27086518281250005 0.8006246875 0.27013560454405694 0.8689554556867728 0.3931054998565571 0.8702684244367728
0 0.4700261781250001 0.8012980046875002 0.40211173171508763 0.8010582027178224 0.4018756546875002 0.8679177062500003 0.46979010109741265 0.8681575082196782
0 0.6634057593750001 0.829401496875 0.4778363875000002 0.829401496875 0.4778363875000002 0.9474152124999999 0.6634057593750001 0.9474152124999999
0 0.9226234930478224 0.9527625360399812 0.9221767015625 0.6773416453125 0.7558097522646776 0.6776115280225187 0.75625654375 0.95303241875
0 0.9231541036631565 0.670683880362942 0.9216413493407287 0.5700629003048876 0.7549780831775721 0.5725685465044454 0.7564908375 0.6731895265624999