0 0.9652956609156318 0.4014220461194665 0.9628693828125001 0.3195351328125 0.8356692562718683 0.32330402419303356 0.838095534375 0.4051909375000001
0 0.8305078287484043 0.5325910340353992 0.8256199734375003 0.3291460593750001 0.6106689134390957 0.3343103534646009 0.61555676875 0.537755328125
0 0.7084376400677835 0.4284362945375909 0.7080113421875001 0.3331697671875 0.6171514958697165 0.3335763460874091 0.61757779375 0.42884287343749994
0 0.609696321875 0.3355367234375001 0.4468900340513957 0.331174456129971 0.4412275969777001 0.5425050085727344 0.6040338848013044 0.5468672758802635
0 0.4058540937500001 0.774288915625 0.24555510723450777 0.773055781528953 0.24387217812500012 0.9918250390625 0.40417116464049246 0.9930581731585469
0 0.23678640000000012 0.777454953125 0.07765355096106986 0.7768467241867814 0.07681886406250012 0.9952284812499999 0.23595171310143037 0.9958367101882185
0 0.15233372218048424 0.7756220433635568 0.15189740937500001 0.6422248453125 0.07801151844451579 0.6424665097614433 0.07844783125000002 0.7758637078125001
0 0.15366593879131438 0.635193326949886 0.1531990640625 0.5598356000000001 0.0801651393336856 0.5602880777376141 0.08063201406250001 0.6356458046875
0 0.12436549375000003 0.3516768046875 4.329362265602708e-17 0.3516768046875 5.573301566803088e-17 0.554827509375 0.12436549375000006 0.554827509375
0 0.29626717953430604 0.24599013591332905 0.29080559369446696 0.06635735027534038 -0.0054615858398390825 0.07536510811201136 1.3877787807814458e-18 0.25499789375000004
0 0.4056692703125 0.06421255000000003 0.29694257330601675 0.06246308643088031 0.29398872656249997 0.24604050156249996 0.40271542356898327 0.24778996513161972