0 0.6947405593750002 0.7377629500000003 0.5307612585777137 0.7329771284911664 0.5252047234375002 0.923363825 0.6891840242347866 0.9281496465088338
0 0.7011441781250001 0.5369902734374999 0.39659754168511807 0.5282830270091153 0.38532833375442893 0.922437413112758 0.6898749701943109 0.9311446595411426
0 0.4599149575005052 0.5477069368568557 0.3888135509128267 0.545527512387287 0.3836461562500001 0.7141082703125001 0.45474756283767864 0.7162876947820687
0 0.39402709925319085 0.5802969558058341 0.23164444323468047 0.5764804551701953 0.22312455312500012 0.9389806921874998 0.3855072091435105 0.9427971928231387
0 0.7706622578125 0.15889457187500006 0.629118765256459 0.15480168976252 0.6235258765625 0.348219671875 0.7650693691185408 0.3523125539874801
0 0.6218637640625001 0.22791515468750007 0.553728433552935 0.22575470762174024 0.5498056621396084 0.34946953081574883 0.6179409926491735 0.3516299778815087
0 0.77553929375 8.333435494035031e-17 0.5490747171875 6.946739899997401e-17 0.5490747171875 0.1594359921875001 0.77553929375 0.1594359921875001
0 0.36790755826808114 0.3732568373486881 0.363879040625 0.270062840625 0.21100050423191882 0.276030957963812 0.215029021875 0.37922495468750006
0 0.3994771425066709 0.001880588909913057 0.19285347499445152 -0.004012013754708331 0.18514784939842144 0.26618516595451786 0.3917715169106409 0.27207776861913924
0 0.5506901078124999 6.938893903907228e-17 0.48183810013839795 -0.002163672117084248 0.47662986837815924 0.16357179690014279 0.5454818760522612 0.1657354690172271
0 0.6241566125 6.307756484956813e-17 0.3709332125 4.757210353560764e-17 0.3709332125 0.2338988343750001 0.6241566125 0.2338988343750001