0 1 0.3272227343750001 0.843113021875 0.3272227343750001 0.843113021875 0.5086077328125002 1 0.5086077328125002
0 1.010947117602661 0.3350533716749359 0.6314171343750001 0.31576109218750004 0.6150935304033637 0.636889403935464 0.9946235136310244 0.6561816834228998
0 0.8099437518141857 0.5796895095597421 0.6331737665485906 0.5703388783580216 0.6292079850469049 0.6453104094232794 0.8059779703124998 0.654661040625
0 1.0078179659763986 0.6562505806217447 0.6649168627021821 0.6405674088335831 0.6570988967257837 0.8115015282118387 1.0000000000000004 0.8271847000000001
0 0.43674127713174515 0.24391729993266592 0.23499747500000007 0.23359652656250005 0.227362182243255 0.3828462906923342 0.42910598437500014 0.3931670640625001
0 0.43197154450209896 0.3991074796930831 0.30204117656250007 0.3920970906250001 0.29816486525776426 0.46394054313261907 0.4280952331973631 0.47095093220070205
0 0.2288942789927313 0.22280931217561134 0.013988145312500023 0.222052659375 0.013134016982615243 0.4646439996753095 0.2280401506628465 0.46540065247592094
0 0.4458644109375001 0.8245811218749999 0.4455449782648381 0.6648663086095981 0.33644719843750004 0.6650845062500002 0.33676663111016214 0.8247993195154019
0 0.3369543504354134 0.6355865792209723 0.04811666956348059 0.6209252942734805 0.0370574808310704 0.838799132564908 0.32589516170300314 0.8534604175123999
0 0.23256915593414645 0.4711239735941656 0.016324875000000055 0.45951787812499995 0.012428382530643971 0.5321171613585193 0.22867266346479037 0.543723256827685
0 0.2985463796875 0.6567987312499999 0.29781418823710004 0.38805943069589205 0.015103363558902141 0.3888296881474002 0.0158355550093021 0.657568988701508