0 0.22389062500000007 0.5495921874999999 0.05381875000000008 0.5495921874999999 0.053818750000000096 0.7062203125 0.22389062500000007 0.7062203125
0 0.41750665574399903 0.41756290282964226 0.055911091673965775 0.41335596826682375 0.052524149892737404 0.7044712935870094 0.4141197139627707 0.708678228149828
0 0.4179132967523335 0.40870768352260817 0.26203651260373556 0.4083621479847344 0.2618859375 0.4762890625000001 0.41776272164859796 0.47663459803787384
0 0.3936767790541296 0.26202036800895817 0.0559119338401044 0.2617356090162449 0.05578125000000006 0.41674531249999996 0.3935460952140252 0.41703007149271326
0 0.7732849225207137 0.7614961109117423 0.7730498330820608 0.6263040110571261 0.5955977230613472 0.6266125876453837 0.5958328125000001 0.7618046875
0 0.7131765624999999 0.5564 0.597153125 0.5564 0.597153125 0.6214999999999999 0.7131765624999999 0.6214999999999999
0 0.9739261624726614 0.5472796430985882 0.781054333539341 0.545213077437751 0.7787325679341723 0.7619026252752653 0.9716043968674928 0.7639691909361026
0 0.6885109375 0.23838593750000006 0.5900020277949747 0.23714673359498084 0.58824375 0.3769187500000001 0.6867526597050253 0.3781579539050193
0 0.9521147188131375 0.20618707555414667 0.6974634824415207 0.20407898447273612 0.6958261493379619 0.4018640341084564 0.9504773857095788 0.4039721251898669
0 0.9746953125 0.4812843750000001 0.7810874674075422 0.4809885954460178 0.7809869725754301 0.5467693014691043 0.9745948176678878 0.5470650810230866
0 0.975648238347467 0.3847750373088151 0.7194188485192493 0.3821678687734722 0.716984375 0.621425 0.9732137648282176 0.6240321685353429