0 0.2371222164843795 0.5777984221923465 0.049321964062500084 0.5764073093750001 0.04808488396006517 0.7434131428389822 0.2358851363819446 0.7448042556563286
0 0.43979344375 0.7463030249999999 0.4381250172545033 0.4341559178289514 0.047292355909818964 0.4362449186638546 0.04896078240531561 0.7483920258349032
0 0.43270522454647137 0.429026500068701 0.2635899625 0.42739907499999996 0.2628930713702469 0.49981711027097653 0.43200833341671824 0.5014445353396776
0 0.39989642014269966 0.4347261084265483 0.39985672619678864 0.2692835379919119 0.037018778125 0.2693705921875 0.03705847207091098 0.43481316262213643
0 0.824003755537497 0.6640409111329701 0.6324947406250001 0.6628500625000001 0.6315983108141506 0.8070114489776298 0.8231073257266477 0.8082022976105998
0 0.7552550994372501 0.588895718635285 0.6308090835783983 0.58797389618551 0.6302949107036484 0.6573872259877251 0.7547409265625002 0.6583090484375002
0 1 0.5802312968750002 0.824795815625 0.5802312968750002 0.824795815625 0.8093700359374999 1 0.8093700359374999
0 0.7149630734374999 0.39677376562499994 0.710112309581626 0.2445585488608077 0.6051509147034084 0.24790343744265114 0.6100016785592823 0.40011865420684334
0 0.9954338458689949 0.21597445389812972 0.7197218077997238 0.21527662003465617 0.7191885895316126 0.42594953680157743 0.9949006276008838 0.426647370665051
0 1.0006255730876308 0.5105759735758733 0.8213086366804145 0.5089738612130527 0.8206820332344467 0.5791066514471516 0.999998969641663 0.5807087638099723
0 1 0.40309830937500013 0.75162051875 0.40309830937500013 0.75162051875 0.6591767281250002 1 0.6591767281250002