0 0.7595325500000001 0.27187596250000007 0.7554604746989155 0.07560068768153101 0.5876018640624999 0.07908320937499999 0.5916739393635845 0.27535848419346903
0 0.7643506703125001 0.4771584015624999 0.75618471404156 0.07214928762932778 0.44443282118889516 0.07843495438802142 0.45259877745983534 0.4834440683211936
0 0.5175185145260837 0.4616662082517743 0.5136743384637177 0.28867828718454425 0.44088907499999996 0.2902957375 0.44473325106236594 0.46328365856723003
0 0.4503543325526501 0.42709484249723484 0.44475012069643916 0.05503491472232537 0.278524534375 0.05753871406250001 0.2841287462312111 0.4295986418374095
0 0.8322397828125002 0.8648046859375 0.8281599563488093 0.6656520594442568 0.6832678968749999 0.6686203078124999 0.6873477233386908 0.8677729343057431
0 0.680523228125 0.791524421875 0.6775720490308784 0.6647056393147277 0.6078266774213461 0.6663286724211052 0.6107778565154678 0.7931474549813775
0 0.8353270687500001 0.8607440343749999 0.6046211031250002 0.8607440343749999 0.6046211031250002 1 0.8353270687500001 1
0 0.4228216919068907 0.6383654714303416 0.26539224531250005 0.6293832343750001 0.2593831940306096 0.7347023895071586 0.4168126406250002 0.7436846265625001
0 0.4505620359375001 1 0.4453496992878264 0.7404319161071411 0.2338372348808686 0.7446792571267182 0.2390495715305423 1.0042473410195771
0 0.605167171875 1.0000000000000002 0.6017882145168862 0.8531167211952078 0.5313093275214651 0.8547380436203514 0.5346882848795789 1.001621322425144
0 0.6823350109375002 0.7807687046875 0.4237223343750002 0.7807687046875 0.4237223343750002 1 0.6823350109375002 1