0 0.23484780290056223 0.4449429920404325 0.23120518277320962 0.2883995627261339 0.05779331737264739 0.2924346956857014 0.061435937499999996 0.4489781249999999
0 0.42503283002235587 0.5767842224398712 0.4223640625000001 0.283959375 0.05919212070796824 0.28726927677834707 0.06186088823032397 0.5800941242182183
0 0.42446403488492673 0.5814097864330215 0.422734413548387 0.5135301835324096 0.2652172536634603 0.517543834599388 0.26694687500000003 0.5854234375
0 0.39772186553737043 0.7308979338628608 0.39498092999507817 0.5759300398722749 0.05660593945770771 0.581914918509414 0.059346875 0.7368828125
0 0.7828911631663075 0.35538274225948363 0.7799072660357347 0.22025293020456455 0.6026504778694273 0.22416706294508087 0.605634375 0.35929687499999996
0 0.7219213703063507 0.42679766009135 0.7204078125000001 0.36173125000000006 0.6042753553322388 0.36443269283156504 0.6057889131385894 0.42949910292291504
0 0.9803147242524087 0.43187219578583225 0.9794750000000002 0.2158359375 0.7867136535927938 0.21658519310546823 0.7875533778452023 0.4326214513913005
0 0.6912871349258768 0.748462758558755 0.6911546875 0.60740625 0.5926280094021716 0.607498763312768 0.5927604568280485 0.7485552718715229
0 0.9574425549653285 0.7727008142182671 0.9538073263014677 0.575227799511923 0.6970253078470663 0.5799548319889306 0.7006605365109271 0.7774278466952746
0 0.9805805910602355 0.49589292380231154 0.978949922036126 0.4301521217643648 0.7855519142628282 0.43494926647243204 0.7871825832869378 0.5006900685103788
0 0.9830551208206835 0.5923126140551034 0.9750585755024321 0.35332550636099974 0.7173393921817486 0.3619488298058964 0.7253359375 0.6009359375000001