0 0.4739897160099992 0.9268984015687494 0.4701510989924539 0.7541606435581509 0.31146205173245467 0.7576870669894017 0.31530066875 0.930424825
0 0.6173761667809118 0.9159345898689196 0.5945817628072791 0.5477451919740817 0.2996083536886269 0.5660068341815269 0.3224027576622596 0.9341962320763647
0 0.6123393507795777 0.7104037725863361 0.6084655811375164 0.5519108763656753 0.5396466584829385 0.5535928990918391 0.543520428125 0.7120857953124999
0 0.7655193769219572 0.9151995595958342 0.7575932484375001 0.5715735234375 0.600545460578043 0.575196010716666 0.6084715890625001 0.9188220468750001
0 0.383775419822434 0.38051842820458265 0.37996863593749997 0.1994382921875 0.24299574892756595 0.2023178249204173 0.2468025328125 0.38339796093749995
0 0.4548452065075484 0.37593134546647133 0.45222541188205306 0.2580405576620638 0.38626882281247016 0.2595062592726695 0.3888886174379655 0.3773970470770771
0 0.46270768752275704 0.18881939604271666 0.4554058321146699 -0.0051503231295199296 0.2352484258419129 0.0031373495777633972 0.24255028125 0.19710706875
0 0.7798330542361473 0.37116564305901967 0.774865615870398 0.2715328743984432 0.6318629756967507 0.2786626250894235 0.6368304140625 0.37829539375
0 0.8113665274463624 0.2617156491066982 0.8005550463803491 0.004068556054904859 0.5997729444088608 0.012493847674332353 0.6105844254748742 0.27014094072612566
0 0.527079930122138 0.18662047629719833 0.5226098848979441 -0.0015799429362334833 0.45596482197688165 0.000002978326321720348 0.4604348672010756 0.18820339755975352
0 0.6300666552816009 0.2440699206317171 0.6178578987063509 -0.004417391378441349 0.37405924654975 0.007561000489841615 0.3862680031249999 0.25604831250000004