0 0.516632459375 0.9956804375000001 0.504856885968431 0.7969676241181199 0.3417477305551497 0.8066333512555109 0.35352330396171866 1.0053461646373911
0 0.6545097107879089 0.9936669123288763 0.6346690010480582 0.5910275735120812 0.3298709296874999 0.6060469953125 0.3497116394273506 1.0086863341292949
0 0.652030503125 0.789940765625 0.6414753117327487 0.6182189831659823 0.5707683952671155 0.6225651122671569 0.5813235866593669 0.7942868947261745
0 0.8176932890624998 0.9999999999999998 0.79650080216105 0.6473733416146946 0.6351499791827294 0.6570703543651314 0.6563424660841793 1.0096970127504368
0 0.40199437812500005 0.4193312578125 0.39035503786578046 0.21887917552915007 0.24953581830668412 0.22705590680984183 0.2611751585659036 0.42750798909319176
0 0.47543229726993064 0.42048329853718125 0.4680112483654546 0.2952530859213816 0.4002175109375 0.2992704921875 0.40763855984197594 0.42450070480329966
0 0.47636151481257577 0.032686945167950274 0.2373660953125 0.017679343750000028 0.22476434531049488 0.2183616809396057 0.46375976481057063 0.23336928235755594
0 0.8175575263120823 0.3575154874116214 0.6590789078125 0.3470984703125001 0.6523398336698008 0.4496229406036464 0.8108184521693831 0.4600399577027677
0 0.8369173381981906 0.3456165922328679 0.8216608779995379 0.06524984576573759 0.6157679559445762 0.07645373213991587 0.6310244161432287 0.3568204786070462
0 0.5433936163412525 0.2375053644082365 0.5307248200169904 0.029071036843556136 0.4622427100423496 0.03323343136494421 0.47491150636661167 0.2416677589296246
0 0.6688680035669939 0.045729978725529634 0.41024700005035797 0.028297313242356494 0.39228598048812874 0.29475667413867745 0.6509069840047647 0.3121893396218506