0 0.21624418984522217 0.7420523871645223 0.21557685115260386 0.48902115065054363 0.050276125000000005 0.4894571109374999 0.050943463692618304 0.7424883474514785
0 0.34849407284730105 0.741423151586753 0.34841546249999994 0.4879288937499999 0.22350781578098772 0.4879676284873188 0.2235864261282888 0.7414618863240718
0 0.4646839421875 0.65421331875 0.35683942187500006 0.65421331875 0.35683942187500006 0.7410304734375 0.4646839421875001 0.7410304734375
0 0.7009626171875001 0.7402302484375001 0.7001129984375 0.5035428890625001 0.4710241261696343 0.5043652320968265 0.4718737449196343 0.7410525914718266
0 0.6050127437499999 0.4017787812500001 0.5106397441906508 0.4017302147612991 0.5105921828125 0.4941501125 0.6049651823718492 0.494198678988701
0 0.6994621921874999 0.3341772015625001 0.6118377234375 0.3341772015625001 0.6118377234375 0.49324605000000005 0.6994621921874999 0.49324605000000005
0 0.6984717798866108 0.3250103146967534 0.6983857265625001 0.224883746875 0.611855914279212 0.22495811452929643 0.6119419676033229 0.3250846823510498
0 0.6048186538725477 0.3919974754357133 0.6040781640625 0.27006433437499994 0.46389123671735566 0.27091567790882476 0.46463172652740337 0.3928488189695381
0 0.6039846984513291 0.26133322801299946 0.6033374792194615 0.08074229714944223 0.46214783281250005 0.08124830625 0.4627950520443676 0.2618392371135572
0 0.6984337098562381 0.08127411061875746 0.6118308356147546 0.08118834015622725 0.6116966859375002 0.21663995468750014 0.6982995601789836 0.21672572515003036
0 0.960785215706008 0.37712962834390545 0.9587247234375 0.2066252828125 0.8059140186689924 0.20847195290609455 0.8079745109375003 0.37897629843749997
0 0.9605928183751876 0.5935353803279633 0.9591835171875001 0.3885225734375 0.8081744456293976 0.38956064158127274 0.8095837468170851 0.594573448471736