0 0.193290496875 0.7775685921874999 0.18840254268451148 0.4974644003651452 0.011065898437499999 0.5005590109375 0.015953852627988523 0.7806632027598546
0 0.33496756718750004 0.7829745750000001 0.3311093747754848 0.5048765119013707 0.1970762234375 0.5067360203125001 0.20093441584951527 0.7848340834111295
0 0.46086344223536085 0.6914187199954787 0.34288241562500005 0.689670853125 0.3414725327646392 0.7848379565670214 0.459453559375 0.7865858234374999
0 0.7137790796874999 0.7957242593749999 0.7088882908860511 0.5299492913697674 0.46313453437499996 0.5344716499999999 0.46802532317644874 0.8002466180052326
0 0.6081229647883613 0.4260816215775239 0.504090759375 0.42466753750000014 0.5027232086491389 0.5252763487349765 0.6067554140625001 0.5266904328125002
0 0.7078737953125 0.5304331375000001 0.7056488770827858 0.3549572381836852 0.6116147921875 0.35614952812500006 0.6138397104172143 0.531625427441315
0 0.7070973094800397 0.2423353821389907 0.6132370616088354 0.240016662572186 0.6106098037414561 0.3463663385675501 0.7044700516126604 0.3486850581343548
0 0.6086363989986515 0.2867264101910968 0.4517397265625 0.2823357359375001 0.4480756926291852 0.4132665904319599 0.6049723650653367 0.41765726468555664
0 0.6019904328125001 0.27583575156250006 0.598310674530682 0.0758083583814294 0.44685024375000004 0.07859466562500002 0.4505300020318182 0.2786220588060707
0 0.702573190625 0.23216057812500002 0.6994105946220207 0.08255165559779787 0.6065195747848984 0.08451528693132439 0.6096821707878777 0.23412420945852652
0 0.98528718125 0.41610812187500007 0.9819628340352929 0.22618425886585453 0.818695475 0.22904202187500006 0.822019822214707 0.41896588488414555
0 0.9897751609374998 0.6485112921875 0.9853122293941148 0.4203518040473293 0.8233291921875002 0.4235202859374999 0.8277921237308853 0.6516797740776706