0 0.785695008985664 0.7893242548031564 0.5081885500000001 0.7859445406250001 0.5060638752400152 0.9604004082100109 0.7835703342256791 0.9637801223881673
0 0.7763368670648123 0.6499772547862757 0.5007840250000001 0.6456356562500001 0.4987075562681831 0.7774251010202033 0.7742603983329953 0.7817666995564789
0 0.7676906187500001 0.6406990953125 0.7659630942761771 0.5240912102203983 0.6727428171875001 0.5254722515625001 0.6744703416613229 0.6420801366546018
0 0.7616444718750001 0.5183298890625001 0.7597498136724653 0.2724545424321116 0.5007660640625 0.2744502109375 0.5026607222650348 0.5203255575678886
0 0.5012789928493948 0.374891972361597 0.39775623750000005 0.37329392187500005 0.39621927746310526 0.4728591979509031 0.4997420328125 0.47445724843750015
0 0.4953833048783932 0.2754276365804144 0.32192855781250007 0.2724876343750001 0.32036165456643073 0.36493205694147224 0.4938164016323238 0.3678720591468866
0 0.31770588616365536 0.2734657190524422 0.20655365625000005 0.271914490625 0.2052793407307551 0.3632247122995784 0.3164315706444104 0.36477594072702063
0 0.3950704633719818 0.5183806388184065 0.38627946366666593 0.3649118785263581 0.25769876181315865 0.3722772401149475 0.2664897615184745 0.5257460004069958
0 0.25824436691876124 0.37228069072530035 0.05948402968750003 0.37004807500000003 0.05781013408187745 0.5190679225685815 0.25657047131313865 0.5213005382938818
0 0.20269240373334899 0.27190877797034274 0.054929553125000016 0.270654571875 0.054153502516651054 0.36208408296715733 0.20191635312500003 0.36333828906250004
0 0.36414778281250004 0.1585880921875 0.3631402126045384 0.0013949458240746244 0.175390453125 0.0025983765624999996 0.17639802333296165 0.15979152292592538
0 0.5917115515625 0.159208346875 0.5912366404184839 0.004755855835882228 0.3674641156249999 0.0054439125 0.3679390267690161 0.15989640353911777