0 1 0.0821604296875001 0.16138449062500002 0.08216042968750005 0.1613844906250001 0.9575149187499999 1 0.9575149187499999
0 1.0490989962219235 0.2506692161422772 0.8179165853110554 0.003789830172780384 0.6901049209159156 0.12347503030143732 0.9212873318267836 0.37035441627093413
0 0.8628106484375 0.21104218124999993 0.8081016203125 0.15424524218749996 0.7760625550894511 0.18510652008942463 0.830771583214451 0.2419034591519246
0 0.8763582713983865 0.33576767886013753 0.75840799785082 -0.04739336573131216 0.5057286825319716 0.030390100992055902 0.6236789560795382 0.4135511455835056
0 0.5318778062201661 0.019699178472774654 0.29555966874999995 0.010946654687500036 0.2921986387764237 0.10169446215684226 0.52851677624659 0.11044698594211685
0 0.3499368381935983 0.10399765029320951 0.25799103952634483 -0.0335976949266825 0.14723538024214586 0.04041293045842437 0.23918117890939933 0.1780082756783164
0 0.27317590745563336 0.1377081305941122 0.13012976101589785 0.04186149863055859 0.007376367549518359 0.22506459651764224 0.15042251398925385 0.3209112284811958
0 0.3271489077480556 0.7323904061164966 0.17119819411106485 0.5495516491528314 0.053600801824964385 0.6498553131758318 0.2095515154619551 0.8326940701394971
0 0.20085749417302118 0.5772402310391057 0.1510914598089672 0.45114890135290586 0.0035559642989715146 0.5093785715272204 0.05332199866302547 0.6354699012134203
0 0.17067244066789525 0.24547482452342564 0.016288660922778992 0.23844091257432948 0.004950680715821743 0.4872925120388768 0.159334460460938 0.49432642398797294
0 0.9476178638627001 0.37529027497023837 0.4273977737527683 0.040591958369546696 0.1289132018882975 0.5045251876992054 0.6491332919982293 0.8392235042998969