0 0.9806586179852836 0.7920435720364378 0.7037810457089011 0.06849874563743374 -0.06432212412491416 0.36242737750923704 0.21255544815146835 1.0859722039082411
0 0.34376649714551133 0.16836402440057188 0.21761801120317054 0.06378667039505174 0.019952968773823597 0.302224007649487 0.1461014547161644 0.4068013616550072
0 0.2697850383387568 0.23353890806360514 0.23765275871783142 0.20582781111256643 0.19361718749999998 0.2568890625 0.22574946712092533 0.28460015945103867
0 0.56703700670588 0.14617959541132314 0.4255917757715335 -0.05083313533689171 0.07098318392507545 0.2037579967921682 0.2124284148594219 0.400770727540383
0 0.7166583827826971 0.04641514769548183 0.48045223124984504 -0.005209259401726685 0.44933301731190217 0.13717590638173605 0.6855391688447542 0.18880031347894455
0 0.8301726321435534 0.12478742409668668 0.7192505293684373 0.05770924619813149 0.6457827131819132 0.17919740990510202 0.7567048159570293 0.2462755878036572
0 0.9639655852575133 0.29947038907323575 0.8456066287303738 0.12769272951299948 0.7231117571643406 0.212094654743548 0.84147071369148 0.38387231430378427
0 0.9483505091779202 0.6779128251821377 0.831182757439932 0.5872231625242276 0.7052824075477149 0.7498818438729613 0.8224501592857031 0.8405715065308714
0 0.993268333830391 0.5507271091249716 0.85255494864503 0.49555552587144014 0.807266302314639 0.6110627917464686 0.9479796874999998 0.666234375
0 1.0028944014288275 0.5361267394179727 0.9711523335575876 0.30812532864315856 0.8170813418844407 0.32957489712634824 0.8488234097556804 0.5575763079011624
0 0.8597736952254531 0.5651067916829616 0.6000155764396382 0.11583387937329123 0.13816104320831338 0.382866369910307 0.39791916199412813 0.8321392822199772