0 1.059659866673979 0.7858586042751495 0.79231218443428 0.009039487063894925 0.014924886615463673 0.27658271259695477 0.28227256885516266 1.0534018298082093
0 0.3410183915126387 0.8483091476366912 0.11076478910177037 0.6516780116613228 -0.0028132211427564615 0.7846770195943128 0.2274403812681119 0.9813081555696812
0 0.2229041801427396 0.7708538712263904 0.17386415974154196 0.7268446755755843 0.14361706084880246 0.760549412161694 0.19265708125000008 0.8045586078125002
0 0.32599797656250007 0.5130694015625 6.358027662008626e-17 0.5130694015625 8.155838277221079e-17 0.80667415625 0.32599797656250007 0.80667415625
0 0.15031939114492296 0.3099678374546134 0.01422884838746774 0.2743087728671023 -0.04611697352642996 0.5046147484277556 0.08997356923102526 0.5402738130152666
0 0.21570787199315822 0.23708952449765008 0.10244109753957165 0.15725234397053128 0.02284434282387866 0.27017802100590005 0.13611111727746522 0.3500152015330189
0 0.37046143598685805 0.13233647694119982 0.28686819865639024 0.014132899081421435 0.10529919125807671 0.14253798970659565 0.1888924285885445 0.26074156756637407
0 0.8320161856570248 0.14821384780674934 0.674394812803419 0.023267808229017462 0.576217986290118 0.14711940232303894 0.733839359143724 0.2720654419007708
0 0.6625726296875001 0.02402538125000009 0.5482148788753063 -0.01940654045823038 0.49173019001780904 0.12931959734575002 0.6060879408300027 0.1727515190539805
0 0.5494391646499068 0.1283058505829597 0.5294164993200324 -0.021940403660983192 0.2973168891905037 0.008990502671447015 0.31733955452037815 0.1592367569153899
0 0.8174901357620674 0.48152582838532104 0.4654051586112115 0.10475375017740943 0.05489209109595108 0.4883689179565892 0.40697706824680696 0.8651409961645008