0 0.755129936970998 0.27538559054939876 0.597830440625 0.2660641390625001 0.5904938724040023 0.3898687297631015 0.7477933687500002 0.39919018125000016
0 0.40659255625 0.2867702296875 0.40361902362672436 0.1529612383636222 0.30487266250000006 0.1551556015625 0.3078461951232757 0.2889645928863778
0 0.157364303125 0.6575071015625001 0.14885291459305888 0.2744945558704978 0.0867353796875 0.2758749453125 0.09524676821944111 0.6588874910045023
0 0.42278793750000004 0.9304602234375002 0.4195329312854651 0.7839849907882708 0.3548961546875 0.7854213640625002 0.358151160902035 0.9318965967117296
0 0.8157936859375002 0.39988137656249995 0.8130904114608336 0.2782340560123383 0.7545932984375 0.2795339921875001 0.7572965729141664 0.40118131273766167
0 0.7064805640625 0.6335678296875 0.6997037447462534 0.39608723038542537 0.5766141668215747 0.39959975238410683 0.5833909861378213 0.6370803516861814
0 0.20098977031250004 0.27282043593749994 0.19782787997061896 0.14316493926491058 0.08225694942780497 0.1459833512756895 0.08541883976968606 0.27563884794827886
0 0.300626878125 0.27960781875000007 0.2988856402761947 0.10956790335734205 0.20495366348453853 0.11052978288324655 0.20669490133334384 0.28056969827590456
0 0.34795162566514953 0.5484335506816684 0.15046251451931353 0.5376413765959256 0.13836286265010556 0.7590564013943765 0.33585197379594156 0.7698485754801193
0 0.421154003125 0.7772525921875 0.4177647598128086 0.6247366041466957 0.3462277953125 0.6263263140625001 0.34961703862469146 0.7788423021033044
0 0.4221548151168366 0.29830466601953354 0.1561483609375 0.2825690296875 0.14168447312611077 0.5270769370368166 0.4076909273054473 0.54281257336885
0 0.5776404234375001 0.4696183421875001 0.5722029322312484 0.13218114538051526 0.4130968389519296 0.1347449942722609 0.41853433015818126 0.47218219107924575
0 0.82271178125 0.6417158484375001 0.8191857392221881 0.4057547216623131 0.7082094890625 0.4074130750000001 0.711735531090312 0.6433742017751871
0 0.5897407877324052 0.4780537948132456 0.42178677343749993 0.46810096406249996 0.41315857789259464 0.6137017598742545 0.5811125921875 0.6236545906250001
0 0.69880603125 0.9466313812499999 0.6914935002636213 0.6175674684522934 0.4235364718749999 0.62352206875 0.4308490028613785 0.9525859815477066