0 0.7560484374999998 0.4706999999999999 0.7559027724927789 0.4457413414770306 0.727646875 0.44590625 0.7277925400072209 0.4708649085229693
0 0.8553406250000002 0.5607765625 0.8540563605184726 0.4503219670612254 0.7630859375 0.45137968750000007 0.7643702019815277 0.5618342829387746
0 0.7552171875000001 0.5073421875000002 0.7550301523902222 0.4751223463700427 0.709353125 0.47538749999999996 0.7095401601097779 0.5076073411299574
0 0.7564828125 0.5623015624999999 0.7558828469824873 0.5108678693913425 0.7103968934364021 0.5113984555112463 0.7109968589539148 0.5628321486199036
0 0.8543015625000001 0.4435921875 0.852996866051311 0.33154843615914686 0.7610812318078939 0.33261875021183845 0.7623859282565829 0.4446625015526916
0 0.7554812547672541 0.4700933599561249 0.7538957818262632 0.3338703893123975 0.6562336252770448 0.33500706035866745 0.6578190982180356 0.47123003100239486
0 0.6547015625000001 0.46953750000000005 0.6531218835078515 0.3339512567531878 0.6070953124999999 0.3344875 0.6086749914921485 0.4700737432468123
0 0.3167078125 0.472040625 0.3159150071159046 0.33564538987259196 0.17829530341818303 0.33644531255278864 0.17908810880227843 0.4728405476801966
0 0.6045859374999999 0.4690703125 0.60380705489826 0.3352642158647028 0.32118125000000003 0.33690937499999996 0.32196013260174 0.4707154716352971
0 0.7084359374999999 0.56188125 0.7078993059672329 0.4749634087243445 0.25931314680651063 0.47773298370038414 0.2598497783392776 0.5646508249760396
0 0.254428125 0.5301343749999999 0.2541287907472266 0.4786466986014271 0.18018749096919962 0.47907657163641926 0.18048682522197296 0.530564248034992
0 0.5630109375 0.6729609375000001 0.562189712346328 0.5318624184083821 0.180425 0.5340843750000001 0.181246225153672 0.675182894091618
0 0.7141114647053094 0.6724362483532491 0.7135752539590777 0.5672335596330528 0.569547218433547 0.567967660456396 0.5700834291797787 0.6731703491765924
0 0.85625 0.6730656249999999 0.8560669922353042 0.5677141551235055 0.71741096159546 0.5679550167864584 0.7175939693601557 0.6733064866629528