0 0.46332781944377927 0.28303809637718913 0.4376140046875 0.28189526093750006 0.43629472430622085 0.31157908956031094 0.4620085390625001 0.312721925
0 0.5638151016686229 0.1898303282246089 0.4479489109375 0.18124764843750005 0.44103002333137714 0.27465264208789125 0.5568962140625 0.28323532187500006
0 0.5009730426577937 0.28690349590967107 0.4677799562500001 0.2854282484375001 0.4656562182797064 0.3332123790903292 0.4988493046875001 0.3346876265625002
0 0.5588919318760539 0.29153207956481136 0.504864809375 0.28753007031250005 0.5014054243739461 0.3342317657476888 0.555432546875 0.33823377500000007
0 0.44328471853105506 0.18056664715938037 0.32576441562499997 0.1718614390625 0.3187735158439449 0.2662385809656197 0.43629381875 0.27494378906250005
0 0.4657736136431425 0.2845602272436525 0.32284880312500003 0.27397320468749997 0.3154209653261329 0.37424901918887155 0.4583457758442753 0.38483604174502406
0 0.45825206601787727 0.3880277005013463 0.3176216859375001 0.37761063437500003 0.3141210667946229 0.42486898856115385 0.45475144687500013 0.4352860546875001
0 0.44213549340043945 0.7315933932499257 0.3016150406250001 0.7253480406249999 0.2951734378495606 0.8702841223750744 0.43569389062499997 0.8765294750000001
0 0.45396468075491614 0.4353500203389162 0.3161133265625001 0.42922329375000007 0.30304335830758405 0.7232975921610839 0.4408947125000001 0.72942431875
0 0.5546026812217176 0.34068023706201733 0.46510225 0.3356235562500001 0.4391260605121473 0.7953876281951301 0.528626491733865 0.8004443090071474
0 0.4985421140601434 0.8033516828332239 0.4454966046875001 0.8009941046875001 0.44205934843985684 0.8783323718542764 0.49510485781250024 0.88068995
0 0.6614938378939137 0.49586579910346285 0.5161277968750001 0.48940508593750004 0.49851620273108654 0.8856659399590374 0.64388224375 0.8921266531250002
0 0.6713865271819837 0.34397422880166567 0.56164544375 0.33697290781250006 0.5521444118805166 0.48589530869833447 0.6618854953125001 0.4928966296875001
0 0.676729640331523 0.19562935356574931 0.5685316301298986 0.1899991889922779 0.5610138163608756 0.3344732057390287 0.6692118265625 0.3401033703125001