0 0.7477554993816448 0.5411527751204346 0.747465625 0.5162 0.7189210631183552 0.5165315998795654 0.7192109375 0.541484375
0 0.84623125 0.4244109375000001 0.7552639117563386 0.4238820876969858 0.7546156249999999 0.5353937500000001 0.8455829632436613 0.5359225998030144
0 0.7467953951374303 0.511791886403748 0.7464202943076503 0.4795796877118441 0.70037021167022 0.4801159263080961 0.7007453124999999 0.5123281249999999
0 0.7473671875000001 0.42460937500000007 0.7018827292736634 0.42434547958461577 0.70158125 0.4763078125000001 0.7470657082263369 0.4765717079153844
0 0.8458734375000002 0.5415875 0.7539608856081412 0.5410530123795259 0.7533031159140954 0.6541656249471639 0.8452156678059545 0.6547001125676379
0 0.7469000750113203 0.5171741831639971 0.6492411929738476 0.5166065709301089 0.6484449313243693 0.6536050671829071 0.746103813361842 0.6541726794167954
0 0.6461281249999999 0.5191312500000002 0.6001030937550988 0.5188639345097665 0.5993124999999999 0.654984375 0.645337531244901 0.6552516904902336
0 0.3097211852527956 0.6588910300214108 0.3081343745768944 0.522528088640327 0.1689272518240988 0.5241479961189162 0.1705140625 0.6605109375
0 0.5975753776997352 0.654246269496825 0.59601875 0.5204734375 0.3118355598002648 0.5237802930031752 0.3133921875 0.6575531250000001
0 0.7002268643384686 0.5127708413537149 0.6993250000000001 0.42586874999999996 0.24980438566153143 0.4305338461462852 0.25070624999999996 0.5174359375
0 0.24611571999002985 0.5170083207802819 0.24551718750000004 0.46553125000000006 0.1709780300099702 0.46639792921971823 0.1715765625 0.5178750000000001
0 0.554900864257945 0.45841352281689474 0.5532593747884572 0.3173484193205921 0.16985226053051214 0.3218098965036974 0.17149375 0.46287500000000004
0 0.706145146040068 0.41971643110551077 0.7043442941179335 0.31455118531580484 0.5593100855778654 0.3170347542102941 0.5611109374999999 0.4222
0 0.8471147933994025 0.4183603114442297 0.8464890624999999 0.312128125 0.7076392634892461 0.31294598079799274 0.7082649943886485 0.41917816724222245