0 0.5361869109375 0.18858252968750006 0.5106046920021046 0.18767562663938092 0.509489878125 0.2191226625000001 0.5350720970603955 0.2200295655481192
0 0.5397428240373737 0.18090148037896386 0.5339283078125 0.0878223171875 0.41172641502512636 0.09545608680853616 0.41754093125000014 0.18853525000000002
0 0.5059274859375 0.19176402343750004 0.4729025350986943 0.1905943005992274 0.47112926088222656 0.24065940312304232 0.5041542117210323 0.24182912596131495
0 0.47181471988799684 0.23997346714268444 0.4689077606620649 0.1934330399180668 0.411711047024068 0.19700560090038238 0.41461800625 0.24354602812500006
0 0.6619702996624449 0.17390698027396798 0.6560969739502179 0.07986040975287749 0.532177847725273 0.08759931385390948 0.5380511734375 0.18164588437499998
0 0.6572865964132625 0.2816809340172122 0.6508527020877342 0.18177922156499032 0.5009890223889956 0.1914307786279148 0.5074229167145238 0.2913324910801367
0 0.6507494965267804 0.3327790525027604 0.6478087421875001 0.2856853640625 0.5040030940982196 0.2946652740597396 0.5069438484375 0.3417589625
0 0.6360313453125002 0.6335790171875001 0.49622821554928453 0.6286246288604637 0.4907507030947006 0.7831892963672388 0.6305538328579162 0.7881436846942752
0 0.6452010484375001 0.3373120171875001 0.5080516932182623 0.33245208452047825 0.4972941171875001 0.6360354296875002 0.6344434724067379 0.6408953623545219
0 0.5045918296875 0.24198582812500002 0.4155159335990416 0.2387182560397446 0.39846952703827654 0.7034131119971879 0.487545423126735 0.7066806840824433
0 0.4870260687500001 0.70754394375 0.4342520267980993 0.7056731517658759 0.43138123669781425 0.7866566060853477 0.484155278649715 0.7885273980694718
0 0.4416415859375002 0.39516136718750006 0.2970175080808249 0.39003726203240807 0.2826211500000001 0.7963638203125001 0.4272452278566754 0.801487925467592
0 0.40916506490985816 0.2422323266008878 0.30125163568039814 0.23899762519389567 0.2965168156250001 0.3969567703125001 0.40443024485446005 0.4001914717194922
0 0.413128165533843 0.09553946435701421 0.3051918857398383 0.09283295711524689 0.30139903437500004 0.24409295000000006 0.4093353141690047 0.24679945724176738