0 0.47854103593749997 0.305577059375 0.4779705837160247 0.2739103444808864 0.4503501343468619 0.274407906250507 0.45092058656833717 0.3060746211446206
0 0.5783490509988695 0.16584957639956638 0.454679725 0.16565244062500006 0.45451916618863064 0.2663759142254338 0.5781884921875001 0.2665730500000001
0 0.5194689484375 0.32627367656250006 0.5185487756893952 0.2752120741587918 0.48289278672371455 0.27585462487808854 0.4838129594718194 0.3269162272817968
0 0.5803855885229764 0.275315247065428 0.5227511203125 0.27522269687500006 0.5226702474120186 0.32558527949455895 0.580304715622495 0.32567782968498693
0 0.44863552692863007 0.1652847214653827 0.32319350156250004 0.16508495468750004 0.32303143244637006 0.2668550207221174 0.4484734578125001 0.2670547875000001
0 0.47962274382983716 0.27507597676594736 0.32690711250000004 0.27483232031250004 0.3267345877746589 0.38296498816393865 0.4794502191044961 0.38320864461738596
0 0.47905759290351 0.3866386093092223 0.32825123593750005 0.3863973734375 0.32816971645342524 0.43735851917137236 0.47897607341943516 0.4375997550430945
0 0.488113046875 0.9123504171875 0.4853338177653594 0.7579040755851294 0.33439226857067084 0.760620236699882 0.3371714976803115 0.9150665783022525
0 0.4838325015624999 0.7541631171875 0.4781649939483761 0.43921003321751995 0.3300904640625 0.4418745999999999 0.3357579716766238 0.7568276839699799
0 0.5835733255296501 0.8237573499257786 0.5795805203125 0.32849883437499994 0.48338202640851247 0.3292743926668441 0.48737483162566264 0.8245329082176228
0 0.5520182109375 0.9121924390624999 0.5505319677682754 0.8295431787738619 0.4935514546874999 0.8305678328125001 0.4950376978567245 0.9132170931011382
0 0.7121232359374999 0.9128940796875 0.704478515595899 0.48806543728252355 0.5483320951945527 0.49087526599264253 0.5559768155361537 0.9157039083976188
0 0.7046681406249999 0.4832895546874999 0.703382540819821 0.32287300425763327 0.5864414229077987 0.32381018610079254 0.5877270227129776 0.48422673653065906
0 0.7022845046875 0.318835678125 0.7006717080477971 0.1643898084458447 0.584405819070069 0.1656039117135131 0.586018615709772 0.3200497813926685