0 0.5957706656250001 0.24345508125000012 0.5682137931001685 0.24206956274596614 0.5665849671875001 0.2744656281250001 0.5941418397123317 0.2758511466290341
0 0.5949527109375 0.13464749375000007 0.46865937635957816 0.13411430405384078 0.4682339874867513 0.23487352657563737 0.5945273220646732 0.23540671627179663
0 0.5631927343750001 0.24470990625000005 0.5276186796214875 0.24292240711674476 0.5250054592966864 0.29492961718356503 0.560579514050199 0.2967171163168203
0 0.5233721250000001 0.24384954375000004 0.46442767247449723 0.2435984643850618 0.464213071875 0.2939790078125001 0.5231575244005028 0.2942300871774383
0 0.7264040359374999 0.13484640468750012 0.5983170547631967 0.13430340509318323 0.5978854671875001 0.2361096500000001 0.7259724483618033 0.23665264959431695
0 0.7191498265625 0.24459757812500013 0.5636397278741188 0.24393921164471558 0.5631817755024793 0.3521102996950244 0.7186918741908606 0.352768666175309
0 0.7142060750000001 0.3561822375000001 0.562105130491936 0.3555364896166481 0.5618886967840944 0.40651578391217374 0.7139896412921584 0.40716153179552583
0 0.6959875437500002 0.7304534921875 0.5453932952688838 0.7228836828077264 0.5374289925684066 0.8813260054188105 0.688023241049523 0.8888958147985841
0 0.7105780859375 0.4116614390625001 0.5628424681728931 0.40423576583760534 0.5468139562500001 0.7231270015625002 0.694549574014607 0.7305526747873949
0 0.5609545562500002 0.2987657828125001 0.46499864487812753 0.29382267660778827 0.43940492596322017 0.7906496761034749 0.5353608373350929 0.7955927823081866
0 0.534633871875 0.79949314375 0.47778628507541593 0.7966350130599922 0.4735549154453439 0.8807960184218515 0.530402502244928 0.8836541491118594
0 0.49083937031250036 0.4594019734375001 0.3350521020479285 0.4515723502269539 0.31349150468750014 0.8805670125 0.46927877295207204 0.8883966357105464
0 0.4583740273147086 0.29213566422130344 0.34215454668019313 0.28693014423431407 0.3348101109375 0.4509034859375001 0.4510295915720155 0.45610900592448944
0 0.4649885054349855 0.1339790310464673 0.348765580927899 0.12934374174590252 0.342500615625 0.2864283468750001 0.4587235401320865 0.29106363617556485