0 0.7683690584400954 0.5065907679862789 0.7662309531154795 0.47928316237840624 0.7334343149878841 0.4818510428296273 0.7355724203125 0.5091586484375
0 0.874494281633589 0.49896495774190147 0.873343846875 0.3711061859375 0.7732557511789112 0.37200674850809856 0.7744061859375001 0.4998655203125001
0 0.7672458797055194 0.4743420413619048 0.7644847724096825 0.4390900427775182 0.712030480204163 0.44319851704061347 0.7147915874999999 0.4784505156250001
0 0.7651689555562498 0.4383283894351466 0.7646305843750001 0.3785721640625 0.7145856459921742 0.3790230418149803 0.7151240171734239 0.43877926718762694
0 0.8760258883384641 0.6296602262677927 0.8748593234375001 0.49998636875 0.7737312474370595 0.5008961316445599 0.7748978123380235 0.6305699891623526
0 0.7670311743704552 0.6366622023885437 0.7656407052754233 0.4821506097817707 0.6581901383983939 0.4831175708360549 0.6595806074934258 0.6376291634428277
0 0.6562140919593531 0.6423035282282965 0.65484228125 0.4899356250000001 0.6042025814781469 0.49039154833420373 0.6055743921875 0.6427594515625
0 0.2949079698892124 0.6676808156750957 0.2832206406827954 0.51844944521095 0.12244616923108298 0.5310407935983543 0.1341334984375 0.6802721640625
0 0.6112263465221025 0.6414819499209721 0.5997610546875001 0.495085109375 0.27973685972789747 0.5201482922665279 0.29120215156249996 0.6665451328125
0 0.7191505861354824 0.478596094235528 0.711821203125 0.3834790375 0.21265710136451754 0.42194285263947195 0.21998648437499999 0.517059909375
0 0.21784614745404168 0.5166979745109666 0.21343470781249999 0.46036299999999997 0.12856673379595834 0.4670087817390335 0.1329781734375 0.52334375625
0 0.5615215809142559 0.4292293753082158 0.5494312827758652 0.27485209833114155 0.11990079248660934 0.3084914511479257 0.131991090625 0.462868728125
0 0.7251222228492845 0.3757190024265745 0.7154825696015338 0.26070374397514284 0.5501338092522492 0.2745619462360683 0.5597734624999999 0.3895772046875
0 0.8819512564851248 0.36207046547315336 0.8717604691565366 0.2471902489660566 0.7114571180067697 0.2614104289874474 0.7216479053353578 0.37629064549454416