0 0.5673422171875 0.2723378109375 0.5654631717868032 0.24062890168292136 0.5395004968749999 0.2421674296875 0.5413795422756967 0.2738763389420786
0 0.5620238089393199 0.14028314079523901 0.43861855625000007 0.13662668906250006 0.43580704418568017 0.23151522639226116 0.559212296875 0.23517167812500012
0 0.537779678125 0.290914596875 0.5347839499659088 0.24036167837849373 0.5012696203125001 0.24234771249999998 0.5042653484715914 0.2929006309965062
0 0.5014849126493174 0.2417016439685411 0.44375213125 0.23999104375000005 0.44234639985068275 0.28743449821895906 0.5000791812500001 0.2891450984375001
0 0.6862876863865791 0.14362576047738526 0.5611425328124999 0.13991775625000008 0.5583017589259209 0.23579388327261483 0.6834469125000001 0.23950188750000007
0 0.6910870061508639 0.2472444529766908 0.5428447296658734 0.2428520895318746 0.5398264043296396 0.3447205766543788 0.6880686808146301 0.34911294009919497
0 0.6933979546787638 0.35250535010674067 0.5476131812500001 0.3481858015625 0.5461906937587364 0.39619475770575946 0.6919754671875 0.4005143062500001
0 0.7191068390625001 0.8489426281250001 0.7098789646105542 0.6932222509995667 0.567998546875 0.7016299796875001 0.5772264213269457 0.8573503568129335
0 0.7088984265624999 0.6994939968749999 0.6906977976668087 0.39235836227947474 0.551512309375 0.40060639062500003 0.5697129382706911 0.7077420252205252
0 0.5655349187499998 0.761541346875 0.5378929393490817 0.28500246077560365 0.44746106249999995 0.2902480265625 0.4751030419009181 0.7667869126618964
0 0.5699339140625 0.844279653125 0.5650877532577722 0.7625006870563193 0.5115288671875 0.765674546875 0.5163750279922279 0.8474535129436808
0 0.5124376546875001 0.8429968890625001 0.4880559076130936 0.43155491363693477 0.34128300624999997 0.44025256718750005 0.3656647533244065 0.8516945426130654
0 0.45050858125 0.4346547453125 0.44018641259148883 0.2752074008655263 0.3308347041019158 0.2822865201951123 0.341156872760427 0.44173386464208597
0 0.4408049648210923 0.28064309234812157 0.4300379660983877 0.12598501070292575 0.32081547016586504 0.1335888711781512 0.3315824688885697 0.288246952823347