0 0.7505203125000001 0.4501093750000001 0.722409375 0.450109375 0.722409375 0.4750671875000001 0.7505203125000001 0.4750671875000002
0 0.8487578125 0.4557875000000002 0.7577812500000001 0.4557875000000002 0.7577812500000001 0.5657140625000002 0.8487578125 0.5657140625000002
0 0.7492625 0.47948281250000013 0.703775 0.4794828125 0.703775 0.5117 0.7492625 0.5117000000000002
0 0.7498875 0.5154968750000001 0.7043999999999999 0.515496875 0.7043999999999999 0.5666640625000001 0.7498875 0.5666640625000002
0 0.8490828125000001 0.3370250000000001 0.757159375 0.3370250000000001 0.757159375 0.44853125000000016 0.8490828125000001 0.44853125000000016
0 0.749959375 0.3385968750000001 0.652290625 0.3385968750000001 0.652290625 0.4746359375 0.749959375 0.4746359375000001
0 0.6491921875 0.3379953125000001 0.6031625 0.3379953125000001 0.6031625 0.47331406249999997 0.6491921875 0.47331406249999997
0 0.31119531250000004 0.3374609375 0.17436875000000004 0.3374609375 0.17436875000000004 0.47385 0.3111953125000001 0.47385
0 0.5990875 0.33875625000000004 0.317240625 0.33875625 0.31724062500000005 0.4725546875 0.5990875 0.4725546875
0 0.7019591357231835 0.4790518989478679 0.2537357837377577 0.4784890642689539 0.25362664801457435 0.565401227821086 0.7018500000000001 0.5659640625000001
0 0.2482421875000001 0.48009375 0.17460156250000006 0.48009375 0.17460156250000006 0.5315796875000001 0.2482421875000001 0.5315796875000001
0 0.5551421875 0.5350984375000001 0.17419843750000003 0.5350984375000001 0.17419843750000005 0.676190625 0.5551421875 0.676190625
0 0.7068694922407756 0.5720284875012969 0.5627961580350199 0.5712377499361441 0.56221875 0.6764421875 0.7062920842057556 0.6772329250651528
0 0.8490936747142225 0.5729170665516571 0.7107524131615717 0.5719544922778017 0.7100212384473491 0.6770389882261447 0.8483625000000001 0.6780015625