0 0.496148979036979 0.02851036495492688 0.146875396875 0.016416323437500015 0.14095847252552096 0.1872959553575732 0.4902320546875001 0.1993899968750001
0 0.640686070768396 0.25190238711250357 0.49956029687500003 0.24667550625000007 0.49553522921244086 0.35535232590490146 0.6366610031058368 0.3605792067674049
0 0.8653382296874998 0.20891704531250008 0.6536855546875 0.2011342015625001 0.647823335293326 0.36055593172556755 0.8594760102933259 0.3683387754755676
0 0.8711390859873498 0.04259469274780251 0.6577099234375 0.034633071875000074 0.6517252614820864 0.19506540213719856 0.8651544240319364 0.203027023010001
0 0.6385555571974467 0.4109056293478018 0.494443184375 0.4054545828125001 0.4903061303025534 0.5148282003396984 0.634418503125 0.5202792468750002
0 0.40588284104128036 0.6667495083225552 0.29815069218750007 0.6622668187500002 0.29560651520871983 0.723410836989945 0.40333866406250013 0.7278935265625001
0 0.4896909000000001 0.6700538937500001 0.41638199504450224 0.6671418192202645 0.41388032785700213 0.7301190817202645 0.4871892328125001 0.7330311562500003
0 0.49200234720406166 0.6006913528204814 0.2966648453125001 0.5927700234375001 0.29404763248343846 0.6573096721795189 0.48938513437500014 0.6652310015625
0 0.6270140518467459 0.7483596148257854 0.4152016531250002 0.7394987156250001 0.41096693866717776 0.8407260297934698 0.6227793373889234 0.849586928994255
0 0.10943374835365258 0.8315737087919721 0.018426421356121592 0.829551323529658 0.015458026127469132 0.9631290944251857 0.10646535312500013 0.9651514796874998
0 0.2387551493132214 0.8368208533270117 0.12158258949819498 0.8341273375482559 0.11850266987247368 0.9681091279712442 0.23567522968750013 0.9708026437500001
0 0.4206113052928617 0.8468316300832928 0.25079058906250007 0.8399703062500002 0.2454847415821384 0.9712923136667074 0.4153054578125001 0.9781536375