0 0.9543735495521062 0.5019261500498389 0.9535743796604235 0.17017101645959773 0.7901015504208172 0.17056480859725867 0.7909007203124999 0.5023199421874998
0 0.7460512406250001 0.5120286937500002 0.6420720578125 0.51202869375 0.6420720578125 0.6469124828125 0.7460512406250001 0.6469124828125001
0 0.7950720578124999 0.860922525 0.7950184140625 0.658530846875 0.6424899009901364 0.6585712744335781 0.6425435447401362 0.8609629525585781
0 0.9542466367801664 0.658690771426384 0.800746996875 0.6586499281250001 0.800693253193014 0.860632518966068 0.9541928930981805 0.8606733622674518
0 0.5941625296875002 0.5107187953125001 0.4895123996889715 0.5106364062674016 0.48940511375147144 0.6469104375174016 0.5940552437500002 0.6469928265625
0 0.34184147343750004 0.328621234375 0.28332660364882434 0.32835392073193836 0.2828598875 0.4305179343750001 0.3413747572886757 0.43078524801806173
0 0.3429965881786061 0.4422482907351875 0.28182546093750005 0.44064992812500003 0.2799945994507217 0.5107190477695248 0.3411657266918278 0.5123174103797122
0 0.40819055312500013 0.32572596875 0.3464294430204725 0.3255090749711678 0.345776621875 0.5114017218750002 0.4075377319795276 0.5116186156538324
0 0.2721913531250001 0.44209899531249996 0.17531561569371099 0.4416347450648594 0.174351708825524 0.6427745164387543 0.27122744625681305 0.6432387666863948
0 0.1721112890625 0.06509756093750002 0.04571657343750001 0.06490674375 0.045585234677462144 0.1519037561419056 0.17197995030246216 0.15209457332940562
0 0.17139071250000001 0.1638522234375 0.04491593281250002 0.163469153125 0.04457667607025358 0.27547841182503924 0.17105145575775357 0.27586148213753925
0 0.17037630156250008 0.287143471875 0.04470889089664652 0.286720817140515 0.04416893437500006 0.4472654234375 0.1698363450408536 0.447688078171985