0 0.46550000000000014 0.4513296875 0.46011049954548155 0.26312448423760293 0.35894371518744755 0.2660215265128881 0.364333215641966 0.45422672977528517
0 0.5687216119572855 0.44852014509633714 0.5665027488441333 0.2623783317445475 0.46807968750000006 0.2635515625 0.47029855061315223 0.4496933758517897
0 0.7427091703001621 0.44215657969786326 0.7405 0.256034375 0.6637814546998377 0.25694498280213673 0.6659906249999998 0.44306718749999996
0 0.6592700977456948 0.44550290559027783 0.6570656249999999 0.25898281250000005 0.574023652254305 0.2599642819097221 0.5762281249999999 0.44648437499999993
0 0.8437497394891208 0.30740295487229663 0.8434062499999999 0.2777640625 0.8024049480108791 0.27823923262770334 0.8027484375 0.30787812499999995
0 0.8448577374864754 0.3406013543768785 0.8445546875 0.31451093750000003 0.8032391375135246 0.3149908331231215 0.8035421875000001 0.34108124999999995
0 0.8458724630139296 0.3919597868437355 0.8453531250000001 0.34729375000000007 0.7972790994860705 0.3478527131562646 0.7977984375 0.39251875
0 0.8455893663692613 0.4362460439853799 0.8451515625000001 0.3986984375000001 0.7972403211307388 0.3992570810146202 0.797678125 0.4368046875000001
0 0.8382225439415644 0.4381953750846127 0.83658125 0.25222656250000003 0.7484438983061972 0.2530044311079137 0.7500851922477614 0.4389732436925263
0 0.9532234375000002 0.43260781250000013 0.9494688829706129 0.24614087471211113 0.855184507970613 0.24803931221211103 0.8589390625000002 0.4345062500000001
0 0.9580124999999999 0.6070359375 0.9571330750997941 0.5528934875941757 0.870075262599794 0.5543075500941758 0.8709546874999997 0.60845
0 0.9611318859940388 0.7472152337394439 0.9587103319058295 0.6150774709690382 0.8729159459117908 0.6166497372295943 0.8753375 0.7487874999999999
0 0.8674875 0.7515890625000001 0.8611198278578016 0.55457521157923 0.5669026403578016 0.5640845865792299 0.5732703124999999 0.7610984375000001
0 0.5660140625 0.763465625 0.5651986881781829 0.5656533714580304 0.46398775067818293 0.5660705589580304 0.464803125 0.7638828125
0 0.45117037373336055 0.7670963209872347 0.45094908400794964 0.5616803180344364 0.35325683527458906 0.5617855595472019 0.353478125 0.7672015625000002
0 0.2477809413735737 0.6615547206151148 0.24669998399707582 0.5686361243960397 0.056248730123502136 0.570851716280925 0.05732968750000002 0.6637703125000001
0 0.24989427436977105 0.5572567343007505 0.24755624999999998 0.4580234374999999 0.05658228813022893 0.4625229531992493 0.0589203125 0.56175625
0 0.24808055061237236 0.45113993024641985 0.24502968749999998 0.26814687499999995 0.054549136887627636 0.27132256975358016 0.057599999999999985 0.454315625
0 0.2465387147510254 0.7733447119055694 0.24495781249999998 0.6760671874999999 0.0590722227489746 0.6790881005944306 0.060653124999999995 0.7763656250000001
0 0.9626796418182014 0.7502864133410628 0.9533253448160858 0.4477818451501526 0.25684882799788433 0.4693188693090898 0.266203125 0.7718234374999999
0 0.35582862214329564 0.4552922636246487 0.3542984375 0.2657359375 0.26120575285670444 0.26648742387535135 0.26273593750000007 0.4560437500000001