0 0.4824454556436857 0.374185750225798 0.26641922656250006 0.3625503234375 0.26050221154381437 0.4724070966492021 0.476528440625 0.4840425234375001
0 0.4847477996580311 0.4909410220589009 0.27163435781250006 0.4807834281250001 0.26653783879595006 0.5877119700726376 0.4796512806414811 0.5978695640065385
0 0.4885236192459059 0.7029799800365141 0.2799913531250001 0.6952197453125001 0.2768852526290943 0.7786865730884861 0.4854175187500001 0.7864468078125001
0 0.4867324017273309 0.605125339040044 0.2767075078125001 0.5964270015625 0.2729675982726693 0.686728637522456 0.4829924921875001 0.6954269750000001
0 0.3468377703125 0.8917385531249999 0.3442829719867886 0.8453689995649037 0.3120591736331741 0.847144416832512 0.3146139719588855 0.8935139703926082
0 0.38317872656250007 0.8941130968749998 0.380619338011121 0.8475936739580966 0.3522538109375001 0.8491542781250001 0.35481319948887907 0.8956737010419034
0 0.43932002187499997 0.8964100984374997 0.43629710545487405 0.8415063681397955 0.387735295232779 0.8441801080244158 0.3907582116529048 0.89908383832212
0 0.48767656406249993 0.8977134500000001 0.4846867584813232 0.8433787439049418 0.443864030062166 0.845625043370571 0.44685383564334274 0.8999597494656294
0 0.48787854390272134 0.7955702842415284 0.28109067187500003 0.78666354375 0.27696356463541705 0.8824826286908165 0.48375143666313836 0.8913893691823448
0 0.4908427062500002 0.9038338906250001 0.2829138796875001 0.9038338906250001 0.2829138796875001 1 0.4908427062500002 1
0 0.6810818593750001 1.0000000000000002 0.6773786796954899 0.9265943262583785 0.6184707356595129 0.9295661224451909 0.6221739153390231 1.0029717961868125
0 0.8335872109375 0.9349874968749999 0.6867774750000002 0.9349874968749999 0.6867774750000002 1 0.8335872109375 1
0 0.8337254843749999 0.9327896343749998 0.8221592879780234 0.5963542505079101 0.6072392195160936 0.6037429136529983 0.6188054159130701 0.9401782975200879
0 0.8271601935364453 0.49359975548225804 0.6035084187499999 0.4887058406250001 0.6010944142760548 0.5990257788927421 0.8247461890624999 0.60391969375
0 0.8214809118247596 0.3721315817301463 0.589150284375 0.36606837343750015 0.5863727850502405 0.4724968729573539 0.8187034125 0.4785600812500001
0 0.6901434578125001 0.25070286875000003 0.6784198909215415 0.037745604890627886 0.5773968140625 0.04330705312499998 0.5891203809534585 0.25626431698437213
0 0.576353925 0.24818288593750001 0.5671567749825783 0.034969524725409394 0.45905868366665886 0.039632433075887985 0.46825583368408064 0.2528457942879786
0 0.4573601828124999 0.24643689687499998 0.44974069502107134 0.0286578904878347 0.25254937343749995 0.035557071875 0.2601688612289285 0.2533360782621653
0 0.8121720140625 0.25328985 0.8016108041547907 0.04390609761650578 0.6957691772966274 0.04924469540882719 0.7063303872043366 0.2586284477923214
0 0.8376203445017202 0.9916156016607609 0.8112641024940915 0.2549262891630084 0.4813406140625 0.26672983125 0.5076968560701288 1.0034191437477527
0 0.4753218886798411 0.2630077998240877 0.26021581406250005 0.25631702812500007 0.25706309413265893 0.35767592048841246 0.47216916875 0.36436669218750006