0 0.4352928703125 0.23860750000000003 0.3443672337877819 0.23859486023715357 0.3443489871590288 0.3698541531492769 0.4352746236837469 0.3698667929121234
0 0.3620554625 0.4159779171875 0.362043703125 0.361969028125 0.34664739901668173 0.3619723803678764 0.3466591583916817 0.41598126943037644
0 0.3936000921875001 0.36196375000000003 0.3637320375 0.36196305624999997 0.3637300023720345 0.44958152596794176 0.3935980570595346 0.4495822197179418
0 0.3620208328125 0.4188995828125 0.32871864144164364 0.4188791451786405 0.32869981406250004 0.44955749999999994 0.3620020054333565 0.44957793763385945
0 0.39364334270892265 0.5650167633851492 0.3936113706364565 0.518487212361496 0.3286821865852433 0.5185318274616202 0.3287141586577094 0.5650613784852734
0 0.41685268610694004 0.6954273579917748 0.41685101874950214 0.5533241247614018 0.35734083264256217 0.553324823019627 0.3573425 0.69542805625
0 0.3546966555000265 0.5691559503658812 0.32876849061743524 0.5691323513441704 0.3287094273049088 0.6340250119157893 0.3546375921875001 0.6340486109375
0 0.3546238890625 0.6720901390624999 0.35461953749999997 0.6368173609375 0.328715555838888 0.6368205566822411 0.32871990740138807 0.6720933348072411
0 0.43527944375 0.3619330562500001 0.41870842656249996 0.3619330562500001 0.41870842656249996 0.38849069375000006 0.43527944375 0.38849069375000006
0 0.5274200019928743 0.5156818909687295 0.5273501859375 0.476849028125 0.49363842456962576 0.4769096371562706 0.493708240625 0.5157425000000001
0 0.4910316671875 0.42639069375000005 0.41962837726171803 0.42638527767183776 0.41961898066999315 0.5502659793792705 0.4910222705957751 0.5502713954574328
0 0.5521433414067968 0.4265052127465084 0.4938037968750001 0.4264934718750001 0.49379453750075014 0.4725026353355896 0.5521340820325469 0.4725143762070979