0 0.7879532974608722 0.6478711166422142 0.785150534375 0.5528265703125002 0.6472947067130178 0.5568917927777954 0.6500974697988899 0.6519363391075096
0 0.6577512190044958 0.6493432881496364 0.6572798343749999 0.6332493921875 0.6005870013080041 0.6349099056003634 0.6010583859375 0.6510038015624999
0 0.65768918665432 0.6314713559824623 0.6567964640625 0.6002490828125 0.5647386336581801 0.6028812455800376 0.5656313562500002 0.63410351875
0 0.5982896096882728 0.6703376754811933 0.59774496875 0.6350373140624999 0.5656559903117271 0.6355324073313067 0.56620063125 0.67083276875
0 0.49408103465260583 0.6736851082518028 0.4930835796875 0.6050880156249999 0.44442579215285577 0.6057955376191395 0.44542324711796166 0.6743926302459424
0 0.4581677503720294 0.6440573653033111 0.45632042877177464 0.5818519720655444 0.3067900237122453 0.5862925958247331 0.30863734531250003 0.6484979890625
0 0.44155668260573355 0.6744443667678468 0.4407252959211446 0.6473430992234 0.37248078987791106 0.6494366387055532 0.3733121765625 0.67653790625
0 0.37077000145631367 0.6766068960845796 0.36997176249999997 0.6495294640625 0.3327046110436862 0.6506280945404204 0.33350284999999996 0.6777055265625
0 0.6567004436923294 0.5739758880278665 0.6561826204252115 0.5566545170518841 0.628181295482882 0.5574916180865176 0.62869911875 0.5748129890625
0 0.5355653785646494 0.49917881458259705 0.5345828010260631 0.4639374148443326 0.49344856933641373 0.46508429244923566 0.49443114687499995 0.5003256921875001
0 0.5901329562361728 0.5749868402106849 0.5879124125 0.5003561375000001 0.4572634531388274 0.5042434347893152 0.4594839968750001 0.5788741375
0 0.5877723473684326 0.49811839274657926 0.5868012156249999 0.43645338593750005 0.5386765479440672 0.43721127756592065 0.5396476796874999 0.4988762843749999