0 0.646485740625 0.493347221875 0.5759074078124999 0.493347221875 0.5759074078124999 0.66456944375 0.646485740625 0.66456944375
0 0.6144540734375 0.48837986093749997 0.6144130156773738 0.4399393396158621 0.5815379148396046 0.4399672042623914 0.5815789725997307 0.48840772558402923
0 0.64725398125 0.4399220828125 0.616490740625 0.4399220828125 0.616490740625 0.48834722187499996 0.64725398125 0.48834722187499996
0 0.36145400230701996 0.5797866903618312 0.36141955700504336 0.4916551891620279 0.31848249844802345 0.49167197067519686 0.31851694375000006 0.5798034718750001
0 0.3165035187500001 0.49162319375 0.2779859265625001 0.49162319375 0.2779859265625001 0.579797221875 0.3165035187500001 0.579797221875
0 0.3612462614290596 0.40524976092021137 0.27553962968750007 0.40519763906250006 0.2754896648796271 0.48735732362559503 0.3611962966211867 0.48740944548330634
0 0.4752893202414346 0.5496111123205416 0.4292830521779778 0.5496080534733518 0.42928074062500005 0.584374721875 0.47528700868845686 0.5843777807221897
0 0.4260537031250001 0.4051159718750001 0.40044880852519 0.4050977475090927 0.4004129664014281 0.4554552636947563 0.4260178610012382 0.45547348806066373
0 0.5821762031249998 0.37133263906249997 0.5821388890624999 0.217407221875 0.4941192713488383 0.21742855928357488 0.4941565854113382 0.3713539764710748
0 0.6447074459394517 0.2831349734477184 0.644686296875 0.2291188890625 0.5850249618730483 0.22914224842728154 0.5850461109375 0.2831583328124999
0 0.64461851875 0.28595833281250005 0.6138703703124999 0.28595833281250005 0.6138703703124999 0.30879166718750006 0.64461851875 0.30879166718750006
0 0.6119073140625 0.2860359718750001 0.5850583208767588 0.28602254041664343 0.5850469333767588 0.3087857357291435 0.6118959265624999 0.3087991671875001
0 0.6446805562500001 0.37132 0.6446712968750001 0.3131111109375 0.5850277818435579 0.3131205985205975 0.5850370412185579 0.37132948758309753
0 0.39846138906250006 0.40511152812500006 0.36401981406250006 0.40511152812500006 0.36401981406250006 0.45526388906250004 0.39846138906250006 0.45526388906250004
0 0.39496388906250013 0.27197194375 0.3431419470254031 0.27196193319105016 0.34311703921290315 0.4009029066285502 0.3949389812500001 0.4009129171875
0 0.4259783336917419 0.5797704526672517 0.4259622218749999 0.4594945828125 0.36402203662075794 0.4595028801452483 0.3640381484375 0.57977875