0 0.685145956520002 0.390419716179863 0.6760333475544418 0.25344240138117397 0.5845883171875002 0.25952591093750005 0.5937009261530602 0.39650322573618907
0 0.6863103796875001 0.44244601093749997 0.6825776702376749 0.38616918281236623 0.66709289375 0.38719625156250004 0.6708256031998252 0.4434730796876337
0 0.6712059734374999 0.4758510406250001 0.6651798923041318 0.3840355462034425 0.6351367 0.38600735625000004 0.6411627811333681 0.4778228506715577
0 0.7078993607015555 0.44619383490211784 0.6709594656250001 0.444848303125 0.6698321080484446 0.47579849791038226 0.706772003125 0.47714402968750014
0 0.7162794362096702 0.5471724231535787 0.6456940546875001 0.5445388609375001 0.6439432628087962 0.5914640150005939 0.7145286443309663 0.5940975772166724
0 0.6943656078125 0.7250526031250001 0.6843469872040242 0.5749248725649551 0.6244989862533693 0.5789187677198578 0.6345176068618451 0.7290464982799028
0 0.719214534375 0.6639279140625001 0.7145832559815577 0.5955301780820579 0.6885122340959848 0.5972954727752644 0.6931435124894272 0.6656932087557066
0 0.7217729593750001 0.7024768546875 0.7192181837330177 0.664069216530938 0.693166196875 0.6658021265624999 0.6957209725169824 0.7042097647190619
0 0.6114993046875 0.41189715156249995 0.6095851357202599 0.38329814977902976 0.5929206043840087 0.38441352887438995 0.5948347733512489 0.4130125306578602
0 0.5441430484375 0.5379780312500002 0.5413610972717523 0.4951287874479736 0.5074475424511913 0.4973305965114803 0.5102294936169389 0.5401798403135069
0 0.621500328125 0.5757095546875 0.6126232328499893 0.4427998942933857 0.5408213109374999 0.4475955765624999 0.5496984062125105 0.5805052369566142
0 0.542793761831432 0.44776801036210445 0.4789466953125001 0.4454627453125001 0.4772706928560681 0.4918816333878958 0.541117759375 0.49418689843750013