0 0.4433339 0.6552707 0.4352368980976709 0.473971396137001 0.36126162213242263 0.47727520336324697 0.3693586240347517 0.6585745072262459
0 0.42916443437499996 0.4704741171875 0.4267703437148655 0.4190580545188983 0.3923171986119135 0.4206622993525582 0.3947112892720479 0.4720783620211598
0 0.39253738125000004 0.47132801562500004 0.39023735114573876 0.41979974637107853 0.3579956601180133 0.42123889542556414 0.3602956902222746 0.47276716467948565
0 0.7094302531250002 0.5603348203125 0.7052402052970603 0.46688137026857274 0.6602373148040541 0.4688991049104999 0.6644273626319939 0.5623525549544272
0 0.751949696875 0.559279525 0.7478028985234828 0.4659765502584505 0.7074308328125001 0.4677708640625001 0.7115776311640174 0.5610738388040496
0 0.7501984718749999 0.4623404234375001 0.7463054126269897 0.3744722264328687 0.6564717093749999 0.37845236875 0.6603647686230101 0.4663205657546314
0 0.593432215625 0.5677133578125001 0.5929627863817253 0.5312224715313583 0.5435558646737988 0.5318580563645465 0.5440252939170735 0.5683489426456882
0 0.6176869 0.4317810296875 0.6152962696436168 0.3783623294113386 0.5884590828125 0.37956336562500004 0.5908497131688832 0.4329820659011614
0 0.5154302562499999 0.34567694687500006 0.5081011943347513 0.18213229463373343 0.41584602826181233 0.18626660177789275 0.423175090177061 0.34981125401915936
0 0.41596046093749994 0.2553147359375 0.4147226691747951 0.1986141479094295 0.35086727968750003 0.20000813125 0.35210507145020487 0.2567087192780705
0 0.386912609375 0.282851621875 0.38635898337770846 0.2589126912256022 0.353591986427467 0.2596704803528822 0.3541456124247585 0.28360941100228004
0 0.41715363281249995 0.282180765625 0.4165922046843546 0.258286304964042 0.3879124 0.2589601703125 0.38847382812814535 0.282854630973458
0 0.42008033281250007 0.34779743750000003 0.4187082706442222 0.2866956778008762 0.35479959375000003 0.2881307703125001 0.3561716559182779 0.34923253001162397
0 0.6558807703125 0.430731278125 0.6535090629069257 0.3773345329830573 0.617409190625 0.3789379703125001 0.6197808980305743 0.4323347154544427
0 0.6751373328125002 0.3730890140625 0.6691892300681898 0.23677612473538218 0.6148693656249999 0.23914640781250002 0.6208174683693104 0.3754592971396179
0 0.6616691484375 0.5613702156249999 0.656004160719032 0.433733113935014 0.5910815320293088 0.4366146106887655 0.5967465197477767 0.5642517123787514