0 0.674963184375 0.5939154703125002 0.48871111071162526 0.5925761194127739 0.4881623670707471 0.6688852039432275 0.6744144407341219 0.6702245548429537
0 0.4842752828125 0.5986353078125 0.4315513328979808 0.5983563611939134 0.4313632797850083 0.6339004483022881 0.48408722969952744 0.6341793949208746
0 0.48347770000000007 0.6363781546875 0.4306270732377692 0.6359967989889818 0.430387086671422 0.6692556187607791 0.48323771343365285 0.6696369744592974
0 0.5895078515625001 0.31497670312500003 0.49355146833590685 0.3143034255985034 0.49322574056453083 0.36072656854869173 0.589182123791124 0.36139984607518844
0 0.59036790625 0.27115854531250005 0.49453467358608744 0.2704486696897254 0.4942261906228553 0.3120938799770309 0.5900594232867679 0.31280375559980556
0 0.49059832343750004 0.2677867453125001 0.4007413976418543 0.2671086800764773 0.40004213593750004 0.35977455312500006 0.48989906173314574 0.3604526183610228
0 0.5917887500000001 0.4347579546875001 0.5542322672433739 0.43357203361412894 0.5526341776474769 0.48418132431611294 0.5901906604041031 0.4853672453894841
0 0.45310941250000003 0.40253908125000004 0.3982695747502853 0.4021497502953477 0.39807303437499997 0.42983376093750003 0.45291287212471476 0.43022309189215235
0 0.3598840765625 0.5031877234375 0.19206396006763649 0.502006549593349 0.19139414630414825 0.5971730861494138 0.3592142627990117 0.5983542599935648
0 0.26240730000000007 0.6007408078124999 0.20403159590272768 0.5994207093881619 0.20255348281250005 0.6647839359375001 0.2609291869097724 0.6661040343618381
0 0.2893965078125001 0.6321072171875001 0.26474916007985266 0.6315817683468529 0.2640332142092325 0.6651648033939871 0.2886805619418799 0.6656902522346343
0 0.2900901640625001 0.600946765625 0.2654882660352838 0.6004313695159702 0.26487294687500007 0.629802990625 0.28947484490221637 0.6303183867340298
0 0.35770241250000007 0.6014368859375001 0.29479405258274094 0.6000535752603648 0.2933562437500001 0.6654403296875001 0.3562646036672592 0.6668236403646354
0 0.45377726875 0.3631731828125 0.39903125151028973 0.36276614024757237 0.39875438124999996 0.40000436875 0.45350039848971024 0.4004114113149277
0 0.39538057656250003 0.34027726093750005 0.2553407643711571 0.3391267560096073 0.2548804453125001 0.3951569328125001 0.39492025750384296 0.39630743774039284
0 0.5883875218750001 0.3641886187500001 0.45736299431379007 0.3632100951825014 0.45686284773661584 0.43017983527075004 0.5878873752978259 0.43115835883824866