0 0.4512080051934365 0.5097716538444056 0.21240566210079198 0.5096704960483647 0.212276464709942 0.8146656705571409 0.4510788078025866 0.8147668283531819
0 0.5104245954497234 0.5395101673496859 0.509743534839505 0.4605433897929048 0.42894296751478167 0.46124026619321895 0.4296240281250001 0.5402070437500001
0 0.4258227696046079 0.5052159478962963 0.42554458281249985 0.461326890625 0.36802611945789193 0.46169146616620366 0.36830430625 0.5055805234374999
0 0.6807193290666155 0.4268716089103305 0.6801585470644849 0.34938510287978797 0.5763290789353693 0.35013653303195735 0.5768898609374999 0.4276230390624999
0 0.363063190030714 0.5229696063619538 0.36271932628840026 0.47792316618086195 0.2328418300076863 0.4789145910689082 0.23318569375 0.52396103125
0 0.36148815076596974 0.4738740663495419 0.3608520306429939 0.3827164678520773 0.23248624081452415 0.38361223587753546 0.2331223609375 0.474769834375
0 0.43700383079299143 0.42864419437688 0.4364927263342887 0.3693131327601073 0.3645076455412972 0.3699332446332273 0.36501874999999995 0.42926430625
0 0.3483566671875001 0.33746050625000007 0.31799032824665824 0.33740914701775454 0.3179181937500001 0.38005893906250005 0.34828453269084186 0.3801102982947456
0 0.35704507453948825 0.33464503186780054 0.3568979171875001 0.2961863125 0.32101062077301185 0.29632363063219946 0.321157778125 0.33478235
0 0.31825228653365206 0.3806149734962704 0.31803357637310115 0.2642504554397558 0.23297809608944903 0.26441031944348536 0.23319680624999997 0.3807748375
0 0.378180887180667 0.29344603756358456 0.37817388906250005 0.14309000937500002 0.23312065143264812 0.1430967606819457 0.23312764955081514 0.2934527888705302