0 0.48726891287864477 0.7874913554672256 0.4870831991698453 0.5487202329776919 0.1829878705457822 0.5489567551781931 0.1831735842545817 0.7877278776677269
0 0.5357354981535787 0.4899928275958631 0.45670870312500006 0.4897451390625001 0.45645598867893183 0.5703754874239355 0.5354827837075105 0.5706231759572985
0 0.535551296875 0.6317362500000001 0.5355209265624999 0.5744554171875 0.49163015895310175 0.5744786880839363 0.49166052926560183 0.6317595208964364
0 0.6455942593749999 0.4230629171875 0.6455312941273827 0.31973766671233345 0.5680407378773829 0.31978488858733345 0.568103703125 0.42311013906249995
0 0.5193607406249999 0.7667751390624999 0.5192288890624999 0.6372794437499999 0.4741798224483569 0.6373253123775856 0.4743116740108569 0.7668210076900858
0 0.6146653703125 0.7668776390625001 0.6145831143390846 0.6390948069921629 0.5234211146140189 0.6391534895155065 0.5235033705874342 0.7669363215858438
0 0.6273670375 0.563506528125 0.5680318515625 0.563506528125 0.5680318515625 0.6352111109374999 0.6273670375 0.6352111109374999
0 0.6599915714750445 0.6820364639572932 0.6599590734375 0.6516433328125 0.6175536128999555 0.6516886751052068 0.6175861109375 0.68208180625
0 0.7012474078125 0.6429554171875 0.662838703125 0.6429554171875 0.662838703125 0.678842221875 0.7012474078125 0.678842221875
0 0.7334580117619037 0.766756582378153 0.7334238647726877 0.6818053635967959 0.6174636311357842 0.6818519749686429 0.6174977781250001 0.7668031937500001
0 0.854267221875 0.7668793062500001 0.8541085582033473 0.6216934998186707 0.7041094120787006 0.6218574236611862 0.7042680757503536 0.7670432300925156