0 0.44591250000000004 0.48868437499999995 0.37836250000000005 0.48868437499999995 0.37836250000000005 0.6221328125000001 0.44591250000000004 0.6221328125000001
0 0.5157203124999999 0.48533593750000004 0.453428125 0.48533593750000004 0.453428125 0.6242109375 0.5157203124999999 0.6242109375
0 0.3666484375 0.05907187500000003 0.2689828125 0.05907187500000002 0.2689828125 0.14649375000000003 0.3666484375 0.14649375000000003
0 0.3698859375000001 0.416609375 0.2088484375000001 0.416609375 0.2088484375000001 0.6230640625 0.3698859375000001 0.6230640625
0 0.5151625 0.16216250000000004 0.4511140625 0.16216250000000004 0.4511140625 0.3101546875000001 0.5151625 0.3101546875000001
0 0.6659532110657786 0.39799104227994 0.6636218749999999 0.141890625 0.5247756459330369 0.14315457148184954 0.5271069819988157 0.39925498876178955
0 0.792834375 0.41808593750000006 0.665934375 0.4180859375 0.665934375 0.628509375 0.792834375 0.6285093750000001
0 0.6608468750000001 0.4755140625 0.5488328124999999 0.4755140625 0.5488328124999999 0.5935484375 0.6608468750000001 0.5935484375
0 0.7291156250000002 0.6374203125000001 0.5923984375 0.6374203125 0.5923984375000001 0.7823265625000001 0.7291156250000002 0.7823265625000002
0 0.5794312500000001 0.6392265625 0.45317187499999995 0.6392265625 0.45317187500000006 0.772134375 0.5794312500000002 0.772134375
0 0.44248349937470605 0.40773340932504043 0.44029581573536314 0.16355606584214952 0.2695368577209331 0.16508596445350687 0.27172454136027596 0.40926330793639776
0 0.598004458047882 0.18291009606930755 0.5975361098245285 0.07285301035380236 0.3743065682989897 0.07380296426629958 0.37477491652234307 0.18386004998180477
0 0.28872656250000006 0.32415625000000003 0.19959375000000004 0.32415625000000003 0.19959375000000004 0.4062125 0.28872656250000006 0.4062125
0 0.8002671875 0.3200640625000001 0.6754578125 0.3200640625000001 0.6754578125 0.40066250000000003 0.8002671875 0.40066250000000014