0 0.3722067578125 0.43742302343749995 0.3706661881802685 0.39582766276628906 0.32041157568026846 0.39768894557878903 0.3219521453125 0.4392843062499999
0 0.4189091312500001 0.43735409687500015 0.4174828817138613 0.39546035550592495 0.3765123921875001 0.3968551734375 0.3779386417236389 0.4387489148065752
0 0.42391074062499995 0.5656716156249999 0.41925908851835825 0.4434858886054095 0.322180959375 0.4471816859375 0.3268326114816417 0.5693674129570904
0 0.463027356228658 0.5644430161811774 0.461696627623468 0.521413221196702 0.42739413125 0.5224740515625 0.42872485985518993 0.5655038465469756
0 0.62042053125 0.5608463015625 0.6181905275359357 0.4709166802646119 0.4655942811712627 0.47470064144708246 0.467824284885327 0.5646302627449706
0 0.6247104765625 0.6309588968750001 0.6227741390625 0.5752894796875001 0.5236951771702627 0.5787357221499789 0.5256315146702627 0.6344051393374789
0 0.8346058071890099 0.7268983860895729 0.8309862742942276 0.6359886737199358 0.7952011077302177 0.6374134454428629 0.7988206406249999 0.7283231578125
0 0.985312521875 0.7209889312499997 0.9825903859375 0.6306005984374999 0.8387602011815212 0.6349321897241065 0.8414823371190211 0.7253205225366063
0 0.7930945732497071 0.7283345426192132 0.788261710490484 0.5944021248332065 0.6855238091157767 0.5981093540889935 0.6903566718749998 0.7320417718750001
0 0.7880377984375 0.588393115625 0.7866731390624999 0.5549355312500001 0.6839537999513425 0.5591252213226818 0.6853184593263425 0.5925828056976818
0 0.982507571443791 0.6242437788675116 0.9800284278383966 0.5481683264807253 0.7926497265624999 0.5542746156249999 0.795128870167894 0.6303500680117862