0 0.35485873593750006 0.4095637859375 0.3049182156250001 0.4095637859375 0.3049182156250001 0.4508991765625 0.35485873593750006 0.4508991765625
0 0.4013325942619888 0.4109200289536273 0.36062267656250013 0.41079835468750014 0.3604982604255114 0.452425650733873 0.4012081781250001 0.4525473250000001
0 0.40145539062499996 0.5800720171874999 0.40133009804977915 0.4586453096891227 0.30485501875 0.4587448562499999 0.30498031132522074 0.5801715637483771
0 0.440580400970091 0.5375393111344959 0.40650000000000014 0.5373312750000002 0.40623903497211034 0.5800824672926699 0.44031943594220124 0.5802905034271657
0 0.5975058787476195 0.49317329666676646 0.4461127292700501 0.49171747780582875 0.44525369114743063 0.5810503545765624 0.5966468406250001 0.5825061734375001
0 0.5984516734375 0.5969259265625001 0.5000001654659657 0.5967042807891956 0.49987562952846576 0.6520211526641955 0.5983271375000001 0.6522427984375
0 0.8030986212810053 0.7551667938382934 0.802848035871041 0.6648159853481038 0.7672828724025358 0.6649146243223103 0.7675334578124999 0.7552654328124999
0 0.9534962828125 0.6650411515625001 0.8106016248136138 0.6640532754437733 0.8099808060636138 0.7538536879437734 0.9528754640624999 0.7548415640625
0 0.7619771825313144 0.6219756192643253 0.6598849913153421 0.6218784850657502 0.6597583640625002 0.7549691359375001 0.7618505552784726 0.7550662701360753
0 0.7619758359375 0.5827510281250002 0.6598829 0.5827510281250001 0.6598829 0.6160041156250001 0.7619758359375 0.6160041156250002
0 0.9539814125000001 0.5836419750000001 0.7678066921875001 0.5823148140625001 0.7672678749092798 0.6579003389508221 0.9534425952217797 0.6592274998883221