0 0.18092378281250007 0.5720523515625 0.05184151657838197 0.5694525512821577 0.049048589062500085 0.708123746875 0.17813085529661818 0.7107235471553424
0 0.33338013919239673 0.28852512640098454 0.3304326546875 0.034015815625 0.14260245631192509 0.03619108613897733 0.14554994081682185 0.29070039691496186
0 0.3364438736531348 0.5581373241011489 0.33385975228408665 0.3009300757040244 0.051456488005951886 0.3037673375403756 0.05404060937499999 0.5609745859375
0 0.3349515137724828 0.5729183727396221 0.1882094120711397 0.5705759663886489 0.1859948427125862 0.7093096075019987 0.3327369444139293 0.7116520138529718
0 0.32005156562500015 0.722250053125 0.22397548276963528 0.7189487725076257 0.21755394843750012 0.9058325718750002 0.313630031292865 0.9091338524923746
0 0.5164288881859916 0.037088758624369195 0.42066755447769166 0.03354204223454642 0.4084710609375001 0.36284733750000003 0.5042323946458 0.3663940538898228
0 0.4971628383929382 0.6419586787384428 0.3351734586913294 0.6359590713973181 0.32540907997090246 0.8995972667257879 0.4873984596725112 0.9055968740669126
0 0.8070366203124998 0.2949991781250001 0.5212324713305015 0.2915646492127525 0.517900957255995 0.5687964237045796 0.8037051062379932 0.5722309526168272
0 0.5203290453125001 0.38454552812500015 0.34328657621280007 0.37908504658179637 0.3356719062500001 0.6259716921875003 0.5127143753497002 0.631432173730704
0 0.6499831484375002 0.5708766828125001 0.5065930644763063 0.5663611181693707 0.49796797856117553 0.8402475291246173 0.6413580625223695 0.8447630937677466
0 0.8033958562500002 0.5805475062500001 0.6557035156010576 0.5748368462918199 0.6439555687260575 0.8786689400418197 0.7916479093750001 0.8843796000000002