0 0.41501011723999115 0.09086272202350147 0.28269594894867967 0.09038065698082938 0.28224833170868857 0.21323980995732797 0.41456250000000006 0.21372187500000006
0 0.9356428876226713 0.3503422262961645 0.9349036192661497 0.16738339732745358 0.6885279112404887 0.16837890962814786 0.6892671795970104 0.3513377385968588
0 0.6769537368105064 0.09084371395713561 0.42685771222469604 0.08993952307794043 0.42589563110182105 0.35604778594191966 0.6759916556876314 0.3569519768211148
0 0.4158218750000001 0.22307187500000003 0.2798796797536308 0.22260992763329898 0.2794013884684713 0.36336182267304784 0.4153435837148406 0.36382377003974886
0 0.2677640625 0.2622531250000001 0.08946406250000002 0.2613625 0.08899728463239549 0.3548097912773457 0.26729728463239544 0.3557004162773457
0 0.9347156250000002 0.42832812500000006 0.6106556552014186 0.42744518385698854 0.6104015625000001 0.520703125 0.9344615322985816 0.5215860661430116
0 0.34712656250000007 0.369503125 0.09289011326003 0.3659274992151272 0.09067066310214164 0.5237362748968095 0.3449071123421117 0.5273119006816823
0 0.6757227380789191 0.5370619587365397 0.40980725153665426 0.5363176641053458 0.40903324564538346 0.8128481461722012 0.6749487321876484 0.8135924408033952
0 0.5920062500000001 0.537009375 0.5909384979451897 0.3647104308299462 0.35468849794518964 0.36617449332994617 0.35575625000000005 0.5384734375000001
0 0.4089484375 0.6697968750000001 0.4081741578973793 0.5302406202629757 0.14429134539737934 0.5317046827629757 0.14506562500000003 0.6712609375
0 0.39788131451329656 0.6760437448346216 0.10260409255290925 0.674916599627245 0.1020546875000001 0.8188437500000001 0.39733190946038743 0.8199708952073765