0 0.967770743849891 0.4011324596106859 0.9661896421874999 0.25958695 0.8351111202126091 0.2610511325768142 0.8366922218750001 0.40259664218750013
0 0.8979411017520329 0.9560414760884287 0.8890974749037692 0.6934031171093374 0.6941138845543591 0.6999686550653605 0.7029575114026227 0.9626070140444518
0 0.9726760116883574 0.681898545937318 0.9689246671875 0.41212454375000007 0.6845352721368899 0.4160791227108166 0.6882866166377473 0.6858531248981345
0 0.8267387906250001 0.40423548125000003 0.8265763209147702 0.2603591263028774 0.675929939702031 0.2605292409399337 0.6760924094122608 0.40440559588705627
0 0.7837741826414291 0.24752681822855677 0.7807381984374999 0.057330653125 0.6809666705313708 0.05892324455585226 0.6840026547353 0.24911940965940907
0 0.6159985921875001 0.9642092593750002 0.6118372621538348 0.6199909252506585 0.5123402968749999 0.621193765625 0.5165016269086652 0.9654120997493418
0 0.6694599015625 0.33558843125 0.6692566797773845 0.06474576954302945 0.5008903756678135 0.06487210008733445 0.501093597452929 0.335714761794305
0 0.4972600642779471 0.6913508364799915 0.48965244344636166 0.40779679536529406 0.19441605885591445 0.41571784794780253 0.20202367968749999 0.6992718890624999
0 0.6769545983282133 0.5993867402793969 0.6732216076766415 0.34740987129830897 0.489361271875 0.350133728125 0.49309426252657174 0.6021105971060879
0 0.49752417766703727 0.4088388170685938 0.4933545193353277 0.12738694808917958 0.344391840625 0.129593803125 0.3485614989567095 0.4110456721044143
0 0.34331018669318847 0.4016790488998782 0.33984647722963246 0.08669126188653414 0.18629049375 0.0883798140625 0.18975420321355604 0.403367601075844