0 0.954515625 0.5653843750000002 0.7413734375 0.5653843750000002 0.7413734375 0.6675453125000002 0.954515625 0.6675453125000002
0 0.7259754311893791 0.528580311532935 0.49842462424180056 0.5271252155882078 0.4975364700132869 0.6660165458297103 0.7250872769608654 0.6674716417744375
0 0.5158125 0.5272828125 0.4788984375 0.5272828125 0.4788984375 0.5422734375 0.5158125 0.5422734375
0 0.4931537352889534 0.5273743218027872 0.27248437500000006 0.5264234375000001 0.27188468713523833 0.6655915119988135 0.4925540474241917 0.6665423963016006
0 0.2583140625000001 0.5623921875 0.047010937500000065 0.5623921875 0.04701093750000007 0.6668828125 0.2583140625000001 0.6668828125
0 0.49292499999999995 0.20623750000000002 0.04531250000000002 0.2062375 0.04531250000000004 0.42426875 0.49292499999999995 0.42426875
0 0.6090640625 0.426640625 0.6077744939776741 0.20482230386446326 0.5003421875 0.20544687499999997 0.5016317560223259 0.42726519613553676
0 0.7291468750000001 0.42585000000000006 0.7278618074747782 0.20479017686250112 0.6148953125000001 0.20544687500000003 0.616180380025222 0.4265066981374989
0 0.9521546875 0.20623750000000007 0.73655625 0.20623750000000007 0.73655625 0.33026250000000007 0.9521546875 0.33026250000000007
0 0.9530109374999999 0.426834375 0.9524836208343039 0.33640270562284674 0.8843484375531258 0.3368000091107936 0.8848757542188217 0.4272316784879469
0 0.877915625 0.3354187500000001 0.8061999999999999 0.3354187500000001 0.8061999999999999 0.36903906250000007 0.877915625 0.36903906250000007
0 0.8006859375 0.33741406250000006 0.735825 0.33741406250000006 0.735825 0.3679062500000001 0.8006859375 0.3679062500000001
0 0.8016156249999999 0.42859218749999994 0.8013021261605671 0.3748537839386251 0.7719531249999999 0.375025 0.7722666238394328 0.4287634035613749
0 0.7651296875000001 0.42717187499999987 0.764831819825891 0.3757097472615634 0.7352015625 0.37588125 0.735499430174109 0.42734337773843645
0 0.8380781250000002 0.42774375 0.8377692728969164 0.3748500837368637 0.8072781249999998 0.375028125 0.8075869771030837 0.42792179126313623
0 0.8762484374999999 0.42602499999999993 0.8759520817512685 0.375127076170256 0.8451796874999999 0.37530625 0.8454760432487314 0.4262041738297439
0 0.9538022522672496 0.4440566357988698 0.04717031250000006 0.4410375000000001 0.046807577710933405 0.5499650101688693 0.9534395174781828 0.552984145967739