0 0.26191562500000004 0.332453125 0.04936718750000004 0.332453125 0.04936718750000005 0.434615625 0.2619156250000001 0.434615625
0 0.5051199537236671 0.3339708043703675 0.27878437500000003 0.33354062500000003 0.2785205759909258 0.47233645180721834 0.5048561547145929 0.4727666311775859
0 0.5241703125 0.4577265625 0.4873421875 0.4577265625 0.4873421875 0.47271718749999997 0.5241703125 0.47271718749999997
0 0.7308514820081149 0.334399934543599 0.51131875 0.3339687500000001 0.5110453929918852 0.47314537795640116 0.730578125 0.4735765625000001
0 0.9562609375 0.3331171875000001 0.7455671875000001 0.3331171875000001 0.7455671875000001 0.4376078125000002 0.9562609375 0.4376078125000002
0 0.9558875 0.5757312500000001 0.50954375 0.57573125 0.5095437500000001 0.7937640625000001 0.9558875 0.7937640625000002
0 0.5008531250000001 0.573359375 0.3934171875000001 0.573359375 0.3934171875000001 0.794553125 0.5008531250000001 0.794553125
0 0.3863000000000001 0.57415 0.2733296875000001 0.57415 0.2733296875000001 0.794553125 0.3863000000000001 0.794553125
0 0.2646437500000001 0.6697375 0.049767187500000074 0.6697375 0.04976718750000009 0.7937640625 0.2646437500000001 0.7937640625
0 0.11760937500000009 0.573165625 0.049473437500000064 0.573165625 0.04947343750000007 0.6632015625000001 0.11760937500000009 0.6632015625000001
0 0.1957515625000001 0.6309609375 0.12423125000000008 0.6309609375 0.12423125000000008 0.66458125 0.1957515625000001 0.66458125
0 0.2661375000000001 0.63209375 0.20145468750000012 0.63209375 0.20145468750000012 0.6625859375 0.2661375000000001 0.6625859375
0 0.2302281250000001 0.5714078125000001 0.20087968750000007 0.5714078125000001 0.20087968750000007 0.6249765625 0.2302281250000001 0.6249765625
0 0.2669859375000001 0.572828125 0.2373546875000001 0.572828125 0.2373546875000001 0.6241187499999999 0.2669859375000001 0.6241187499999999
0 0.1949031250000001 0.57225625 0.16441093750000008 0.57225625 0.16441093750000008 0.6249703125 0.1949031250000001 0.6249703125
0 0.15700312500000008 0.573975 0.1262296875000001 0.573975 0.1262296875000001 0.6246953125 0.15700312500000008 0.6246953125
0 0.9555886547214945 0.44895328176182997 0.04955959062639786 0.4473480586247929 0.049364685904903484 0.5573572768629631 0.9553937500000002 0.5589625000000001