0 0.4593154640625 0.27422252812500003 0.457571800273187 0.03882802829516653 0.3452404859375 0.0396601125 0.346984149726813 0.27505461232983347
0 0.5033617258272157 0.5412453684288412 0.49989216156856653 0.2898568944770279 0.3471921982122829 0.29196439895736287 0.35066176247093217 0.5433528729091761
0 0.5033503109375 0.5629229218749999 0.5030485145310595 0.5221804384439832 0.48656578749999974 0.5223025328124999 0.48686758390644025 0.5630450162435167
0 0.5059766437500002 0.7899075843750001 0.5031175051827484 0.545874326982511 0.3501080498173129 0.5476670139288065 0.3529671883845646 0.7917002713212955
0 0.467981790625 1 0.4665328662213134 0.8043952322979806 0.3516416952653426 0.8052462781253492 0.35309061966902927 1.0008510458273687
0 0.8596097859375001 1.0000000000000002 0.8562460964510565 0.5459020279925525 0.6165112365709771 0.5476778421943818 0.6198749260574206 1.0017758142018294
0 0.8579443484098753 0.4217739298019535 0.6129570703125 0.419959209375 0.6120820359651249 0.5380888561355466 0.8570693140625002 0.5399035765625001
0 0.8570563216953199 0.28971961484348696 0.6128483000000001 0.28791066562500006 0.6119281892421803 0.4121255554690132 0.8561362109375 0.41393450468750015
0 0.8542775484374999 0.2801480078125 0.8525122838562265 0.04183719951653654 0.7161406515625 0.04284735937499999 0.7179059161437734 0.28115816767096347
0 0.7100609285409473 0.042479318763617206 0.6099423828125001 0.04173770000000008 0.609387435521553 0.11665559373638297 0.7095059812500001 0.11739721250000008
0 0.7116596796875001 0.20333800468750002 0.7110730477690972 0.1241425525254678 0.6741063140624999 0.12441637968750001 0.6746929459809028 0.20361183184953222
0 0.71003885625 0.28072209375 0.7095082971150053 0.20909650196030305 0.67598105 0.2093448515625 0.6765116091349948 0.28097044335219695
0 0.6686280002311993 0.2086581180129446 0.6092426875000001 0.2082182265625001 0.6090036528938009 0.24048788042455568 0.6683889656249999 0.24092777187500017
0 0.6679864179961337 0.24876113026666183 0.6111016546875 0.24833976093750004 0.6108603163788663 0.2809203775458383 0.6677450796875 0.2813417468750001
0 0.6683426982536199 0.1685551107020779 0.60987861875 0.16812204375000012 0.6096302689338803 0.20164929242292234 0.6680943484375 0.20208235937500016
0 0.6677338653017181 0.12656665088308755 0.6114576437500001 0.1261497906250001 0.611207003448282 0.15998628349191263 0.667483225 0.16040314375000012
0 0.6012969765625 0.9999999999999998 0.5909866240705449 0.039760735685190604 0.47122347853065316 0.04104666544452272 0.48153383102260816 1.001285929759332