0 0.4288185421875001 0.01767898906250006 0.3266057769953731 0.012379067638897494 0.31495579869564067 0.23705720930736662 0.41716856388776763 0.24235713073096918
0 0.45384406093750007 0.24742042968750008 0.31473779979880034 0.24109464260660726 0.3038453875000001 0.4806225828125001 0.4429516486386998 0.4869483698933929
0 0.4442955984375 0.4563581765625 0.4292973668745189 0.45558049023788466 0.42729355781668976 0.4942253671066988 0.44229178937967084 0.4950030534313141
0 0.44285155697934686 0.48274051867877343 0.3035153753650083 0.476114400642033 0.29252279375000007 0.707270009375 0.4318589753643386 0.7138961274117405
0 0.39550235312500015 0.718096471875 0.2909587194848916 0.7126756903863422 0.2793926965444343 0.9357346842768409 0.3839363301845429 0.9411554657654987
0 0.7661042046875 0.4614337421875 0.547962346418253 0.45012268317900295 0.5234784187500001 0.9223127296875001 0.741620277019247 0.933623788695997
0 0.7787053602326793 0.4520407610219698 0.7729587234374999 0.344535965625 0.5390885710173207 0.35703742491553025 0.5448352078124999 0.46454222031250003
0 0.7852681465341503 0.3367357809737363 0.7792246453125001 0.22369319843749996 0.5455641284658498 0.23618519558876366 0.5516076296875 0.34922777812500005
0 0.7900303984375001 9.992007221626409e-17 0.6659424816428345 -0.006434188311642691 0.6541151421875 0.22166450000000007 0.7782030589821656 0.22809868831164287
0 0.662410618386254 0.07367255559605083 0.6587655461280209 0.005491460457016678 0.5609920464917668 0.010718590798465839 0.56463711875 0.07889968593749999
0 0.6562544499999999 0.08064650468750008 0.6226170815547195 0.07890234482596079 0.6187010953125 0.1544249359375001 0.6523384637577804 0.15616909579903937
0 0.650217878125 0.15846203125000008 0.6197102215442469 0.1568801522615586 0.6161680280441988 0.2251938624958104 0.6466756846249518 0.22677574148425186
0 0.613981330095491 0.18927497419964065 0.612411809375 0.159906103125 0.5554230839670089 0.16295167423785942 0.5569926046875 0.19232054531250006
0 0.6112331282388195 0.226306937556123 0.609647228125 0.1966568484375 0.5549175123861806 0.19958418744387707 0.5565034125 0.22923427656250003
0 0.6159418879350979 0.15372156796485298 0.6143114484375001 0.12320974843749996 0.5580588808149021 0.12621567891014698 0.5596893203125 0.1567274984375
0 0.6176698587137298 0.1155965461829405 0.616023874916718 0.08480337656695167 0.5617498693279882 0.08770447882151115 0.5633958531250001 0.11849764843749999
0 0.5508745390625001 0.011152982812500076 0.44183280388039525 0.00586103785225898 0.3971180798991627 0.9272181433653802 0.5061598150812675 0.9325100883256214