0 0.7084151256259378 0.6865291696677945 0.5807914296875001 0.6836930875000002 0.5791027946865626 0.7596816615822058 0.7067264906250001 0.7625177437500003
0 0.7134739796667616 0.5869834408482684 0.49380966562500006 0.5821020109375 0.4917691609582386 0.6739247075892318 0.7114334750000001 0.6788061375000003
0 0.4757961961559484 0.5759118750522492 0.39314117656250014 0.574075096875 0.39194287571905184 0.6279986358852511 0.47459789531250013 0.6298354140625001
0 0.8750880187500002 0.6780188359374999 0.8713877880197675 0.5531360431357428 0.7915375312499999 0.5555019765625 0.7952377619802325 0.6803847693642571
0 0.8416463260546957 0.26311681759041955 0.5889260203125001 0.25750081093750005 0.5870403286328044 0.3423569386595806 0.839760634375 0.3479729453125001
0 0.9854025197638586 0.2626328716857343 0.8435613984374999 0.2594808468750001 0.8416069677361413 0.34743023143926594 0.9834480890625 0.3505822562500001
0 0.5810330773911077 0.2573254132698418 0.38157998750000005 0.252893121875 0.3778392913588925 0.4212244289176583 0.5772923812500002 0.42565672031250007
0 0.5810058323601951 0.17691429413227827 0.4884704875 0.17485795468750007 0.48696245670230487 0.24271939180522187 0.5794978015625001 0.24477573125000007
0 0.37987950625000005 0.3851269124999999 0.375941470804928 0.2522182514679513 0.2847324859375 0.2549207406249999 0.28867052138257204 0.3878294016570486
0 0.38414678259925295 0.24449057199535443 0.08718749062500004 0.2405009515625 0.08416083771324724 0.4657837123796457 0.38112012968750014 0.4697733328125001
0 0.39008279450760064 0.4764035091690085 0.09928095312500004 0.46647178125 0.09403538283028443 0.6200625273160145 0.384837224212885 0.629994255235023
0 0.1930627625 0.62239414375 0.19018529905795645 0.5252797201794346 0.10109844843749997 0.5279193296875 0.10397591187954354 0.6250337532580654
0 0.3899468554297649 0.6355080344982849 0.10402185781250006 0.6291541453125 0.1031035867577352 0.6704763405017153 0.38902858437500004 0.6768302296875002
0 0.48594728906249995 0.7354531203125 0.485125783534087 0.6351964618783822 0.39785009954765843 0.6359116009824646 0.3986716050760714 0.7361682594165824
0 0.5748117400605073 0.7195920187974832 0.4924518046875 0.7177617984375 0.4916722099394928 0.7528435702650168 0.5740321453125001 0.7546737906250001
0 0.9516773312500002 0.5516766140625 0.9456489192083961 0.34821774192323934 0.7794393640624999 0.3531424703125 0.785467776104104 0.5566013424517606
0 0.7789282288785565 0.3542197768446065 0.5879029750000001 0.3492112875000001 0.5837069198450654 0.5092500628890336 0.7747321737236218 0.51425855223364
0 0.5874225594939823 0.43292690697384434 0.38876646718749996 0.4272317109375 0.38459408581592486 0.5727699810163489 0.5832501781224072 0.5784651770526933
0 0.4781644549858215 0.16909312807868124 0.156736190625 0.16135044062499998 0.1547967215766786 0.24186514223381886 0.4762249859375001 0.2496078296875001
0 0.15523943593749998 0.23359336874999997 0.15303321177360618 0.1591332835460329 0.08573508593749998 0.1611273015625 0.0879413101013938 0.23558738676646707