0 0.6936960837006272 0.6937901633712541 0.567599190625 0.690988009375 0.5659153444243727 0.766761066316246 0.6920122375 0.7695632203125001
0 0.6999776496217505 0.5945542518875705 0.4823654000000002 0.589718425 0.48033068319074984 0.6812806981124298 0.6979429328125002 0.6861165250000002
0 0.46369763363731265 0.5835301702301383 0.3821010421875001 0.5817169125000001 0.3809061398001876 0.6354875157073618 0.46250273125000013 0.6373007734375001
0 0.8611449593750002 0.6853317156250001 0.8593181519036805 0.5620221792944806 0.7796419484375 0.5632025671875001 0.7814687559088195 0.6865121035180196
0 0.8326754216728544 0.2717148121816887 0.5820088375000001 0.26614444375000007 0.5801284939521456 0.3507599050058115 0.830795078125 0.3563302734375001
0 0.9759853386683843 0.2712313813231486 0.83589276875 0.2681182140625001 0.8339438816441156 0.35581816086435164 0.9740364515625 0.35893132812500017
0 0.5716533287116686 0.2659143218544507 0.3753189640625 0.2615513359375 0.3715888775383314 0.42940522814554943 0.5679232421875 0.43376821406250016
0 0.5742991615051619 0.18579066457496068 0.4830594812500001 0.18376311562500008 0.4815557259948383 0.2514320854250395 0.5727954062500001 0.2534596343750001
0 0.37166919843749996 0.39336666562499994 0.3697263465263315 0.2622242394022431 0.2787161734375 0.2635725390625 0.2806590253486684 0.39471496528525685
0 0.374672706669521 0.25313064265167773 0.08194453906250002 0.24919838281250004 0.07892725895547911 0.4738129589108223 0.3716554265625001 0.47774521875
0 0.3782464584484465 0.48427761694192056 0.09066438125000006 0.47445411249999997 0.08543183787942195 0.6276362788479204 0.3730139150778684 0.637459783289841
0 0.1818760421875 0.629883053125 0.18046133540144166 0.53439028033353 0.0915686703125 0.5357072078125001 0.09298337709855838 0.6311999806039702
0 0.3773972995359845 0.6429418716248186 0.09298777500000008 0.636621659375 0.0920721082765156 0.6778266580626815 0.3764816328125 0.6841468703125002
0 0.47291301207765085 0.643930934832856 0.38588283652680877 0.6433541122472233 0.3852289775741581 0.7420074258518673 0.47225915312500016 0.7425842484375
0 0.5605875336043621 0.7267618170555579 0.47900665781249996 0.724948909375 0.47822927420813793 0.7599311845069421 0.55981015 0.7617440921874999
0 0.9393840953125 0.5593893109375 0.9364157560872922 0.3590264422507764 0.7705684953124999 0.3614834390625 0.7735368345377076 0.5618463077492236
0 0.7676855035224892 0.3624955245401643 0.579633428125 0.35756469843750005 0.575448779600182 0.5171590186419532 0.7635008549976712 0.5220898447446174
0 0.5756134973346432 0.44071829822832276 0.37990874375000006 0.43533822031250013 0.37591835473223434 0.5804918986880451 0.5716231083168773 0.5858719766038678
0 0.4716781562148237 0.17798787313681058 0.152465646875 0.17029834843750005 0.15053157191017635 0.25058691592568955 0.46974408125 0.2582764406250001
0 0.14990555468750003 0.24231265781250005 0.1488206420664322 0.16908107772599515 0.08166920937500001 0.1700759140625 0.08275412199606784 0.24330749414900493