0 0.8101609375000001 0.3190671875 0.8085471762333774 0.2636709612308184 0.758365579521018 0.26513281382485954 0.759979340787641 0.32052904009404115
0 0.8113109374999998 0.38617968750000004 0.8109621964214956 0.3263090798972986 0.7175625000000001 0.3268531250000001 0.7179112410785045 0.38672373260270143
0 0.7543546875 0.3206046875 0.7527297133118732 0.2647547209892512 0.7182 0.26575937499999996 0.7198249741881267 0.32160934151074877
0 0.7132968750000002 0.38714375 0.7096750403679655 0.2626769345267219 0.5920390625 0.2661 0.5956608971320347 0.3905668154732781
0 0.379025 0.6713734375000001 0.37788681312708944 0.47575944897862615 0.10962967840884659 0.47732031255289725 0.11076786528175712 0.6729343010742712
0 0.5240953125000001 0.6721734374999999 0.5182797560896859 0.47227202332612717 0.37993125000000005 0.47629687500000006 0.38574680641031434 0.6761982891738729
0 0.6553109375000001 0.6681078125000001 0.6495030688941681 0.46852357103226305 0.5248812513220062 0.47215004543002304 0.5306891199278383 0.67173428689776
0 0.7932124999999999 0.6678593750000001 0.7873385240320186 0.4659598915464014 0.6572265624999998 0.4697453124999999 0.6631005384679811 0.6716447959535986
0 0.5019984375 0.390140625 0.5012859814513058 0.2676381029902985 0.2778640624471516 0.26893749091304475 0.27857651849584575 0.39144001292274627
0 0.5862875 0.38874687500000005 0.5825661894182168 0.2657300301682725 0.5109359375 0.26789687500000003 0.5146572480817831 0.3909137198317275
0 0.9509137342356684 0.666576643983728 0.9471028519495841 0.40195306518089763 0.8061593749999998 0.40398281249999995 0.8099702572860842 0.6686063913028303
0 0.7889078125 0.4643359375000002 0.7867959896833321 0.26268075630541693 0.10460156250000001 0.269825 0.10671338531666785 0.4714801811945833