0 0.7794058546875001 0.23053885156250006 0.7252257161745179 0.2281308462086084 0.7225131390625001 0.28916385156250013 0.7766932775754822 0.2915718569163918
0 0.775583934375 0.2969966218750001 0.6732432046875 0.2969966218750001 0.6732432046875 0.3617111484375001 0.775583934375 0.3617111484375001
0 0.7190186937499999 0.23096452656250008 0.6817376056561191 0.2293075900099765 0.6790191453125 0.2904729734375001 0.7163002334063808 0.2921299099900237
0 0.6725663281250001 0.23053885156250004 0.5455570761901908 0.22489399628957923 0.5394573953124999 0.36213682500000005 0.6664666472473091 0.36778168027292074
0 0.29229902500000005 0.45581418906250004 6.576084434476002e-17 0.45581418906250004 7.870807092549278e-17 0.6672584453125 0.29229902500000005 0.6672584453125
0 0.4490548421875003 0.45640540468750024 0.29968435436061513 0.4497667165347746 0.28993907656249995 0.6690354734375001 0.43930956438938507 0.6756741615902258
0 0.5911729343750002 0.4528361484375001 0.4566211484851491 0.4468560691525069 0.4469052171874999 0.6654645265625001 0.5814570030773509 0.6714446058474932
0 0.7403174187500001 0.4510675671875001 0.5998381508936814 0.4448240436725409 0.5900051796874999 0.6660658781250002 0.7304844475438186 0.6723094016399593
0 0.44403126875 0.23163175625000004 0.19969005312500004 0.23163175625000001 0.19969005312500004 0.36404729687500004 0.44403126875 0.3640472968750001
0 0.5350267640625 0.2317331078125001 0.4576748065903791 0.2283847793488472 0.4518757008821737 0.3623537680507712 0.5292276583542946 0.3657020965144241
0 0.9165368609375001 0.40766722968750013 0.765727140625 0.3809239859375001 0.716046876517854 0.6610794825963455 0.866856596830354 0.6878227263463457
0 0.746047746875 0.23150000000000004 0.007966290625000042 0.23149999999999998 0.007966290625000056 0.44946621562500005 0.746047746875 0.4494662156250001