0 0.24947499999999997 0.2694984375 0.19925937500000004 0.2694984375 0.19925937500000004 0.3237265625 0.24947499999999997 0.3237265625
0 0.29206718750000005 0.330971875 0.20006249999999998 0.330971875 0.20006250000000003 0.3908328125 0.2920671875000001 0.3908328125
0 0.28965312499999996 0.2698921875 0.2551 0.2698921875 0.2551 0.3249375 0.28965312499999996 0.3249375
0 0.4158015625 0.2694984375000001 0.2980859375 0.2694984375 0.29808593750000006 0.39122656250000004 0.4158015625 0.3912265625000001
0 0.9042749999999999 0.47787812500000004 0.640571875 0.477878125 0.640571875 0.6734640625000001 0.9042749999999999 0.6734640625000001
0 0.6339890625 0.478425 0.4955484375 0.478425 0.4955484375 0.6751078125000001 0.6339890625 0.6751078125000001
0 0.4889421875 0.4751234375 0.36423593750000005 0.4751234375 0.36423593750000005 0.6718046875 0.4889421875 0.6718046875
0 0.3565500000000001 0.47348749999999995 0.2263500000000001 0.47348749999999995 0.2263500000000001 0.6723609374999999 0.3565500000000001 0.6723609374999999
0 0.7300078125 0.2705093750000001 0.5094359374999999 0.2705093750000001 0.5094359374999999 0.3929937500000001 0.7300078125 0.3929937500000001
0 0.4969453125000001 0.27082343750000004 0.42526093750000005 0.270603125 0.42488755904082653 0.3920914721628505 0.4965719340408266 0.39231178466285055
0 0.20917343750000006 0.6732015625 0.2057296875000001 0.4086046875 0.06483315620689764 0.41043846739494627 0.06827690620689764 0.6750353423949462
0 0.903840625 0.2703875000000001 0.22444687500000002 0.27038750000000006 0.22444687500000007 0.47200625000000007 0.903840625 0.4720062500000002