0 0.24320156250000005 0.26659531250000007 0.19302665408041736 0.2654286222708004 0.19172496368765898 0.32140937415564863 0.2418998721072417 0.3225760643848483
0 0.2850601562572176 0.38741006334852685 0.2843640625 0.3275734375 0.19026953124278245 0.32866806165147316 0.190965625 0.3885046875
0 0.28337031250000005 0.2665218750000001 0.24884676353026478 0.26571831808387225 0.2475375000000001 0.32196875 0.2820610489697354 0.32277230691612785
0 0.40952968749999996 0.26465937500000003 0.29190812596552795 0.26192212894626865 0.2889796875 0.387759375 0.4066012490344721 0.3904966210537314
0 0.8954266853347834 0.6628627448825034 0.8931515624999999 0.4673562499999999 0.6226201896652165 0.4705044426174966 0.6248953124999999 0.6660109375000001
0 0.6228546875000003 0.4710484375000002 0.4845249449477036 0.46782857886277307 0.479834375 0.6693421875000001 0.6181641175522967 0.6725620461372273
0 0.4778843750000001 0.46943437499999996 0.35327938772342804 0.4665339832467777 0.3486 0.6675671875 0.4732049872765722 0.6704675792532223
0 0.34552968750000007 0.4693390625 0.21543537782353245 0.46631154542914227 0.21070156250000002 0.6697265625 0.3407958721764676 0.6727540795708578
0 0.7251359089005591 0.384448682048892 0.723710919528499 0.26201408089475986 0.49886407312794 0.26463102384586795 0.5002890625 0.3870656250000001
0 0.490640625 0.2650406250000001 0.41903522225968065 0.2630451413464449 0.4155771494546621 0.38713370276740344 0.4871825521949814 0.3891291864209586
0 0.1970245578364181 0.6707564660095863 0.19621875000000003 0.406209375 0.05496628981709968 0.4066396286039778 0.055772097653517774 0.6711867196135641
0 0.8983816373927395 0.46145045109898863 0.8969734374999998 0.2598765625 0.21241211260726045 0.26465892390101153 0.2138203125 0.4662328125000001