0 0.3225755734847461 0.26265729756260703 0.321283736565303 0.20710030511473915 0.25929812870555696 0.20854162317713207 0.26058996562500003 0.264098615625
0 0.395576125 0.20625951562500006 0.32932103823657394 0.20548875388527005 0.32810899687499995 0.3096764703125 0.394364083638426 0.31044723205222996
0 0.3227928661407412 0.3071264205996809 0.32190311406249994 0.26889965468749993 0.2596188979217587 0.270349359087819 0.26050864999999995 0.308576125
0 0.3977817262321443 0.4450256040797974 0.394750865625 0.31478719687499995 0.2554155065803557 0.31802975842020265 0.2584463671875 0.44826816562500005
0 0.7028494812500001 0.6867352937500001 0.48637170006397684 0.6842161269103316 0.48288581250000007 0.9837664359375001 0.6993635936860234 0.9862856027771685
0 0.7101033031790118 0.6792820685142493 0.7065380625000001 0.5261141874999999 0.48340880775848827 0.5313078971107507 0.4869740484375001 0.684475778125
0 0.7077841708159721 0.5187736876750416 0.7045726640261498 0.38080276718834616 0.48197534477267767 0.3859840967008045 0.4851868515625 0.5239550171875
0 0.7103159350695007 0.37216151954312415 0.7069636671875 0.22811245625 0.48172904774299913 0.23335405076937588 0.4850813156249999 0.3774031140625
0 0.3939826984375 0.548762975 0.25841497382955103 0.5471851327522115 0.25551732194367377 0.7961504988557682 0.3910850465516228 0.7977283411035566
0 0.3962676113388003 0.5342505764542347 0.3940580792978127 0.45496431808930915 0.2566589804590125 0.4587933260100745 0.25886851250000004 0.538079584375
0 0.7085804515059788 0.05656426128687597 0.4156563371313851 0.05567201637010192 0.41517993124999997 0.21207612500000006 0.7081040456245937 0.2129683699167741
0 0.48164186875000026 0.23156574375000005 0.25844586717990203 0.23000649122367928 0.25315051875000005 0.9879982703125002 0.47634652032009833 0.9895575228388209