0 0.7907110259363267 0.19837779098957523 0.7241842156249999 0.19289614687500012 0.719793808438673 0.24617939182292498 0.7863206187499998 0.2516610359375001
0 0.7234600921874998 0.291982090625 0.7157587949960998 0.1832993709098974 0.6520855919473109 0.1878112773205256 0.6597868891387109 0.2964939970356283
0 0.7919773382683785 0.25813785316247373 0.7271351234375001 0.2527934375000001 0.7241133631545892 0.289455561445134 0.7889555779854676 0.2947999771076076
0 0.8092795659919642 0.30548581531721963 0.6591246078124999 0.29310858906250004 0.6488285287974362 0.4180160022504774 0.7989834869769005 0.4303932285051969
0 0.6120973890625001 0.9368186796875 0.5897491756521085 0.6213777643189257 0.38170665464862014 0.6361170655043452 0.4040548680590117 0.9515579808729194
0 0.6030402409421948 0.4994334259799286 0.3688986703125 0.48013494999999995 0.35679095437030534 0.6270335771450714 0.5909325250000002 0.646332053125
0 0.5943471097839523 0.358438256590924 0.3624537296875 0.33932507968750003 0.3515473119525888 0.47164876852644866 0.5834406920490411 0.4907619454298727
0 0.5865069809426583 0.21048900267036305 0.3513598937500001 0.19110881250000006 0.3399736815468 0.3292619787075453 0.5751207687394582 0.34864216887790833
0 0.8218151875000002 0.7679356828125001 0.8036014249842296 0.5108324265276282 0.6733160578125001 0.5200621296875001 0.6915298203282706 0.7771653859723721
0 0.8100907546995664 0.4414248993423347 0.66786643125 0.42953860312500003 0.6615113218629337 0.5055800475326654 0.8037356453125002 0.5174663437500001
0 0.6334097687500001 0.192325478125 0.6225297979435565 0.03572479546800674 0.34099918681246816 0.05528438344844685 0.35187915761891164 0.2118850661054401
0 0.835137571875 0.9541254906250002 0.7811706082482747 0.1924502032313432 0.566710863024531 0.20764531519236043 0.6206778266512564 0.9693206025860173