0 0.32403480315665384 0.2196636895487965 0.3195638796875 0.16907079375 0.2599127218433462 0.17434220107620352 0.2643836453125 0.224935096875
0 0.38775031093750006 0.1638623750000001 0.3269331720506584 0.16376609930371402 0.326776603125 0.26267033437500004 0.3875937420118417 0.2627666100712861
0 0.32378105785849154 0.26048317526672315 0.3207058420505443 0.2256702984495981 0.2616426920045528 0.23088767630787502 0.2647179078125 0.26570055312500007
0 0.3984692219707927 0.38197473235009743 0.38799211793697197 0.26337413510910646 0.25363747565367933 0.27524294182150894 0.2641145796875 0.39384353906249997
0 0.6742180015625002 0.5858413625000002 0.4755115203564039 0.5855255343841828 0.4750574720305016 0.8711946709145424 0.6737639532365979 0.8715104990303597
0 0.6884441443013092 0.5779015642944907 0.6761222165805194 0.43841865951840664 0.46372987696671036 0.4571814108489159 0.4760518046875001 0.596664315625
0 0.6840779799566648 0.431010414707013 0.6729795890624998 0.305366525 0.461831473168335 0.32401768529298713 0.47292986406250004 0.4496615750000001
0 0.68535245080887 0.29646998461283836 0.6737649140624999 0.16529100468749996 0.45989535544112997 0.18418291382466165 0.47148289218749995 0.31536189375
0 0.38944654843750015 0.47784614843749995 0.26500739135248325 0.4776480281337118 0.264632949404973 0.712834626551602 0.3890721064899899 0.7130327468553902
0 0.3953312314784415 0.46404627557887146 0.38862595554125995 0.39188340637486363 0.25862440062531844 0.4039629745459923 0.26532967656250006 0.4761258437500001
0 0.6747753179375039 0.16614119221189017 0.6737616491143061 0.02132550555539977 0.40478359055180235 0.02320827584350961 0.40579725937500005 0.1680239625
0 0.4691445801514703 0.8881654376564198 0.466978553125 0.181916109375 0.2620647198485295 0.18254456859358012 0.2642307468749999 0.888793896875