0 0.8822219831456444 0.7939344594142465 0.6982603421875001 0.7830330281250001 0.692784532479356 0.8754373108982538 0.8767461734375004 0.8863387421875
0 0.49995298173353486 0.8046733302811475 0.35498418593750014 0.7960825875 0.34978952295396537 0.8837425322188528 0.4947583187500001 0.8923332750000004
0 0.3233831073850793 0.7253019710661598 0.17261334531250005 0.7163674671875 0.16666846136492078 0.8166873898713402 0.31743822343750006 0.8256218937499998
0 0.34893372187500005 0.7087147906250001 0.3307895971216984 0.40253269215783255 0.14193651875000005 0.4137239859375 0.16008064350330162 0.7199060844046675
0 0.9838479250000001 0.7739104296874999 0.9641066139085546 0.4407758064946238 0.7589036921874999 0.4529359796875 0.7786450032789456 0.7860706028803761
0 0.77012466875 0.76336328125 0.7555047617866688 0.5166523562263006 0.6326846906249999 0.5239305828124999 0.6473045975883311 0.7706415078361992
0 0.6318631390625 0.691543434375 0.621676674404014 0.5196468428482751 0.5375332156249999 0.5246331218749999 0.5477196802834859 0.6965297134017249
0 0.6317764484375 0.8007708171875001 0.6256537902561102 0.6974509638550694 0.586143375 0.699792321875 0.5922660331813898 0.8031121752074306
0 0.7117314984375 0.4362213875000001 0.6966288307188024 0.121730039777974 0.5376633625000001 0.12936396249999998 0.5527660302186976 0.4438553102220261
0 0.5602660203464317 0.14270955539384136 0.3436792028886141 0.13448379662082457 0.3328970622296826 0.4183809537269833 0.5494838796875001 0.4266067125000001
0 0.34046658434249905 0.3101386687353255 0.1394221984375 0.29647811874999996 0.13232981722000098 0.40085776876467455 0.333374203125 0.41451831875000006
0 0.5798642671875001 0.7882010109375 0.5629210240357473 0.5022837350534195 0.34662013147156634 0.5151015635855503 0.3635633746233191 0.8010188394696307