0 0.3435656250000001 0.7435765625 0.17329687500000007 0.7435765625 0.17329687500000007 0.835178125 0.3435656250000001 0.835178125
0 0.6834328125000002 0.7765625 0.5509921875000001 0.7765625 0.5509921875000001 0.8634609375 0.6834328125000002 0.8634609375
0 0.8589203124999999 0.7084921875000001 0.7222515625 0.7084921875 0.7222515625000001 0.807940625 0.8589203124999999 0.807940625
0 0.8715078125 0.4113234375000001 0.6842953125 0.4113234375 0.6842953125 0.6906109375 0.8715078125 0.6906109375000001
0 0.2643359375000001 0.4139421875 0.06091562500000004 0.4139421875 0.060915625000000063 0.717846875 0.2643359375000001 0.717846875
0 0.3931765625000001 0.4914625 0.2714234375000001 0.4914625 0.2714234375000001 0.7199390625000001 0.3931765625000001 0.7199390625000001
0 0.48721249999999994 0.4977265625 0.40380000000000005 0.4977265625 0.40380000000000005 0.6570859375 0.48721249999999994 0.6570859375
0 0.44944687500000013 0.6679109375000001 0.4102796875 0.6679109375000001 0.4102796875000001 0.764990625 0.4494468750000002 0.764990625
0 0.46394531250000004 0.10725468750000004 0.30777031250000003 0.10725468750000004 0.3077703125000001 0.40019218749999996 0.46394531250000004 0.40019218749999996
0 0.6741203124999999 0.39945625 0.6731109002081 0.11903037105558305 0.46865933770810014 0.11976630855558301 0.46966875 0.40019218749999996
0 0.8683564019368426 0.39868531040403554 0.8671210607784594 0.29505741030190447 0.6812084088416168 0.29727366239786884 0.6824437499999999 0.4009015624999999
0 0.6752478896873904 0.7555396877226809 0.6751606664795614 0.49867844180196774 0.460737776792171 0.4987512540792868 0.46082499999999993 0.7556124999999999