0 0.9023435450859056 0.7645836517942255 0.7280377375000001 0.7594190343750001 0.7245093814765947 0.8785010294557747 0.8988151890625001 0.8836656468750002
0 0.2469812072984102 0.7437018970877752 0.0724769156250001 0.7391866984374998 0.06939781145158998 0.8581885263497249 0.24390210312500007 0.8627037250000003
0 0.28791067170165885 0.6225267409942619 0.06781410781250008 0.6157030546875 0.06611076352104593 0.6706440658675961 0.2862073274102047 0.6774677521743578
0 0.44245299472769073 0.6881131498872206 0.35389718750000015 0.68505701875 0.3519653302326559 0.7410353691796658 0.4405211374603465 0.7440915003168864
0 0.4390506596450705 0.7836964265479496 0.2511927109375001 0.7773930046874999 0.24832941379242973 0.8627265172020504 0.4361873625000001 0.8690299390625
0 0.5275541437675012 0.8259986689439698 0.4426062265625002 0.8233954046875003 0.4412122687324991 0.8688820716810307 0.5261601859375001 0.8714853359375002
0 0.7238099583736753 0.7918870659489445 0.5322801857735285 0.785444151402934 0.5293958607224137 0.8711870426363726 0.7209256333225605 0.8776299571823831
0 0.3052946361998654 0.2625768812626945 0.05734433437500004 0.25353089375000004 0.0533729537573857 0.36238634169496275 0.3013232555822511 0.37143232920765723
0 0.23156892740260943 0.12343867579951888 0.05661461718750003 0.11739011406250002 0.05329971009739065 0.21327361638798115 0.22825402031250003 0.21932217812500002
0 0.7423601352972612 0.14223158330750257 0.64730640625 0.13889927187500006 0.6448370975152387 0.20933596669249757 0.7398908265624998 0.21266827812500008
0 0.7788913886371269 0.2176624989646277 0.6490345984375001 0.21416872812500007 0.647274795737873 0.2795772338478725 0.7771315859375 0.2830710046875001
0 0.8949171008533421 0.6418969974895143 0.7250469953125002 0.6364670687500001 0.7233222428966581 0.690424291572986 0.8931923484375002 0.6958542203125002
0 0.8990333905799167 0.7014867459092129 0.7268223171875001 0.6963841953125002 0.7251771016075836 0.7519102181532874 0.8973881750000002 0.7570127687500002
0 0.31283589748536667 0.6817855451895184 0.18412444531250008 0.6766106765624998 0.18175901628192873 0.7354445963159582 0.3104704684547953 0.7406194649429767
0 0.1800697373944343 0.6772309300185557 0.0695401218750001 0.6739559781250001 0.06780983916806589 0.7323530137314445 0.1783394546875001 0.7356279656250001
0 0.660664339346344 0.05643970362920864 0.435680990625 0.048702006250000054 0.43303492826904944 0.12563961967578346 0.6580182769903935 0.13337731705499206
0 0.834598542668795 0.0415899187271699 0.679278625 0.036041454687500085 0.6759424665595851 0.12943159844449728 0.8312623842283801 0.1349800624841671
0 0.9007696626272509 0.29062697252733694 0.6480264656250001 0.2818601015625001 0.6444679373727495 0.38445016028516327 0.8972111343750004 0.3932170312500001
0 0.9003280746404524 0.14787388185289166 0.747708159375 0.1428870437500001 0.7431566472345476 0.28218400564710855 0.8957765625 0.2871708437500001
0 0.23156471711727628 0.21945495328278844 0.05751634843750003 0.21369394531250005 0.056189561007723786 0.25377810921721167 0.23023792968750004 0.25953911718750006