0 0.30342149059883716 0.8545297763867732 0.29477980937500003 0.68786876875 0.17761908283866285 0.6939437689257267 0.18626076406249997 0.8606047765624998
0 0.27150799464168573 0.21154897406818404 0.2622280640625 0.04472002812500002 0.14519837410831424 0.051229854056816036 0.15447830468749996 0.21805880000000005
0 0.3940847809695909 0.24870428025499014 0.3832867562500001 0.034763100000000005 0.329223354105239 0.03749178436122733 0.3400213788248298 0.25143296461621745
0 0.3419704590584462 0.4032118438523914 0.33797319843749996 0.31807084375 0.2828661084249746 0.32065805086028876 0.28686336904592086 0.40579905096268015
0 0.24763675059570697 0.402696321863826 0.2389547109375001 0.22147868750000005 0.15495887752929313 0.22550288282367417 0.1636409171875 0.4067205171875001
0 0.21318274044534902 0.49270069341256867 0.20903068906250005 0.4110177625000001 0.16427250799215104 0.41329288002493153 0.16842455937500003 0.4949758109375001
0 0.2622911483797311 0.6820764050746424 0.2535166488146816 0.49682254180339563 0.16910634227122562 0.500820613341406 0.1778808418362751 0.6860744766126528
0 0.7493677641375582 0.24808442098793598 0.7386031312499999 0.008700870312499998 0.6314168840517941 0.013520836423071003 0.6421815169393524 0.252904387098507
0 0.8803088013950143 0.1702258689925156 0.8724233015625 0.0020449203125000037 0.7780314673549855 0.00647067006998443 0.7859169671874998 0.17465161875000002
0 0.9027384898400653 0.6724042792341819 0.8985296187499999 0.5816959140625 0.8291847289099346 0.5849135192033181 0.8333936 0.675621884375
0 0.8315312402730989 0.7127423736361747 0.8246491656250002 0.5866737296875 0.7603167651587833 0.5901856289864258 0.7671988398068821 0.7162542729351006
0 0.4236028920531497 0.8442712790712485 0.4154494281250001 0.6795731921874999 0.36234804232185036 0.6822020037412513 0.37050150625 0.846900090625
0 0.36532507126910574 0.8508470388969384 0.35666997031250003 0.6839272265625 0.30203980373089434 0.6867599017280618 0.31069490468750005 0.8536797140625001
0 0.33781826031899287 0.2755905551877943 0.3326965875 0.1513725609375 0.27473927721258773 0.15376221778675533 0.2798609500315806 0.2779802120370497
0 0.3316520108244825 0.14530120170151445 0.3261399 0.0389962 0.26868504309136737 0.04197534052599703 0.27419715391584987 0.14828034222751146
0 0.9805563387528753 0.5883943071232145 0.9702970843750001 0.37042622499999994 0.8945580142765163 0.37399108816214327 0.9048172686543916 0.5919591702853578
0 1 0.6086300140625002 0.910280053125 0.6086300140625002 0.910280053125 0.7617487750000002 1 0.7617487750000002
0 0.7694267722977333 0.8329068809924387 0.7579730643788027 0.5880223666645681 0.6569776358310695 0.5927461122346297 0.6684313437500001 0.8376306265625002
0 0.9096996637536117 0.824907987021902 0.9026407125 0.6802355062500001 0.7655416565588884 0.6869249301655982 0.7726006078125 0.8315974109375002
0 0.7859898234374999 0.17663050937500002 0.777753530757191 0.006338060631392484 0.738299847226973 0.008246260832097818 0.7465361399072818 0.17853870957570536