0 0.2612768753634605 0.7012940920281772 0.14571364766376255 0.7000938787816127 0.1440186984375001 0.8632930468750001 0.2595819261371981 0.8644932601215645
0 0.2609756093750001 0.22847682187500004 0.26039094499132376 0.0654016338522346 0.1449437903038237 0.06581554010223462 0.14552845468750003 0.22889072812500003
0 0.3799623574616099 0.06483820897931801 0.3266382109375 0.06476490000000004 0.3263488429964084 0.2752479626985661 0.37967298952051826 0.2753212716778841
0 0.32093495937500005 0.34064569531250005 0.26658706826032375 0.34038014358683827 0.2661805635728237 0.4235755076493383 0.3205284546875001 0.42384105937500005
0 0.228455284375 0.23841059531250006 0.14561428601687038 0.238085158075511 0.14491869843750008 0.41514900625000006 0.22775969679562968 0.41547444348698914
0 0.18935040625000008 0.42268377500000004 0.14520377303645274 0.4226388905484216 0.14512247303645273 0.5026024671109216 0.18926910625000007 0.5026473515625001
0 0.2287267510560318 0.5100923757540948 0.14548770463817767 0.5097582875128633 0.14476026439406295 0.691002117055867 0.2279993108119171 0.6913362052970984
0 0.7308358894171387 0.06371031643295323 0.6251325203125001 0.06298510000000007 0.6235151516152179 0.2987234432293967 0.7292185207198566 0.2994486596623499
0 0.8628087528357641 0.06792547164576755 0.7697175046568823 0.06746488642825986 0.7689006221336183 0.23256921634499245 0.8619918703125002 0.23302980156250014
0 0.8589195125000002 0.6408261593750002 0.7905310819636784 0.6404545957886969 0.7900522194636784 0.7285920129761969 0.8584406500000001 0.7289635765625002
0 0.7876012403585841 0.640364711554753 0.7238162609375001 0.6393642390625001 0.7218647958403467 0.7637796148242033 0.7856497752614306 0.7647800873164563
0 0.3787105687500001 0.701908940625 0.3263367828456881 0.7017865029895957 0.3259587344081881 0.8635000795520955 0.3783325203125001 0.8636225171874997
0 0.32066585312500007 0.701524834375 0.26678048750000005 0.701524834375 0.26678048750000005 0.8655480125 0.32066585312500007 0.8655480125
0 0.32424715468750004 0.17627649062500003 0.2670967484375001 0.17578807968750004 0.26606090561126666 0.2969951080014238 0.3232113118612666 0.29748351893892383
0 0.32352926875 0.06525165625000004 0.26685772343749997 0.06525165625000004 0.26685772343749997 0.16897185468750003 0.32352926875 0.16897185468750003
0 0.9402958946783103 0.438063068725602 0.8656 0.4377069531250001 0.8645812758481499 0.6513861961130336 0.9392771705264602 0.6517423117136356
0 0.9595822034854686 0.6726342400412559 0.8689024390625001 0.6720811265625002 0.8680043847018286 0.8193119589188127 0.9586841491247972 0.8198650723975686
0 0.7203394238191155 0.6346081614883942 0.6207359088848817 0.6341039243060257 0.6195021756907664 0.8778070206301317 0.7191056906250001 0.8783112578125001
0 0.8579392538418611 0.7374525706001529 0.7227215947237677 0.7370403992429694 0.7222920971319068 0.8779421333303166 0.8575097562500001 0.8783543046875002
0 0.7694601654925741 0.06517721831781172 0.7305483931468288 0.06504204574452546 0.7299613979667547 0.23401880086421384 0.7688731703125001 0.23415397343750008