0 0.7113170778834826 0.3185715838690343 0.5726149015625002 0.3138641015625001 0.5705922675969848 0.37345938299952847 0.7092944439179671 0.37816686530606264
0 0.4492233322942624 0.09631368858757756 0.3490430875 0.09344787500000004 0.3478688624499474 0.134495259752357 0.4480491072442098 0.1373610733399345
0 0.34214976684924003 0.022396491910624004 0.2568185125 0.01976584687500003 0.25583038471326003 0.05181813152687607 0.3411616390625 0.054448776562500044
0 0.7210879261588203 0.3805906349077887 0.46406677187500006 0.3732105125000001 0.4602492426137553 0.5061603096743503 0.7172703968975757 0.5135404320821391
0 0.4649898847752647 0.37180427925173004 0.269669225 0.36729566250000006 0.2665785386622354 0.5011892551232703 0.46189919843750005 0.5056978718750001
0 0.7367690919100677 0.8587758612955098 0.5536833187500001 0.853248615625 0.5518323446686733 0.9145607122786897 0.7349181178287408 0.9200879579491994
0 0.46553703143445063 0.3720216808450446 0.2697273828125001 0.36746430156250004 0.2666172560655495 0.5010921582174556 0.4624269046875001 0.5056495375000001
0 0.7115809505879968 0.2659880749456107 0.5722834562500001 0.26056798125000014 0.5703198627395399 0.31103272803601206 0.7096173570775366 0.31645282173162265
0 0.44771282006390767 0.026012677591008088 0.346216078125 0.023005367187500042 0.3442227096235923 0.09028156459649203 0.4457194515625 0.09328887500000008
0 0.6931543500000001 0.9166687796874999 0.3410953218750001 0.9166687796874999 0.3410953218750001 1 0.6931543500000001 1
0 0.6859308182568248 0.5694370631682035 0.3212344046875001 0.559998728125 0.3164316551806752 0.7455765352692965 0.6811280687499999 0.7550148703124999