0 0.5556 0.44772656250000004 0.46013281250000004 0.44772656250000004 0.46013281250000004 0.541196875 0.5556 0.541196875
0 0.576128125 0.511571875 0.5613578125 0.511571875 0.5613578125 0.5449578125000001 0.576128125 0.5449578125000001
0 0.56624375 0.09489687500000007 0.49672343750000003 0.09489687500000007 0.49672343750000003 0.22295000000000006 0.56624375 0.22295000000000006
0 0.4886953125 0.09623906250000006 0.41498125 0.09623906250000006 0.41498125 0.22295000000000006 0.4886953125 0.22295000000000006
0 0.4058265625 0.09556875000000005 0.3883671875 0.09556875000000005 0.3883671875 0.13744218750000003 0.4058265625 0.13744218750000003
0 0.4078531250000001 0.14664375000000004 0.2688384710093895 0.1459642507818935 0.2675053313856972 0.4187032599969216 0.4065199853763077 0.41938275921502816
0 0.26109111795386053 0.4171035757408313 0.2606734375 0.33705625 0.13900330357249413 0.33769111489136006 0.13942098402635467 0.4177384406321913
0 0.5953094902896071 0.23231974702038088 0.41735781250000004 0.22997968750000006 0.4146329187729133 0.43719638703700836 0.5925845965625204 0.4395364465573892
0 0.5535168446202667 0.5562326143642122 0.401465898817154 0.555926396557763 0.4010812500000001 0.746921875 0.5531321958031128 0.7472280928064492
0 0.5801218750000001 0.695721875 0.556603125 0.695721875 0.5566031250000001 0.7522828125000001 0.5801218750000002 0.7522828125000001
0 0.4944406250000002 0.765534375 0.4027640625000002 0.765534375 0.4027640625000002 0.9036546875000001 0.4944406250000002 0.9036546875000001
0 0.3950218750000001 0.6170875 0.28676734760787975 0.6164001227128191 0.28538766010787975 0.8336860602128191 0.3936421875000001 0.8343734375
0 0.2790625 0.7642703125 0.2774605833963368 0.42344275466605075 0.13546085929268023 0.42411016465250506 0.13706277589634341 0.7649377224864543
0 0.3601906250000001 0.42891250000000003 0.2424687500000001 0.42891250000000003 0.2424687500000001 0.548875 0.3601906250000001 0.548875