0 0.5547778220343884 0.5223732218969848 0.549401009375 0.41867755625000014 0.44991638265311157 0.42383601872801535 0.4552931953125 0.527531684375
0 0.48826686656079465 0.5469969337269782 0.4871056109375 0.5313199828124999 0.45126521156420524 0.5339748272105218 0.4524264671874999 0.5496517781250001
0 0.9319851434746569 0.5035802457937757 0.9265193921874999 0.4297926046875 0.7887497284003431 0.43999776514372435 0.7942154796875001 0.51378540625
0 0.9263819211082007 0.4212351233169686 0.9205864531250001 0.3429963078124999 0.7841451617042995 0.35310307043303135 0.7899406296875 0.4313418859375
0 0.9212046517465406 0.3331805753351894 0.9198319796875 0.31464950156249993 0.8749051420034591 0.3179774152898105 0.8762778140624998 0.33650848906249997
0 0.8666071359375002 0.3393875968750001 0.856396676770841 0.19177058083709525 0.5665708418570534 0.21181742186028893 0.5767813010237125 0.35943443789819374
0 0.656061978125 0.19791245312500003 0.6474877453125001 0.06956736875 0.5625082323220794 0.07524451744814417 0.5710824651345792 0.20358960182314417
0 0.7859080451892757 0.546756018622109 0.7785347359374999 0.35605493906249996 0.5578986099188182 0.36458566365517847 0.565271919170594 0.5552867432147874
0 0.44272927216346425 0.5262463369847487 0.43109886514686835 0.3648309041990393 0.22481582267090405 0.37969414065179075 0.23644622968749998 0.5411095734375001
0 0.29291848881818416 0.5657293388013501 0.2910694234375 0.5407669499999999 0.23038559711931578 0.5452620471361497 0.23223466250000002 0.5702244359374999
0 0.21557748662719636 0.4800187371629553 0.20836979062500002 0.38271483906250003 0.05937688524780369 0.3937513503370448 0.06658458125000001 0.49105524843750004
0 0.3668881654879397 0.36271741325187684 0.35910447873428775 0.24774784461017121 0.12689887730884802 0.2634686626082944 0.1346825640625 0.37843823125
0 0.5684611493255535 0.22230111384336837 0.5565910878451703 0.0716531134011482 0.19102454945711683 0.10045732768277982 0.2028946109375 0.25110532812499997
0 0.5666593647330029 0.3107402331754564 0.5574039625 0.1857922984375 0.4271030805794972 0.1954442152620437 0.4363584828125001 0.3203921500000001