0 0.5346490348687924 0.5016939087900903 0.5290307656250002 0.4068856109374999 0.41873169013120776 0.41342185214740956 0.42434995937500003 0.5082301499999999
0 0.5451829375 0.4709150875 0.5302306267851332 0.4698075085736141 0.5275539578124999 0.5059425281250001 0.5425062685273667 0.5070501070513859
0 0.5666325875 0.04552031718750006 0.49625565311820174 0.04030721124808985 0.4858599578125 0.18064910625000002 0.5562368921942983 0.18586221218941024
0 0.4872481968750001 0.05159075937500006 0.41262583699027855 0.04606317689463392 0.40228967031249996 0.18560142031250004 0.4769120301972215 0.1911290027928662
0 0.4025769140625 0.055926021875000044 0.38490240609469095 0.054616798751968856 0.38155596875000003 0.09979369218750006 0.3992304767178091 0.10110291531053126
0 0.4007808531250001 0.10802049375000004 0.260194751443107 0.09692274266474234 0.23718995427938597 0.3883470797564684 0.3777760559612791 0.39944483084172616
0 0.23989368095494928 0.3932051491267434 0.23588954062499998 0.3116082359375 0.10192557217005069 0.3181821430607566 0.10592971249999998 0.39977905625
0 0.584407465625 0.18432640000000008 0.4002769587540199 0.173154336699896 0.38623186562500006 0.4046362078125 0.5703623724959801 0.4158082711126041
0 0.5185763234375002 0.519357034375 0.3647156298961268 0.5076514794534301 0.3483980593750001 0.722133640625 0.5022587529163735 0.73383919554657
0 0.5353201984375001 0.6589414984375 0.5115116532343797 0.6571779024727014 0.5069920718750002 0.7181922500000001 0.5308006170781205 0.7199558459647988
0 0.4424358062500001 0.7355062593749999 0.34962961430667117 0.7286317268286262 0.3382490234375001 0.8822697078124999 0.431055215380829 0.8891442403588737
0 0.35203561718750015 0.5897627265625001 0.242590242537779 0.5809640341602293 0.22368130783239346 0.8161689201185073 0.3331266824821146 0.8249676125207779
0 0.2459743034861866 0.4066295062189436 0.10208555145011178 0.39664458675150727 0.07725630156250009 0.754449153125 0.22114505359857492 0.7644340725924363
0 0.3306760140625 0.39948957500000004 0.21150358232940514 0.39066198729552026 0.20123653906250002 0.5292670687500001 0.32040897079559494 0.53809465645448