0 0.6418227913372408 0.6311573806120293 0.6375944739368219 0.14812040409928298 0.307812663005785 0.15100718552038314 0.312040980406204 0.6340441620331295
0 0.29428444609723997 0.14892962967851536 0.04684791562500002 0.1462134546875 0.04569578799936456 0.25116930741843657 0.2931323184716045 0.25388548240945197
0 0.29593298525020634 0.26014374445713784 0.04805938281250004 0.25786000625 0.04622210537479374 0.4572754102303622 0.29409570781250005 0.4595591484375
0 0.30193052531010467 0.6426205332530666 0.05185005963290488 0.6416523740459099 0.051323906197800306 0.7775604923553434 0.30140437187500013 0.7785286515625001
0 0.5895356092325245 0.643862292033391 0.311739596875 0.6407343390625 0.3089472165625001 0.8887278744567348 0.5867432289200246 0.8918558274276256
0 0.7197842776221879 0.5547792278600101 0.5835684234375 0.553572678125 0.5828650913190454 0.6329767694035323 0.7190809455037332 0.6341833191385423
0 0.8510580663558611 0.5567716261409593 0.7304139887909077 0.5556403732098547 0.7291291659400411 0.6926621332558697 0.8497732435049945 0.6937933861869743
0 0.9545655906249998 0.6357652859375 0.9536612263630284 0.4807337491510785 0.84202928125 0.4813849453124999 0.8429336455119714 0.6364164820989214
0 0.9556869656250001 0.8979716546875001 0.9550471014546467 0.6429839065990621 0.7736994181914172 0.6434389789928012 0.7743392823617705 0.898426727081239
0 0.8322001002211966 0.4057944970300156 0.65269933125 0.4039581390625001 0.6512406522385852 0.5465414528078855 0.8307414212097818 0.5483778107754009
0 0.8316772719189718 0.15483308438829485 0.580965184375 0.15300857968750006 0.5792216093310283 0.3925998171742053 0.8299336968750002 0.3944243218750001
0 0.7643742126196413 0.768449901815149 0.6021782531250002 0.7678754578125 0.6017260289471756 0.8955622890626593 0.7639219884418169 0.8961367330653085
0 0.765223684281503 0.643882147399708 0.6016221625000001 0.6417178015625 0.6000793770014766 0.7583359736687065 0.7636808987829796 0.7605003195059146
0 0.29555642926864917 0.4657887221758819 0.04958609843750005 0.46396672031249986 0.048329330106351 0.633630499699118 0.2942996609375001 0.6354525015625001