0 0.23415871718750014 0.50965825625 0.1183387377462751 0.5093865208380768 0.11773032095774713 0.7687079667999711 0.2335503003989722 0.7689797022118945
0 0.11662958094213124 0.7692997772042642 0.11624882634146882 0.5105807151006811 0.05344737039933759 0.5106731394589168 0.053828125000000004 0.7693922015625
0 0.11563486875000004 0.3697798171875 0.05454440781250004 0.3697798171875 0.05454440781250005 0.49756651406249996 0.11563486875000004 0.49756651406249996
0 0.23338486875000003 0.4990206421875 0.2330814076936703 0.24139313654471478 0.11885684705442354 0.24152768237181466 0.11916030811075326 0.4991551880145999
0 0.4328651312500001 0.38860550468750005 0.4323042765625001 0.24056422031250008 0.4069849082041096 0.24066014278769537 0.4075457628916096 0.38870142716269535
0 0.4826805552016397 0.6212066066230022 0.40698850618373966 0.6211199343206786 0.4068202869196001 0.7680280058226764 0.48251233593750015 0.7681146781250001
0 0.9385468749999999 0.3574380734375001 0.8288610203125 0.3574380734375001 0.8288610203125 0.6509587156250002 0.9385468749999999 0.6509587156250002
0 0.8268582665162126 0.6494398196121139 0.8258314140625 0.35743807343750006 0.697134661268489 0.35789064804749005 0.6981615137222017 0.649892394222104
0 0.480838815625 0.39724770625000005 0.4074021375 0.39724770625000005 0.4074021375 0.610550459375 0.480838815625 0.610550459375
0 0.4832401312500001 0.24238990781249997 0.43670318418886095 0.24220947078160937 0.43614232950136095 0.3868608473441094 0.4826792765625001 0.38704128437500007
0 0.1164753274417045 0.24169599385738896 0.055048052653716664 0.24152752215488946 0.054710883024512234 0.36446455642250053 0.11613815781250007 0.364633028125
0 0.6940481428999578 0.5171817827785858 0.6557220390625 0.5171376140625001 0.6555669374486987 0.65172247598982 0.6938930412861564 0.6517666447059057
0 0.694203125 0.3578853218750001 0.5474909546875 0.3578853218750001 0.5474909546875 0.6521559640625 0.694203125 0.6521559640625