0 0.7509924250000003 0.7706766921875002 0.486842254200685 0.7700569033159077 0.48656616718750023 0.8877234749999999 0.7507163379868155 0.8883432638715923
0 0.7470110078125001 0.9532539687500001 0.7467809546875002 0.8894586453125 0.48397037494596046 0.8904063698774802 0.4842004280709604 0.9542016933149805
0 0.47224559062500004 0.8908070171874998 0.3426689721948079 0.8904655147128283 0.3425054093750001 0.9525263156249999 0.47208202780519226 0.9528678180996714
0 0.4778282358238287 0.8868829091192664 0.47775248437499995 0.7708471171874999 0.21265319542617123 0.7710201815057334 0.212728946875 0.8870559734375
0 0.3716715198844162 0.5939203525558108 0.37158906875 0.5682005015625 0.22113363480308373 0.5686828224441893 0.22121608593749995 0.5944026734375
0 0.7586165765625001 0.5177652453125001 0.6075681125858293 0.5175922795642729 0.6074800587618975 0.5944883991053789 0.7585285227385683 0.5946613648536061
0 0.653323103125 0.05449206406250008 0.3518463703125 0.054492064062500054 0.3518463703125 0.16591896406250006 0.653323103125 0.1659189640625001
0 0.6487752596786673 0.29868368769598996 0.6483798098937658 0.16803765593576273 0.3501256127150984 0.16894043542727283 0.35052106250000004 0.29958646718750004
0 0.5977920671875001 0.5197994984375001 0.3811154328560565 0.5194642512413096 0.38100000468750006 0.5940676703125002 0.5976766390189437 0.5944029175086907
0 0.3714994234375001 0.5175956562499999 0.22361469501402703 0.5170221983798379 0.22343135156250007 0.5643032593750001 0.37131607998597305 0.5648767172451621
0 0.3377026125000001 0.8899548875000001 0.21097543184867323 0.8896072944849076 0.21080425807032696 0.952014677226698 0.3375314387216538 0.9523622702417904
0 0.646739428125 0.30302923906250007 0.508914222608849 0.30287039863671705 0.5088693499999999 0.34180618281250014 0.6466945555161508 0.3419650232382831
0 0.6446046734374999 0.3027142859375001 0.34383149375000005 0.30271428593750005 0.3438314937500001 0.4517552203125 0.6446046734374999 0.4517552203125