0 0.5370634730322781 0.7721003023241853 0.2685737734375001 0.7707412281250001 0.2679783863427222 0.888361960175815 0.5364680859375002 0.8897210343750002
0 0.5417032054398683 0.8935741360231726 0.2763047109375001 0.8895283078125 0.27533304358429234 0.9532678042197305 0.5407315380866605 0.9573136324304029
0 0.6827450229909229 0.8935393490535206 0.5508800265625001 0.8929099781250001 0.5505839316965773 0.9549473978214793 0.6824489281250001 0.95557676875
0 0.8112799217417669 0.7752488624360934 0.5418187656250001 0.772935615625 0.5408231944233612 0.8889058466023732 0.810284350540128 0.8912190934134665
0 0.7934139011488568 0.5728149573410072 0.6419778359375001 0.5711198718750001 0.641690150246766 0.5968212243413119 0.7931262154581228 0.598516309807319
0 0.40676620548581355 0.5187889612341103 0.25345595000000004 0.5178288156249999 0.25297458123460886 0.5946908745718623 0.4062848367204224 0.5956510201809727
0 0.6507171813901995 0.05789264983169664 0.34502909226787964 0.055373848339607 0.3441109484694108 0.16680209076953684 0.6497990375917306 0.1693208922616265
0 0.6565121833873213 0.17222186901834813 0.3533838314996616 0.16891118086156426 0.3519570051084824 0.2995521569685194 0.655085356996142 0.30286284512530326
0 0.633770385052489 0.5223399451583233 0.41434073281250006 0.5210539140625001 0.41390368369751124 0.595625622029177 0.6333333359375002 0.5969116531250002
0 0.7901869701641779 0.5210550909991721 0.6405680796875 0.5205267984375 0.6404011876483222 0.567792657438328 0.7900200781250001 0.5683209500000002
0 0.8144259572776141 0.893656637350791 0.6853977531250001 0.8930546500000002 0.6851066967496329 0.9554388203176414 0.8141349009022468 0.9560408076684321
0 0.49823302606210235 0.304839800136289 0.3589705515625 0.30396865781250004 0.3587271005003977 0.3428872092387111 0.4979895750000001 0.34375835156250006
0 0.6678433690572217 0.306453224557129 0.36281430993259844 0.3032515746966713 0.36124642970704623 0.45262738119161805 0.6662754888316695 0.45582903105207573