0 0.8960903109375 0.3636575156250001 0.7932339076701782 0.3551619804945644 0.7818687956864033 0.4927606748008844 0.884725198953725 0.5012562099313201
0 0.78218929375 0.36026970312500006 0.6635853956993303 0.35247347579476923 0.6481871437500001 0.5867268687500002 0.7667910418006698 0.5945230960802311
0 0.2164325625000001 0.008016020312500028 0.11082452336989845 0.002588272767615891 0.10731044687499999 0.07096188906250002 0.2129184860051016 0.07638963660738415
0 0.21084527031250005 0.07975953593750004 0.10457144472666575 0.0778866068496316 0.10359392031250003 0.133353340625 0.20986774589833437 0.13522626971286847
0 0.363292865625 0.013455290625000024 0.22561750671094716 0.008356203608382193 0.22075375722323196 0.13967744880520966 0.35842911613728484 0.1447765358218275
0 0.2836317218750001 0.14895413906250002 0.09861630987410182 0.1410911286259993 0.09089034062500004 0.32288198281249997 0.2759057526258983 0.3307449932490007
0 0.27090718750000004 0.34103319062500004 0.06980440353970976 0.3315660910791711 0.06387914218750006 0.4574321546875001 0.2649819261477903 0.46689925423332906
0 0.2638444796875 0.44459135468750005 0.05692376212548369 0.4378097293945779 0.051031049066651346 0.6176079874601238 0.2579517666286677 0.6243896127530459
0 0.25031655625000004 0.6354079374999999 0.04469902947776829 0.6273575843431004 0.0375871015625001 0.8090063890625 0.24320462833473186 0.8170567422193995
0 0.3014218062500001 0.7392606796875001 0.25088967471869333 0.7359964425998716 0.24564898750000003 0.8171250765625 0.2961811190313068 0.8203893136501286
0 0.4103731859375001 0.741552246875 0.30793266409565434 0.7374203029345737 0.30461447500000005 0.8196859453124998 0.4070549968418459 0.8238178892529261