0 0.9008241281250001 0.39142356718750015 0.8085569396826136 0.39068321721487514 0.8075972198994125 0.5102896862669988 0.8998644083417989 0.5110300362396238
0 0.8013215298336875 0.3921881699149211 0.6959462203125 0.3910525484375001 0.6937114329689182 0.5984204194456869 0.7990867424901058 0.599556040923108
0 0.2729331390625 0.04865605156250003 0.1784563953125 0.048656051562500024 0.1784563953125 0.15746656093750003 0.2729331390625 0.15746656093750006
0 0.27244071780737567 0.21018726774564786 0.2713111688285475 0.16069168031039327 0.17813353227117176 0.16281810631474541 0.17926308124999998 0.21231369375
0 0.40374709375 0.049539809375000035 0.28020058125 0.049539809375000035 0.28020058125 0.21408280312500003 0.40374709375 0.21408280312500008
0 0.34479941875 0.38128025468750004 0.34442364588401675 0.21900739240622008 0.1784563953125 0.21939172031249998 0.17883216817848321 0.38166458259377994
0 0.34210174375000013 0.3901273890625 0.16526162812500006 0.3901273890625 0.16526162812500006 0.50247770625 0.34210174375000013 0.50247770625
0 0.34297500770787476 0.6449085527529842 0.34264389531250006 0.484431528125 0.16403807354212524 0.4848000456845159 0.1643691859375 0.6452770703125001
0 0.34318459375000004 0.6549538218750001 0.16538115582280663 0.6545788485212449 0.16503924375000012 0.8167054140625 0.3428426816771935 0.8170803874162551
0 0.396261628125 0.8167054140625 0.3956734333032482 0.7443635299712946 0.35043360674074825 0.7447313643462946 0.3510218015625 0.8170732484375
0 0.49402180156249986 0.8173550953124998 0.49397776616558975 0.7439299623469335 0.4037030583530899 0.7439841029719336 0.40374709375 0.8174092359374999