0 0.134510340625 0.5225673984374999 0.13412082718204676 0.3860961053496697 0.0319594421875 0.3863876921875 0.032348955630453244 0.5228589852753303
0 0.26031061406250006 0.6257478359374999 0.2587839718844123 0.3914706268673414 0.14268923044139378 0.3922271457350731 0.14421587261948152 0.6265043548052316
0 0.8348256550208408 0.04247777017174053 0.7298849265625 0.039830509375000094 0.7268722590416594 0.15925641732825965 0.8318129875 0.1619036781250001
0 0.8344059167853434 0.16896080014079778 0.7289901015625 0.16223183750000011 0.7255039566521567 0.21684572485920245 0.8309197718750001 0.22357468750000012
0 0.7192168696521455 0.034448510186198496 0.5823561593750001 0.03229335625000008 0.5794844257185636 0.21465968347391734 0.716345135995709 0.21681483741011576
0 0.8365977860304861 0.2316382511558627 0.6520978515625001 0.22444286406250008 0.645101738969514 0.4038331175941375 0.8296016734375 0.4110285046875001
0 0.8507024868869628 0.42129824614015865 0.6506139859375 0.4144071078125001 0.6463346099880372 0.5386614585473415 0.8464231109375001 0.5455525968750001
0 0.8560228771754016 0.5268734111417301 0.6500136796875 0.5168413625000001 0.6413810880428039 0.6941125600864103 0.8473902855307054 0.7041446087281403
0 0.8542557455329527 0.7143004062892544 0.6494149828125001 0.7056283656250001 0.6418285872795475 0.8848252937107459 0.8466693500000002 0.8934973343750002
0 0.6411107793159379 0.8039046279449023 0.5910071349685225 0.8036730512948959 0.5906334619025848 0.8845205045999937 0.6407371062500001 0.88475208125
0 0.5856965536185176 0.8013656640065608 0.4836935703125002 0.7971676046875003 0.4803531760689827 0.8783313406809397 0.5823561593750001 0.8825294000000001