0 0.7360036436232247 0.5816441475808588 0.5863764531250002 0.5768094265625001 0.5785180782517757 0.8200140602316415 0.7281452687500002 0.8248487812500003
0 0.761563596762391 0.4294079664741289 0.7018179937500001 0.4280802859375001 0.698844001675109 0.5619098819633714 0.7585896046875 0.5632375625000001
0 0.6974026083993977 0.42051265188994275 0.635375234375 0.41913426562500017 0.6328904041006024 0.5309516137350575 0.6949177781250001 0.5323300000000001
0 0.2567760881679074 0.3637633671391941 0.06062447968750003 0.35940444374999997 0.055538249332092726 0.5882848750483058 0.2516898578125001 0.5926437984375
0 0.1723028041614529 0.24615289864878917 0.06357147031250002 0.2413203953125 0.05889450833854713 0.3465520482262109 0.16762584218750004 0.35138455156250004
0 0.2569982695420229 0.2488185465228565 0.1757907264138744 0.24717093222803072 0.17342704437185155 0.3636719919551742 0.25463458750000006 0.36531960625000004
0 0.4192003986533687 0.45225769192578147 0.18951123915668197 0.440847194872922 0.17681037331581326 0.6965110091971407 0.40649953281250006 0.7079215062500002
0 0.2760607774000359 0.7126609629327779 0.17844003593750007 0.7104916125 0.17609280697496435 0.8161168855047221 0.2737135484375001 0.8182862359374999
0 0.6337665865325829 0.16134558091589865 0.39456598593750003 0.15071444375000004 0.3845678228424171 0.3756731268966015 0.6237684234375 0.38630426406250007
0 0.5784563679286551 0.44876744593769613 0.4222777046875 0.445296809375 0.4164509070713449 0.707502732187304 0.5726295703125001 0.7109733687500002
0 0.3854196266427034 0.14680196063240508 0.268699140625 0.144208171875 0.2636167186697966 0.372917144055095 0.3803372046875 0.37551093281250003