0 0.8345118374999998 0.7823892265624999 0.8220358212096294 0.5286164616505163 0.6654292546875 0.5363155781249999 0.6779052709778706 0.7900883430369834
0 0.843978103125 0.5061138125 0.8356999665514877 0.36642025801858913 0.7732141390625001 0.37012312187499996 0.7814922756360125 0.5098166763564108
0 0.7749011140625001 0.47972984218750003 0.7679901566475873 0.363107444672746 0.7031179046875 0.3669517265625 0.7100288621024129 0.48357412407725403
0 0.31753089375000004 0.5839924187500001 0.30341672988135604 0.34581590069700807 0.09826865624999999 0.35797282343750003 0.11238282011864405 0.596149341490492
0 0.20924176718749998 0.3396389265625 0.20433554304078233 0.2292488654598778 0.09127706406250001 0.2342736859375 0.09618328820921769 0.3446637470401222
0 0.3012241 0.34611235 0.2937845362395553 0.22454305725667778 0.20886455762256623 0.22973982677964097 0.21630412138301094 0.35130911952296323
0 0.48890364062499997 0.6900867109375001 0.4743543923291974 0.41960515708111396 0.23609777647129496 0.4324210205394953 0.25064702476709755 0.7029025743958814
0 0.359749075 0.8177925671874998 0.35323885674922967 0.7079326268785715 0.25114075468749997 0.7139828843749999 0.2576509729382703 0.8238428246839284
0 0.68820730625 0.3337162546875 0.6777190370456752 0.09773019984510029 0.42894834843749996 0.10878667500000001 0.4394366176418248 0.34477272984239976
0 0.6625218968750001 0.6778263140625 0.6463210155413709 0.40443644057224687 0.48297924062500003 0.41411595312500005 0.4991801219586292 0.6875058266152532
0 0.4332646515625 0.34507413750000004 0.4191244297907765 0.10645788624615919 0.297050575 0.11369189218749998 0.31119079677172345 0.3523081434413408