0 0.5896325210646849 0.03494118571608766 0.35074965781249995 0.02078516562500004 0.3436540351853151 0.14052380959641245 0.5825368984375 0.15467982968750008
0 0.7012078268045767 0.18033948813433287 0.598572521875 0.17127500000000007 0.5942824955377255 0.21985007172571253 0.6969178004673022 0.22891455986004533
0 0.8451361419771665 0.19522808751928006 0.6044763514388501 0.17293215456204206 0.5925043925108435 0.30215613157494825 0.8331641830491596 0.3244520645321862
0 0.8452103440860862 0.33103712601052837 0.5997432796875001 0.30936171250000016 0.5884359382704469 0.4374137057156512 0.8339030026690329 0.4590891192261795
0 0.7018327916305783 0.3989648289309155 0.5990377250000001 0.38988765000000003 0.5946960364944217 0.43905536638158454 0.697491103125 0.44813254531249996
0 0.834450825 0.8718864234374999 0.834081468216268 0.44606496479017366 0.6003192953125 0.44626772968749995 0.6006886520962321 0.8720891883348262
0 0.5886572078125 0.9870703953125 0.5847057023477892 0.15927442033202677 0.4828371335718244 0.15976069257587283 0.4867886390365352 0.9875566675563461
0 0.47765078973856123 0.1599984635518163 0.37013288281250006 0.15050581875000005 0.3656577305739388 0.20119337863568382 0.47317563749999997 0.2106860234375001
0 0.4764088615460563 0.3831371586552731 0.3708087093750001 0.37381396406250006 0.3666146743914439 0.42131814603222706 0.4722148265625001 0.4306413406250001
0 0.4821050464020827 0.16214758083155084 0.23893479687500002 0.13937068281250004 0.22659373155993684 0.27112611015751853 0.46976398108701944 0.2939030081765693
0 0.4764652443820844 0.30021580696137173 0.24026336406250004 0.27901706718749997 0.22860636099119916 0.40890243177535723 0.4648082413107836 0.43010117154922894
0 0.47444027515500287 0.44087548232887225 0.37114478125 0.43175243906249994 0.3668271418955655 0.480638833284034 0.4701226358005684 0.4897618765504063
0 0.4817103672772233 0.44264588630206136 0.24012165937500005 0.419153265625 0.22752994041588498 0.5486414634475114 0.4691186483181083 0.5721340841245727
0 0.7059487427638972 0.8672857825210858 0.5998057421875 0.8579140515624999 0.595352682236103 0.9083488268539138 0.7014956828125001 0.9177205578124997
0 0.8354526437500001 0.8693788421875001 0.6004534531250002 0.8693788421875001 0.6004534531250002 1 0.8354526437500001 1
0 0.4802662711879181 0.9065154308691064 0.3716536781250001 0.8969243250000002 0.3653148807551121 0.9687067897793298 0.4739274738180301 0.9782978956484361
0 0.4763404745233668 0.8560687739489339 0.23980243906250012 0.8354451953125 0.22934273753062687 0.9554106627743645 0.4658807729914936 0.9760342414107983
0 0.21940183906250002 0.8285309562500001 0.2187272644989906 0.6875778033503859 0.18454640547641984 0.6877413863393521 0.18522098003992926 0.8286945392389662
0 0.48301453071524814 0.7190050776562893 0.23856220000000014 0.6974201578125 0.22732007865975223 0.824738803593711 0.4717724093750002 0.8463237234375003
0 0.47312724539094236 0.661104342326382 0.3691631390625 0.6519256125 0.36486656085905766 0.7005913779861179 0.4688306671875 0.7097701078124999
0 0.4776104905450997 0.5795014123974038 0.24111197343750007 0.5583055671875 0.22945866531696027 0.6883305821190995 0.46595718242455997 0.7095264273290033
0 0.8888481984375 0.8872746750000001 0.8875227696791594 0.6095735214361448 0.8517638515625 0.60974419375 0.8530892803208406 0.8874453473138552