0 0.7496677968750002 0.8870449140625001 0.5138263953125002 0.8870449140625001 0.5138263953125002 1 0.7496677968750002 1
0 0.49847853438167916 0.8233365535298829 0.39669764218750014 0.8202179250000002 0.39521998431902444 0.8684433980789829 0.4970008765132035 0.8715620266088655
0 0.49476461436684327 0.7418774559176906 0.2566872343750001 0.7345829625 0.25276741303945377 0.8625179320949761 0.49084479303129697 0.8698124255126667
0 0.49072687522618647 0.6080620723825336 0.2471897406250001 0.6005980859375 0.24329339470151443 0.7277292012749478 0.4868305293027008 0.7351931877199814
0 0.4837561391103167 0.6067756236453672 0.3818116171875001 0.6036510500000001 0.38031544080059004 0.6524663457130362 0.4822599627234066 0.6555909193584033
0 0.4773173453125 0.5999570984375 0.44755406923966473 0.17674282482078016 0.21835518853666436 0.19286163268529527 0.2481184646094996 0.6160759063020151
0 0.6113608265625 0.8763440734374999 0.5533396198079878 0.05787093785543954 0.4534316546875 0.0649533703125 0.5114528614420122 0.8834265058945603
0 0.7241404561718213 0.8287431650926724 0.6175173578125002 0.8254753703125 0.6159750725120422 0.8757977584522416 0.7225981708713635 0.8790655532324141
0 0.7087897982796832 0.6113039835737781 0.6040908765625 0.6080963343750001 0.6026460282828169 0.6552567461137221 0.7073449500000001 0.6584643953125002
0 0.8563108202067168 0.7516755196622243 0.6154049625 0.7439488515625 0.6112061297932831 0.8748621225252755 0.8521119874999998 0.8825887906249997
0 0.8456375959660007 0.6157039061512259 0.6118212529969578 0.6085378801962215 0.6078681132809568 0.7375227146699956 0.84168445625 0.7446887406250001
0 0.7047163085693324 0.5527011831360179 0.6022797765625 0.54956195 0.6007924054004218 0.5980964605153722 0.7032289374072543 0.6012356936513902
0 0.8370690904891648 0.4775085765317467 0.5978500125 0.469327690625 0.5934483782608351 0.5980368422182535 0.8326674562499997 0.6062177281250001
0 0.4524592709323252 0.143130125409824 0.3471969265625 0.13990651875000004 0.345663557192675 0.18997654021517613 0.4509259015625001 0.1932001468750001
0 0.448976955778989 0.06379262604712374 0.20949071562500002 0.055821282812500025 0.20522951433266184 0.18384225067257537 0.4447157544866508 0.19181359390719907
0 0.5570142160142714 0.014661832117216816 0.4212259624999999 0.010501950000000048 0.4201621667982284 0.045226722570283304 0.5559504203124999 0.04938660468750007
0 0.6745207827043851 0.07038952679195495 0.566628296875 0.06708462968750008 0.5644453270528226 0.13835040080266625 0.6723378128822076 0.14165529790712114
0 0.8103576241829396 0.07709445804418398 0.5761344914409476 0.06799503463105877 0.5714754677537441 0.18792033912473582 0.805698600495736 0.19701976253786102
0 0.8696722343750001 0.3376748890625 0.8597834724691988 0.1981785170793123 0.8262587781249998 0.20055505 0.8361475400308009 0.3400514219831877
0 0.819890239367566 0.20478649788581765 0.57736348125 0.19735697500000007 0.5734912543824339 0.3237606005516825 0.8160180125000001 0.3311901234375001
0 0.6922710353916924 0.3352705497250239 0.5891739500000001 0.3321119875000001 0.5876937786708079 0.38042553621247627 0.6907908640625002 0.3835840984375001
0 0.8268781912568528 0.3398503030446984 0.5925850623513191 0.3320840342989685 0.5883022992818818 0.4612866144248793 0.8225954281874156 0.4690528831706093
0 0.21981401250000002 0.45276346875000006 0.20034880273009273 0.1781776762222313 0.16527812343749998 0.1806638140625 0.1847433332074073 0.45524960659026875