0 0.1394187500000001 0.4589390625 0.026845935840606173 0.4556633103698876 0.020587500000000085 0.6707375 0.13316031415939403 0.6740132521301124
0 0.20189687500000003 0.35452500000000003 0.15656381624064042 0.353205870783465 0.15390937500000007 0.4444281250000001 0.19924243375935968 0.44574725421653516
0 0.2819734375000001 0.2301906250000001 0.16171251322594443 0.22669106068572403 0.1554067962161944 0.4433841366522538 0.27566772049025 0.44688370096652974
0 0.4075718750000001 0.2323843750000001 0.28806669045662747 0.22890671089953157 0.28174375000000007 0.44618593749999996 0.4012489345433726 0.44966360160046853
0 0.40491093749999996 0.35850625 0.35902490905492745 0.35717089842272676 0.3563671875 0.448496875 0.4022532159450726 0.4498322265772733
0 0.7898828125 0.2403734375000001 0.413133113837314 0.2323276012710375 0.4085171875000001 0.4484703125000002 0.7852668861626861 0.45651614872896273
0 0.910059375 0.4704031250000001 0.15124147752508657 0.4571589954252723 0.14959684726116426 0.5513875267871592 0.9084147447360775 0.5646316563618871
0 0.19729531250000015 0.561384375 0.14999101192367506 0.5600076446117846 0.14720933088630464 0.6555858907415898 0.19451363146262973 0.6569626211298052
0 0.4010750000000002 0.5668015625 0.35674160142456623 0.5655113626884727 0.3540046888222217 0.6595562045662787 0.3983380873976556 0.6608464043778062
0 0.2737250000000001 0.5661609375000001 0.1506475728728391 0.5624026409293407 0.14409843750000012 0.7768750000000001 0.26717586462716114 0.7806332965706595
0 0.4008058697099376 0.5692977390455778 0.2795583027235699 0.5657702490509646 0.27336875000000005 0.7785187500000001 0.39461631698636773 0.7820462399946134
0 0.4559484375 0.5699562499999999 0.4103248534231098 0.5686277944466639 0.40765156250000006 0.6604374999999999 0.4532751465768903 0.6617659555533362
0 0.5311640625000001 0.572446875 0.4101336040654699 0.5684927549090991 0.4031734375000001 0.781534375 0.5242038959345303 0.7854884950909009
0 0.8396328125 0.36446250000000013 0.792564362240618 0.3630932188817876 0.7898203125000002 0.45741875000000015 0.8368887627593823 0.45878803111821276
0 0.9182593750000002 0.2421593750000001 0.7978865408425848 0.23833757539582218 0.7909646762651728 0.45635121900132714 0.9113375104225883 0.460173018605505
0 0.9610625 0.44468437500000013 0.9284204205388477 0.4437344906524481 0.9248062499999998 0.5679328125 0.9574483294611522 0.5688826968475521
0 0.90823125 0.5764875 0.8412398686453069 0.5745378478387895 0.8384750000000002 0.669540625 0.9054663813546935 0.6714902771612107
0 0.9076374123145208 0.5787429390368238 0.794819185022797 0.5745295577560086 0.7867600102567354 0.7903234178277762 0.8995782375484589 0.7945367991085914
0 0.783484375 0.8091515625 0.6555467347932745 0.8069201558044966 0.6549952847809898 0.8385375267686708 0.7829329249877153 0.8407689334641741
0 0.7861125000000001 0.5757671875000001 0.6672917837316225 0.5723098689529676 0.6609953125000001 0.7887062500000002 0.7798160287683777 0.7921635685470326
0 0.6597953125 0.5756812499999999 0.6143778660455168 0.57435949862172 0.6116875013222284 0.6668046420661626 0.6571049477767116 0.6681263934444426
0 0.6599700224439348 0.5742357004437889 0.5384889712243379 0.5703955586420614 0.5317533630448925 0.7834733053737709 0.6532344142644894 0.7873134471754984
0 0.80115 0.19030625000000007 0.5467085866261401 0.18586515224141426 0.54613125 0.21894218750000002 0.8005726633738599 0.2233832852585858