0 0.16534999999999997 0.545503125 0.16028193472869606 0.327808637809476 0.04776250084639726 0.33042816135628306 0.052830566117701185 0.548122648546807
0 0.2272140625 0.6516453125 0.22506628526016587 0.5593687898434982 0.17975468749999998 0.5604234375 0.18190246473983415 0.6526999601565018
0 0.306559375 0.7782031250000001 0.3014786394090867 0.5599023287886791 0.18127375487872713 0.5626999788460055 0.18635449046964048 0.7810007750573266
0 0.432159375 0.7796640625 0.42703563569101205 0.55960168689171 0.30758595681122036 0.5623828484302538 0.3127096961202082 0.7824452240385439
0 0.43023125 0.6535703125000001 0.4280799147327102 0.5611773794797382 0.3822140997092075 0.5622453480158319 0.38436543497649744 0.6546382810360939
0 0.8168547881818092 0.5680245258565784 0.4343593750000001 0.5637890625 0.4319673033799015 0.7798118079852223 0.8144627165617108 0.7840472713418005
0 0.9370755020570272 0.4622851355700213 0.17606406250000003 0.4534296875 0.174968247942973 0.5476008019299788 0.9359796875000003 0.5564562500000002
0 0.2238171875 0.4448281249999999 0.22156621502231327 0.3481491750173209 0.1742843758465667 0.34925003635992014 0.17653534832425338 0.44592898634259914
0 0.42760625 0.4453390625 0.42539369038682534 0.350264121132157 0.3810828125 0.3512953125 0.3832953721131746 0.446370253867843
0 0.3002671875 0.4422781250000001 0.29489595537349067 0.22493334184872554 0.1718796875 0.2279734375 0.17725091962650932 0.44531822065127447
0 0.427327283808299 0.4416118895987141 0.42233670715351435 0.22726736713790271 0.3011453125 0.2300890625 0.3061358891547846 0.4444335849608114
0 0.48249375 0.443784375 0.48033166680832134 0.35091336331508577 0.43472968749999985 0.351975 0.4368917706916785 0.44484601168491417
0 0.557715625 0.4434796875 0.5519203442199366 0.2276026838046179 0.43095625000000004 0.23085 0.43675153078006346 0.44672700369538215
0 0.8649421875 0.6602609374999999 0.8627227666493462 0.5648401495090306 0.8156781250000001 0.565934375 0.8178975458506539 0.6613551629909693
0 0.94285 0.78474375 0.9371554134383535 0.5651206853642256 0.816846207554723 0.5682401718726371 0.8225407941163695 0.7878632365084115
0 0.9868265624999998 0.5836359375 0.9839188102760399 0.4586782817323834 0.9512921875 0.45943750000000005 0.9541999397239598 0.5843951557676166
0 0.9347671874999998 0.4504062499999999 0.9325206131828541 0.35384678850853957 0.8655609011661889 0.35540468834535066 0.8678074754833347 0.45196414983681105
0 0.9328256498893752 0.44746287511157634 0.9289898600863621 0.23121052774529932 0.8165640624999998 0.23320468749999995 0.8203998523030129 0.449457034866277
0 0.811755189914812 0.18271440417904658 0.6830828125 0.1812171875000001 0.6827151225851881 0.21281684582095356 0.8113875 0.2143140625000001
0 0.8126578125 0.4475781249999999 0.8075582077710136 0.22841616161592335 0.6887921874999999 0.2311796875 0.6938917922289862 0.45034165088407646
0 0.6863515625000001 0.44399062499999997 0.6841755891603809 0.35048734987232805 0.63878125 0.35154375000000004 0.6409572233396192 0.44504702512767197
0 0.6864902659809144 0.4442323061890178 0.6809527665762345 0.22952495609293694 0.5595343585586796 0.23265644815323908 0.5650718579633596 0.44736379824932004
0 0.8258362189725146 0.8000931269529756 0.5706250000000002 0.7971234375 0.5702403435274856 0.8301803105470246 0.8254515625 0.8331500000000002