0 0.5475416332899896 0.10841670403995587 0.5399840593222562 -0.0049469071125697985 0.31386120259476674 0.01012794978497433 0.32141877656250006 0.1234915609375
0 0.6474034568242986 0.16182993355868697 0.6443602312500001 0.11618154062500001 0.5484532228632014 0.12257533987881306 0.5514964484375 0.16822373281249997
0 0.7793589321699084 0.23030591256283833 0.7712852230799327 0.10920027274694974 0.5424387721600243 0.12445670237161144 0.55051248125 0.2455623421875
0 0.7757425393237504 0.35754844952202874 0.7677195843749999 0.2372041140625 0.5437550957516895 0.25213507857764345 0.5517780507004398 0.3724794140371722
0 0.6424400843784199 0.36745591645344444 0.6393593171874999 0.32124440937499993 0.54330565937158 0.3276479866715555 0.5463864265625 0.37385949374999994
0 0.766025421875 0.3659110765625001 0.5477151004497035 0.36021008260445675 0.5373039516976816 0.7588881459715959 0.7556142731229782 0.7645891399296392
0 0.5396103734375003 0.12194989531250008 0.44439840830779953 0.1198340736971418 0.4271586484374999 0.89562320625 0.5223706135672006 0.8977390278653582
0 0.43809599199854105 0.17721834487629812 0.43492021875000003 0.12958175156249999 0.33444855956395897 0.13627986293620184 0.33762433281250004 0.18391645625
0 0.43135796991724973 0.3837731438025745 0.42838185624999997 0.339131434375 0.32969579258275017 0.3457105046349255 0.33267190625 0.3903522140624999
0 0.43545271092998544 0.2547879594075234 0.4273659754367832 0.13081149278460744 0.20531597231929766 0.14529536775208407 0.21340270781249995 0.269271834375
0 0.4353883483209858 0.38330854022123534 0.42724836546711875 0.26120880076528763 0.202395459333633 0.27619899491905225 0.2105354421875 0.39829873437499996
0 0.4280160699208655 0.43954800973204555 0.42495312968750004 0.3936039031250001 0.32842960507913455 0.40003880433045447 0.33149254531250005 0.4459829109375
0 0.427077337953342 0.5157217783448281 0.41938156535466564 0.39375747376776205 0.1994732149013237 0.4076333751104338 0.2071689875 0.5295976796874999
0 0.6344174993055715 0.8075126966134233 0.631257665625 0.7601151906249999 0.5320731131944285 0.7667274940115764 0.5352329468750001 0.8141249999999998
0 0.7629933272887924 0.8748340918504214 0.7552292890625 0.7535520046875 0.5259484789612076 0.7682297284620787 0.5337125171875 0.8895118156249999
0 0.5512900187009755 0.9381363535425038 0.5490985937499999 0.9052649796874996 0.4207862812990246 0.9138191339574959 0.4229777062500001 0.9466905078125001
0 0.4211311491596885 0.8972953072500772 0.416633684375 0.8298333343749998 0.3152136117778115 0.8365946724374227 0.31971107656250003 0.9040566453125001
0 0.4232776272570618 0.8967060309479878 0.416628903125 0.7829111812499999 0.18966927899293817 0.7961718159270121 0.196318003125 0.909966665625
0 0.1829584734375001 0.66494841875 0.15100901925423477 0.6642384311025314 0.1480750359375001 0.7962677218750001 0.18002449012076543 0.7969777095224686
0 0.42709896585624 0.7734587619003511 0.4191219406249999 0.6538033765624999 0.19073278570625993 0.6690293193496488 0.1987098109375 0.7886847046875001
0 0.42121414826239995 0.6461860653287297 0.4181651546875 0.6004511609375001 0.3210131017376 0.6069279643587703 0.3240620953125 0.65266286875
0 0.42993525632499285 0.6457694522101811 0.4220835453125 0.5233751046874999 0.1964329577375071 0.5378507993523188 0.20428466875 0.6602451468749999
0 0.8124849859375001 0.4947382906250001 0.7790621792403362 0.4939955617316323 0.7732789031249999 0.7542430375000001 0.8067017098221638 0.7549857663933679