0 0.09974011250000005 0.3220122421875 3.970656262521331e-17 0.3220122421875 5.4134567056113843e-17 0.5576394359375 0.09974011250000006 0.5576394359375
0 0.1476566093750001 0.5670362703125 0.0988312192643314 0.5637812447186946 0.09190971875000009 0.6676037656250002 0.1407351088606688 0.6708587912188055
0 0.23050067812500008 0.5641401125000001 0.10096643138338371 0.5555044962812997 0.08443228542668504 0.8035166922585804 0.21396653216830144 0.8121523084772807
0 0.36636576884548805 0.5637694622084652 0.23764581257176606 0.5551881322173262 0.22154745781250007 0.7966634656250002 0.35026741408622203 0.8052447956161393
0 0.3679308468750001 0.5566683609374999 0.3185031504402771 0.5533731810706264 0.31157028125 0.657366215625 0.360997977684723 0.6606613954918736
0 0.7916052717535539 0.7708951415274988 0.7803384954348302 0.5377763382084132 0.34814983461877635 0.5586642841809144 0.3594166109375 0.7917830875
0 0.931356523409703 0.5183919766056385 0.9268370624999998 0.4167041046874999 0.09356923909029673 0.45373822964436145 0.09808869999999999 0.5554261015625
0 0.16446644062500007 0.3379051609375 0.11351447462550357 0.3345083638735497 0.10626384218750003 0.4432678718750001 0.15721580818699651 0.44666466893895035
0 0.3855976265625001 0.3276867421875 0.3378489806743821 0.32450349917731736 0.33073062031250006 0.4312789062500002 0.378479266200618 0.4344621492601828
0 0.25589796562500006 0.20300323906250006 0.12328888111591682 0.19435313823886585 0.107664105578136 0.4338864364015721 0.24027319008721926 0.44253653722520625
0 0.39410982968749997 0.19686048906250003 0.26351229846869295 0.18815398642339892 0.24726144488545704 0.43191677455344796 0.37785897610426405 0.44062327719254907
0 0.44518847500000003 0.3250990953125001 0.39604678950077654 0.3218229833594791 0.3890807921875 0.42631295625 0.4382224776867235 0.4295890682030209
0 0.5347554796875 0.1901296421875001 0.40429253109414287 0.18189696487984866 0.3893269621859259 0.41905581056039826 0.519789910779283 0.4272884878680497
0 0.8395372890624999 0.5342429375000001 0.7888410515440112 0.5308631881244493 0.7816827125000001 0.6382382671875002 0.832378950018489 0.641618016563051
0 0.9202906218750002 0.5308195109375002 0.7905600598615542 0.5225141421033513 0.7746523171875002 0.7709944250000003 0.9043828792009462 0.779299793834149
0 0.9696006781250001 0.4115453875000002 0.9462924882276369 0.40999150804697126 0.9371651968750001 0.5469008671875002 0.9604733867723633 0.5484547466405291
0 0.9358708468750002 0.3015774390625001 0.8637137123086065 0.2967669629834956 0.8563638406249998 0.4070150281250001 0.9285209751913935 0.41182550420400454
0 0.9422015812500002 0.16945566875000012 0.8204647602498897 0.1623416140255722 0.8061014687499999 0.4081285125000001 0.9278382897501103 0.415242567224428
0 0.8219253704937557 0.15468816796946794 0.8204088140624999 0.12056564999999997 0.6782247998187441 0.12688493984303204 0.6797413562499999 0.1610074578125
0 0.8122859890625002 0.17490523593750013 0.6843029306332682 0.1663730316992651 0.6678029375000001 0.4138729187500001 0.795785995929232 0.42240512298823507
0 0.6665812421874999 0.3122243687500001 0.6176633177980555 0.3089631737395978 0.6106527671875001 0.41412143125000006 0.6595706915769446 0.4173826262604024
0 0.6747032765625 0.18393001875000006 0.5437833649616013 0.17553091341483076 0.5280899437500001 0.4201499812500001 0.6590098553508987 0.4285490865851694
0 0.7769790346128026 0.8259798476675531 0.7753925421875 0.7902837671875 0.49582808413719726 0.802708853894947 0.4974145765624999 0.838404934375