0 0.5683103203125002 0.9330580203125001 0.3296704203125001 0.9330580203125001 0.3296704203125001 1 0.5683103203125002 1
0 0.676333675 0.9143481234375 0.6748865536924793 0.8647415257330376 0.5733077375 0.8677047781250001 0.5747548588075206 0.9173113758294626
0 0.8128598406249999 0.9082133109375002 0.808431086637093 0.7761276610525831 0.5670765640625002 0.7842201359375001 0.5715053180504072 0.9163057858224171
0 0.80047121875 0.7707883953125002 0.79665831247605 0.6400175240769406 0.5579658883468175 0.6469771155586498 0.5617787946207675 0.7777479867942094
0 0.6572547203125001 0.69323208125 0.6557906452426584 0.6430203977025188 0.5540708750000001 0.6459863484374999 0.5555349500698417 0.6961980319849812
0 0.790045278125 0.6318566546875 0.7529222426283224 0.21011222373961322 0.5185700381791802 0.23074051083978162 0.5556930736758579 0.6524849417876684
0 0.5636625703125001 0.9189488046874998 0.4935777474200845 0.0857988569082383 0.39135802031250005 0.09439761093750001 0.46144284320491574 0.9275475587167616
0 0.4509284406250001 0.9215290109375 0.4494198780099392 0.8697653693496619 0.3429983565842299 0.8728668421930725 0.3445069191992908 0.9246304837809106
0 0.42990045625000006 0.6957252562499999 0.4284866998945576 0.6472125864026598 0.323878106471864 0.6502610903141248 0.3252918628273064 0.6987737601614649
0 0.4448809086868114 0.9200064255573326 0.4402258422877446 0.7853049988281384 0.20412798593749998 0.7934641640625 0.20878305233656688 0.9281655907916943
0 0.433901365625 0.77972355 0.4298396307852898 0.6470409155673666 0.1924209328125 0.6543088734375001 0.19648266765221017 0.7869915078701335
0 0.42257929531249994 0.6372047781250001 0.42112277825828925 0.5872802251686855 0.3188901015625 0.5902627984375 0.32034661861671065 0.6401873513938147
0 0.41884089378490674 0.6363092719286279 0.4137851563481479 0.5038285561019966 0.18002969218750003 0.5127491468749998 0.18508542962425883 0.6452298627016312
0 0.6192058015625 0.21974232031250004 0.6177045276466636 0.16823678144518026 0.5126588171875001 0.17129863437499998 0.5141600911033365 0.22280417324231977
0 0.7525353812500002 0.21401194531250006 0.748694868735644 0.08227316556965954 0.5059683149926022 0.08934924725977676 0.5098088275069583 0.2210880270026173
0 0.5214246874999999 0.07136177500000003 0.5203832377882082 0.035642544818110924 0.3834580203125 0.03963481249999999 0.3844994700242918 0.07535404268188908
0 0.3844779296875 0.1665887375 0.3823403021831379 0.09328210035336038 0.2756157 0.0963941984375 0.2777533275043621 0.16970083558413965
0 0.387611490625 0.21730375468750007 0.3841774472014342 0.09481918843735558 0.14291531890242767 0.10158334371344704 0.14634936232599347 0.22406790996359152
0 0.145019340625 0.3689675765625 0.133142812903873 0.22776195421882375 0.09884402656249999 0.2306467578125 0.11072055428362697 0.3718523801561763
0 0.39892081875 0.35658532500000006 0.39513022870075276 0.2265634702183697 0.1536282140625 0.23360409531249998 0.1574188041117472 0.36362595009413035
0 0.4014662109375 0.4143481234375 0.40001789563961926 0.3646492124622512 0.29709869866105076 0.36764846223462333 0.2985470139589315 0.41734737320987225
0 0.410822184375 0.497247440625 0.4067728764357878 0.36442555817668054 0.1681913525104489 0.3716991341957233 0.17224066044966108 0.5045210166440428
0 0.8312275312500003 0.48781569999999996 0.8077212140598584 0.20838101584147695 0.7718390338641622 0.2113994597103682 0.7953453510543038 0.4908341438688913