0 0.24382579999999998 0.11508718437500003 0.09381477343750003 0.11508718437500001 0.09381477343750003 0.2817916296875 0.24382579999999998 0.2817916296875
0 0.15384233750000004 0.28916739375 0.09380926093750006 0.28916739375 0.09380926093750006 0.348147340625 0.15384233750000004 0.348147340625
0 0.31279492812500004 0.3530470796875 0.09362182968750005 0.3530470796875 0.09362182968750006 0.45570619062500006 0.3127949281250001 0.45570619062500006
0 0.43216097031249995 0.30146033125000005 0.378379271875 0.30146033125000005 0.378379271875 0.3475893640625001 0.43216097031249995 0.3475893640625001
0 0.58212238125 0.2887401921875001 0.43794377031250004 0.2887401921875001 0.43794377031250004 0.455217959375 0.58212238125 0.455217959375
0 0.6735226015625 0.3517872718750001 0.588175303125 0.3517872718750001 0.588175303125 0.454751525 0.6735226015625 0.454751525
0 0.7025468578125 0.28859633750000013 0.5874421171875001 0.28859633750000013 0.5874421171875001 0.3468526593750001 0.7025468578125 0.3468526593750001
0 0.9017574421875001 0.4553060156249999 0.901325865372533 0.288112213311249 0.6795949788622763 0.2886845665232439 0.6800265556772433 0.45587836883699484
0 0.9004906281249999 0.11411508281250009 0.7099614109375 0.11411508281250009 0.7099614109375 0.28173496093750006 0.9004906281249999 0.28173496093750006
0 0.7027034171875 0.28122231875 0.7024467799125371 0.1096916427887811 0.5243903220470553 0.10995804367527025 0.5246469593220182 0.28148871963648914
0 0.5168812637288032 0.2813355276784207 0.5168280046875 0.11424324374999999 0.2501642182370649 0.1143282402398601 0.25021747727836813 0.2814205241682808
0 0.37260198437500003 0.28901046250000006 0.16144432187500005 0.2890104625 0.16144432187500005 0.34760680000000005 0.37260198437500003 0.3476068000000001
0 0.36690738750000007 0.671769834375 0.2588258000000001 0.671769834375 0.2588258000000001 0.7190758500000001 0.36690738750000007 0.7190758500000001
0 0.418713197231569 0.7230766864938867 0.4185579781167433 0.6715763878451959 0.37168491369767426 0.6717176607263092 0.3718401328125 0.723217959375
0 0.4272142160290552 0.8610535646551624 0.4263457955611817 0.5547004948326434 0.07901261131158936 0.5556850818209467 0.07988103177946286 0.8620381516434655
0 0.912590959375 0.54730165625 0.43530319687499996 0.5473016562499999 0.4353031968750001 0.7260723625000001 0.912590959375 0.7260723625000002
0 0.6782965828125002 0.7386530078125 0.43559536875000016 0.7386530078125 0.43559536875000016 0.9047297296875 0.6782965828125002 0.9047297296875
0 0.9259371546875 0.7395815171875001 0.6845148843750002 0.7395815171875 0.6845148843750002 0.9046033124999999 0.9259371546875 0.9046033124999999