0 0.9382001122960038 0.9230442399485117 0.932137153125 0.7593443296874999 0.7464350861414963 0.7662221834889882 0.7524980453125 0.9299220937499999
0 0.7444638941068352 0.9316575927479329 0.74347135625 0.864661328125 0.6790351949556649 0.8656159385020669 0.6800277328125001 0.9326122031249998
0 0.674716417636766 0.9355060908564535 0.6711332921875001 0.6936451625000001 0.5589772245507342 0.6953067341435465 0.5625603500000002 0.9371676624999999
0 0.7264291963817611 0.6210498337974414 0.7255424265625001 0.5611928343750001 0.6751460129932391 0.5619394474525586 0.6760327828125 0.621796446875
0 0.7428355837121361 0.5542331957443676 0.7370083515625 0.39689792499999993 0.5516952100378638 0.4037613745681323 0.5575224421875 0.5610966453125
0 0.6701220784674657 0.39276086705907537 0.6666726171875 0.29962541249999997 0.5521516496575344 0.3038669298159246 0.5556011109375001 0.397002384375
0 0.737100330857309 0.39249572716241915 0.7352169937499999 0.26537049375 0.6715714003926909 0.2663133915875807 0.6734547375 0.39343862499999993
0 0.7354796082048309 0.2943317786088409 0.7325353140625 0.0487307359375 0.5498782986399322 0.05092044968917968 0.5528225927822631 0.29652149236052056
0 0.9257170148115236 0.25428216322458663 0.9225739968750002 0.042128403125000005 0.7394476633134766 0.04484138521291338 0.74259068125 0.2569951453125
0 0.93500388070787 0.4538246817543003 0.929302608307685 0.25944472923259554 0.740794286974815 0.2649737834157953 0.746495559375 0.45935373593750006
0 0.9327107767799211 0.7562056302605311 0.9286416874999999 0.46115078749999994 0.7460935835922515 0.4636683009416749 0.7501626728721728 0.7587231437022062
0 0.7435408124507056 0.8577742928723392 0.7401032171875 0.6257365953125 0.6760861531742944 0.6266849961901607 0.6795237484374999 0.8587226937500001
0 0.32393040698631664 0.7666277589332803 0.3221646421875 0.64743856875 0.2704823648886834 0.6482042316917199 0.2722481296875 0.7673934218750001
0 0.32205952093465184 0.6435786419976627 0.321547228125 0.5916155562500001 0.26530313661303206 0.5921700545684198 0.26581542942268394 0.6441331403160825
0 0.4534388775959325 0.9635515805240302 0.4490623718749999 0.5779664437500001 0.1145048877306351 0.5817637704716384 0.11888139345156763 0.9673489072456686
0 0.45706020295105204 0.5720431484212654 0.4492734218749999 0.046435425 0.2539647017364479 0.049328887516234585 0.26175148281249994 0.5749366109374999
0 0.24806650228027802 0.5791562015750145 0.2440798953125 0.31006023125000004 0.06263947428222197 0.31274823748748565 0.06662608125000001 0.5818442078125001
0 0.24302453243038732 0.30731066997074274 0.2390589984375 0.039637095312499995 0.058771095694612654 0.0423080269042572 0.06273662968749996 0.3099816015625