0 0.2829500000000001 0.47391875 0.07903281250000008 0.47391875 0.07903281250000008 0.5570265625 0.2829500000000001 0.5570265625
0 0.9023671875 0.1533546875000001 0.6247796875 0.1533546875000001 0.6247796875 0.2478171875000001 0.9023671875 0.2478171875000001
0 0.8991828125 0.2622265625000001 0.7054546875 0.2622265625000001 0.7054546875 0.48133437500000004 0.8991828125 0.48133437500000015
0 0.89981875 0.4271562500000002 0.7705796874999999 0.4271562500000002 0.7705796874999999 0.4862937500000002 0.89981875 0.4862937500000002
0 0.27848906250000005 0.260959375 0.08142656250000002 0.260959375 0.08142656250000005 0.46508593749999994 0.2784890625000001 0.46508593749999994
0 0.44153906249999997 0.49195 0.2944218750000001 0.49195 0.2944218750000001 0.5579609375000001 0.44153906249999997 0.5579609375000001
0 0.6226109375 0.49481093749999994 0.451934044471653 0.4941261470235207 0.45144923670413856 0.6149594329956158 0.6221261297324856 0.615644223472095
0 0.4901374999999999 0.35053906249999994 0.48937896636190625 0.17517974751707602 0.294419837763796 0.17602306204022802 0.2951783714018896 0.35138237702315195
0 0.699721875 0.2632171875000001 0.50686875 0.2632171875000001 0.50686875 0.3866765625000001 0.699721875 0.3866765625000001
0 0.5028015625 0.3578625000000001 0.29733125 0.35786250000000003 0.29733125000000005 0.48357343750000004 0.5028015625 0.48357343750000004
0 0.6234000425404841 0.7026296704672654 0.6232461094406828 0.6257275700651352 0.3965301172546029 0.6261813820581659 0.3966840503544042 0.7030834824602962
0 0.27657656249999996 0.24916875 0.27590969473725957 0.17351393142962976 0.0702703125 0.17532656249999998 0.07093718026274037 0.2509813810703702