0 0.5594826812500001 0.2955435703125 0.5579443302837974 0.08786608076080564 0.47433218125 0.08848542968749999 0.47587053221620257 0.29616291923919436
0 0.25294572656250003 0.9119419296874998 0.2508557288662389 0.6297922580530456 0.15581998593749996 0.6304962265624999 0.15790998363376105 0.9126458981969542
0 0.48800209445608245 0.7190470783391004 0.2663008202888567 0.7141203825460981 0.26197152527929746 0.90893862588647 0.4836727994465232 0.9138653216794722
0 0.4929031437499999 0.9147102734375 0.4919267365365697 0.7828952394444549 0.4324303624999999 0.7833359531249999 0.43340676971343006 0.9151509871180451
0 0.47133436941064166 0.09082722032618824 0.26005128124999993 0.086132040625 0.25564747277685823 0.2843034234238118 0.46693056093749996 0.28899860312500003
0 0.5616050546875 0.45515094375 0.5604938654275101 0.3051404174004332 0.4940823421875001 0.30563235468750005 0.4951935314474899 0.4556428810370668
0 0.6209734921875001 0.636085325 0.6207814501148362 0.4642337562163834 0.49805313815148206 0.4643709036370954 0.49824518022414593 0.636222472420712
0 0.353580441069331 0.2988686746124205 0.1762788734375 0.298568484375 0.17593932455566907 0.4991164753875794 0.35324089218750004 0.4994166656249999
0 0.39116791249999994 0.7111272874999999 0.3897031203075947 0.5133803908815061 0.26549453749999996 0.5143004546875 0.2669593296924052 0.7120473513059938
0 0.487206359375 0.515135290625 0.48564702307676677 0.30462472332705925 0.3591732125 0.30556156562500003 0.3607325487982332 0.5160721329229407
0 0.708534953125 0.6405967515625 0.7072994535647092 0.41205365012450407 0.6299249406087256 0.4124719352362985 0.6311604401690164 0.6410150366742944
0 0.2499355207386999 0.0730978703759401 0.1737967390625 0.07299070625000002 0.1735023667613001 0.28213857337405995 0.24964114843750002 0.28224573750000004