0 0.6420700563717416 0.5849483757912721 0.6401145718749999 0.4969515765625 0.3262152201907581 0.5039271179587279 0.3281707046875 0.5919239171874999
0 0.9221159419333238 0.7270014811798908 0.916865740625 0.4907424265625 0.640959422129176 0.4968736781951093 0.6462096234374999 0.7331327328125001
0 0.9021221746246809 0.8425191244763843 0.8994846097379712 0.7332959526286756 0.6397846272619426 0.739567291789316 0.6424221921486523 0.8487904636370247
0 0.8939487755873261 0.9384080425200093 0.8920183609374999 0.8515394078124998 0.7036567259751736 0.8557252231049908 0.7055871406249998 0.9425938578125003
0 0.6958128110926307 0.9424294500743265 0.6929590937500002 0.8140121406250002 0.48395134671986967 0.8186567561756737 0.4868050640625001 0.9470740656250001
0 0.49371017234750736 0.6541690184352029 0.49268146249999994 0.594932953125 0.3332963792149925 0.5977008784397971 0.33432508906249997 0.6569369437500001
0 0.48017049077183194 0.7327186639103442 0.18596112539470075 0.7154551464384091 0.17169687717380855 0.9585501833260539 0.4659062425509397 0.975813700797989
0 0.5200900112478943 0.15519756771854915 0.5187863546874999 0.09653303437500001 0.39135892000210554 0.09936475571895087 0.3926625765624999 0.1580292890625
0 0.60714975625 5.815857532433151e-17 0.33845189531250003 4.1705576557589013e-17 0.33845189531250003 0.09449912031250005 0.60714975625 0.09449912031250005
0 0.9441839921874999 9.89591052719945e-17 0.6662166015625 8.19385115121821e-17 0.6662166015625 0.12879540156250008 0.9441839921874999 0.1287954015625001
0 0.9419778821862664 0.20709572006685906 0.9402635499999998 0.1299507828125 0.7076350178137336 0.13512030649564094 0.7093493499999999 0.21226524374999997
0 0.7223433626471677 0.4495454326316179 0.7182843593749999 0.2668902890625 0.39899670141533217 0.2739855704933822 0.4030557046874999 0.45664071406250006