0 0.4624493921875 0.3327510921875001 0.37955465625 0.3327510921875001 0.37955465625000007 0.6224890828125 0.4624493921875 0.6224890828125
0 0.4625050609375 0.07243449843750004 0.23994433124999998 0.07243449843750002 0.23994433124999998 0.31712882031250006 0.4625050609375 0.3171288203125001
0 0.23402834062500005 0.31872489062500003 0.2330404859375 0.07855021875 0.13079817107718955 0.07897074831378421 0.1317860257646896 0.3191454201887842
0 0.12331477656250003 0.08073144062500001 0.04148279375000001 0.080731440625 0.041482793750000024 0.25245633125 0.12331477656250005 0.25245633125
0 0.16281376562500005 0.269727075 0.041842104687500034 0.269727075 0.04184210468750004 0.45826419218750003 0.16281376562500005 0.45826419218750003
0 0.37357692343750004 0.6150655015625001 0.37327843620699974 0.4670132241019573 0.31750547146014324 0.4671256676122472 0.3178039586906435 0.61517794507279
0 0.2588292207845673 0.751327235863607 0.25610970226106844 0.4735286208875015 0.03483108928900108 0.47569483502389465 0.0375506078125 0.7534934500000001
0 0.8420040484375001 0.4637445421875002 0.786740890625 0.4637445421875002 0.786740890625 0.5799235812500002 0.8420040484375001 0.5799235812500002
0 0.9379352234375 0.3845851531250001 0.8476923078124999 0.3845851531250001 0.8476923078124999 0.6336244546875002 0.9379352234375 0.6336244546875002
0 0.9382591093749999 0.0672489078125001 0.808542509375 0.06724890781250009 0.808542509375 0.32358078593750006 0.9382591093749999 0.32358078593750006
0 0.8017206484375 0.06550218281250009 0.7290485828125 0.06550218281250009 0.7290485828125 0.2794759828125001 0.8017206484375 0.2794759828125001
0 0.6774310157702376 0.2658294283393399 0.505364371875 0.2657205234375001 0.5051782951672626 0.5597164232231602 0.6772449390625002 0.5598253281250001