0 0.6336199644271631 0.5548933297557725 0.32234031250000006 0.5364471281250001 0.31712937619783715 0.6243816780567275 0.6284090281250002 0.6428278796875
0 0.31446587800343084 0.5359212354072131 0.04559308906250006 0.5199880328125001 0.031602456371569256 0.7560799552177868 0.30047524531250003 0.7720131578125
0 0.3040143695609239 0.7785124295367872 0.046673760937500086 0.7643223718750001 0.04069087546808471 0.8728236496513224 0.29803148409150854 0.8870137073131094
0 0.2321759246716521 0.8921206258820987 0.046400404687500105 0.8811117062499999 0.0412562753283481 0.9679188897429013 0.22703179531250012 0.9789278093750001
0 0.45344386912327606 0.8631852211089243 0.24825915625000014 0.8510261265625001 0.2406546246267242 0.9793525929535759 0.4458393375000001 0.9915116875000001
0 0.6212692952226087 0.6487664135923146 0.4633084510620084 0.6397246405255237 0.4599212219072674 0.698899934209177 0.6178820660678677 0.7079417072759677
0 0.7625155250000002 0.7738026765625001 0.46504136250000017 0.7738026765625 0.46504136250000017 1 0.7625155250000002 1
0 0.5962503812022021 0.14863420530581486 0.4705694125 0.14118644375000006 0.46709545473529807 0.19980947750668532 0.5927764234375001 0.2072572390625001
0 0.656979886352322 0.05011205612334518 0.388679621875 0.034212781250000046 0.38300676364767805 0.12994226418915492 0.651307028125 0.14584153906250005
0 0.3289218408135999 0.03032679357058689 0.0513198359375 0.013876304687500004 0.04316557949890014 0.15147938455441315 0.320767584375 0.16792987343750004
0 0.2765690336599558 0.1725727275318591 0.04623713906250001 0.15892342968749998 0.041668821027544205 0.23601379434314093 0.272000715625 0.24966309218750005
0 0.5733605197204786 0.3226704932506639 0.25897441752578626 0.3038409583153444 0.2480429331031607 0.4863577751478646 0.5624290352978532 0.5051873100831841