0 0.21593906250000003 0.2970140625 0.10717500000000005 0.2970140625 0.10717500000000005 0.400559375 0.21593906250000008 0.400559375
0 0.2158609375000001 0.4058515625 0.10692343750000004 0.4058515625 0.10692343750000004 0.5157875 0.2158609375000001 0.5157875
0 0.32831406250000006 0.29841562499999996 0.225403125 0.29841562499999996 0.22540312500000007 0.5172890625 0.3283140625000001 0.5172890625
0 0.4529859375 0.4742078125 0.3940109375000001 0.4742078125 0.3940109375000001 0.5190625 0.4529859375 0.5190625
0 0.38657031250000007 0.47346093749999996 0.3352796875000001 0.47346093749999996 0.3352796875000001 0.5185625 0.38657031250000007 0.5185625
0 0.49632343749999996 0.44068593749999996 0.46140625 0.44068593749999996 0.46140625 0.4792484375 0.49632343749999996 0.4792484375
0 0.453196875 0.539075 0.3635625000000001 0.539075 0.3635625000000001 0.608534375 0.453196875 0.608534375
0 0.5906281250000001 0.5416765625 0.54164375 0.5416765625 0.54164375 0.6078015625 0.5906281250000001 0.6078015625
0 0.5325421875 0.5420281250000001 0.460115625 0.5420281250000001 0.460115625 0.6092078125 0.5325421875 0.6092078125
0 0.3574369237946429 0.5394486094221917 0.16965937500000008 0.5369234375 0.16875595950414196 0.6041034761597428 0.3565335082987848 0.6066286480819346
0 0.15915781250000008 0.535246875 0.10708906250000005 0.535246875 0.10708906250000008 0.6028578125 0.1591578125000001 0.6028578125
0 0.3552828125000001 0.612096875 0.10541093750000008 0.612096875 0.10541093750000008 0.7447984375 0.3552828125000001 0.7447984375
0 0.530825 0.6805484374999999 0.4590109375 0.6805484374999999 0.4590109375 0.713728125 0.530825 0.713728125
0 0.8214296875 0.6389734375 0.5954937499999999 0.6389734375 0.59549375 0.7494234375000001 0.8214296875 0.7494234375000002
0 0.8214296875 0.5444875 0.5950734375 0.5444875 0.5950734375 0.6305765625000002 0.8214296875 0.6305765625000002
0 0.826546875 0.3028156250000001 0.59909375 0.3028156250000001 0.59909375 0.5202156250000001 0.826546875 0.5202156250000002
0 0.5390890625 0.38355000000000006 0.46103740253383896 0.3831376254486377 0.4603124025338389 0.5203610629486376 0.5383640625 0.5207734375
0 0.5928159492768518 0.3021840718391703 0.49057640262123225 0.30150386115378514 0.48912247516428115 0.520037452675764 0.5913620218199006 0.5207176633611491
0 0.4847250000000001 0.2999312500000001 0.33663768046608333 0.2988959733234622 0.33545446648922617 0.4681444363080747 0.4835417860231428 0.46917971298461253
0 0.5899421875 0.6161890624999999 0.49482500000000007 0.6161890624999999 0.4948250000000002 0.7495140625000001 0.5899421875000002 0.7495140625000001
0 0.5324968750000001 0.6175250000000002 0.45955625000000005 0.6169906250000002 0.4591416823509543 0.6735778969086379 0.5320823073509543 0.6741122719086379
0 0.48797988575331325 0.6159502148634117 0.36293654294010047 0.6158543705899542 0.3628347821867872 0.7486166557265426 0.48787812500000005 0.7487125000000001