0 0.8899391909273078 0.6098366890321457 0.7805734375000001 0.6085640625000002 0.7793686215726925 0.7121023734678545 0.888734375 0.7133750000000001
0 0.890263059932763 0.4939707799590316 0.7813218659174249 0.49333749994720266 0.7806791184846621 0.6039073449881711 0.8896203125000002 0.604540625
0 0.7717925513934352 0.49112534269509106 0.6688765625 0.49052656250000004 0.6675996361065649 0.709999657304909 0.770515625 0.7105984375000001
0 0.6034501684751404 0.48799207437055203 0.5442156250000001 0.4873046875000001 0.5436951440248597 0.5321563631294481 0.6029296875000001 0.5328437500000001
0 0.6621826449059858 0.48917494606943146 0.6106296875000001 0.488575 0.6101048548824326 0.5336735096116554 0.6616578122884182 0.5342734556810869
0 0.5355668065423804 0.5268146842642668 0.5006468750000002 0.5266109375000001 0.5004206934576197 0.5653759407357335 0.5353406250000001 0.5655796875000002
0 0.6345649986619628 0.3988765801015618 0.5445265625 0.3978281250000001 0.5437177956459289 0.4672827946865999 0.6337562318078916 0.4683312497881616
0 0.4560750974461801 0.39724451292943963 0.40708906255236305 0.39696092845485287 0.406704590106183 0.46337422802541317 0.455690625 0.4636578125
0 0.538003016375068 0.39707797848604554 0.4651859375 0.3962312500000001 0.46440479612493213 0.4634079590139547 0.5372218750000002 0.4642546875000001
0 0.8291818954100754 0.4055730915396423 0.6411703125000001 0.4012718750000001 0.6396337295899248 0.4684378459603581 0.8276453125000002 0.4727390625000002
0 0.8906033270470356 0.40722862146322647 0.8385312500000002 0.40692656250000014 0.8381372979529645 0.4748401285367739 0.8902093750000001 0.4751421875000002
0 0.8938754219024135 0.2656199248843808 0.6432312500000001 0.2627031250000001 0.6416870780975865 0.39539570011561936 0.89233125 0.3983125000000001
0 0.5395165767555775 0.2925710024508484 0.4675109375 0.29173125 0.4671240300245333 0.32490712233666563 0.5391296692801107 0.32574687478751396
0 0.4036893913928531 0.25529028646261875 0.17711406250000003 0.25265468750000003 0.175829358607147 0.36309721353738134 0.4024046875000001 0.36573281250000006
0 0.40327782742646334 0.3741402053920223 0.17642187500000006 0.37150156250000005 0.17542061007353688 0.45758479460797785 0.40227656250000016 0.4602234375000001
0 0.39937967991464624 0.48446470972257805 0.17066093750000005 0.481803125 0.16813123940510774 0.6991884150658596 0.39684998181975395 0.7018499997884378
0 0.536898847880556 0.48604004772899245 0.4588484375000001 0.4845968750000001 0.45631163076666487 0.6217937625348819 0.5343620411472207 0.6232369352638744
0 0.5079669159636823 0.4855324108152487 0.4056609880894402 0.48434316984663567 0.4031165401461321 0.7032324569113303 0.5054224680203742 0.7044216978799434
0 0.66145861714331 0.5394169048870758 0.5137762946092281 0.536880637438054 0.5108708425814711 0.7060599184464496 0.658553165115553 0.7085961858954715
0 0.503731096011931 0.2567934905023332 0.40860000000000013 0.2552562500000001 0.40644593104375765 0.388559360594346 0.5015770270556885 0.39009660109667915
0 0.5388765055724775 0.3323920820557708 0.46593281133149056 0.33154292608083885 0.4652703682590131 0.38844771902506814 0.5382140625 0.3892968750000001
0 0.6357116837846125 0.25846309829013825 0.5106593750000001 0.2572453125000001 0.5093633162153876 0.39033533920986196 0.634415625 0.39155312500000006