0 0.21790984687499995 0.7264313609374999 0.21551705920603456 0.6132549438282184 0.0922596890625 0.6158608640625 0.09465247673146539 0.7290372811717813
0 0.21078226562500002 0.607568184375 0.20339889679595458 0.4829738572740648 0.08452687233025936 0.4900181266281143 0.09191024115930482 0.6146124537290495
0 0.34072231093750005 0.7223041718750002 0.3263034669494177 0.4789861712262704 0.21400589062500003 0.4856408421875 0.22842473461308233 0.7289588428362298
0 0.46569142968750005 0.5274284406249998 0.46465437044760033 0.4784026235431325 0.39829019062499993 0.47980644687500007 0.3993272498648997 0.5288322639568674
0 0.39310391875000006 0.5297802437500001 0.3920617576207909 0.4804845947016136 0.334090721875 0.4817101624999999 0.3351328830042092 0.5310058115483864
0 0.51525725 0.5630364421875 0.5126755374241773 0.519470046915339 0.4745740859375 0.5217279109374999 0.4771557985133227 0.5652943062096608
0 0.46172390312499995 0.4565786109375001 0.4601172912242861 0.3806557036356989 0.3591992921875001 0.3827912390625 0.360805904088214 0.4587141463643012
0 0.6118581984375 0.45056128125000006 0.6074579636534294 0.37630732428924807 0.554006471875 0.3794748203125 0.5584067066590706 0.453728777273252
0 0.5483094046875 0.4515207046875 0.5467572620537257 0.37808959562995437 0.46475170140506317 0.3798229798661861 0.4663038440388375 0.45325408892373165
0 0.356449425 0.45840356406250005 0.3539083855586539 0.3849570654888935 0.14742189375 0.392100909375 0.14996293319134615 0.4655474079486065
0 0.14039391875 0.46755775625000007 0.13589001638182907 0.3915544080088683 0.07907287233027147 0.3949213500656136 0.08357677469844241 0.47092469830674527
0 0.3499153328125 0.3790923765625 0.3468488971709859 0.23404560131381377 0.0680511828125 0.23993966718749996 0.07111761845401403 0.3849864424361862
0 0.5374662109375 0.300273 0.5366998051138006 0.26401003013788243 0.45677907968750003 0.26569912812499996 0.4575454855111995 0.30196209798711754
0 0.8579787765624998 0.33896226718750005 0.8554269942991531 0.21823712355877226 0.6037341560937313 0.223557186149206 0.6062859383570778 0.3442823297779338
0 0.8640939078125 0.4421551000000001 0.8621040930075148 0.3480554656249011 0.6109662125 0.353365984375 0.6129560273049851 0.44746561875009905
0 0.8853313359375001 0.705978384375 0.8803076490392231 0.46835368425026475 0.6225056904609576 0.47380394392857256 0.6275293773592348 0.711428644053308
0 0.5657259890624999 0.6244486531250001 0.5558649676456339 0.4717001158570976 0.47073916093749996 0.4771956015625001 0.480600182354366 0.6299441388304026
0 0.6297473140624998 0.712018240625 0.6138910919126734 0.4715205164747349 0.502399977146352 0.4788712217244945 0.5182561992961784 0.7193689458747595
0 0.511682365625 0.7170328781249999 0.4991103161749725 0.5273224703256075 0.33762971875 0.5380237390625 0.35020176820002763 0.7277341468618924
0 0.605993275 0.369203109375 0.5975593864290484 0.22188635341940866 0.49375229375000007 0.22782931250000002 0.5021861823209517 0.37514606845559134
0 0.5433736578125 0.36906727343750007 0.5416118911141068 0.3072072871516339 0.4603017189248053 0.3095229933488798 0.46206348562319854 0.3713829796347459
0 0.49039701598245705 0.37191262917150825 0.4872188102822448 0.2267986936994481 0.3494000414575417 0.2298171246671566 0.3525782471577541 0.37493106013921673