0 0.39509239374999994 0.19961470312500001 0.391339254077979 0.07294622860298827 0.28044224531250006 0.076232065625 0.284195384984521 0.20290054014701178
0 0.5257205609820075 0.09049741680474618 0.3973067234375 0.08288770781250006 0.3904109702679927 0.19925354100775397 0.5188248078125001 0.2068632500000001
0 0.5305294206347144 0.21778550845227146 0.28570895 0.2032776296875 0.27919467936528564 0.3132059540477286 0.52401515 0.3277138328125001
0 0.5298862046875 0.4617025234375 0.5278830477684349 0.3940959878443121 0.47984368593750004 0.3955193765625001 0.48184684285656526 0.46312591215568794
0 0.5272361421875 0.3903519140625 0.5254767813852466 0.3309735126754118 0.47717301718749994 0.33240473593750003 0.47893237798975347 0.39178313732458825
0 0.49072197871799544 0.46840775050807804 0.44599136250000015 0.4657570484375001 0.44378110253200476 0.5030552010544223 0.48851171875000005 0.5057059031250002
0 0.6259700968749999 0.4676224953125 0.6229219238120728 0.3647466556912321 0.5485309468749999 0.3669508328125 0.5515791199379272 0.4698266724337679
0 0.6326565569354821 0.5628284773404292 0.5569905921875 0.5583445687500002 0.553889877439518 0.6106691351595711 0.6295558421875 0.6151530437500001
0 0.6292177859375001 0.5528683687499999 0.6267235561598873 0.4686881255940678 0.5547741234375 0.4708199609374999 0.5572683532151128 0.5550002040934322
0 0.6204047968749999 0.36368132031249994 0.6119093341542567 0.15566113703208612 0.5400511171875 0.1585957984375 0.5485465799082433 0.3666159817179139
0 0.6138149590722112 0.09589536568043185 0.53625998125 0.09129951562500008 0.532964025302789 0.14691877806956835 0.6105190031250001 0.1515146281250001
0 0.7691785843749999 0.37115091875 0.7608534234797212 0.09017672094523373 0.6187300765624999 0.0943877828125 0.6270552374577787 0.3753619806172663
0 0.7413997265625001 0.557675465625 0.7390210581335069 0.47739543217229874 0.7034856203125 0.478448334375 0.7058642887414931 0.5587283678277013
0 0.7889764484375001 0.8720056296875003 0.7814757340787616 0.6188565257862548 0.66318380625 0.6223614718750001 0.6706845206087385 0.8755105757762454
0 0.6613556421875 0.864442915625 0.6539103911062887 0.6131657089983441 0.5617090234375001 0.6158976015625 0.5691542745187113 0.8671748081891557
0 0.5430100671875 0.8629151625 0.5351588704327572 0.5979373156771257 0.3023235140625 0.6048361421874999 0.31017471081724274 0.8698139890103743
0 0.5383337276881123 0.4699679540774432 0.38469435036672794 0.4628055150161988 0.3808005554911157 0.5463301656262557 0.5344399328125 0.5534926046875001
0 0.5406774913495193 0.49971921403072683 0.29748534687500006 0.4888619812499999 0.29254483052548086 0.5995250562817731 0.5357369750000001 0.6103822890624999
0 0.4771393406954735 0.48145863167693814 0.4694565761699268 0.3153392032428376 0.2882744295422359 0.32371859499667943 0.29595719406778265 0.48983802343078003
0 0.7817085140625 0.623434215625 0.7765395928000577 0.5184505917397313 0.6341403413517962 0.5254616901503862 0.6393092626142385 0.630445314035655
0 0.6986590109375 0.55607728125 0.6962028983724375 0.4731835359712169 0.6352529703125 0.47498946093750005 0.6377090828775626 0.5578832062162832
0 0.7849978432547472 0.38013364233041635 0.6309721734375 0.3716084515625001 0.6235747270577531 0.5052590248570838 0.7776003968750003 0.5137842156250001