0 0.8952334885187059 0.682148634296341 0.892825 0.5786609375000001 0.7816540114812943 0.5812482407036592 0.7840625000000001 0.6847359375000001
0 0.8930765624999999 0.46342500000000014 0.7841390625 0.46342500000000014 0.7841390625 0.5758984375000001 0.8930765624999999 0.5758984375000001
0 0.7745968750000001 0.46468281250000015 0.671684375 0.4646828125000001 0.671684375 0.6859515625 0.7745968750000001 0.6859515625000001
0 0.6070318705072125 0.5116632422257755 0.6059890625000001 0.466834375 0.5459712544927874 0.4682305077742246 0.5470140625 0.5130593750000001
0 0.6657694121593868 0.511042770509207 0.6647203125 0.4659671874999999 0.6123805878406132 0.4671853544907928 0.6134296875 0.5122609374999999
0 0.53859375 0.5082140625 0.5036765625 0.5082140625 0.5036765625 0.5475890625 0.53859375 0.5475890625
0 0.63805188501269 0.44607495878034154 0.6364375 0.3766515625 0.5451887399873099 0.37877347871965844 0.546803125 0.448196875
0 0.45835625 0.3815296875000001 0.409371875 0.3815296875000001 0.409371875 0.4487953125 0.45835625 0.4487953125
0 0.5414473294222047 0.4453698677200708 0.5398843386479958 0.3782250008461979 0.465894821725791 0.3799473206261271 0.4674578125 0.4470921875000001
0 0.8310008688737991 0.443743511685103 0.830340625 0.37655781250000003 0.6423803811262008 0.37840492581489704 0.643040625 0.445590625
0 0.8929109375 0.3763593750000001 0.8408421875000001 0.3763593750000001 0.8408421875000001 0.4451812500000002 0.8929109375 0.4451812500000002
0 0.8976759240389125 0.3670094055121791 0.8945890625000003 0.23437968749999993 0.6416287634610875 0.24026715698782083 0.644715625 0.372896875
0 0.5417610146410365 0.30683984098521766 0.5409890624999999 0.27368125 0.46840304785896336 0.27537109651478225 0.469175 0.3085296875
0 0.40707589500338004 0.35155112086861684 0.4045062136475589 0.24116093834621832 0.1760006311441788 0.24648012997760144 0.1785703125 0.35687031249999995
0 0.4069287606511159 0.44604247243202505 0.40492656250000003 0.3599984375 0.17656811434888414 0.36531221506797507 0.17857031250000002 0.45135625000000007
0 0.40596324766327435 0.6877354283036811 0.40090621365402185 0.4704531258459174 0.16839609099074748 0.47586457254223646 0.173453125 0.693146875
0 0.5396859375000002 0.46739062500000017 0.46166225246742504 0.46640328824495836 0.4598994520944756 0.6057075128390044 0.5379231371270508 0.6066948495940462
0 0.510420313551053 0.6876023259927936 0.5089637792715151 0.4686439892771063 0.40572784072046214 0.4693307257843128 0.40718437500000004 0.6882890625000001
0 0.6645359375000002 0.5175375 0.5164074835600984 0.5165594457854524 0.5152750000000001 0.6880765625 0.663403453939902 0.6890546167145476
0 0.505175 0.24059843750000004 0.4100588803223631 0.24040781286373272 0.4097906271463187 0.37425830404976357 0.5049067468239556 0.3744489286860309
0 0.5404476660641631 0.3712409645691419 0.5401724007352726 0.314325056681575 0.4672278596711094 0.3146778421124331 0.4675031249999999 0.37159375000000006
0 0.6371640625 0.2380593750000001 0.512121875 0.2380593750000001 0.512121875 0.3713000000000001 0.6371640625 0.3713000000000001