0 0.395630059375 0.20901348749999998 0.3910567963990867 0.09821826641225055 0.2869350109375 0.10251607187499998 0.2915082739134133 0.21331129296274942
0 0.5115590031250001 0.20568364687500001 0.5084848178404462 0.09604870082370073 0.39642746250000005 0.09919081093750001 0.3995016477845539 0.20882575698879932
0 0.5177402875 0.3187733046875 0.5148356070575152 0.2152019402672481 0.29325384374999997 0.221416246875 0.2961585241924848 0.32498761129525194
0 0.5246993124999999 0.4441462265624999 0.52222770910714 0.3842209150907159 0.47712322343749997 0.3860812374999999 0.4795948268303599 0.4460065489717839
0 0.5214408109375 0.377342871875 0.5192861439271951 0.3251436675298919 0.4739334897702423 0.3270157241822442 0.47608815678054733 0.37921492852735234
0 0.48644489843749994 0.4888679593750001 0.4854601762277683 0.4537256437666567 0.44619659009905704 0.45482584802540715 0.44718131230878866 0.48996816363375056
0 0.6147293515625 0.44183246093750006 0.6109683895029793 0.3507346146789765 0.5411223387605141 0.35361819928211075 0.5448833008200348 0.4447160455406343
0 0.619699778125 0.5801133828125 0.6183174748653182 0.5308153977437085 0.5511343703125001 0.5326991953124999 0.5525166735721819 0.5819971803812914
0 0.6187018859375001 0.5216363734375 0.6156581001085437 0.44788061642943744 0.5481028062500001 0.45066851874999997 0.5511465920789564 0.5244242757580626
0 0.6083824140625 0.344657896875 0.598422196996219 0.15506135643408586 0.5309058109375 0.1586082453125 0.540866028003781 0.3482047857534141
0 0.5968076515625 0.1461821453125 0.5953388972313216 0.09377845654040587 0.5266221637913763 0.09570442782657414 0.5280909181225547 0.14810811659866827
0 0.747761215625 0.339485325 0.7373121317958622 0.08634306724815188 0.6038717906276577 0.09185115318938641 0.6143208744567955 0.3449934109412346
0 0.723789796875 0.5169599234375 0.7207876540237453 0.4442734558030404 0.6874248559470472 0.4456514273705613 0.6904269987983017 0.5183378950050208
0 0.7717705906250001 0.8083093640624999 0.7623289483049274 0.5795465263681538 0.651264021875 0.5841304671875001 0.6607056641950727 0.8128933048818461
0 0.6521968906249999 0.8116635578125002 0.6427512951800983 0.5827995774058856 0.5561829375 0.586372396875 0.5656285329449016 0.8152363772816145
0 0.541373375 0.8199272890625 0.5318088386219589 0.5882127377070681 0.3131985106321299 0.5972363679557654 0.322763047010171 0.8289509193111974
0 0.5299694624999999 0.5299897625 0.5273510667653554 0.45144346171026883 0.3887057537724633 0.45606529994477557 0.3913241495071079 0.5346116007345068
0 0.5318029468750001 0.5833206140625001 0.5282324330749623 0.4804370908018029 0.30737996850716387 0.48810164920260296 0.3109504823072017 0.5909851724633002
0 0.47539127082914784 0.47630995926435604 0.47017218710979886 0.32728769573313093 0.29940235148421923 0.33326842671754936 0.3046214352035682 0.48229069024877447
0 0.7622506875 0.575425715625 0.7597574370841367 0.4796993624174813 0.6248805347187932 0.48321231242178947 0.6273737851346566 0.5789386656293082
0 0.6837840449231462 0.5189607270084593 0.6806806810117906 0.44557588106428847 0.6235024687500001 0.4479938843750001 0.6266058326613557 0.5213787303191709
0 0.7572061140625002 0.47276893750000004 0.7536801536025137 0.3469246774063134 0.6183490785762785 0.35071644366720367 0.6218750390362648 0.4765607037608904