0 0.21942894482428704 0.30056494015545054 0.10689505000000003 0.29806418593749995 0.10458109423821305 0.4021921535945494 0.21711498906250007 0.4046929078125
0 0.21789528437500003 0.5206439906250001 0.21705176332937307 0.40676873149240134 0.10745317968749997 0.4075805734375 0.10829670073312692 0.5214558325700988
0 0.33106685312499995 0.5246696718749999 0.32941264430123984 0.3013514489820467 0.22587719531249997 0.302118378125 0.2275314041362601 0.5254366010179532
0 0.4575384257279259 0.484135084677085 0.39685578750000006 0.4827865828125001 0.3958534086470743 0.5278936715729151 0.45653604687500005 0.5292421734375001
0 0.3907068848765998 0.48189849201020624 0.33774959218750006 0.48072166250000004 0.33674169481090027 0.5260770142397939 0.38969898750000004 0.5272538437500002
0 0.4998493359375001 0.4901468203125 0.4995541792510543 0.450300755885294 0.46442509843749996 0.450560971875 0.46472025512394577 0.49040703630220595
0 0.4589674609179979 0.5494312541447186 0.3666993718750001 0.5473808531250002 0.36514714533200227 0.6172310802302816 0.45741523437500015 0.61928148125
0 0.59570536875 0.6216172953125 0.5952016553908761 0.5536159790564215 0.545920021875 0.5539810281249999 0.5464237352341239 0.6219823443810785
0 0.5387658745757842 0.5541757616196561 0.4638817609375 0.5525116703124999 0.4623804785492157 0.620069382130344 0.5372645921875 0.6217334734375001
0 0.36252529488535623 0.5476907094657173 0.17156069218750009 0.5408797 0.16915282025653638 0.60839073620664 0.36011742295439253 0.6152017456723573
0 0.16148455625 0.6069939203125 0.1609690867445142 0.5374053612752137 0.10858435937499997 0.5377933953124999 0.10909982888048575 0.6073819543497863
0 0.3628665885096744 0.6207647159733612 0.10746851875000012 0.6150892046874998 0.10450300211532575 0.7485374855891387 0.3599010718750001 0.7542129968750001
0 0.537057175238813 0.6935063545158701 0.46380265625000006 0.6918784765625 0.463061181011187 0.7252448673591301 0.5363157000000001 0.7268727453125001
0 0.8314824185467687 0.6582195471220851 0.6008339500000001 0.653094025 0.5983656939532314 0.7641655341279151 0.8290141625 0.7692910562500002
0 0.8300521334858498 0.5631232249806322 0.5997066984375001 0.5580044375000001 0.5977828430766505 0.6445779281443681 0.8281282781250001 0.6496967156250002
0 0.8373133161935676 0.32013279195216504 0.6019508734374999 0.314902515625 0.5970925775564322 0.533525837735335 0.8324550203125 0.5387561140625
0 0.54246389375 0.5328730953125 0.5421666057690746 0.3929262428524523 0.46362592565652616 0.393093086191911 0.4639232136374516 0.5330399386519586
0 0.5957945265625001 0.5336934999999999 0.595626595361418 0.3110959294038723 0.49274126078530855 0.3111735477613541 0.49290919198639055 0.5337711183574817
0 0.4885662632154332 0.3094808194974886 0.3385504421875001 0.3061471343750001 0.3347727759952229 0.47614210228033116 0.48478859702315613 0.4794757874028197
0 0.5990508892466588 0.6301305020942919 0.5027762933986122 0.6279910672631946 0.4997968447769535 0.7620662948564029 0.5960714406250002 0.7642057296875
0 0.5385707010226353 0.6301400645572348 0.46387763906250007 0.6279331250000001 0.46219689707047407 0.6848172228620661 0.5368899590306091 0.6870241624193009
0 0.4938344175896199 0.6250812788832117 0.36705785 0.6246386781250001 0.36658292459788033 0.7606741711167884 0.49335949218750014 0.761116771875