0 0.056348485937500005 0.068694578125 8.415201907846041e-18 0.068694578125 1.7300009364856935e-17 0.2137944953125 0.05634848593750001 0.2137944953125
0 0.05659565625000003 0.22525793906249997 2.7667243352788953e-17 0.22525793906249997 3.761205896353577e-17 0.387669103125 0.056595656250000036 0.387669103125
0 0.6032275298904171 0.5488124485982514 0.6029002592859658 0.2612993079275904 0.4973433790176999 0.261419461267117 0.49767064962215113 0.548932601937778
0 0.9750191874620888 0.5384630795787894 0.97371685625 0.34920864218750003 0.8841676053213838 0.34982486438081317 0.8854699365334726 0.5390793017721026
0 0.9727537523519553 0.34091180175124247 0.9727181937499999 0.20311622968749998 0.8824335554605446 0.2031395279362575 0.8824691140625 0.3409351
0 0.971888956114701 0.19456309901193763 0.9714885921875002 0.06327416093749999 0.8824794485727991 0.06354559317556237 0.8828798125 0.19483453125000003
0 0.8757256484374999 0.0644606703125001 0.7754255303840683 0.06431514850077844 0.7751628870358964 0.2453406491863221 0.8754630050893282 0.24548617099804376
0 0.7668288665709164 0.24646155922371543 0.7666380593750001 0.0664079546875 0.6656048662415837 0.06651502202628459 0.6657956734374999 0.24656862656250006
0 0.6597388968854154 0.24839296588234033 0.659207 0.06787038437500001 0.5476318056754013 0.06819913271138725 0.5481637025608167 0.2487217142187276
0 0.5421091043695707 0.24983488076763316 0.5419366250000002 0.0691477140625 0.49581445969292953 0.06919174110736687 0.49598693906250013 0.24987890781250002
0 0.6030888941954349 0.3293896252341982 0.6030472453125001 0.260564909375 0.5596049964295652 0.2605911982033019 0.5596466453125 0.32941591406250004
0 0.017747706250000054 0.4019343875 4.922724085650614e-17 0.4019343875 5.368957729031397e-17 0.47480987187499996 0.017747706250000057 0.47480987187499996
0 0.01795691238575144 0.5637655809842149 0.0176640671875 0.48447315624999987 -0.0002928451982514402 0.48453947526578495 0 0.5638319