0 0.9695704624999999 0.14612371093750015 0.8694228253884217 0.14611601160002846 0.8694126785134217 0.2780995178500284 0.969560315625 0.27810721718750014
0 0.9693573843750001 0.2881896906250001 0.8691995484374999 0.2881896906250001 0.8691995484374999 0.4344886593750002 0.9693573843750001 0.4344886593750002
0 0.47114881562500016 0.3241876281250001 0.37603502575674286 0.32379638392980487 0.3749685101317428 0.5830726729923048 0.47008230000000006 0.5834639171875
0 0.1217959406250001 0.4066164953125 0.04092602461588541 0.40604659513860863 0.039722517030476884 0.5768266050546371 0.12059243303959158 0.5773965052285285
0 0.12333258125000002 0.3981855671875 0.12330061224465796 0.2743006252484431 0.041763246879204234 0.2743216662920772 0.041795215884546294 0.3982066082311341
0 0.12357768043916828 0.14844024782224802 0.04293686562500001 0.14801855625 0.04232085393583175 0.26581954592775203 0.12296166875 0.2662412375
0 0.2200081113372682 0.1485809098614393 0.12942277343750003 0.14844948437500002 0.12918692772523185 0.3110067182635608 0.21977226562500002 0.31113814375000004
0 0.3190157828125 0.31151134062499997 0.3189397262361896 0.14943564811709273 0.22769525545349492 0.14947846602487147 0.22777131202980527 0.31155415853277874
0 0.42573069815187725 0.15054366376766992 0.32496617812500006 0.15008041250000004 0.3242208237231227 0.31220685185733016 0.42498534374999997 0.31267010312500004
0 0.47245215330782847 0.15046935622666263 0.4307983062819473 0.15044944724703252 0.43072040625 0.31343298906250006 0.4723742532758812 0.31345289804213017
0 0.4149188971128006 0.3237555967353841 0.3756852925965614 0.3237319592764022 0.3756480189212609 0.38559904222851815 0.4148816234375 0.3856226796875001
0 0.9685087386038271 0.4472580446335767 0.9448333001981482 0.447230842812331 0.944757481906821 0.5132202216162544 0.9684329203125 0.5132474234375001
0 0.9413383285602939 0.5132048478841781 0.9412626828125001 0.447369071875 0.9042084573772062 0.44741164742832196 0.904284103125 0.5132474234375
0 0.9684329203125 0.5940020625 0.9683344242197718 0.5208012347095721 0.9447350625000002 0.5208329890625001 0.9448335585927283 0.594033816852928
0 0.941525365625 0.5937422687499999 0.94133821875 0.5219113406249999 0.9039096551533478 0.522008856262006 0.9040968020283477 0.593839784387006