0 0.2372435671875 0.0035147187500000135 0.09142549539009996 0.001354451922750826 0.09043337500000001 0.06832260625 0.23625144679740004 0.0704828730772492
0 0.411584621875 0.0060975500000000505 0.24853247866060676 0.003681962272395241 0.24753668281249994 0.07089817031250001 0.41058882602689317 0.07331375804010482
0 0.565764409375 0.5192222609375 0.27744197920514424 0.5137643243819001 0.27544126323988843 0.6194546861707944 0.5637636934097443 0.6249126227263943
0 0.5501247625000001 0.9074385859375 0.36024844799728084 0.9032868707863104 0.35828361250000007 0.9931474968749999 0.5481599270027193 0.9972992120261897
0 0.3513378546875002 0.901449878125 0.2128840314099703 0.8996333808748401 0.21169529906170373 0.9902388241017486 0.35014912233923356 0.9920553213519083
0 0.20472388593750016 0.8996900796875 0.07241681407778525 0.8981542506752485 0.0713799416001504 0.987477710717634 0.2036870134598653 0.9890135397298856
0 0.2569997218750001 0.79286179375 0.0756410524463001 0.7899117789987675 0.0740036921875001 0.8905721156249999 0.2553623616162001 0.8935221303762322
0 0.2598648421875001 0.6825973609375 0.07903006044390389 0.6800032159458522 0.0775755210653443 0.7813974371270748 0.2584103028089405 0.7839915821187226
0 0.2637688890625 0.5648724796875 0.08281785215526119 0.561359467290253 0.08064406718750006 0.6733285125000001 0.2615951040947389 0.676841524897247
0 0.26571103593750006 0.5122295265625 0.08437574702121231 0.509456376201689 0.08366788305845274 0.5557433421067399 0.2650031719747405 0.5585164924675509
0 0.3445778328125 0.5772997015625 0.275514720992257 0.5762349206406695 0.2748425565690517 0.6198324023100538 0.3439056683892947 0.6208971832318844
0 0.4989891265625001 0.007392431250000058 0.425822322758857 0.006308478832906821 0.42540411404741363 0.0345375728933343 0.4985709178510567 0.03562152531042753
0 0.588435984375 0.008717570312500065 0.5086476840156561 0.007535521406696657 0.5082263757064204 0.03597383200125055 0.5880146760657643 0.03715588090705396