0 0.7508593109496096 0.1370051181831193 0.7502487100550792 0.06875999666804508 0.5841803006679698 0.07024583942242577 0.5847909015625 0.1384909609375
0 0.7523323203125 0.2922090390625 0.7515038657026818 0.14411059696016626 0.5082375289261555 0.1454714155836117 0.5090659835359738 0.2935698576859455
0 0.8373559484375 0.475509384375 0.8330406937499999 0.14059945156249998 0.5037153928991203 0.14484274926428764 0.5080306475866203 0.4797526820767876
0 0.8410100859374999 0.6594317625 0.837361672077872 0.4809498049219666 0.6928637916466468 0.48390353804326336 0.6965122055062746 0.6623854956212968
0 0.841817988474974 0.7303547561774855 0.8400872305976039 0.665048936441196 0.7477350718750001 0.6674964859375001 0.7494658297523703 0.7328023056737896
0 0.7345189537094514 0.8880030420977454 0.732031866480126 0.6651246853601319 0.5132586046875 0.6675659640624999 0.5157456919168254 0.8904443208001134
0 0.7421276890625002 0.940846146875 0.7418490081952832 0.8949519864806366 0.5194537796835685 0.8963024261577974 0.5197324605507855 0.9421965865521609
0 0.5098577109375 0.94083818125 0.509451938586402 0.8981575700503818 0.37215736283849676 0.8994628546100072 0.3725631351895948 0.9421434658096255
0 0.6853163984375 0.6596653328125 0.6819648377192785 0.47534331050544276 0.5098976656249999 0.4784720390625 0.5132492263432215 0.6627940613695572
0 0.5041619195160643 0.813559326469948 0.5030448162867864 0.6627504106964498 0.23198246730898764 0.6647582802168005 0.23309957053826552 0.8155671959902987
0 0.36183847812500003 0.942481303125 0.36085667550204326 0.8211038027674519 0.25221189687499995 0.8219826125 0.2531936994979567 0.9433601128575482
0 0.22071137484260855 0.8090482492238926 0.21861083809445087 0.6672620757984025 0.15600677575184232 0.6681895437620098 0.1581073125 0.8099757171874999
0 0.4940440875 0.411958365625 0.49168600512308364 0.29166237768477205 0.4087412004307568 0.29328828961708797 0.4110992828076732 0.41358427755731586
0 0.49819992968750004 0.5774328812500003 0.4975129247093202 0.41980600790289735 0.23166190983927698 0.42096469973501727 0.23234891481745684 0.5785915730821201
0 0.41921440921548775 0.6547514493916172 0.4181670207358058 0.5840526999880574 0.255665559375 0.586460128125 0.2567129478546819 0.6571588775285598
0 0.2223924265625 0.5666400843750001 0.2195415091766829 0.4211567177331408 0.15622175136418293 0.4223975427331408 0.15907266875 0.5678809093750001