0 0.9229758421875 0.448813153125 0.9189003063187297 0.2783524446426305 0.8505478796301462 0.2799866791191088 0.8546234154989165 0.45044738760147834
0 0.8498436279689482 0.5227516060750153 0.8436346824946013 0.27023644536692226 0.6952923100537045 0.27388394795424426 0.7015012555280514 0.5263991086623373
0 0.848773065146094 0.19755963162070628 0.5090667734375 0.18311652343750007 0.49505746656370586 0.5126196765772062 0.8347637582722998 0.5270627847604124
0 0.5121482755543555 0.18337648828024147 0.3245234765625 0.17398326250000004 0.3172902880432599 0.31846244076561014 0.5049150870351153 0.3278556665458516
0 0.3195092123643751 0.1715266914220503 0.2533797125 0.1713192125 0.25307910169812503 0.26713252107794977 0.3192086015625001 0.2673400000000001
0 0.33023601992437823 0.2791783363836014 0.0986691331211293 0.27490028044612996 0.09454114132175115 0.49834434562502866 0.32610802812500006 0.5026224015625002
0 0.095361828125 0.489564946875 0.0912536727613367 0.2640046104055823 0.04526419375 0.26484222187500006 0.0493723491136633 0.4904025583444177
0 0.09775738281249999 0.637317384375 0.09493625666712126 0.49705279289293547 0.052175698437499994 0.49791283125000013 0.05499682458287873 0.6381774227320646
0 0.5240554663677055 0.3395358657102031 0.32891677343750003 0.33020652343750007 0.3206898726947946 0.502285820227297 0.5158285656250001 0.5116151625
0 0.33743125293679577 0.7843343592715483 0.33041487584014745 0.5049952305602701 0.17938521335638216 0.5087887594856821 0.18640159045303048 0.7881278881969603
0 0.18312260062123337 0.6512293963976141 0.054927420312500065 0.646393296875 0.05082489156626678 0.755143005164886 0.17902007187500008 0.7599791046875001
0 0.3388843619924165 0.7984596170558185 0.19369541250000008 0.792006775 0.1909119833200837 0.8546339329441816 0.3361009328125001 0.8610867750000001
0 0.7085836743603238 0.5356823351191408 0.5829987093750001 0.5295002875000001 0.5789158922872956 0.6124405158174452 0.7045008572726192 0.6186225634365858
0 0.5818122323684175 0.7922649863119338 0.5745735341898783 0.5162774244413957 0.4166857491407523 0.5204185604197801 0.4239244473192915 0.7964061222903183
0 0.4150959500000001 0.7635137265624998 0.41136953360102624 0.5958249468262415 0.34055197158743494 0.5973986700344244 0.3442783879864088 0.7650874497706827
0 0.5862350688796023 0.8064336007526569 0.4359601421875 0.7974906093749999 0.43219672484396343 0.8607297696882629 0.5824716515360657 0.8696727610659197