0 0.4461975125000001 0.59462380625 0.36577482246471466 0.5886665696804594 0.3500027390624999 0.8015896859374999 0.43042542909778536 0.8075469225070405
0 0.7367196015625 0.7819594031250001 0.6347789485464622 0.7744082441090688 0.6257369890625002 0.8964747046875002 0.727677642078538 0.9040258637034316
0 0.890175121875 0.3304188390625001 0.7918253246380096 0.323133668549907 0.7742163859374999 0.5608543296875002 0.8725661831744904 0.5681395002000932
0 0.8617477329711871 0.7292915768412402 0.860803025 0.6017560546874999 0.717448943591313 0.6028179372212595 0.7183936515625 0.730353459375
0 0.7199785625000003 0.5976974984375001 0.6446776763426864 0.5921196555297433 0.6341219484375001 0.7346219953125002 0.7094228345948139 0.740199838220257
0 0.7797854000000002 0.3326987609375001 0.5456862574802556 0.31535808281656647 0.5252591984375 0.591123365625 0.7593583409572446 0.6084640437459337
0 0.6350842171980763 0.8958283333573132 0.6339715375 0.5976050859375002 0.39540732655192373 0.5984951760176871 0.39652000625 0.8967184234375003
0 0.17998826875000012 0.5310015125 0.09598111739000688 0.5247787605474079 0.08380641875000003 0.6891371921875 0.1678135701099933 0.6953599441400922
0 0.35579498750000005 0.5982082515625 0.18271918136493573 0.5980061332761673 0.1825358200314275 0.7550201827555673 0.35561162616649183 0.7552223010418999
0 0.2742825421875001 0.23149119843750005 0.11079945160656643 0.2198574597432747 0.08530022229533293 0.5781853304991834 0.24878331287626665 0.5898190691934088
0 0.4446679171875 0.13548367343750006 0.17885215258518286 0.1320296484705786 0.17553090016179326 0.38762746864136904 0.4413466647641105 0.3910814936082905
0 0.3920559734375001 0.3994698343750001 0.27444947629330574 0.3907582419565425 0.26026170156250006 0.5822932 0.3778681987066944 0.5910047924184576
0 0.5309590921875001 0.30293547812500005 0.42932026295646325 0.29651108055083963 0.4164005593750001 0.5009105640625001 0.5180393886060369 0.5073349616366605
0 0.6589320593750002 0.1334128734375001 0.5537041846845131 0.1256182153477724 0.5421954265625001 0.2809864359375001 0.6474233012529871 0.2887810940272278