0 0.41388125000000003 0.4998453125 0.21331875000000008 0.4998453125 0.21331875000000008 0.578478125 0.41388125000000003 0.578478125
0 0.229621875 0.20384531250000001 0.11906562500000004 0.20384531250000001 0.11906562500000004 0.3035171875 0.229621875 0.3035171875
0 0.6675984374999999 0.08714843750000006 0.44435624999999995 0.08714843750000004 0.44435624999999995 0.18330937500000005 0.6675984374999999 0.18330937500000008
0 0.403959375 0.09616562500000005 0.2799359375 0.09616562500000005 0.2799359375 0.22538281250000006 0.403959375 0.22538281250000008
0 0.4089203125 0.23339687500000003 0.2763921875 0.233396875 0.2763921875 0.30702187500000006 0.4089203125 0.3070218750000001
0 0.6661765625 0.19432812500000007 0.416715625 0.19432812500000005 0.416715625 0.4232171875 0.6661765625 0.4232171875
0 0.4096296875 0.30501718750000006 0.11977031250000006 0.3050171875 0.11977031250000006 0.5263921875 0.4096296875 0.5263921875
0 0.4776656250000002 0.7632921875 0.3245859375000001 0.7632921875 0.3245859375000001 0.8454296875 0.4776656250000002 0.8454296875
0 0.41246580985292275 0.7529787852754412 0.4110427590053023 0.587015284051132 0.2584689402400904 0.588323525324164 0.2598919910877108 0.7542870265484731
0 0.7682328125000001 0.6931734375 0.4245125000000002 0.6921718750000001 0.4240469405777125 0.8519444604512904 0.7677672530777124 0.8529460229512905
0 0.8603640625000001 0.5344046875000001 0.6130265625 0.5344046875000001 0.6130265625000001 0.7878343750000001 0.8603640625000001 0.7878343750000002
0 0.604040625 0.56655 0.42721093750000005 0.56655 0.42721093750000005 0.6815390625 0.604040625 0.6815390625
0 0.6969109375000001 0.4384328125 0.5037375000000001 0.4363328125 0.5026589862650875 0.5355424341971494 0.6958324237650876 0.5376424341971494
0 0.8608343749999999 0.3262015625000001 0.7181734375 0.3262015625000001 0.7181734375 0.42908750000000007 0.8608343749999999 0.4290875000000002