0 0.544351987586458 0.24830869332332886 0.5346696640624999 0.07461436093749998 0.26764711710104205 0.08949912230167115 0.277329440625 0.2631934546875
0 0.5443466669577964 0.24782460775572054 0.5348782515625001 0.073612275 0.26863790022970363 0.0880824000567795 0.278106315625 0.26229473281250004
0 0.5401071226896315 0.40984942027636456 0.5311395037032335 0.2543265920013593 0.26570407476360197 0.26963189359999473 0.27467169374999995 0.425154721875
0 0.8821316150237127 0.28643131182466847 0.8779861156250002 0.2164760046875 0.7506831521637876 0.22401988348783167 0.7548286515625 0.29397519062500005
0 0.8824005576074055 0.3890371791165371 0.8775429703125001 0.2932277984375 0.7485899736425943 0.2997657849459629 0.7534475609374999 0.39557516562500006
0 0.5563066031383251 0.8621246349693763 0.5451776737770733 0.6721248043366611 0.25775296595124814 0.6889602365547847 0.26888189531249995 0.8789600671875
0 0.7014027431071836 0.848083663917563 0.69559369375 0.7500559531250001 0.5022431787678164 0.7615137610824372 0.5080522281250001 0.8595414718750002
0 0.8710735093749999 0.6379467828125 0.7040783549840661 0.6359295054062776 0.701451175 0.8534138859374998 0.8684463293909339 0.8554311633437223
0 0.8891684615121862 0.22887309097393582 0.8808286265625 0.054693167187500016 0.6189546916128137 0.06723184183856418 0.6272945265625001 0.24141176562500002
0 0.701268921368975 0.7392399832334708 0.695932040625 0.6491801265624999 0.5487855114435249 0.657899921454029 0.5541223921875 0.747959778125
0 0.8748080106572056 0.8441024993089659 0.8701951649075612 0.767264649453959 0.7834920651878556 0.7724697407699932 0.7881049109375 0.849307590625
0 0.6209816328125001 0.07041411875000007 0.542513778027847 0.06931050119159407 0.5408422609375 0.18815634531250008 0.6193101157221531 0.18925996287090607