0 0.7429745328124999 0.2483778921875 0.7350143046553754 0.08243835335178593 0.49235657340537553 0.09407880335178595 0.5003168015625 0.26001834218750003
0 0.744601876188064 0.2474799156177986 0.736387276210743 0.08108667196322868 0.49289744221017895 0.09310742197043005 0.5011120421874999 0.259500665625
0 0.7500710578125 0.40250200312500006 0.7432270623934641 0.2538721056151177 0.5015233037864999 0.2650018947381965 0.5083672992055358 0.4136317922480789
0 0.2901963689177588 0.32547579526682946 0.28755495937500003 0.25849979999999995 0.17064421545724126 0.26311054379567045 0.17328562499999997 0.33008653906249996
0 0.29439738700263185 0.4225979292109828 0.29033135000000004 0.33111211718750005 0.1735618609368073 0.33630187342191464 0.1776278979394391 0.4277876854453974
0 0.7683807234375 0.8345118265625 0.760184324880435 0.6529035873735456 0.5000011103671236 0.6646462557322792 0.5081975089241887 0.8462544949212336
0 0.5405978843954711 0.8396287113981007 0.5364330138478418 0.7459191189793544 0.35932524374999997 0.7537905750000001 0.36349011429762923 0.8475001674187463
0 0.3566861021472269 0.8530730468794274 0.34715604843750003 0.656529940625 0.1886434818120232 0.6642159556798956 0.19817353552175007 0.860759061934323
0 0.40991692938732494 0.26348293155843727 0.4025901592987907 0.09863060060569237 0.16370745625 0.109247609375 0.1710342263385343 0.27409994032774493
0 0.49367737968750014 0.7378166781250001 0.48985103709348243 0.6517239556774916 0.35611551521848234 0.6576677556774916 0.35994185781250004 0.743760478125
0 0.274232128125 0.8575394734374997 0.271024136368684 0.784076239660257 0.19381487074368403 0.787447813097757 0.19702286249999998 0.8609110468749999
0 0.4904941421875 0.2028821921875 0.4857102349981884 0.09524430292444239 0.4109499224981884 0.09856698417444235 0.41573382968750006 0.2062048734375