0 0.8713288328125003 0.31445138906250014 0.7793301547140034 0.30763667262301125 0.7701900734375002 0.43102777812500015 0.8621887515359973 0.43784249456448904
0 0.8850268140625002 0.09050520781250011 0.7959047133387566 0.08390357032431976 0.7800392875 0.2980868062500001 0.8691613882237437 0.3046884437381805
0 0.49361246093750005 0.11606770781250005 0.4138349212351652 0.11015826031370617 0.3983233671875 0.31956423593750005 0.4781009068898349 0.32547368343629396
0 0.1764097218750001 0.2715000000000001 0.0693219621227356 0.26356757359737715 0.05752398437500004 0.4228402781250001 0.1646117441272645 0.4307727045276229
0 0.7831576656108316 0.0901214946926803 0.5165113690956772 0.0703699184117827 0.49025070625 0.4248888890625001 0.7568970027651544 0.44464046534339763
0 0.7743421421875001 0.44329513906250007 0.4454376921875 0.4432951390625 0.4454376921875 0.7040520828125 0.7743421421875001 0.7040520828125001
0 0.5423746140625001 0.7193958328125001 0.4377923174113841 0.710082244297953 0.419602097150403 0.9143402495245857 0.5241843938015189 0.9236538380391328
0 0.42989236093750016 0.68615625 0.25374532020404456 0.6727247420662503 0.23553122922084951 0.9115928008251618 0.41167826995430506 0.9250243087589116
0 0.23714477447495072 0.7702643129491766 0.14268045733266907 0.7632669550561735 0.13173646611353557 0.9110108139718825 0.22620078325581722 0.9180081718648856
0 0.4034593638688098 0.06156995921313082 0.21854533076636015 0.048856007391687745 0.1928366765625001 0.42276736093749995 0.3777507096649497 0.4354813127589431
0 0.26771826762732986 0.4413759604421047 0.05151247033014487 0.4284713761728569 0.027259773437500114 0.8348055562500001 0.24346557073468506 0.847710140519248
0 0.44530189062500014 0.43694791718750003 0.27887936790561124 0.4249938971047942 0.2608015046875001 0.676671875 0.4272240274068889 0.688625895082706
0 0.6826431375 6.180208210070838e-17 0.3197934015625 3.9583943716342306e-17 0.3197934015625 0.12818750000000007 0.6826431375 0.1281875000000001