0 0.6390486595675007 0.843989619546632 0.637715715625 0.754015865625 0.5222904044949993 0.7557258695158681 0.5236233484375 0.8456996234374999
0 0.8569005509149432 0.8379499926715196 0.855609284375 0.7507895015624999 0.6517008881475568 0.7538103667034806 0.6529921546875 0.8409708578125
0 0.8346331786342864 0.4593282282489257 0.8334773031249998 0.38130661875 0.6337466776157133 0.3842655905010743 0.634902553125 0.4622872000000001
0 0.6861985254111127 0.16413253417580925 0.684646959375 0.059401815624999986 0.5350693558388872 0.061617779886690704 0.536620921875 0.16634849843749996
0 0.8587548150264617 0.7387898213739249 0.854891446167706 0.4780125066901495 0.5244983186412441 0.48290722125372454 0.5283616874999999 0.7436845359375
0 0.514575594853421 0.4559886313132493 0.26090789553292804 0.4541096113628213 0.25862208671386655 0.7626938092505487 0.5122897860343595 0.7645728292009768
0 0.24520367968750004 0.558977903125 0.24327451250000004 0.4564147015624999 0.05305846605128143 0.4599925789079261 0.05498763323878144 0.5625557804704262
0 0.28386021492265956 0.44659159586550984 0.28168229531249994 0.27425245312499996 0.0566736069523404 0.27709597913449013 0.05885152656249999 0.449435121875
0 0.19872037862310116 0.26638454312488535 0.19735171015060246 0.173999420379012 0.059500951840001294 0.17604165381662665 0.060869620312499984 0.2684267765625
0 0.896948423477812 0.36671579412162625 0.8933112264927342 0.18604908342162454 0.5315165061399223 0.19333276429999832 0.535153703125 0.373999475
0 0.5242703450444923 0.2740851306395512 0.523628253125 0.06203218125 0.13655024975454053 0.06320424539196501 0.1371923416740329 0.2752571947815162
0 0.5208682812500001 0.44010083906249997 0.5180928733110195 0.2774086922631588 0.28631537018601944 0.2813626453881588 0.289090778125 0.4440547921875
0 0.9597843218750002 0.2866888265625001 0.8211252384834248 0.2861642024731326 0.8198035656250001 0.6354846984375002 0.9584626490165755 0.6360093225268677