0 0.844221875 0.3580062500000001 0.76096875 0.3580062500000001 0.76096875 0.46292500000000014 0.844221875 0.46292500000000014
0 0.8416203124999999 0.15645468750000008 0.7609703125 0.15645468750000008 0.7609703125 0.3432781250000001 0.8416203124999999 0.3432781250000001
0 0.49105156250000004 0.17946093750000006 0.41885781250000004 0.17946093750000006 0.41885781250000004 0.36260781250000007 0.49105156250000004 0.36260781250000007
0 0.21593125000000005 0.31934999999999997 0.11902343750000004 0.31934999999999997 0.11902343750000004 0.45555625 0.21593125000000007 0.45555625
0 0.7499125 0.15553437500000009 0.5086140625 0.15553437500000006 0.5086140625 0.45924062500000007 0.7499125 0.4592406250000002
0 0.7661734375 0.4739656250000001 0.4825984375 0.47396562500000006 0.4825984375 0.708646875 0.7661734375 0.7086468750000001
0 0.5751593750000001 0.7224562500000002 0.480289785563322 0.7214255505310387 0.4783497906421023 0.8999902313402794 0.5732193800787805 0.9010209308092408
0 0.471709375 0.6906609375 0.3122593750000001 0.6906609375 0.3122593750000001 0.8956015624999999 0.4717093750000001 0.8956015624999999
0 0.3038437500000001 0.7677484375 0.21835937500000008 0.7677484375 0.21835937500000008 0.894975 0.3038437500000001 0.894975
0 0.40800937499999995 0.45549062500000004 0.4062477060244526 0.12422910109804955 0.23904305986818306 0.12511830559796017 0.24080472884373033 0.4563798294999106
0 0.3126906250000001 0.46719218749999997 0.11925000000000004 0.46719218749999997 0.11925000000000005 0.826325 0.3126906250000001 0.826325
0 0.4694476088353797 0.6836667375891239 0.4689640625 0.46825312499999994 0.31841176616462025 0.468591074910876 0.31889531249999997 0.6840046875
0 0.6538109375000001 0.19036875 0.6534 0.062101562499999985 0.3327524362349493 0.06312884087729129 0.3331633737349494 0.1913960283772913