0 0.4099619570407141 0.429526864020296 0.40817781249999996 0.297311590625 0.035648367544561965 0.3023385921082959 0.03743251208527615 0.43455386550359193
0 0.2935888338913961 0.2931498220459274 0.2925770971718674 0.23250565995439726 0.14821846796797128 0.23491401915846985 0.14923020468749998 0.29555818125
0 0.5313558444153548 0.12169938411107303 0.22497449817936324 0.10895740928640134 0.21741164708562333 0.2908064971527387 0.5237929933216148 0.30354847197741036
0 0.2263320609839778 0.4972175339251771 0.22493248023136764 0.43778840930604523 0.07904890674738985 0.4412240285058683 0.0804484875 0.5006531531250001
0 0.3597844563694653 0.5068305165639331 0.3589133607025687 0.4368549583359809 0.2280690949581034 0.43848378239704766 0.228940190625 0.5084593406249999
0 0.4027264425011949 0.6536350824940681 0.3979982195136032 0.5079638393442188 0.06674534847555616 0.5187157036496307 0.07147357146314787 0.66438694679948
0 0.710140540625 0.2053008093750001 0.49680089220231327 0.19581905005100322 0.48661388906249997 0.4250266890625 0.6999535374851866 0.4345084483864968
0 0.7797193750000002 0.4364572187500002 0.6171934604400595 0.42741324851992923 0.6062692687500001 0.6237279421875 0.7687951833099408 0.632771912417571
0 0.6172639825112971 0.625729770630451 0.6153749720925635 0.4982215340979951 0.3995260739562664 0.5014192947175442 0.40141508437500006 0.62892753125
0 0.7669162497877597 0.7792303978246539 0.7639280749946036 0.6353738981566812 0.36495545477824887 0.6436613229837949 0.3679436295714051 0.7875178226517675
0 0.7909146338254451 0.8807138468304773 0.7905647328125001 0.786657478125 0.4046854143637854 0.7880929956370843 0.4050353153767305 0.8821493643425617
0 0.6259639408435164 0.48832216666253514 0.6249143997529253 0.42813636078408807 0.485500458909409 0.43056750974655306 0.4865500000000001 0.49075331562500013