0 0.6971109375 0.4226484374999999 0.6966341234213558 0.06179934041632865 0.5659709476795053 0.061971994421167784 0.5664477617581495 0.42282109150483904
0 0.7625869378857226 0.1668042832860127 0.702634375 0.16669218750000012 0.7023718768353582 0.30708495588922174 0.7623244397210808 0.3071970516752343
0 0.8821655514885964 0.23368133384312312 0.7009431957540923 0.23281713776750887 0.6994974762014473 0.5359852618249179 0.8807198319359516 0.5368494579005321
0 0.5603625 0.2477859375 0.5597531250000001 0.10730156249999998 0.5009757977976987 0.10755651920791787 0.5015851727976987 0.2480408942079179
0 0.5602413194864573 0.25529984752458673 0.49108906250000023 0.2548078125000001 0.490200868013543 0.3796376524754134 0.5593531250000001 0.38012968750000004
0 0.48396965132522557 0.10433234085953635 0.34147812832267876 0.10353788784720111 0.3396908648159566 0.4240979400158379 0.4821823878185034 0.4248923930281732
0 0.7836109375 0.5057640625000002 0.5697609375 0.5057640625000001 0.5697609375 0.7169921875 0.7836109375 0.7169921875000002
0 0.558901856856723 0.6383456296966558 0.37166250000000006 0.6327281250000001 0.3669062056963808 0.7912621244394926 0.5541455625531038 0.7968796291361484
0 0.4955484375 0.4305296875 0.3695234375000001 0.4305296875 0.3695234375000001 0.6375140625 0.4955484375 0.6375140625
0 0.35761954835948795 0.7890874786318981 0.3558857522180364 0.40377578085721133 0.21334218749999997 0.4044171875000001 0.21507598364145153 0.7897288852746869
0 0.20796733912566304 0.8230760748964405 0.2073645233989599 0.4429985908082501 0.11445187177329688 0.44314595341180973 0.1150546875 0.8232234375
0 0.5643078125 0.50709375 0.5048140625 0.50709375 0.5048140625 0.64308125 0.5643078125 0.64308125