0 0.5027468749999999 0.2942296875 0.31678125 0.2942296875 0.31678125000000007 0.42204218750000005 0.5027468749999999 0.42204218750000005
0 0.2955078125000001 0.6658546875 0.0870453125000001 0.6658546875 0.0870453125000001 0.77565 0.2955078125000001 0.77565
0 0.9166640625 0.42779218750000003 0.72121875 0.4277921875 0.72121875 0.5621265625000001 0.9166640625 0.5621265625000003
0 0.3703937500000001 0.4884203125 0.09847500000000006 0.4884203125 0.09847500000000008 0.6577359375 0.3703937500000001 0.6577359375
0 0.721221875 0.1607375000000001 0.5998796875 0.1607375000000001 0.5998796875 0.2842296875000001 0.721221875 0.2842296875000001
0 0.9195124657436082 0.3360422292643599 0.9190926758932163 0.16103597492993932 0.7326570592134802 0.16148318054514071 0.7330768490638722 0.3364894348795613
0 0.9180421875 0.34258437500000005 0.820275 0.34258437500000005 0.820275 0.4219984375000002 0.9180421875 0.4219984375000002
0 0.8062984375000001 0.34258437500000005 0.71930286079505 0.34185662543226714 0.7186296875000001 0.4223281250000002 0.8056252642049501 0.4230558745677332
0 0.593209375 0.6778046875 0.30930156250000007 0.6778046875 0.30930156250000007 0.7768765625 0.593209375 0.7768765625
0 0.7018034049203188 0.71448040946205 0.7012745977567 0.49339008067512735 0.5335987723576804 0.4937911302285981 0.5341275795212993 0.7148814590155208
0 0.702 0.3173906250000001 0.529796875 0.3173906250000001 0.529796875 0.479446875 0.702 0.479446875