0 0.34773668906250005 0.31580925937500004 0.2058161227487957 0.3095016787453409 0.1965393125 0.5182299125000001 0.3384598788137043 0.5245374931296592
0 0.75197924375 0.0721885156250001 0.630064620632915 0.06677008747401085 0.6196900078124999 0.30019885625000003 0.7416046309295851 0.3056172844009893
0 0.4834137734375002 0.769796090625 0.33425144101787296 0.7631666536524218 0.3245017359375001 0.9825350187500002 0.47366406835712727 0.9891644557225783
0 0.6203991890625 0.08100622500000008 0.43239434358630746 0.07265045437082863 0.41884263125 0.3775639921875001 0.6068474767261927 0.3859197628166715
0 0.1806315203125001 0.6258260421874999 0.04142232790789573 0.6217013242952102 0.03742577031250009 0.7565851078125 0.17663496271710447 0.7607098257047898
0 0.23054016250000017 0.7754927609375001 0.03646308487329274 0.7679257468932608 0.028360112960563677 0.9757489516236608 0.22243719058727107 0.9833159656679001
0 0.3228241906250001 0.8752453187499999 0.23464432821483472 0.8713262136412505 0.22975833437500004 0.9812610718749999 0.31793819678516544 0.9851801769837494
0 0.3282100296875 0.7623169375 0.23718622151915195 0.7605171997330659 0.23527654375000004 0.85710135 0.32630035191834816 0.8589010877669342
0 0.7423664750000003 0.31918028593750014 0.632366409381677 0.3141993684272525 0.6180404897771299 0.6305772432466792 0.7280405553954531 0.6355581607569267
0 0.6619081015625001 0.5669308515625 0.4130884036320535 0.5601542679088624 0.40803401455607285 0.7457391625088665 0.6568537124865195 0.7525157461625042
0 0.40100038593750015 0.5543831531250001 0.22105621183114427 0.5463856345044122 0.21243402812500012 0.7403847734375001 0.392378202231356 0.7483822920580879