0 0.6965743171875002 0.3462180687500001 0.5626737415518389 0.33729136292126316 0.5494685234375 0.5353696171875001 0.6833690990731613 0.544296323016237
0 0.3227416390625001 0.08785468125000004 0.20771646203259403 0.08018633655293472 0.19296557500000006 0.3014496546875 0.3079907520299061 0.3091179993845653
0 0.5281546453125002 0.7643178875000001 0.3874215385208631 0.7549356800945947 0.37354316875000004 0.9631112203125 0.5142762755416371 0.9724934277179054
0 0.5081028421875 0.10812029062500006 0.330722228468518 0.09629491663613103 0.311440765625 0.3855168656250001 0.48882137934398207 0.39734223961386916
0 0.8168302734375 0.649464153125 0.6844411691425376 0.6435801926148027 0.6787773765625001 0.7710155187500001 0.8111664808574626 0.7768994792601974
0 0.8050064484375001 0.7895310390625002 0.6210702304452759 0.7797567033913071 0.6106252911954664 0.9763125295259287 0.7945615091876908 0.986086865197122
0 0.6106244812500002 0.8722190156250003 0.527427698190279 0.8666725631675565 0.5204664468750002 0.9710913281250001 0.6036632299347214 0.9766377805824439
0 0.6183875626728167 0.7671541845597781 0.5341454828085455 0.7608309788864761 0.5273599966982288 0.851231875576698 0.6116020765625001 0.8575550812499999
0 0.29451180312500014 0.3226794171875001 0.19072085102054157 0.3157600206256725 0.17093936703953677 0.6124822908528467 0.27473031914399537 0.6194016874146743
0 0.4700501640625 0.5654112203125 0.23894638332097656 0.5545854574587791 0.23073369034163665 0.7299065339723366 0.46183747108316 0.7407322968260576
0 0.6573748625 0.5686298718750001 0.48759940895141096 0.5573115091860517 0.475303825 0.7417452828125001 0.6450792785485892 0.7530636455014486