0 0.7914305843749999 0.3549227109375 0.7872780888258688 0.07462922605679204 0.489612509375 0.0790390859375 0.4937650049241311 0.3593325708182079
0 0.7964921375000001 0.4915421843750001 0.7918112993969226 0.36515954603810313 0.6853124265624999 0.36910394843750005 0.6899932646655774 0.495486586774397
0 0.7955476359374999 0.5704469249999999 0.7929066538198837 0.4991404332441471 0.7398873749999999 0.5011041109375 0.7425283571176161 0.5724106026933528
0 0.3219538796875 0.307203284375 0.32190902450582165 0.30417555844520494 0.31575844375 0.30426667812499997 0.3158032989316784 0.30729440405479497
0 0.4916589143350641 0.48377926174859914 0.4804616234375 0.2626730828125 0.31158717305753 0.2712252470042446 0.3227844639550941 0.4923314259403437
0 0.45857564687499985 0.904366340625 0.45788575303826995 0.8072966940531654 0.3854142203125 0.8078117640625001 0.3861041141492299 0.9048814106343347
0 0.45987467968750007 0.79030656875 0.45602303487099105 0.7014625910488426 0.37499313890891783 0.7049754726964246 0.3788447837254268 0.7938194503975822
0 0.5983697621930192 0.7433292634503146 0.5895711837825435 0.492776157038268 0.4793156115125726 0.4966479601529891 0.48811418992304845 0.7472010665650357
0 0.60195876875 0.9028226531250001 0.5963589888442616 0.7516285606217051 0.4655719203125 0.7564725250000001 0.47117170021823834 0.9076666175032948
0 0.37761219339137314 0.9076996728724854 0.3683728247078888 0.7120727018250739 0.19306082199475036 0.7203526042282764 0.20230019067823476 0.915979575275688
0 0.32008181874999997 0.7072868843750001 0.31437398124999993 0.5832058703125 0.18767920847431152 0.5890339430484208 0.19338704597431153 0.7131149571109209
0 0.48262106875 0.686017925 0.4758046808299924 0.49183379283796025 0.31931442839548696 0.49732702369270054 0.32613081631549445 0.6915111558547402