0 0.3688437500000001 0.48337812500000005 0.09039375000000006 0.48337812500000005 0.09039375000000008 0.772996875 0.3688437500000001 0.772996875
0 0.504609375 0.667078125 0.3813671875000001 0.667078125 0.3813671875000001 0.7729984375 0.5046093750000001 0.7729984375
0 0.5829640625000001 0.7164265624999999 0.5132734375 0.7164265624999999 0.5132734375000001 0.7691578125 0.5829640625000001 0.7691578125
0 0.314540625 0.3024203125 0.3115328125 0.3024203125 0.3115328125 0.308465625 0.314540625 0.308465625
0 0.4938765625 0.30241875000000007 0.2736326019064675 0.3011121663958273 0.2726379775451905 0.4687707899472449 0.4928819381387231 0.47007737355141765
0 0.90965625 0.42219218750000004 0.9080948880190232 0.35098747721949036 0.81268125 0.3530796875000001 0.8142426119809769 0.4242843977805098
0 0.796390625 0.3470453125000001 0.7095 0.3470453125000001 0.7095 0.4276781250000001 0.796390625 0.4276781250000002
0 0.7540058156216067 0.5669559238318168 0.7537953617378081 0.457311780120524 0.5046600628861981 0.45778997703519647 0.5048705167699967 0.5674341207464894
0 0.9102328125 0.4345812500000002 0.7628703125 0.4345812500000002 0.7628703125 0.5646578125000001 0.9102328125 0.5646578125000001
0 0.9144733925449217 0.16727312184470983 0.722920643298918 0.16496928016822832 0.7208189969156342 0.3397105164131392 0.9123717461616379 0.34201435808962066
0 0.7139102415537255 0.165924280128174 0.5906026366836012 0.1639350302732647 0.5885562499999999 0.29078437500000004 0.7118638548701242 0.2927736248549094
0 0.6931453125000001 0.45410625000000004 0.692625 0.298484375 0.5025963409263668 0.2991197245398655 0.5031166534263669 0.4547415995398656