0 0.411332675 0.7708024703124999 0.39327899432082697 0.466146597323604 0.1110278203125 0.4828725921875 0.12908150099167298 0.7875284651763959
0 0.5492534031249999 0.767739153125 0.5468602905867668 0.6600490499287195 0.4176785999999999 0.662919753125 0.42007171253823306 0.7706098563212804
0 0.6286206125 0.7620687124999999 0.6274292266189644 0.7084563904498437 0.5546493703125 0.710073721875 0.5558407561935356 0.7636860439251562
0 0.32820286875 0.3001235984375 0.32783225768078145 0.29386955374975887 0.32478338593749995 0.294050228125 0.3251539970067185 0.30030427281274114
0 0.51851693050511 0.46035257911992467 0.5159373716650583 0.28984273907090896 0.29265506231495814 0.293220666437128 0.29523462115500976 0.4637305064861438
0 0.9396110984374999 0.402220634375 0.9375979168054818 0.330267755652413 0.8369050444246054 0.3330850583754062 0.8389182260566237 0.40503793709799324
0 0.8248778593749998 0.4103506171875001 0.8235743422738162 0.32839140696417685 0.7330977588016685 0.32983038830002975 0.734401275902852 0.411789598523353
0 0.7875515578125001 0.5528600703125001 0.7848599566925183 0.44138075225557616 0.5307558242787157 0.4475159437809471 0.5334474253986974 0.5589952618378711
0 0.9487732265625002 0.546934603125 0.9458343385734418 0.41468462981388043 0.791241046875 0.41812003593749997 0.7941799348640581 0.5503700092486195
0 0.9364700137771699 0.3203638799118932 0.9343365288785102 0.1430107881336959 0.7345611152642623 0.14541400436069324 0.7366946001629222 0.32276709613889054
0 0.7308494062499999 0.27431403906249996 0.7253072080805962 0.14575868711689005 0.6001223673475234 0.15115557790865947 0.6056645655169272 0.2797109298542694
0 0.7215847031249999 0.4395289953125 0.7177622034074076 0.2813019270838044 0.519884580443319 0.2860823174832827 0.5237070801609113 0.4443093857119783