0 0.6427001963345075 0.3587165430139649 0.4952714192052327 0.3493595975606002 0.48867288998589986 0.45332654900929403 0.6361016671151746 0.4626834944626587
0 0.645757519328149 0.6548406965190446 0.4959724707276421 0.6453311845492091 0.48988445792318763 0.74122393873978 0.6396695065236945 0.7507334507096155
0 0.37373990326193546 0.09436401996992778 0.3138693152140101 0.09056218564199997 0.310087546870383 0.1501167782581898 0.3699581349183083 0.15391861258611764
0 0.3106629319992616 0.09096046156425379 0.25536367187500003 0.08745092656250003 0.25351351018823853 0.11660366968574624 0.30881277031250004 0.12011320468750002
0 0.33029862481977734 0.12407190937408338 0.31320216393093603 0.12405405152319256 0.3131725141111587 0.15243971714910923 0.330268975 0.15245757500000007
0 0.3075948622710141 0.12406369941667672 0.2899966078125 0.12404422812500002 0.2899662486664859 0.15148298183332332 0.307564503125 0.15150245312500002
0 0.28571630750205734 0.12425895845161716 0.256779690625 0.12242240156250002 0.2551759360504001 0.14769100716084524 0.28411255292745746 0.1495275640499624
0 0.5471949785734631 0.5458157323962638 0.49467211406250017 0.5424820234375001 0.4924889018533302 0.5768787150741445 0.5450117663642933 0.5802124240329082
0 0.6456442177839028 0.5512030269418017 0.49769373169712783 0.5422339165809904 0.4918555553902385 0.6385378963200068 0.6398060414770134 0.6475070066808181
0 0.37629702230781736 0.06272693448679939 0.25356442968750004 0.054935618750000026 0.25182202348462934 0.08238284819110733 0.37455461610494667 0.0901741639279067
0 0.4039977066645363 0.12681512956598076 0.36688145781250003 0.12446029375000008 0.3654083183354637 0.1476794969965194 0.4025245671875 0.15003433281250006
0 0.41047873009487884 0.06318519714853203 0.3813759375 0.06133587031250004 0.37984559486863534 0.0854188194872761 0.40894838746351414 0.08726814632330808
0 0.40856580319687846 0.09359877725767027 0.3830362921875 0.09197924531250004 0.38169599524062164 0.1131070321173298 0.40722550625 0.11472656406250004
0 0.6400683985566016 0.07140756165548542 0.49051295 0.06191626875000007 0.48611695300589836 0.13118452428201471 0.6356724015624999 0.14067581718750008
0 0.6429706267808719 0.14325199883302914 0.49298607499999997 0.13373128906250006 0.48513042669787715 0.2574852861845641 0.6351149784787491 0.2670059959550932
0 0.6405266436611803 0.2707480274899535 0.4932855703125 0.26140312656250003 0.48821971414505116 0.34122228198381543 0.6354607874937315 0.35056718291126887
0 0.6441088479941146 0.47111157994258585 0.49647113906249996 0.46174160625000005 0.49186135356838534 0.5343755528699143 0.6394990625 0.5437455265625001
0 0.6427323907194763 0.8178990917839533 0.5695676046875 0.813254040625 0.568146798958031 0.8356333306763581 0.6413115849900073 0.8402783818353117
0 0.6473567684846575 0.8470185515500717 0.49734451562500004 0.8374979546874999 0.4911790522110044 0.9346447060947911 0.6411913050706618 0.9441653029573629
0 0.6438147131626668 0.7572741419516666 0.49701280781250007 0.750551815625 0.49327740098336054 0.832125487167902 0.6400793063335273 0.8388478134945687
0 0.41005181672848545 0.6660521266665549 0.3539848484375001 0.6659924 0.3539097629590148 0.7364770827084451 0.4099767312500001 0.736536809375
0 0.35067123612765355 0.6653486275314129 0.26143181875000004 0.6596853531250001 0.2570359435598466 0.7289536443435872 0.3462753609375001 0.73461691875
0 0.41220036536112364 0.7502620320974324 0.26091248125000005 0.7406591390624999 0.25603361745137654 0.8175227444650675 0.40732150156250013 0.8271256375
0 0.48630998729731073 0.8379507824572769 0.423041089062502 0.837883803123346 0.42293950645269146 0.9338390691035693 0.4862084046875002 0.9339060484375002
0 0.42293568575113805 0.8387213627158776 0.26124372187500006 0.8284597890625 0.2552934615135026 0.9222182432649106 0.4169854253896405 0.9324798169182882
0 0.43437942019856957 0.5169947182953398 0.4174535013918838 0.5169770888071101 0.4173468436933144 0.6193782205117703 0.43427276250000013 0.61939585
0 0.41438195506017317 0.45869731564018235 0.2599289671875 0.4488943359374999 0.255162849627327 0.5239879421723177 0.4096158375000001 0.5337909218750001
0 0.41764133230576295 0.5390402369719233 0.26121226562500005 0.5297005296875 0.2539516962075408 0.6513064925893851 0.4103807628883037 0.6606461998738083
0 0.40605300934805477 0.16714558631226334 0.253554978125 0.15746782031250003 0.24874688283944524 0.2332316965002367 0.40124491406249996 0.24290946249999998
0 0.41565694535827513 0.361033819106796 0.2591648625 0.35110060156250006 0.25325186025505164 0.44425652341070254 0.40974394311332674 0.4541897409549985
0 0.41373872832075237 0.2565017745588961 0.25698928593750003 0.24896749687500005 0.2522503750824517 0.34755977940003857 0.408999817465704 0.35509405708393466
0 0.47709297760697433 0.06201205349521962 0.4129764061649703 0.06194483892303174 0.412875348870496 0.1583442807403122 0.47699192031250004 0.15841149531250007
0 0.48627972656249996 0.8275908375000001 0.4797229136819938 0.16747466617002604 0.41337459364787177 0.16813369186625038 0.41993140652837796 0.8282498631962245