0 0.6584261335807586 0.4998204643173308 0.5578265632218676 0.4986502783660612 0.5562345047988642 0.6355177507251641 0.6568340751577552 0.6366879366764338
0 0.3732589382370495 0.49424123761714034 0.28047181653286196 0.4931600534026832 0.27884382734774915 0.6328739232800901 0.37163094905193667 0.6339551074945472
0 0.8987324681808685 0.3314024938469974 0.841106546079415 0.3307302612720828 0.84044249568673 0.3876547805951383 0.8980684177881836 0.3883270131700528
0 0.8988069417925011 0.27512022324143104 0.8705984374999998 0.27479218750000006 0.8699961832074985 0.32658133925856914 0.8982046874999998 0.3269093750000001
0 0.8666138858466509 0.33040290498883473 0.8400968749999997 0.3297859375 0.8397142383079522 0.34623150634595906 0.8662312491546034 0.3468484738347938
0 0.8654704352552812 0.30804211995423475 0.8398875000000002 0.30744687500000006 0.839493627244719 0.32437506754576545 0.8650765625 0.3249703125000002
0 0.8651783075065327 0.275779735063433 0.8407281250000003 0.2754953125000001 0.8404185674934675 0.3021062024365672 0.86486875 0.30239062500000014
0 0.4722920115477013 0.49591696933966356 0.4390093750000001 0.4955296875000001 0.4384408009522989 0.5443924056603366 0.4717234375000001 0.5447796875
0 0.4727062369292332 0.49595559111913035 0.37955468750000004 0.49513750000000006 0.37832501307076705 0.6351537838808697 0.4714765625000001 0.6359718750000001
0 0.9300489163796929 0.27410150207864936 0.9034906250000002 0.2737921875000001 0.9021307711203075 0.3905516229213508 0.9286890625000002 0.3908609375000001
0 0.8687155489297378 0.3818529985620116 0.8462484558477714 0.3815921695733523 0.8458469694180337 0.4161751085113409 0.8683140625000002 0.4164359375000001
0 0.9302672160940577 0.3971650517286097 0.9069640625 0.39689218750000016 0.9066499714059424 0.4237161982713905 0.9299531250000002 0.4239890625000001
0 0.9008215274759397 0.3981387322616417 0.8803781252103005 0.3979015443740449 0.8801050352343607 0.42143937461240333 0.9005484375 0.4216765625000001
0 0.9351668826889281 0.5018074637521969 0.8681421877112344 0.5010281068338516 0.8665081175223065 0.6415581430816549 0.9335328125000002 0.6423375000000002
0 0.8660958914844304 0.5020410173275213 0.7463500000000002 0.500646875 0.7447400460155699 0.638929295172479 0.8644859374999999 0.6403234375000002
0 0.7430792012402763 0.5000889497454754 0.6658453125 0.4991906250000001 0.6642426737597238 0.6369782377545248 0.7414765625 0.6378765625
0 0.5501892076214817 0.4989486428110408 0.4799078127113302 0.4981312318297301 0.4782967300898484 0.6366529015186895 0.5485781249999999 0.6374703125000001
0 0.2151138781062712 0.562424195672875 0.19345937500000004 0.5621718750000001 0.19265174689372896 0.631483616827125 0.2143062500000001 0.6317359375
0 0.18815336961520393 0.4914666608750509 0.09415312500000006 0.4903734374999999 0.0925294428847962 0.629984901624949 0.18652968750000004 0.6310781249999999
0 0.272746875 0.6326796875 0.2718849967636258 0.4906011428391233 0.19312845466083406 0.4910788965335498 0.19399033289720818 0.6331574411944265
0 0.346867013716745 0.3581067215077043 0.2816890625000001 0.35659062500000005 0.28043454878325524 0.4105229659922959 0.3456125000000001 0.41203906250000005
0 0.3477043826874755 0.2682620320325453 0.28067966954779955 0.26748279412546017 0.2797205993603241 0.34997544959291493 0.34674531250000007 0.35075468750000005
0 0.26965226232799155 0.2659421928740442 0.19527812500000002 0.26507656250000006 0.19362742517200848 0.4069031196259559 0.2680015625 0.40776875000000007
0 0.18476523433041647 0.42097119236034863 0.09539218750000006 0.41889062500000007 0.09397539066958362 0.4797506826396515 0.18334843750000002 0.4818312500000001
0 0.18506542263852277 0.26418931114521366 0.09434375000000002 0.263134375 0.09258770236147727 0.4141497513547863 0.18330937500000005 0.4152046875
0 0.4931963844513443 0.4224497415887168 0.39534375 0.4201703124999999 0.39496448029279435 0.43645181921647114 0.4928171147441387 0.438731248305188
0 0.550750459225882 0.27126248150674787 0.4780890445364313 0.27041716911355046 0.4764026478105494 0.41537656260680256 0.5490640625000001 0.4162218750000001
0 0.4729492620298986 0.2703171211138788 0.35533750000000003 0.26939218750000005 0.3541872264941474 0.4156574889331532 0.471798988524046 0.41658242254703204
0 0.8312536965943679 0.27135071126592664 0.7579437867490477 0.2704984015956298 0.75628071515468 0.4135445653297033 0.8295906250000001 0.41439687500000016
0 0.6449497129457346 0.27241629548747104 0.5548109375000001 0.27136718750000005 0.5531112245542656 0.417405579512529 0.6432500000000001 0.4184546875
0 0.7437984631827633 0.4195003610846859 0.7432328320774163 0.27026339646710423 0.6480181881360193 0.27062427464789407 0.6485838192413663 0.4198612392654758
0 0.9319736900379618 0.4278901444041042 0.8422171875000002 0.42580000000000007 0.8407809610960871 0.48747547974904826 0.9305374636340489 0.4895656241531524
0 0.830382687703336 0.4275081017471252 0.19658281250000004 0.41820625 0.19564522448187344 0.48209064474585644 0.8294450996852095 0.49139249649298167