0 0.4365234375 0.37875781250000007 0.3359375000000001 0.3787578125 0.3359375000000001 0.5145 0.4365234375 0.5145
0 0.7138671875 0.37485156250000007 0.62109375 0.37485156250000007 0.62109375 0.5135234375 0.7138671875 0.5135234375
0 0.15527343750000008 0.6326640625 0.09765625000000007 0.6326640625 0.09765625000000008 0.6893046875 0.15527343750000008 0.6893046875
0 0.12644062500000008 0.6940796875 0.09823593750000009 0.6940796875 0.09823593750000009 0.7455406250000001 0.12644062500000008 0.7455406250000001
0 0.1562937500000001 0.6734 0.1299687500000001 0.6734 0.1299687500000001 0.6898515625 0.1562937500000001 0.6898515625
0 0.15676406250000008 0.6952484375 0.13137812500000007 0.6952484375 0.13137812500000007 0.7121796875 0.15676406250000008 0.7121796875
0 0.1562937500000001 0.717815625 0.13184687500000009 0.717815625 0.13184687500000009 0.744140625 0.1562937500000001 0.744140625
0 0.5553453125 0.4663453125 0.5220671875 0.4663453125 0.5220671875 0.5148203125 0.5553453125 0.5148203125
0 0.6147875 0.5138281250000001 0.6135469154689362 0.37435097843610865 0.5207517531779833 0.3751763483675402 0.5219923377090471 0.5146534949314316
0 0.09357031250000007 0.6308546875000001 0.06701406250000007 0.6308546875000001 0.06701406250000008 0.7473046875 0.09357031250000009 0.7473046875
0 0.1495406250000001 0.6038796875 0.12707656250000007 0.6038796875 0.12707656250000007 0.638203125 0.1495406250000001 0.638203125
0 0.08866406250000006 0.5977640625 0.06536562500000007 0.5977640625 0.06536562500000007 0.6243203125 0.08866406250000006 0.6243203125
0 0.1152296875000001 0.5993921875 0.09479062500000006 0.5993921875 0.09479062500000006 0.6226906249999999 0.1152296875000001 0.6226906249999999
0 0.12626250000000006 0.37955937500000003 0.05924843750000004 0.37955937500000003 0.05924843750000005 0.519309375 0.12626250000000006 0.519309375
0 0.2480281250000001 0.3799671875 0.12829843750000006 0.3799671875 0.12829843750000006 0.51685625 0.2480281250000001 0.51685625
0 0.3285281250000001 0.3795484375 0.2513046875000001 0.3795484375 0.2513046875000001 0.5164390625 0.3285281250000001 0.5164390625
0 0.5144265625 0.3754671875000001 0.44415468750000003 0.3754671875000001 0.44415468750000003 0.513171875 0.5144265625 0.513171875
0 0.800053125 0.3734218750000001 0.778403125 0.3734218750000001 0.778403125 0.44248125000000016 0.800053125 0.44248125000000016
0 0.9001671874999999 0.3734312500000001 0.8061796875 0.3734312500000001 0.8061796875 0.5119500000000002 0.9001671874999999 0.5119500000000002
0 0.8010844510609149 0.5135649766104786 0.7988600355315562 0.3725926424373719 0.7199671875 0.3738375 0.7221916030293587 0.5148098341731068
0 0.7142390625 0.596115625 0.6496875 0.596115625 0.6496875 0.650059375 0.7142390625 0.650059375
0 0.7162828125 0.6574093750000001 0.6492703125 0.6574093750000001 0.6492703125000001 0.739121875 0.7162828125000001 0.739121875
0 0.801690625 0.5985781250000002 0.727328125 0.5985781250000002 0.7273281250000001 0.7395390625000002 0.801690625 0.7395390625000002
0 0.899759375 0.5225656250000001 0.8110953125 0.5225656250000001 0.8110953125 0.5834421875000002 0.899759375 0.5834421875000002
0 0.9026203125000001 0.5891734375000002 0.8119093749999999 0.5891734375000002 0.8119093749999999 0.7391312500000001 0.9026203125000001 0.7391312500000001
0 0.599875 0.5728578125 0.5022125 0.5728578125 0.5022125 0.589140625 0.599875 0.589140625
0 0.51889375 0.59666875 0.44624218750000005 0.59666875 0.4462421875000001 0.7407796875 0.5188937500000002 0.7407796875
0 0.641625 0.7389484375 0.640988680005404 0.5938250573991286 0.523391805005404 0.5943406823991285 0.5240281250000001 0.7394640625
0 0.23911250000000012 0.6050187499999999 0.16581406250000008 0.6050187499999999 0.16581406250000008 0.7472109375 0.23911250000000012 0.7472109375
0 0.4421812500000001 0.5966265625 0.35205625000000007 0.5966265625 0.35205625000000007 0.741615625 0.44218125000000014 0.741615625
0 0.34878906249999997 0.744534375 0.3467394938709706 0.5965012862687363 0.2515813116099147 0.5978187837743905 0.2536308802389441 0.7458518725056541
0 0.15305781250000006 0.5322218750000001 0.06401875000000007 0.5322218750000001 0.06401875000000007 0.5939125 0.15305781250000008 0.5939125
0 0.7986062500000001 0.5864812500000001 0.7980571580722688 0.5225982600981312 0.16504642922082327 0.5280391620019643 0.16559552114855455 0.5919221519038331