0 0.5724954981786634 0.6366873814141275 0.5641800860213577 0.5305686846207933 0.41855950229947536 0.5419794464264448 0.426874914456781 0.648098143219779
0 0.5547255937074863 0.3353910746610486 0.5470552969990459 0.23751578219684405 0.398508720348838 0.24915708910120796 0.40617901705727844 0.34703238156541255
0 0.7690399017631455 0.8742152486374227 0.7642764657308088 0.8134290808475303 0.7039029247916868 0.8181601818654988 0.7086663608240235 0.8789463496553912
0 0.8284180395294797 0.8689474042182003 0.8260864686473847 0.8391914190029043 0.771088119742905 0.8435008897847043 0.7734196906250002 0.8732568750000003
0 0.767136941769363 0.8404717894246814 0.7655845984375 0.8122429046875 0.7482012332306371 0.8131988387003188 0.7497535765625 0.8414277234375002
0 0.7906174053522924 0.8371470967437113 0.7891190328125001 0.8098998890625 0.7712288008977077 0.8108837048187885 0.7727271734375 0.8381309124999999
0 0.8248961636595734 0.8335454019848434 0.8228751375000002 0.80775390625 0.7944945957154267 0.8099778105151565 0.796515621875 0.8357693062499999
0 0.5604343824963502 0.4400591735621342 0.55768316875 0.40495071562499996 0.5057107221911498 0.4090234467503658 0.5084619359375 0.44413190468749997
0 0.5611615955986088 0.4404393668016041 0.5531819578125 0.3422061609375 0.40431563252639113 0.3542988066358959 0.41229527031249996 0.4525320125
0 0.83205374873889 0.9018024355600781 0.8298579582860188 0.8737856103145292 0.7063171907971288 0.8834679935044513 0.70851298125 0.9114848187500002
0 0.7133285985982212 0.8473519266747582 0.7114720578125 0.8236522562500002 0.6747020951517788 0.826532673325242 0.6765586359375001 0.8502323437500001
0 0.7022852495774694 0.9137231847448511 0.7003586192089857 0.889141714886293 0.6717625899440162 0.8913829957664419 0.6736892203124999 0.915964465625
0 0.6987859617278518 0.8827631920081416 0.6970969201908565 0.8611998890720283 0.6720095287755046 0.8631649705013869 0.6736985703125 0.8847282734375002
0 0.5928998195931012 0.9287865755741818 0.587358397229665 0.8580851498792861 0.43823580576156385 0.8697730508676045 0.443777228125 0.9404744765625003
0 0.587591269381751 0.8559086798329153 0.5776934 0.729593728125 0.4302961899932491 0.7411435748545847 0.440194059375 0.8674585265625001
0 0.5789586781279847 0.7260163766229388 0.5725738171875 0.6445456546874999 0.4262184390595153 0.6560155265020611 0.43260329999999997 0.7374862484374999
0 0.5641305608145789 0.5224732231988408 0.5583213421875001 0.44833630312499995 0.4112804391854212 0.4598581299261591 0.4170896578125 0.5339950499999999
0 0.46891524934898526 0.17513614377672526 0.4671255234375001 0.1522953796875 0.39371368502601484 0.15804768591077475 0.3955034109375001 0.18088845000000003
0 0.5423836411781695 0.13989521526707951 0.534613971875 0.04073828437500001 0.3861312103843305 0.052372992545420535 0.39390087968750004 0.15152992343750002
0 0.5500149603691613 0.22812506857811804 0.5420390706178686 0.14519568180374612 0.39136426337370733 0.15968711478812805 0.399340153125 0.2426165015625
0 0.694991472119868 0.29538202328284713 0.6911674375 0.22582992343750002 0.6341650532105018 0.22896396383919537 0.6379890878303698 0.2985160636845424
0 0.7905726279577927 0.28700355733494287 0.78503289375 0.21630198125 0.6971579548547073 0.2231873129775571 0.7026976890625 0.2938888890625
0 0.7866575203404984 0.20445212564857132 0.7805093485884911 0.12599800230085467 0.6299302657479926 0.13779835165228332 0.6360784374999999 0.21625247500000003
0 0.6153197434466119 0.13046248745200012 0.6100823984374999 0.035256215625 0.545756273740888 0.03879482817299988 0.55099361875 0.1340011
0 0.7817133678921202 0.11505662812256282 0.774213733297864 0.019356566550341747 0.6137368888432438 0.03193250092777893 0.6212365234375 0.1276325625
0 0.6392250932088539 0.4553610159231174 0.6335267328125 0.35174081406249996 0.6163200114786461 0.3526870590768826 0.622018371875 0.4563072609375
0 0.8042621681813573 0.501439873495868 0.7982558661384053 0.424790760926477 0.6443905073320477 0.43684780618060887 0.6503968093749999 0.5134969187499999
0 0.7993767895693406 0.41924256394562737 0.7891888890625 0.2952251921875 0.6336288914189231 0.30800428721563883 0.6438167919257637 0.43202165897376615
0 0.8273614112019775 0.7972964678066036 0.8213005102417842 0.7199650188635369 0.6694477896648066 0.7318665713694336 0.675508690625 0.8091980203125001
0 0.8110464845697987 0.6008833179073494 0.8035951410080739 0.505799781249295 0.6483754986257753 0.5179637680294458 0.6558268421874999 0.6130473046875001
0 0.8214956334332799 0.7043183684547493 0.8120807240625674 0.6040387678261052 0.6537163112117439 0.6189070619276947 0.6631312205824564 0.7191866625563387
0 0.6697879716649039 0.919220568418004 0.6645280531249999 0.8235977999999997 0.599341731460096 0.8271835018944957 0.60460165 0.9228062703125
0 0.6618005697315283 0.8120432463644954 0.6191687578125 0.1419155125 0.5516853668471287 0.14620863317820748 0.594317178766157 0.816336367042703