0 0.6596548321445326 0.3710535304963909 0.5590957103090585 0.3698838150470696 0.557490577075691 0.5078753141505682 0.6580496989111652 0.5090450295998894
0 0.3745439205844258 0.37046449473932486 0.2817962755687754 0.3693848583845919 0.28015769774974364 0.5101491381569941 0.372905342765394 0.511228774511727
0 0.8949814166096719 0.6221863655750945 0.8373798286503092 0.6215160925515674 0.8367141055429324 0.6787266720917724 0.894315693502295 0.6793969451152995
0 0.8936875000000002 0.6835859375 0.8654904414232114 0.6832580348604095 0.8648843749999999 0.735375 0.8930814335767888 0.7357029026395905
0 0.8623866375280483 0.6797236818754528 0.8621953124999999 0.6632765625000001 0.8354867999719516 0.6635872556245473 0.835678125 0.6800343750000001
0 0.8607281446324546 0.7020673127678464 0.8605312499999999 0.6851406250000001 0.8347515428675452 0.6854404997321537 0.8349484374999999 0.7023671875
0 0.8598000000000002 0.7077140625 0.8353597221564864 0.7074297551549156 0.8350468750000001 0.7343234375000001 0.8594871528435141 0.7346077448450845
0 0.47250625000000007 0.4607828125000001 0.43923712003434917 0.4603957003028172 0.4386640625 0.5096453125 0.4719331924656509 0.5100324246971829
0 0.47438125 0.3696000000000001 0.3812767657571347 0.36825124580866786 0.37923281250000007 0.5093453125 0.4723372967428653 0.5106940666913323
0 0.9256453125000002 0.6199968750000001 0.8990962667491715 0.6196876722505775 0.8977328309070556 0.7367562320167631 0.9242818766578843 0.7370654347661857
0 0.8658953125000004 0.5937234375000001 0.843437305746555 0.5934627258673802 0.8430328125000003 0.6283062500000001 0.8654908192534456 0.6285669616326199
0 0.9276796875000002 0.5868875000000002 0.9043860161560981 0.5866161333886744 0.9040703309123728 0.6137140445116882 0.9273640022562748 0.613985411123014
0 0.898234375 0.5888593750000001 0.8778008185855877 0.5886223013456715 0.877525 0.6123953125000001 0.8979585564144124 0.6126323861543287
0 0.9363359375 0.3686125000000001 0.8693384895486117 0.36783196175351807 0.8676921877120474 0.5091421692989263 0.9346896356634357 0.5099227075454082
0 0.8672796875000002 0.36982343750000013 0.7475824043145081 0.36843121145511865 0.7459578125 0.50810625 0.8656550956854921 0.5094984760448814
0 0.7442796875000002 0.37083593750000016 0.6670771747075349 0.3699371067381201 0.6654625000000002 0.5086250000000001 0.7426650127924654 0.5095238307618801
0 0.5514765625000001 0.36900000000000005 0.48122369491359684 0.36818292080703435 0.479603125 0.5075203125 0.5498559925864033 0.5083373916929657
0 0.21725156250000005 0.37084218750000003 0.19560743327326408 0.3705904831079879 0.1947984375000001 0.4401562500000001 0.21644256672673606 0.4404079543920122
0 0.1894750000000001 0.37117656250000003 0.09551292891924132 0.3700837954101278 0.09387656250000005 0.5107875000000001 0.1878386335807588 0.5118802670898723
0 0.2756828125000001 0.3705796875 0.19700525011063733 0.36827268781338274 0.19281365114319943 0.5112223341375023 0.2714912135325622 0.5135293338241194
0 0.3440045014159926 0.6459697505145334 0.3433765622882131 0.5920374818101125 0.27757049837222053 0.592803668795579 0.2781984375 0.6467359374999999
0 0.3430812500000001 0.653328125 0.27608376427223447 0.6525491887475383 0.2751156250000001 0.7358203125000001 0.3421131107277657 0.7365992487524617
0 0.26570781250000014 0.5954062500000001 0.19136387790129067 0.5945409615599726 0.18970310681653874 0.7372312497883629 0.26404704141524815 0.7380965382283904
0 0.18353025841056864 0.5812288654200434 0.1828234375 0.5203671875000001 0.09274474158943137 0.5214133220799568 0.0934515625 0.5822750000000001
0 0.1812343750000001 0.5869843749999999 0.09054801477556809 0.5859289155592067 0.0887781433944226 0.737998419528821 0.1794645036188546 0.7390538789696143
0 0.49130966924442365 0.5833456166828812 0.4911203125 0.5670656250000001 0.3930809557555764 0.5682059458171189 0.3932703125 0.5844859375
0 0.546815625 0.5902234375000001 0.47418216423694626 0.5893784503110465 0.4724859377114406 0.7351827943249909 0.5451193984744944 0.7360277815139444
0 0.46959657004371724 0.5891409201619692 0.35204695220528487 0.5873308933529251 0.3497765625000001 0.7347781250000001 0.46732618033843243 0.7365881518090441
0 0.8271468750000002 0.5953125000000001 0.7538667310351089 0.5944596061006816 0.7521919451359895 0.7383562289935253 0.8254720891008809 0.7392091228928437
0 0.6410015625000003 0.5890859375 0.5508994261536555 0.5880372559480074 0.5491875002116305 0.7351249818168243 0.6392896365579752 0.736173663368817
0 0.7415166229036955 0.5893012649956497 0.6463928314935703 0.5867281083344682 0.6423292289018506 0.7369503202735229 0.7374530203119758 0.7395234769347044
0 0.9305039903466517 0.5830052198322457 0.9297875 0.5213296875000001 0.8393147596533485 0.5223807176677544 0.8400312500000002 0.58405625
0 0.8289675323771757 0.582211244467613 0.8287735540572949 0.5183258420011395 0.19437477168011938 0.5202520975335265 0.19456874999999998 0.5841375