0 0.4807550567209529 0.3682219512085509 0.3423460042182446 0.3626590112383205 0.3382348256736318 0.46494742888697643 0.4766438781763401 0.4705103688572068
0 0.4693071805664554 0.6582115743251706 0.3279530409776188 0.6525331216692094 0.32416303493028054 0.7468780209430598 0.465517174519117 0.752556473599021
0 0.6668559732551854 0.13299447018737687 0.6091714545314173 0.1306779377706359 0.6068184217363324 0.1892713610030539 0.6645029404601005 0.19158789341979485
0 0.7240149500260188 0.13588262011851418 0.67157951875 0.13377496718750007 0.6704266374112775 0.16245702831646558 0.7228620686872962 0.1645646812474797
0 0.6661243269348753 0.16580688679743286 0.6493991288772728 0.16520563154762405 0.6484340144423976 0.19205234943769128 0.6651592125000001 0.1926536046875001
0 0.6887710781119529 0.1681499698152033 0.67155505 0.16753107656250008 0.6706242297005471 0.19342411768479686 0.6878402578125 0.1940430109375001
0 0.7213487794465181 0.1700114385122054 0.694480634375 0.16893157031250006 0.693481450240982 0.19379221930029472 0.7203495953125001 0.19487208750000007
0 0.4739992063288308 0.5575356518826748 0.4245768250000001 0.555549465625 0.42321680773366943 0.5893908496798252 0.4726391890625001 0.5913770359375
0 0.47369967422912884 0.5572030655961908 0.3319290133038682 0.5508465393479837 0.3276877750122394 0.645439581564293 0.4694584359375001 0.6517961078125001
0 0.7269430080888918 0.10419890403759251 0.6084480062500001 0.09943807187500006 0.6073630465986085 0.12644223658740766 0.7258580484375001 0.1312030687500001
0 0.6138196710421794 0.16083124735337953 0.5788324875 0.15942424531250007 0.5779138112054972 0.18226848803408852 0.6129009947476766 0.18367549007496797
0 0.6019636761076504 0.09749577373612715 0.5748701359374999 0.09640892343750007 0.5739196395173496 0.12010336688887298 0.6010131796875001 0.12119021718750005
0 0.599223419963989 0.12735841146444332 0.5754491828125 0.12640216406250004 0.5746131051977932 0.14718873817365466 0.5983873423492821 0.14814498557559794
0 0.49562661979607875 0.08699308235850574 0.353271346875 0.08127093437500006 0.3505319772163556 0.1494208173406515 0.4928872501374343 0.15514296532415717
0 0.49083500910768957 0.15713222023889425 0.35116076406249996 0.1515198828125 0.34626840182981034 0.2732761047611058 0.4859426468749999 0.2788884421875001
0 0.4857320064603866 0.2822172139854439 0.34624132812499997 0.27661067656250005 0.3430849591646135 0.3551411516395563 0.4825756375000001 0.36074768906250015
0 0.47533072821173555 0.478231119520163 0.3350415640625001 0.47259239218750004 0.33216927824512044 0.5440536551188989 0.472458442394356 0.5496923824515619
0 0.39104161694934975 0.8152962300582457 0.3207438328125001 0.812472228125 0.3198593236756504 0.8344902840042543 0.3901571078125001 0.8373142859375001
0 0.4609586665459508 0.8464005040827344 0.3197399421875001 0.8407243375 0.31589825376654934 0.9363026349797655 0.4571169781250001 0.9419788015624999
0 0.4670033223423234 0.7613800868264223 0.3233032218750001 0.7530542625000002 0.31866720154789113 0.8330699535181164 0.4623673020152143 0.8413957778445387
0 0.6066819268855659 0.6926263715015857 0.5518325796875001 0.6906542625000001 0.5494636215519344 0.7565409894359145 0.6043129687500002 0.7585130984375
0 0.6975139463917953 0.6960823642071912 0.61415791875 0.6927316171875001 0.6114184281083106 0.7608815122142409 0.6947744557501059 0.7642322592339319
0 0.6951166280947287 0.7754933908974253 0.5514985062500001 0.7697220578125001 0.5484595859677716 0.8453447981650749 0.6920777078125002 0.8511161312500001
0 0.5330592339285778 0.8540419229567358 0.47116430312500013 0.8518176484375 0.4679140988839225 0.9422611457932643 0.5298090296875001 0.9444854203125
0 0.6916823416537303 0.8615102656835836 0.5388460796875001 0.8553668781250001 0.5351382239712699 0.9476115561914167 0.6879744859375001 0.9537549437500001
0 0.5501367875851624 0.5403018339975062 0.5335784122082284 0.5397070344327897 0.5300077027480661 0.6391105160602835 0.546566078125 0.639705315625
0 0.7066468557680067 0.4896535879198467 0.5598311343750001 0.4837529796875 0.5568618045531548 0.5576342276338003 0.7036775259461614 0.563534835866147
0 0.702586111686596 0.5687226201774183 0.5546989495302885 0.5622204538827903 0.5494419737811925 0.6817866399553723 0.6973291359375 0.6882888062500001
0 0.723438622142505 0.20469306956520156 0.57857276875 0.1988697468750001 0.5755763828468669 0.2734103526499537 0.7204422362393719 0.27923367534015525
0 0.7110141303555398 0.39389305277795245 0.5632328625000002 0.38795441562500005 0.5595497962069605 0.4796064550345478 0.7073310640625002 0.48554509218750025
0 0.7190828835945685 0.2941508631689438 0.5681655635877828 0.2857516338977192 0.562781172355073 0.3824983553489985 0.7136984923618587 0.3908975846202231
0 0.571012102292628 0.09461468273216014 0.5082878537626179 0.09236106011690422 0.5050245108449899 0.18318848207224414 0.5677487593749999 0.18544210468750005
0 0.56528022212398 0.19784325925102808 0.5003467323854902 0.19495053545049112 0.4716624430740103 0.8388319199494629 0.5365959328125001 0.8417246437499999