0 0.5485069086399814 0.5765566056938118 0.39496891557038477 0.5742819691336929 0.3933196335703188 0.685608522454674 0.5468576266399153 0.6878831590147929
0 0.5426198031272479 0.2694433633183507 0.3861902184601482 0.2671258902844645 0.3846690372551344 0.3698057232854418 0.5410986219222341 0.3721231963193281
0 0.7452664762260798 0.8908218972428958 0.6820377021813614 0.8898851751850569 0.6810929681845632 0.9536547554101024 0.7443217422292816 0.9545914774679412
0 0.8070748963975672 0.9236561775392234 0.7491687953125001 0.9227983093750002 0.7487063301649332 0.954014706835777 0.8066124312500003 0.9548725750000002
0 0.7444292593750002 0.9188223765625001 0.7439894305803989 0.8891339647554449 0.7257811609375 0.8894037171875002 0.7262209897321011 0.9190921289945553
0 0.7691293218750002 0.9176280921875002 0.7687046646806767 0.8889637387408426 0.7499654874999999 0.8892413562500001 0.7503901446943233 0.9179057096966577
0 0.8049117559397411 0.8905760218252695 0.7749610921875002 0.8901323078125001 0.7745602424977593 0.917189632862231 0.8045109062500002 0.9176333468750004
0 0.5447367212402565 0.44496215389780386 0.4899704343750001 0.4441508000000002 0.4894247803222437 0.4809823804771963 0.5441910671875001 0.48179373437500006
0 0.543476697662137 0.480754059826641 0.542241645338215 0.3778414076423273 0.3878232078125 0.3796945796875 0.38905826013642214 0.4826072318718137
0 0.8095133160440439 0.9600805077674055 0.6797010765625001 0.9581573625 0.6792656402059563 0.9875493016075947 0.8090778796875 0.989472446875
0 0.6876564558056024 0.8963147738788446 0.64891443125 0.89574081875 0.6485460941943977 0.9206036042461554 0.6872881187500001 0.9211775593750001
0 0.6733104679566418 0.9634940199571205 0.6431414203125001 0.963047071875 0.6427594023558585 0.9888333284803797 0.6729284500000002 0.9892802765625002
0 0.6709763994243831 0.9340506726892783 0.6445084062500002 0.9336585546875001 0.6441732724506173 0.9562801101232218 0.6706412656250003 0.956672228125
0 0.5578525236106963 0.9201611817494291 0.4009139312500003 0.9178361656250003 0.3998151185768043 0.9920060229380713 0.5567537109375003 0.9943310390625001
0 0.5548679330032981 0.7853195685215879 0.39936805000000003 0.7830158656250001 0.39740487168420213 0.9155303486659123 0.5529047546875001 0.9178340515625003
0 0.551691241548695 0.6961571209793613 0.3975838656250001 0.6938740484375 0.39631765220130527 0.7793434430831387 0.550425028125 0.7816265156250001
0 0.5447961096951526 0.4902610476373332 0.3900153656250001 0.48796799999999996 0.38886313561734764 0.565743539862667 0.5436438796875002 0.5680365875000002
0 0.46024251945767347 0.1728131095871877 0.38306525625 0.17166974218750003 0.3827102664798264 0.19563154041281233 0.4598875296874999 0.1967749078125
0 0.5378933886054742 0.06313487970422721 0.38143337187500004 0.060816954687500056 0.3798922832695257 0.1648404874832729 0.5363523 0.16715841250000005
0 0.5385069121237528 0.25990979905369904 0.5382553326365925 0.1726876908892176 0.38344516862743533 0.17313421829480583 0.3836967481145956 0.2603563264592873
0 0.691843265625 0.34270249843749995 0.6907581508179581 0.26945732822057955 0.6310542609374998 0.27034183125 0.6321393757445417 0.3435870014669204
0 0.7915648126065602 0.27045728407944525 0.6988892484375001 0.2690843140625001 0.6977904623934401 0.343252442483055 0.7904660265625001 0.3446254125000001
0 0.7908668109179686 0.17589849637485508 0.6323463546875001 0.17355004531250007 0.6311270515820315 0.25585300987514514 0.7896475078125 0.2582014609375001
0 0.615432565625 0.1628882609375 0.6139485428763718 0.06271672699937098 0.54657155 0.06371490468749999 0.5480555727486283 0.16388643862562902
0 0.7892958487445859 0.06414369535094212 0.6202772140625 0.06163971562500008 0.6187898496929141 0.16203681246155804 0.787808484375 0.16454079218750006
0 0.6268091499999999 0.5049973078125 0.625199186033586 0.3963248130946569 0.6071776874999999 0.3965917984374999 0.6087876514664138 0.505264293155343
0 0.7968233786875552 0.4890495040253954 0.6348711515625001 0.4866502125000001 0.6336799025624451 0.5670595444121049 0.7956321296875001 0.5694588359375001
0 0.7940929614470489 0.35312183077724446 0.6307404025039648 0.3516241707440073 0.629546825431916 0.481809836841763 0.7928993843750001 0.4833074968750002
0 0.8085552205692956 0.7989477043352501 0.64870634375 0.7965795718750001 0.6475044872432046 0.87770485347725 0.8073533640625004 0.8800729859375002
0 0.799580511160526 0.5740128840523775 0.6360828265625 0.5715906968750001 0.6346050700894743 0.6713392893851228 0.7981027546875002 0.6737614765625002
0 0.8021474812499999 0.7826210437500001 0.8020832805431237 0.6771836077129378 0.6380878325607655 0.6772834643111317 0.6381520332676417 0.7827209003481941
0 0.63928099375 0.99027281875 0.637790423841612 0.8896593571093729 0.56951244375 0.8906708828124998 0.571003013658388 0.9912843444531267
0 0.6353958283157054 0.8771242236667879 0.6189728479188324 0.17550063710424796 0.5482953875 0.1771549921875 0.5647183678968729 0.8787785787500398