0 0.710358185328178 0.126047916013095 0.5047111078125 0.11629312031250008 0.49697805529682215 0.27931853867440515 0.7026251328125002 0.2890733343750001
0 0.5084492459219861 0.11689900565345682 0.33759081874999997 0.10852861250000005 0.3296826150155139 0.2699527209090432 0.5005410421875001 0.27832311406250004
0 0.3419249497848522 0.18952462083365762 0.09873905625000004 0.1769149828125 0.092122192675869 0.3045259323079044 0.33530808621072117 0.31713557032906203
0 0.7098599448243704 0.39092627418820186 0.5978026390625 0.38451283750000004 0.5946622524565154 0.43938252425697105 0.7067195582183858 0.4457959609451729
0 0.5956099251705772 0.621209002986685 0.34685267968750005 0.608310478125 0.342598499829423 0.6903553688883151 0.5913557453125 0.70325389375
0 0.3349102517825676 0.1083400589150079 0.09561430625 0.097206578125 0.09205430578484095 0.1737229608694852 0.3313502513174086 0.1848564416594931
0 0.9190539060664025 0.6219678638773781 0.7196576859375 0.6114803984375001 0.7150449713572189 0.6991810785602879 0.9144411914861215 0.7096685440001659
0 0.9183242609375 0.9555830453124999 0.9143793256023776 0.7040881649603618 0.7192263522856794 0.7071493241343112 0.723171287620802 0.9586442044864494
0 0.25359539045479557 0.6929868332806841 0.10697521093750009 0.6852390468750001 0.10226861658894862 0.7743072880688266 0.2488887961062441 0.7820550744745106
0 0.3940987873687596 0.7001091525672394 0.25679464375000005 0.6929255546875 0.252460420839573 0.7757679931050839 0.3897645644583326 0.7829515909848233
0 0.5915414567889488 0.3839553162920119 0.466739653125 0.37743030156250007 0.4639529545418074 0.43073056583274305 0.5887547582057562 0.43725558056225483