0 0.49677272656250004 0.11197980937500004 0.30923400624999997 0.11197980937500004 0.30923400624999997 0.2683361046875 0.49677272656250004 0.2683361046875001
0 0.6571767671875001 0.11323634218750007 0.50306060625 0.11323634218750005 0.50306060625 0.2680760093750001 0.6571767671875001 0.2680760093750001
0 0.8861414140624999 0.19096793281250007 0.661601009375 0.19096793281250007 0.661601009375 0.31341805156250013 0.8861414140624999 0.31341805156250013
0 0.4126666671875 0.41755106875000003 0.41238716013992843 0.3648669651692962 0.30784507263992844 0.3654215964192961 0.30812457968749996 0.4181057
0 0.6548164984375 0.59149525 0.4204057234375 0.59149525 0.4204057234375 0.670222090625 0.6548164984375 0.670222090625
0 0.8880016828125001 0.11484322968750012 0.6635993265625 0.11364726875000009 0.6632082681204707 0.18702293936869158 0.8876106243704708 0.1882189003061916
0 0.2981282923148087 0.6601911001021731 0.29809259218750006 0.576029690625 0.11304005768519129 0.5761081873978269 0.11307575781250001 0.660269596875
0 0.2996633 0.8951959625000001 0.29932578479181277 0.6673416489009768 0.11251265354181275 0.6676183707759769 0.11285016875000001 0.895472684375
0 0.8854663296874999 0.6770178140625002 0.7510101015625 0.6770178140625002 0.7510101015625001 0.7624940625000002 0.8854663296874999 0.7624940625000002
0 0.7424242421875 0.7564358671875001 0.7423741076110353 0.6769186003521258 0.615151515625 0.6769988125000002 0.6152016502014648 0.7565160793353745
0 0.5369463119500966 0.3645974449667976 0.42089740918913865 0.36454737045307023 0.4208753394265421 0.4156945817362726 0.5369242421875 0.41574465625000007