0 0.59339999281871 0.44903830284236423 0.5587441637427253 0.44806203426668345 0.5565190820189619 0.5270485486539404 0.5911749110949468 0.5280248172296211
0 0.6213177951716038 0.7442874861283789 0.5920091890625 0.7425506796875001 0.5913777517033962 0.7532061841841213 0.6206863578125001 0.7549429906250001
0 0.7022432484742627 0.7473346996598053 0.6775350671875 0.7458705109375001 0.6767420296507375 0.7592530175276949 0.7014502109375 0.76071720625
0 0.8109063019691231 0.7553069820983825 0.7906706046875001 0.7541078281250001 0.7900182183433769 0.7651168335266176 0.8102539156250002 0.7663159875000002
0 0.831476534529387 0.756728669291346 0.8131802625000002 0.7556444453125001 0.8125652842206132 0.7660221994586541 0.83086155625 0.7671064234375
0 0.6793372010725883 0.5276750403996667 0.38918366951319494 0.5238851969763815 0.3862582676860532 0.7478563684924062 0.6764117992454465 0.7516462119156915
0 0.193581775 0.41782319531249995 0.1882107419986973 0.21102675889575714 0.1350437495118328 0.2124076418363678 0.1404147825131355 0.4192040782531107
0 0.21014338462090945 0.43762529170789993 0.14048996718750004 0.4365933890624999 0.13870593569159068 0.5570154957920999 0.2083593531250001 0.5580473984375
0 0.3929698114052799 0.2235627770919116 0.2067234171875001 0.21351700781250002 0.20146388474842403 0.3110276040449803 0.38771027896620386 0.3210733733243919
0 0.3854997532332541 0.31937493507683457 0.2119304734375 0.31721056093749994 0.20884670770424602 0.5645093008606653 0.38241598750000005 0.5666736749999999
0 0.5937144310504716 0.4008965575455813 0.5120157281250001 0.39828941562500003 0.5079644295403487 0.5252429339267654 0.5896631324658202 0.5278500758473466
0 0.5132870504823133 0.3986881381050347 0.4077951125000001 0.3923731015625001 0.40429751935044156 0.45079998114355024 0.5097894573327547 0.45711501768608487
0 0.5194128146717907 0.46227875931894313 0.48632822343750004 0.46031819062500007 0.48469501501570933 0.4878785781810569 0.51777960625 0.48983914687499996
0 0.45316318702228076 0.4603356067617176 0.42190014062500003 0.45848298124999987 0.4204173098527192 0.4835057432382824 0.4516803562499999 0.48535836875000005
0 0.5184203298321193 0.43313812882090597 0.4573779934022083 0.43261564414745185 0.45658956669508904 0.524728218451546 0.5176319031250001 0.5252507031250001
0 0.4538574650964515 0.4319918964962726 0.4035114046875001 0.42881758125 0.4019307238781666 0.45388788628899174 0.452276784287118 0.4570622015352643
0 0.451894128125 0.5219189171874999 0.45161464490135617 0.4289815440107116 0.3892892923438722 0.42916897012199584 0.389568775567516 0.5221063432987842
0 0.6611698468924081 0.40398513653452495 0.5988250359375 0.40306150937499996 0.5969083531075919 0.532437554090475 0.6592531640625 0.5333611812500001
0 0.8568068095040369 0.4179439005915813 0.6661285046875001 0.4066444453125001 0.6586859233084631 0.5322380040959189 0.8493642281249999 0.5435374593750002
0 0.848878870765599 0.5583403243814613 0.6847329109375 0.5559085328125001 0.681931818296901 0.7449823193685388 0.846077778125 0.7474141109375001
0 0.8460958475242929 0.7641531324390596 0.7241295359375 0.7623462250000002 0.7221734446632071 0.8943824503734407 0.84413975625 0.8961893578125
0 0.7193269208513221 0.7589886145510946 0.6319403187500001 0.7576939984375001 0.6299908478986783 0.8892833026364058 0.7173774500000002 0.89057791875
0 0.627965535702254 0.7531892112900007 0.5226430843750002 0.7516288796875001 0.5206958799227462 0.8830652652724995 0.6260183312500001 0.8846255968750001
0 0.5222629768803584 0.7561837061631103 0.4039285734375002 0.749892896875 0.39733198093214184 0.8739792907118901 0.515666384375 0.8802701000000003