0 0.5966796875 0.4140625 0.5625 0.4140625 0.5625 0.4912109375 0.5966796875 0.4912109375
0 0.6281125000000001 0.7027 0.5996374999999999 0.7027 0.5996374999999999 0.71325 0.6281125000000001 0.71325
0 0.70788125 0.700975 0.68406875 0.700975 0.68406875 0.714225 0.70788125 0.714225
0 0.8153124999999999 0.7024875000000002 0.7958125 0.7024875000000002 0.7958125 0.7133875000000002 0.8153124999999999 0.7133875000000002
0 0.8356562500000001 0.7026875000000002 0.81804375 0.7026875000000002 0.81804375 0.7129625000000002 0.8356562500000001 0.7129625000000002
0 0.6845206309935287 0.7141526622224739 0.6825433726711273 0.4961953275427426 0.39605990680271147 0.49879423901296704 0.3980371651251128 0.7167515736926984
0 0.2017890625 0.4056078125 0.19755321957627164 0.20424097788185502 0.14493574314166316 0.2053478104227877 0.14917158606539155 0.4067146450409327
0 0.2184187500000001 0.42723125 0.14968125000000004 0.42723125 0.14968125000000004 0.5430937499999999 0.2184187500000001 0.5430937499999999
0 0.3919375 0.2980609375 0.39101277084227776 0.20154667719449634 0.21176875 0.2032640625 0.21269347915772227 0.29977832280550365
0 0.3902750000000001 0.541428125 0.38972031250000005 0.3047140625 0.21842151946844995 0.3051154636599319 0.21897620696845005 0.541829526159932
0 0.5962859375 0.3678640625 0.51568125 0.3677171875 0.5154543997160965 0.49221214064610885 0.5960590872160965 0.49235901564610884
0 0.5143801844688789 0.3680347050378279 0.41276718749999997 0.3679734375 0.4127323056630556 0.42582541127529083 0.5143453026319345 0.4258866788131188
0 0.5227062499999999 0.43041875 0.49124375000000003 0.43041875 0.49124375000000003 0.45770625000000004 0.5227062499999999 0.45770625000000004
0 0.457425 0.43237500000000006 0.42765000000000003 0.43237500000000006 0.42765000000000003 0.45715000000000006 0.457425 0.45715000000000006
0 0.5230781250000001 0.492653125 0.5225245353455856 0.4041113443909987 0.46227372827135405 0.40448805043007985 0.4628273179257684 0.49302983103908116
0 0.45817031250000007 0.4043671875000001 0.4090734375 0.40418125000000005 0.40897939565165514 0.42901303956885445 0.4580762706516552 0.4291989770688545
0 0.45817031249999995 0.4053265625 0.3955750000000001 0.4053265625 0.3955750000000001 0.493209375 0.45817031249999995 0.493209375
0 0.662925 0.3673500000000001 0.6014 0.3673500000000001 0.6014 0.492375 0.662925 0.492375
0 0.85064375 0.3669500000000001 0.66785625 0.3669500000000001 0.66785625 0.4913000000000001 0.85064375 0.4913000000000002
0 0.8503812500000001 0.51313125 0.68839375 0.51313125 0.68839375 0.69264375 0.8503812500000001 0.6926437500000001
0 0.85064375 0.7145062500000001 0.73028125 0.7145062500000001 0.7302812500000001 0.83954375 0.85064375 0.83954375
0 0.72549375 0.71530625 0.6392562500000001 0.71530625 0.6392562500000001 0.8414187500000001 0.7254937500000002 0.8414187500000001
0 0.63526875 0.7157125 0.53133125 0.7157125 0.5313312500000001 0.8408875 0.6352687500000002 0.8408875
0 0.5270758013134103 0.7203347790105048 0.4140483618067806 0.719646084331636 0.4133006854933705 0.842353492821131 0.5263281250000001 0.8430421875