0 0.6375700231037793 0.6098714146782377 0.6320721209775388 0.5211527468657022 0.594020263366599 0.5235108231761878 0.5995181654928394 0.6122294909887234
0 0.657057003900049 0.2754098862849991 0.6245636484375 0.27515119062500004 0.6244696575840993 0.28695687074265674 0.6569630130466483 0.2872155664026558
0 0.7463310982343209 0.2750293668712912 0.7188760031250002 0.27481034687500017 0.7187577392656794 0.28963522844120904 0.7462128343750001 0.2898542484375001
0 0.8662984947875829 0.2769192487742602 0.8438144921875 0.2767421015625001 0.843718404828454 0.28893776870941645 0.8662024074285368 0.28911491592117655
0 0.8890224859248415 0.2775769875166242 0.8686863515625001 0.2774136234375001 0.8685939863740348 0.28891156651717087 0.8889301207363761 0.28907493059629497
0 0.7320514893369285 0.27511766053702497 0.4105526459545484 0.2696364950515574 0.4063974760117327 0.5133588081644074 0.7278963193941129 0.518839973649875
0 0.1966522281250001 0.6159805109375001 0.13785263000806114 0.6157678779098321 0.1370383971955611 0.8409283935348318 0.19583799531250007 0.8411410265624998
0 0.21406131875 0.5919249546875001 0.20753820695484712 0.4578914940934478 0.13092146505439478 0.4616202613026353 0.13744457684954764 0.5956537218966875
0 0.4207318979333026 0.7381536470978585 0.22071696467274746 0.7346457670117481 0.21882426718750012 0.8425650093750001 0.41883920044805534 0.8460728894611103
0 0.4121923718749999 0.7305879953125001 0.4091871227864849 0.4620095163351568 0.21651890625 0.4641653703124999 0.219524155338515 0.7327438492898432
0 0.6396270390625001 0.6617347828125001 0.6387676095302128 0.5214151528164263 0.547906068837141 0.5219716614918193 0.5487654983694283 0.6622912914878931
0 0.5479785969776411 0.596101600978435 0.4336493614109752 0.5951895410363157 0.4331325751084852 0.6599701329541373 0.547461810675151 0.6608821928962566
0 0.5542243486019195 0.5605283719051589 0.5173313265625001 0.560235365625 0.5170888482730809 0.5907663046573413 0.5539818703125002 0.5910593109375001
0 0.4811309658304522 0.5605703736410816 0.44628250468750014 0.5602942890625 0.4460628962717828 0.5880141109413892 0.48091135741473484 0.5882901955199709
0 0.5551034729658755 0.6179176570442036 0.5508989540939211 0.518846449459185 0.48370001249999994 0.5216983296875 0.48790453137195433 0.6207695372725186
0 0.48366277617518805 0.5922124645550829 0.4288022153516503 0.5914313369817943 0.4284037171875001 0.6194188687500001 0.4832642780110378 0.6201999963232886
0 0.48182038852134007 0.6155820322862687 0.47832525286899197 0.5172125302262651 0.4096297578125 0.5196533281249999 0.41312489346484815 0.6180228301850035
0 0.714134421875 0.6629020984375 0.7071386195032109 0.5190703087264693 0.6385607359375 0.522405853125 0.6455565383092889 0.6662376428360306
0 0.9250706270516952 0.5258868659638766 0.7128958171875002 0.5242005312500001 0.7117900303621166 0.6633307451366266 0.9239648402263118 0.6650170798505031
0 0.915711603125 0.501385003125 0.9054377271845926 0.29022076102161287 0.7248839759848729 0.299005329952052 0.7351578519252804 0.5101695720554391
0 0.9050376203124999 0.27597532968750005 0.8978589426817241 0.12841797039223443 0.763702278125 0.134944703125 0.7708809557557761 0.28250206242026565
0 0.7651169390624999 0.273968790625 0.7579844567457822 0.12736082365001916 0.6618636999999998 0.13203710156249998 0.6689961823167176 0.2786450685374808
0 0.6642525906250001 0.2727121859375 0.657116886176639 0.12603729172488234 0.5412676109375 0.1316733359375 0.5484033153858611 0.2783482301501176
0 0.5419976450025006 0.26625808038495263 0.5352903860720108 0.1235116325255446 0.409290596875 0.1294320125 0.4159978558054898 0.272178460359408