0 0.58465284195465 0.40376501974476514 0.5505465487648129 0.40231819190006224 0.5471964462090684 0.48129066979407603 0.5813027393989054 0.48273749763877893
0 0.6078495681488405 0.702277383866257 0.607665625 0.6917359375000001 0.5787004318511595 0.6922413661337429 0.578884375 0.7027828125
0 0.6877154534336901 0.7018579805617875 0.6874843750000001 0.6886187500000001 0.6630548590663101 0.6890451444382126 0.6632859375000001 0.7022843750000001
0 0.7950621208082899 0.699147386180993 0.794871875 0.68825625 0.7748644416917102 0.688605738819007 0.7750546875000001 0.699496875
0 0.8153903665584499 0.6983681835499899 0.8152109370228906 0.688101535200629 0.7971190079644406 0.6884177266506393 0.7972984374999998 0.698684375
0 0.673037554744415 0.7019528936597889 0.6672617089829326 0.484298554015065 0.37985113766357265 0.4919255056893107 0.3856269834250551 0.7095798453340345
0 0.18998750000000003 0.40208593750000005 0.18531093750000002 0.20103437500000004 0.13271098197395684 0.20225787695370787 0.13738754447395682 0.4033094394537079
0 0.20598750000000007 0.42341875 0.1373430611842729 0.4214210331620949 0.13387812632223764 0.5404812045660048 0.20252256513796482 0.5424789214039099
0 0.3874111902814974 0.2911082782642548 0.38480662757294437 0.19473251717448398 0.20585312500000005 0.19956875000000002 0.2084576877085531 0.2959445110897708
0 0.380853125 0.2979109375000001 0.20955484156329435 0.2972656928355655 0.20865002522893666 0.5374745522715283 0.37994830866564233 0.5381197969359629
0 0.5855828125 0.35745625000000003 0.5049829176628684 0.3573572950640419 0.5048286629857286 0.48299944353523205 0.5854285578228602 0.4830983984711901
0 0.5041329396943534 0.41685416747626114 0.5031239599525226 0.3590059956112932 0.4011450001900788 0.36078469839784744 0.4021539799319096 0.4186328702628154
0 0.510659440574591 0.4485590423578537 0.5101828120226617 0.4212937226940814 0.4774499339480708 0.42186593033622766 0.4779265625000001 0.4491312499999999
0 0.44527503877470076 0.4491455614177583 0.4448437500000001 0.42439062500000013 0.4139171487252994 0.4249294385822419 0.41434843750000006 0.4496843750000001
0 0.510723808393392 0.39689545825369804 0.45052635762312254 0.39551949844680045 0.4485078125000002 0.4838296875000001 0.5087052632702698 0.4852056473068977
0 0.446988458648112 0.42086996500780405 0.4463944614374925 0.39587424346025735 0.3973125 0.397040625 0.39790649721061955 0.4220363465475467
0 0.4442131490890514 0.3986947053135718 0.3826599241644824 0.3984152210870944 0.3822609375 0.4862875 0.44381416242456906 0.4865669842264775
0 0.6522359375000001 0.35577812500000006 0.5907941769767646 0.35399052728831626 0.5870734375 0.4818765625 0.6485151980232354 0.48366416021168385
0 0.8421334047158282 0.4763521956584875 0.8399656249999998 0.35210156249999996 0.6513931577841714 0.35539155434151254 0.6535609374999999 0.4796421875
0 0.83545 0.4982875000000001 0.6736800921052072 0.49358174280878436 0.6682390625 0.6806281249999999 0.8300089703947927 0.6853338821912157
0 0.829853125 0.6996578125000001 0.7096534386188877 0.6961610943507315 0.705853125 0.826796875 0.8260528113811121 0.8302935931492688
0 0.7046796875 0.7026437500000001 0.6185587984180303 0.7001383995246747 0.6147734375 0.8302593750000001 0.7008943265819696 0.8327647254753255
0 0.6144437500000002 0.7046234375000001 0.5106468617322439 0.7016033215818327 0.5068640625 0.8316125 0.6106609507677564 0.8346326159181674
0 0.5051569312332246 0.711370825687102 0.3922707417051071 0.7082754990498923 0.3888031250000001 0.8347390625 0.5016893145281176 0.8378343891372098