0 0.4875435747572382 0.44796634741315744 0.405529237488288 0.4396270956442902 0.4020360249618391 0.4739819176639176 0.48405036223078934 0.4823211694327848
0 0.7091761906249999 0.46347605 0.7086516835192446 0.4333864570299128 0.69795396875 0.4335729343749999 0.6984784758557554 0.46366252734508706
0 0.708669840625 0.3777047734375 0.7082227903398322 0.35206530418108295 0.6947873015625 0.352299565625 0.6952343518476678 0.377939034881417
0 0.7058380953124999 0.263994109375 0.7054716256077964 0.24299281216892718 0.6944190468749999 0.24318567812500005 0.6947855165797033 0.2641869753310729
0 0.7050126984375 0.24134837031249998 0.7046807041948516 0.22233256218690767 0.6942618769527414 0.22251446298421712 0.6945938711953898 0.24153027110980943
0 0.7158999999999999 0.6533744968749999 0.714608156102085 0.36022408258203487 0.4909936169433339 0.3612094984771275 0.49228546084124875 0.6543599127700925
0 0.40543642412417347 0.8405062539862087 0.1994634921875001 0.8330914875 0.19754135400082667 0.8864860803887913 0.4035142859375 0.893900846875
0 0.550417528177497 0.8365229574493224 0.4253777781250002 0.8254742390625001 0.41925852312313594 0.8947266255522474 0.5442982731756328 0.9057753439390697
0 0.2958460312500001 0.8140268546874999 0.2922555520655323 0.6282800802563251 0.1944572354824678 0.6301705185750675 0.19804771466693558 0.8159172930062424
0 0.5554760538254857 0.6624325961425913 0.297877778125 0.6402774140625 0.2830278712395637 0.812937263761438 0.5406261469400494 0.8350924458415294
0 0.48713462193551943 0.43789274147942947 0.35836825468750005 0.43588266875 0.35705099662868245 0.5202669462334645 0.48581736387670177 0.522277018962894
0 0.4204875224144849 0.6242752784041667 0.41864841667401126 0.5187243927837194 0.35994265798309927 0.5197472747536117 0.36178176372357285 0.625298160374059
0 0.4514984125 0.550766571875 0.45088847694804957 0.5158393127755408 0.42321902072292517 0.5163225051441942 0.4238289562748756 0.5512497642436534
0 0.45206031718750006 0.6153871718749999 0.4514870296622565 0.5824478931872801 0.42636507963312786 0.5828851250009464 0.4269383671583714 0.6158244036886662
0 0.49173827038522705 0.5219660296408883 0.40087366438334604 0.5145045263963304 0.39588301274811916 0.575279624880442 0.4867476187500001 0.5827411281250001
0 0.42393776472505273 0.6289226432054311 0.4227535749922839 0.5790212149884857 0.39739676339223123 0.5796229467830545 0.39858095312499997 0.6295243749999999
0 0.49321777112657667 0.5879094489924095 0.40358091387748657 0.5821906353147136 0.39960758650091005 0.6444686878848043 0.4892444437500002 0.6501875015625002
0 0.4902401670506132 0.37987249455325833 0.3566634921875001 0.36807053437500004 0.35118681732438695 0.43005651013424184 0.48476349218750003 0.4418584703125001
0 0.4824936515625001 0.37418110468750004 0.47902115123799494 0.17494203888661813 0.3529285718750001 0.17713968281250003 0.35640107219950523 0.37637874861338194
0 0.7010885632949424 0.20816645316580437 0.5014349203124999 0.19052736093750006 0.4870161976425577 0.35373023277169574 0.6866698406250001 0.3713693250000001
0 0.8458724595245257 0.22069315890367996 0.7060015875000001 0.20833554375000007 0.6952878576629743 0.3295999395338202 0.8351587296874999 0.3419575546875001
0 0.8463523988991477 0.34780766155495374 0.7090349203125001 0.33567561406250007 0.7013587120383524 0.4225593462575465 0.8386761906250001 0.4346913937500002
0 0.8493030657882057 0.4396788366121488 0.7110460312500001 0.42746304531250007 0.7017937592117944 0.5321792821378514 0.84005079375 0.5443950734375002
0 0.8531004687885814 0.5506097831087048 0.7182447106167432 0.5389206023035037 0.7083712262031618 0.6528290316947989 0.843226984375 0.6645182125