0 0.44337331335335195 0.47335572597400966 0.44029269599307386 0.38896951877239005 0.4036469342877611 0.3903073152374009 0.4067275516480392 0.47469352243902047
0 0.4123082032888921 0.7000624503547741 0.3812006078125001 0.6997500734375001 0.38108692297905356 0.7110712102280092 0.4121945184554455 0.7113835871452833
0 0.3217008346100406 0.6973012128743818 0.29546440468750007 0.6970376578125 0.29532157474910753 0.7112561199536549 0.3215580046716481 0.7115196750155367
0 0.20163335607205157 0.6977187303448945 0.1801460843750001 0.6975025859375 0.18002842517794865 0.7091992805926056 0.20151569687500012 0.7094154250000001
0 0.17773432415107013 0.6976938568352049 0.1583042515625001 0.6974982593750001 0.15819325553643004 0.7085242759772953 0.17762332812500006 0.7087198734375001
0 0.624184539727189 0.4833711009134606 0.315516824257736 0.47793992585412115 0.31140354546804117 0.71170819022277 0.6200712609374942 0.7171393652821094
0 0.8839270312500002 0.38477252031250003 0.8815525240709585 0.16890479211145534 0.8250355725084585 0.16952646867395535 0.8274100796875002 0.385394196875
0 0.8887609125000002 0.5335603156250001 0.884094898306131 0.40573895665636817 0.810398559375 0.40842918125 0.8150645735688693 0.5362505402186318
0 0.8087622921875003 0.16805227500000006 0.6164996015625 0.16731021718750005 0.6161001451472865 0.27080695811883204 0.8083628357722867 0.27154901593133207
0 0.8065373859375002 0.530947725 0.8056033346276431 0.2743768438323879 0.6216250671875001 0.27504662031250005 0.6225591184973571 0.5316175014801121
0 0.4896416643737137 0.47481222202008855 0.4888090777069394 0.3400814946111296 0.402254746875 0.34061636874999995 0.4030873335417743 0.4753470961589589
0 0.600315773177864 0.3427227111368202 0.4908128500000001 0.3416886640625001 0.4902266057721613 0.40377041859645263 0.5997295289500253 0.40480446567077266
0 0.5188828954363053 0.4089210066312484 0.4837289718750001 0.4085669531250001 0.4834340576886948 0.4378489418062517 0.5185879812499999 0.43820299531250007
0 0.5871304158301391 0.41170532529313403 0.5539163562500001 0.41137273125000007 0.5536501341542164 0.43795864501920956 0.5868641937343553 0.4382912390623435
0 0.5504545859375001 0.4752290578125001 0.5473273148261998 0.38036794305784893 0.4827073115596532 0.3824982603111331 0.4858345826709535 0.47735937506578424
0 0.6047390765625 0.3816255281250001 0.5520156218750001 0.3812962343750001 0.5518491505381834 0.40795007758769175 0.6045726052256833 0.4082793713376917
0 0.6216117203125 0.47734137343749994 0.61928025 0.382999440625 0.5532244410260099 0.3846318765206808 0.5555559113385099 0.4789738093331808
0 0.40164374843750006 0.47423392968750006 0.3966310337793118 0.3369362172390554 0.33066752629479934 0.33934453297117145 0.33568024095298765 0.47664224541961603
0 0.33157062080664457 0.3389244608423452 0.12904940312500002 0.3368897968749999 0.12770876860244587 0.4703304732378764 0.3302299862840904 0.47236513720522166
0 0.316066953125 0.6883040390625 0.30873281729664603 0.4874892497082106 0.13505784574643473 0.49383218807161733 0.14239198157478872 0.6946469774259068
0 0.27683867812499996 0.8455629625000001 0.271716829725916 0.7053115669945916 0.14267129212517124 0.7100241880547067 0.14779314052425524 0.8502755835601151
0 0.3746699109375 0.8485566109375 0.36957007700730304 0.7088594997980795 0.2771111984375 0.7122348374999999 0.28221103236769696 0.8519319486394202
0 0.4905565125 0.8491512921875 0.485460267210973 0.7095741720001156 0.37402454816608643 0.7136429173464116 0.3791207934551134 0.8532200375337962
0 0.6173582265625001 0.8515695875000002 0.6173029660296827 0.7197530250882209 0.49193938139179394 0.7198055803844313 0.4919946419246114 0.8516221427962106