0 0.5912170612201112 0.32254684714428716 0.5869057017718948 0.16855280229433092 0.36570662805178367 0.17474569577504373 0.3700179874999999 0.328739740625
0 0.6743966499291334 0.42981239729514337 0.6711144969464348 0.3238347664502079 0.4759507610798014 0.3298790347800646 0.4792329140625 0.435856665625
0 0.7656056421875002 0.3207819640625001 0.6796601663106039 0.3204900978544178 0.6793046847181116 0.4251683161139687 0.7652501605950078 0.4254601823220511
0 0.7738599895365857 0.5751261151229358 0.7735961801104015 0.4351878159243615 0.48515007963631573 0.4357315898639257 0.48541388906249994 0.5756698890624999
0 0.7251158031250001 0.5874208890625 0.4848263717176061 0.5856076907945452 0.48358500393819315 0.7501167591928135 0.7238744353455872 0.7519299574607683
0 0.6311599503701233 0.821123814225975 0.6298822968749999 0.7299026296874999 0.4739846668173765 0.7320861482740249 0.47526232031249993 0.8233073328125
0 0.5682905312500003 0.8295706296875002 0.47283292518104225 0.8281564430145718 0.47081761718750015 0.9641897406250001 0.5662752232564581 0.9656039272979285
0 0.4661921484375001 0.7193798515625001 0.2502764905714527 0.712088242691741 0.2420195208789336 0.9565897065990738 0.457935178744981 0.9638813154698328
0 0.39601327187500013 0.5635278890625001 0.3007340139520717 0.5631658643206248 0.3001466545770717 0.7177496783831248 0.3954259125000001 0.7181117031250001
0 0.39753742031250006 0.46064788906250004 0.2993241981022645 0.4604159942567329 0.29909695000000014 0.5566612218749999 0.3973101722102357 0.556893116680767
0 0.6071984945466141 0.1601736765387653 0.604184259375 0.011590443750000002 0.37508582752967423 0.016238051276560916 0.3781000627012883 0.16482128406532623
0 0.7084296546875 0.06637840625000009 0.6121324632815888 0.065188795809744 0.6090306531249999 0.316275703125 0.7053278445309111 0.3174653135652561
0 0.8379967171875002 0.49555518593750014 0.7441498928602271 0.4941648622400637 0.7403131358179781 0.7531458929124659 0.8341599601452512 0.7545362166099023