0 0.34726739433239034 0.6066056167185376 0.346084375 0.4018281249999999 0.20154666816760974 0.4026631332814624 0.20272968750000003 0.6074406250000001
0 0.4500011943073744 0.502330322866296 0.4484176102657765 0.32139159385734795 0.34893025488580526 0.32226231174722947 0.3505138389274033 0.5032010407561776
0 0.4454259997656953 0.31332380135630156 0.44490937500000005 0.23269531250000006 0.3479115002343048 0.23331682364369857 0.348428125 0.3139453125000001
0 0.585921875 0.22385156250000007 0.45545625 0.22385156250000007 0.45545625 0.4930265625 0.585921875 0.4930265625
0 0.7491984375 0.2669640625000001 0.596859375 0.2669640625000001 0.596859375 0.4924734375 0.7491984375 0.49247343750000006
0 0.8144345508035237 0.35610302372188296 0.7288859375000001 0.35540000000000005 0.7276915077149003 0.5007461791161583 0.8132401210184239 0.5014492028380412
0 0.9452875000000001 0.41177656250000017 0.821071875 0.41177656250000017 0.821071875 0.5013171875000002 0.9452875000000001 0.5013171875000002
0 0.9411627418158656 0.5116623732425981 0.71560625 0.5090562500000001 0.7132631256947964 0.7118505344496331 0.938819617510662 0.7144566576922311
0 0.7129421875 0.5754390625 0.567984375 0.5754390625 0.567984375 0.664828125 0.7129421875 0.664828125
0 0.5595264634432832 0.6682542972170683 0.5589525240964157 0.5764891859654306 0.46870418565313265 0.5770536387483622 0.4692781250000001 0.6688187499999999
0 0.19402812500000005 0.384690625 0.05471093750000004 0.384690625 0.054710937500000056 0.5993828125 0.19402812500000005 0.5993828125
0 0.3405484375 0.29038437500000003 0.10826406250000005 0.29038437500000003 0.10826406250000005 0.3807015625 0.3405484375000001 0.3807015625
0 0.75300625 0.16348437500000007 0.51345 0.16348437500000004 0.51345 0.2515140625000001 0.75300625 0.2515140625000001