0 0.6415918156250002 0.7872229500000001 0.6365540791116928 0.6354836125906639 0.42252633223669267 0.6425893204031639 0.4275640687500001 0.7943286578125001
0 0.7186776796875001 0.6266935640625 0.7138129378971985 0.522036891373129 0.524130380252173 0.5308538797347395 0.5289951220424746 0.6355105524241105
0 0.8116737953125 0.62735549375 0.8075572384118557 0.525498467943937 0.7230248743376554 0.5289148477557724 0.7271414312382996 0.6307718735618353
0 0.8154629519152955 0.5142970795025671 0.8103904716131158 0.37734010826213604 0.5268314117560616 0.38784229542794646 0.5319038920582414 0.5247992666683776
0 0.7621636921875001 0.367218215625 0.7550292144365403 0.20714363490803608 0.5187050644888045 0.21767653389964936 0.5258395422397644 0.3777511146166133
0 0.6633762109375001 0.23250194375 0.6607752281635478 0.14269938455453296 0.5079417714902059 0.14712595314736893 0.5105427542641581 0.23692851234283596
0 0.5992119375 0.13797297968750002 0.5923823942641012 0.006260355838259568 0.498510103125 0.011127807812500006 0.5053396463608988 0.14284043166174046
0 0.5028855359375 0.2524055859375 0.48341152949537164 0.013379220293065796 0.27142469233738753 0.030650256571138963 0.2908986987795159 0.2696766222155732
0 0.43959350312499995 0.40992914375 0.4333829265625 0.25778020625 0.3396708011448086 0.26160544709166655 0.34588137770730853 0.41375438459166647
0 0.4448446212222733 0.5111889902500161 0.43907276737106776 0.4165764242206157 0.3428947398987944 0.4224437792830996 0.34866659375000003 0.5170563453125
0 0.6654664462717316 0.9411282482941907 0.66183646474495 0.7953791096118326 0.43645388222891696 0.8009924162727696 0.4400838637556984 0.9467415549551277
0 0.7647523609375001 0.8811420171874997 0.7526579945621965 0.6362443271576932 0.657956625 0.6409211906250001 0.6700509913753037 0.8858188806548066
0 0.8764504437499999 0.4510755312499999 0.8633478206832818 0.19838207808838662 0.7710595605197719 0.2031673951248051 0.7841621835864899 0.4558608482864184