0 0.25014375 0.37787031249999997 0.24713457732950433 0.07448373995171122 0.12054192455066859 0.07573936292746762 0.12355109722116427 0.37912593547575646
0 0.23392891642884622 0.49088073938640997 0.23362696072708067 0.392430664312322 0.13564804429823446 0.39273117492591203 0.13595000000000002 0.49118125
0 0.39300156249999996 0.40871874999999996 0.3916618492170384 0.06914353804387169 0.2530462242170384 0.06969041304387173 0.2543859375 0.409265625
0 0.46654687499999986 0.2589328125 0.46622812499999994 0.07610312500000001 0.3974060596518957 0.07622311116652289 0.3977248096518956 0.25905279866652287
0 0.6006128010493903 0.07625285135642743 0.47164047874920756 0.07574409712654884 0.47058398290802445 0.34357228239863125 0.5995563052082071 0.34408103662850975
0 0.45508312223058106 0.41478166606601663 0.2439355373181721 0.4133164141096189 0.24268906250000008 0.5929375000000001 0.4538366474124091 0.5944027519563979
0 0.88143125 0.09303906250000012 0.7513484375 0.0930390625000001 0.7513484375 0.34208281250000006 0.88143125 0.34208281250000006
0 0.7474671875000001 0.06923750000000008 0.6053140625 0.06923750000000006 0.6053140625 0.3497703125000001 0.7474671875000001 0.3497703125000001
0 0.8816078125000001 0.3491734375000001 0.8120062499999999 0.3491734375000001 0.8120062499999999 0.4882468750000002 0.8816078125000001 0.4882468750000002
0 0.8082109375 0.41602500000000014 0.7537953125 0.41602500000000014 0.7537953125 0.4876500000000002 0.8082109375 0.4876500000000002
0 0.4661345659639258 0.34707651315342863 0.46546718749999993 0.26562187499999995 0.4053888715360741 0.2661141118465713 0.40605624999999995 0.34756875
0 0.42889375 0.6087687500000001 0.36766093750000006 0.6087687500000001 0.36766093750000006 0.681475 0.42889375 0.681475
0 0.6788754189714952 0.7967322176887116 0.6785177295680869 0.6958763364480739 0.36264805788970544 0.6969965808307277 0.36300574729311375 0.7978524620713653
0 0.6586531250000001 0.6738812499999999 0.6580776757242399 0.546068175169114 0.43628319084939465 0.5470667543509207 0.4368586401251548 0.6748798291818067