0 0.93113855 0.25152859375000003 0.9308113905060681 0.12125807072333608 0.6186073218770727 0.1220421354735423 0.6189344813710045 0.25231265850020623
0 0.6043453375000001 0.2344849109375 0.6031429412362128 0.13275387143566508 0.5020000953124999 0.133949315625 0.503202491576287 0.23568035512683494
0 0.9393257158117484 0.26043457591340086 0.5871889609375 0.2564370015625001 0.5855701813583549 0.3990314195320877 0.9377069362326033 0.4030289938829884
0 0.9319661356581117 0.4061105858179701 0.74296535625 0.4051535421875001 0.7426066518418885 0.47599191418203013 0.93160743125 0.47694895781250013
0 0.9332593274894819 0.48253225548317147 0.6573399671875001 0.479830259375 0.6560409683768123 0.6124799400292781 0.931960328678794 0.6151819361374495
0 0.5830420625000001 0.4609850906250001 0.58294001433796 0.24291523459567815 0.3981126703125001 0.24300172656250002 0.3982147184745401 0.461071582591822
0 0.9174070026317713 0.7700960077006959 0.6602572976744377 0.7689438800658434 0.6596572090907646 0.9028809522892152 0.9168069140480984 0.9040330799240677
0 0.9418986194635582 0.6201282691067742 0.65169484375 0.6179786109375 0.6506115039739419 0.7642294418307258 0.9408152796875001 0.7663791000000001
0 0.65379104375 0.9009657484375 0.6536698075594349 0.8293604789258714 0.5105813841219349 0.8296027445508715 0.5107026203125 0.9012080140625001
0 0.5844470154585742 0.8251458152265048 0.5840322724727004 0.7691554605333446 0.5103426109375 0.769701309375 0.5107573539233738 0.8256916640681602
0 0.736598415625 0.47472153125 0.7365498302382023 0.4129001431603526 0.6518272703125001 0.4129667265625 0.6518758556992977 0.4747881146521474
0 0.38285503125 0.43447144218749995 0.3827757890625 0.3714694890625 0.30797136639438777 0.37156357608350293 0.30805060858188776 0.4345655292085028
0 0.29522063750000005 0.6906570796875001 0.2928083097231353 0.3649927078975061 0.18883258278028034 0.36576289817913044 0.19124491055714507 0.6914272699691244
0 0.44950277500000013 0.6706370843749999 0.44906746261801433 0.44227764021878785 0.3173356559433585 0.44252875523949003 0.3177709683253441 0.6708881993957021