0 0.44987999375000004 0.1852122109375 0.20047570713355084 0.18431886932536776 0.19993835242161784 0.334338264783461 0.44934263903806704 0.33523160639559324
0 0.453283065625 0.02846238750000004 0.2066311538631817 0.02690748092732582 0.20567942806561632 0.1778779582331213 0.4523313398274347 0.17943286480579554
0 0.5596741546875001 0.02990218750000006 0.46163532107549293 0.028787823281175982 0.4607115546875001 0.11005836093750007 0.5587503882995073 0.11117272515632418
0 0.7921186453125001 0.030781907812500075 0.5684600811508325 0.02857370921348874 0.5665557698560664 0.22145288688116405 0.790214334017734 0.22366108548017535
0 0.39341782906569944 0.5583644754081837 0.07593264298105543 0.5561916294718019 0.07474102644526773 0.730304571062164 0.39222621252991174 0.7324774169985457
0 0.44149949218749995 0.558884853125 0.35433760140915765 0.5581414895633653 0.3537222335313446 0.6302954536835508 0.44088412430968693 0.6310388172451854
0 0.6607827687500001 0.6593264515625 0.5641049713334938 0.6587350703931257 0.5636442533757389 0.7340523102590817 0.6603220507922452 0.734643691428456
0 0.5539174976580006 0.6392634522809219 0.4026922170650521 0.6381432665577088 0.4020099158251546 0.7302540606110928 0.5532351964181031 0.7313742463343058
0 0.6625032687500002 0.5602340562500002 0.44817804852316706 0.5586464615849018 0.4474815315249594 0.6526762302118563 0.6618067517517925 0.6542638248769547
0 0.8746904078125001 0.5618058125000001 0.6698878457868939 0.5591929920974167 0.6676487750000001 0.7346996718750001 0.8724513370256062 0.7373124922775836
0 0.23222609062500013 0.7498951843749999 0.06723930179662599 0.7462288113194504 0.06287275468750012 0.9427234328124999 0.2278595435158742 0.9463898058680493