0 0.7985493781249999 0.43733104999999994 0.7976482413668321 0.20175200755242875 0.6546726438365229 0.20229891768975242 0.6555737805946908 0.4378779601373236
0 0.9479509875 0.2044372140625001 0.8040716890624999 0.2044372140625001 0.8040716890624999 0.43725456562500015 0.9479509875 0.43725456562500015
0 0.947695684375 0.44626484062500005 0.8702450625000001 0.44606164375000007 0.8700005956533579 0.539242748529595 0.9474512175283577 0.539445945404595
0 0.9486525234375 0.5492134703125001 0.7648302423634846 0.5487858767092347 0.7643361556880606 0.7611934970084097 0.9481584367620759 0.761621090611675
0 0.4425391356945575 0.09138719730900767 0.2765961953125 0.09137671250000004 0.27657716570238006 0.39255811268888635 0.44252010608443754 0.39256859749789397
0 0.44248427187500006 0.3550285390625001 0.3737206410849366 0.3549514611705612 0.3736283828125001 0.43725799062500015 0.4423920136025636 0.437335068516939
0 0.348222384375 0.6483550234375001 0.34810460937500004 0.5570707765625 0.2763250549868423 0.557163386594433 0.27644282998684233 0.648447633469433
0 0.3665874171875001 0.40325342500000005 0.2788039500000001 0.40325342500000005 0.2788039500000001 0.5469326484375 0.3665874171875001 0.5469326484375
0 0.4426664234375 0.44425685000000004 0.3530541328125001 0.44425685000000004 0.3530541328125001 0.6478961187500001 0.4426664234375 0.6478961187500001
0 0.44266642343750007 0.6561952062499999 0.2759612296875001 0.6561952062499999 0.2759612296875001 0.8517146125 0.4426664234375002 0.8517146125
0 0.2588880765625 0.08456735156250002 0.07393343125 0.0845673515625 0.07393343125000001 0.24187214687499997 0.2588880765625 0.24187214687499997