0 0.4686079139015117 0.03655684741635202 0.3714021140625 0.03177525156250005 0.3671082798484882 0.1190652697711481 0.4643140796874999 0.12384686562500007
0 0.3675049245089188 0.03189760716926212 0.30973802968749997 0.028301732812500043 0.3073301754910812 0.06698335689323795 0.3650970703125 0.07057923125000003
0 0.3847989847427219 0.0788923868817092 0.30874638125 0.07683098437500005 0.3050626465072782 0.21273729905579092 0.38111525000000007 0.21479870156250008
0 0.41713171705675756 0.425421835147452 0.2999290656250001 0.4190926031250001 0.29265479700574265 0.5537951336025483 0.40985744843750005 0.5601243656250002
0 0.4091273119718327 0.5690358603928132 0.2951331812500001 0.5653866125000002 0.2906487520906676 0.7054698896071872 0.4046428828125002 0.7091191375000001
0 0.4804466361931813 0.6448863749019607 0.4148233 0.6428058984375001 0.4126251903693188 0.7121396735355396 0.47824852656250005 0.7142201500000002
0 0.46955311115780185 0.7351557702884046 0.4106257130315221 0.7334653490057629 0.4077362987487203 0.8341891552798584 0.4666636968750001 0.8358795765625002
0 0.6146652608100664 0.4164412191498042 0.49436822031250005 0.4130480421875 0.4893363126274336 0.5914423933501959 0.609633353125 0.5948355703125
0 0.5393469956793834 0.5991650880478467 0.4894770457957451 0.597880383971262 0.4879619251163619 0.6566947006109154 0.5378318750000002 0.6579794046875002
0 0.6115936330886177 0.6054997705488101 0.5456076484375 0.6009255531250001 0.5416313461403374 0.6582862332236367 0.607617330791455 0.6628604506474467
0 0.6082671750663118 0.668693947279354 0.48522282656250004 0.6655533625 0.48052569837118836 0.8495812167831458 0.603570046875 0.8527218015625
0 0.4634581097879291 0.1286417593897359 0.3891610703125 0.12679816093750002 0.3869049338371666 0.21772048763315927 0.4612019733125957 0.21956408608539513