0 0.6434334715102339 0.09592213894658082 0.6418593984115566 0.008378698700237061 0.5400774019013227 0.010208787878656252 0.5416514749999999 0.097752228125
0 0.7046942321639122 0.04648860486572465 0.7036789292543137 0.007683181605931688 0.6439793517779014 0.00924515799020704 0.6449946546875 0.04805058125
0 0.7007105968750001 0.05640530000000009 0.6249588654117512 0.05212992744165644 0.6170662435074397 0.19197265854343407 0.6928179749706886 0.19624803110177771
0 0.6815856109375 0.399721896875 0.566381747339845 0.3948683461317541 0.5603946890625 0.5369771406250001 0.675598552660155 0.541830691368246
0 0.6744357515625001 0.5465049281250002 0.5607597833551725 0.5400336692723507 0.5524261657894881 0.6864243587841656 0.6661021339968156 0.6928956176368151
0 0.5486944046875001 0.6196503890625 0.48320898381976357 0.616254849047955 0.4794444113908304 0.6888573243066067 0.544929832258567 0.6922528643211516
0 0.5454566937500003 0.7106580890625 0.48665716290779304 0.7075717591038759 0.4812171703125001 0.8112123343750002 0.5400167011547073 0.8142986643336242
0 0.4880698984375001 0.3864540421875001 0.36804877642412603 0.3800402844634868 0.3581994076269435 0.5643522502453281 0.4782205296403175 0.5707660079693414
0 0.4776526937500002 0.5718584515625 0.42788398563455726 0.5692778514453384 0.4247201531250001 0.6302946109375 0.474488861240443 0.6328752110546618
0 0.423321864509825 0.6303965221135146 0.4216162218749999 0.5728310531249999 0.35298736205267484 0.5748644997614852 0.3546930046875 0.63242996875
0 0.47659486718750016 0.6398355937500001 0.35391277225068013 0.6326728528485852 0.34280131370019556 0.8229878497944938 0.46548340863701554 0.8301505906959086
0 0.6163973906250001 0.10349671875000008 0.5423116679525278 0.09922913207169262 0.5369370581950185 0.1925328838130671 0.6110227808674907 0.19680047049137456