0 0.6325986349100132 0.02769149475059554 0.5402053031249999 0.027067150000000068 0.5396284822774867 0.11242768181190459 0.6320218140625 0.11305202656250006
0 0.6926693346762843 0.029298372386265974 0.6377585264209957 0.029056187321285808 0.6375923859375 0.06672534843750008 0.6925031941927886 0.06696753350248025
0 0.6920705734375 0.07643315156250009 0.6183305659370815 0.07609430869367625 0.6177351846870816 0.20566297275617623 0.6914751921875 0.20600181562500008
0 0.692038921875 0.5376418624999999 0.69083549863257 0.4065880028256975 0.57890393300757 0.4076158325131975 0.58010735625 0.5386696921874999
0 0.6912339609375 0.5511923781250001 0.5805680062499999 0.5509594671875001 0.5802884209589593 0.683802404843052 0.6909543756464593 0.684035315780552
0 0.57291445625 0.618397459375 0.5092070140625 0.618397459375 0.5092070140625 0.683713853125 0.57291445625 0.683713853125
0 0.5743516606745122 0.7066305615651299 0.5171437318369527 0.7065940533266386 0.5170825484375001 0.802467634375 0.5742904772750596 0.8025041426134912
0 0.5023649585313021 0.38885831796582593 0.3855778437500001 0.3886727156250001 0.3853064862639384 0.5594197963484797 0.5020936010452404 0.5596053986893056
0 0.5015825484375 0.5699334546875 0.4531650984375 0.5699334546875 0.4531650984375 0.625309740625 0.5015825484375 0.625309740625
0 0.44726261718749993 0.5694670296875 0.3853293406250001 0.5694670296875 0.3853293406250001 0.6253684203125001 0.44726261718749993 0.6253684203125001
0 0.5039760484375 0.6360580765625001 0.3845205296875001 0.6353641859375001 0.3835064036736652 0.8099492641845452 0.5029619224236651 0.8106431548095451
0 0.6126355859375 0.11969933437500006 0.540506178562125 0.11928377205080007 0.540004467624625 0.2063660470508001 0.6121338749999999 0.20678160937500006