0 0.4827268166128678 0.17270677360837777 0.31683606406250003 0.16410503125000003 0.3119777724496323 0.2578006592041223 0.47786852500000004 0.26640240156250006
0 0.47474710785243046 0.4602683224442002 0.24919078437500003 0.448572809375 0.24491342808506963 0.5310646806807999 0.4704697515625 0.5427601937500002
0 0.49182575693885633 0.17580751056154617 0.15193733961686598 0.15192328362431123 0.12988374208407133 0.465760628302695 0.4697721594060617 0.4896448552399299
0 0.9480151488385846 0.565480993096814 0.7662951843750001 0.5560584765625001 0.7614633870989154 0.6492431397156863 0.9431833515625 0.6586656562500002
0 0.8533221897968911 0.3941155740144097 0.5799265328125001 0.37993950156250006 0.5715299914531091 0.5418727837980903 0.8449256484375003 0.5560488562500001
0 0.8514642973777027 0.16965861453893524 0.4860715193930926 0.16731323114649946 0.4846262474657119 0.3924755334771075 0.850019025450322 0.3948209168695433
0 0.8578999137714091 0.6615169251074415 0.7647532812500001 0.6601369750000001 0.760696169041091 0.9339920498925585 0.8538428015624999 0.9353719999999999
0 0.9594340784653393 0.18573166578687375 0.8643085453125 0.18432239843750012 0.8588067371596608 0.5556943982756265 0.9539322703125002 0.5571036656250001
0 0.4877747958181229 0.5569304789031955 0.24842855468749997 0.544519934375 0.242408480744377 0.6606213726593045 0.4817547218749999 0.6730319171875
0 0.23464850261179082 0.5378238056532447 0.12829326250000003 0.5362481734374999 0.12641336145070928 0.6631415724717551 0.23276860156250004 0.6647172046875
0 0.75058675355621 0.6796431625869287 0.48369810468750013 0.6756892562500002 0.4793794839437903 0.9671961249130717 0.7462681328125002 0.9711500312500002
0 0.7565621668453908 0.5693374179275581 0.48812526875000006 0.5554184687500001 0.48205229409210926 0.6725401320724422 0.7504891921875 0.6864590812500001