0 0.4762820997090322 0.1462954002182308 0.3229372734375 0.14061596250000002 0.31968435341596785 0.22844480759426933 0.4730291796875001 0.2341242453125001
0 0.4670496428967601 0.41554257213911094 0.25761906250000005 0.40778588281250006 0.2547551133532401 0.4851124981733891 0.4641856937500001 0.4928691875000001
0 0.4810282199658942 0.14882728223425645 0.16436320291659728 0.13126520040656794 0.14803673023864886 0.42565072939131177 0.4647017472879457 0.44321281121900025
0 0.9092958839774152 0.5074442329758696 0.7411226828124999 0.5012155953125002 0.737887501960085 0.5885654701491305 0.9060607031250003 0.5947941078125001
0 0.820379144607131 0.3483231905373686 0.5678159046875 0.33896899687500004 0.5621939132053687 0.4907627735251315 0.8147571531249997 0.5001169671875
0 0.8261170020011734 0.3453495367481807 0.821468366054442 0.13616090635307654 0.4740003669740941 0.14388241697156942 0.4786490029208256 0.35307104736667355
0 0.8261332558884815 0.600580947709515 0.7389576140625 0.5986437109375001 0.7333038394240187 0.8530635319779852 0.8204794812500001 0.8550007687500003
0 0.9245117854301125 0.1539291089014991 0.835484096875 0.1519507156250001 0.8278026630073876 0.4976152051610011 0.9168303515625 0.4995935984375001
0 0.47788181703114113 0.5058020056161091 0.25624046875000006 0.497593065625 0.25220966421885904 0.6064247725088909 0.4738510125000001 0.6146337125000001
0 0.24333323947993865 0.4937282750852737 0.14379570468750003 0.4915163296875 0.14120516989506143 0.6080903858522263 0.24074270468750006 0.61030233125
0 0.7254327505141627 0.6226444471971013 0.47565250312499996 0.6170937750000001 0.46971180104833754 0.884425366865399 0.7194920484375003 0.8899760390625001
0 0.7294836892622277 0.5136881048612806 0.4806317 0.504471365625 0.47656547636277224 0.6142594170137194 0.725417465625 0.6234761562500001