0 0.85395 0.5138640625000002 0.7679953125 0.5138640625000002 0.7679953125 0.6625828125000002 0.85395 0.6625828125000002
0 0.590475 0.5168874999999999 0.5147984375 0.5168874999999999 0.5147984375 0.7206171875 0.590475 0.7206171875
0 0.8573998277969126 0.8205381807370816 0.851716001883036 0.5116307965709328 0.5633376658611422 0.5169368926479379 0.5690214917750189 0.8258442768140867
0 0.516665625 0.08282031250000006 0.43117968749999996 0.08282031250000005 0.43117968749999996 0.2460500000000001 0.516665625 0.2460500000000001
0 0.668959375 0.17410937500000007 0.5204046875 0.17410937500000007 0.5204046875 0.41895 0.668959375 0.41895
0 0.875969865776959 0.1762250866850963 0.6719232905582253 0.16433402685153364 0.6520282692555034 0.5057258806933709 0.8560748444742371 0.5176169405269334
0 0.42136874999999996 0.16080937500000003 0.1737765625 0.160809375 0.1737765625 0.24605000000000005 0.42136874999999996 0.2460500000000001
0 0.861425 0.07436250000000008 0.5246109375 0.07436250000000007 0.5246109375 0.16141406250000007 0.861425 0.1614140625000001
0 0.5026546875 0.504796875 0.39614531250000007 0.504796875 0.39614531250000007 0.7200140625 0.5026546875 0.7200140625
0 0.5045234375000002 0.7327125 0.3919406250000001 0.7327125 0.3919406250000001 0.830040625 0.5045234375000002 0.830040625
0 0.39380625 0.25874687500000004 0.13593906250000004 0.25874687500000004 0.13593906250000004 0.5029828125 0.3938062500000001 0.5029828125
0 0.5040546875 0.2587437500000001 0.39660937500000004 0.2587437500000001 0.39660937500000004 0.5005625 0.5040546875 0.5005625