0 0.6943890203125 0.729279228125 0.6913177004247151 0.6878164187921231 0.6533459640624999 0.690629140625 0.6564172839502849 0.732091949957877
0 0.6913690846002293 0.7368109417978013 0.6906516311537769 0.6477048608792091 0.570170134375 0.6486749390625 0.5708875878214523 0.7377810199810921
0 0.8159103390625001 0.728342575 0.8151418466215608 0.6140796607052874 0.41801889773468826 0.616750570914666 0.41878739017562766 0.7310134852093786
0 0.69876978125 0.5234484515625 0.6984338938840758 0.48342676384275657 0.606993375 0.4841941906249998 0.6073292623659241 0.5242158783447433
0 0.5606490640625 0.545859559375 0.5602177128497726 0.4971187518641614 0.43643225625 0.498214240625 0.43686360746272734 0.5469550481358387
0 0.5566628890625 0.49467733281250015 0.5562551539580686 0.4510427326639344 0.43317735937499996 0.45219280937499995 0.43358509447943144 0.4958274095235657
0 0.8010133156249999 0.5227253374999999 0.8008001809900215 0.4826232846831517 0.6995710403610278 0.4831612979373777 0.6997841749960062 0.5232633507542259
0 0.797757521875 0.47898214375000003 0.7971415866181444 0.3914023225277376 0.6043216173404452 0.3927583953724464 0.6049375525973008 0.4803382165947087
0 0.674074484375 0.4464936609374999 0.6674028904003055 0.3556955157343077 0.607998371875 0.36006039375 0.6146699658496945 0.4508585389531922
0 0.6077696703125001 0.41098472187500007 0.603188995503846 0.3491455978326414 0.5491742515624999 0.3531466890625 0.553754926371154 0.4149858131048587
0 0.6104192968749999 0.4469488421875001 0.6097751380610718 0.3599874512612034 0.42652960497498116 0.3613448263444792 0.42717376378890926 0.4483062172707758