0 0.6639166656250001 0.7339894437500002 0.6625028824301781 0.6958173135679474 0.6261835390625001 0.6971624750000001 0.6275973222573221 0.7353346051820528
0 0.6625109036515849 0.7411519062762648 0.6618275127107237 0.6562742464999362 0.5484325796875 0.6571872437499999 0.5491159706283613 0.7420649035263286
0 0.7797071328125 0.7330969734375 0.7789750550327562 0.6242509243215062 0.40460914164288964 0.6267688380989197 0.40534121942263346 0.7356148872149135
0 0.675349428125 0.5378676656250001 0.6750294950128394 0.4997456394959167 0.589310596875 0.500465021875 0.5896305299871606 0.5385870480040833
0 0.5429894703125 0.559221646875 0.5425786228293192 0.5127951475125049 0.4263448812500001 0.5138237484375001 0.4267557287331808 0.5602502477999952
0 0.5409975953125 0.510453675 0.5406092547559905 0.4688916895634992 0.42486757500000005 0.4699731390625 0.42525591555650955 0.5115351244990008
0 0.7727689453125001 0.5371786609375 0.772565887814789 0.4989757336155217 0.677526374912914 0.49948089086462166 0.6777294324106251 0.5376838181865999
0 0.7712104296875001 0.49549882500000003 0.7706236917487795 0.4120718519344545 0.587944358076941 0.4133566270107508 0.5885310960156616 0.4967836000762963
0 0.6545397015625001 0.46454281875000014 0.6514631653932084 0.38011616285249966 0.5946462078125 0.3821865921875 0.5977227439817918 0.46661324808500043
0 0.59263221875 0.43070882812500005 0.590520244443858 0.3736855170343525 0.53885603125 0.37559900625000003 0.540968005556142 0.43262231734064754
0 0.59388769375 0.4649765296875 0.5932740883755832 0.38213981255289553 0.4217372343502899 0.3834104560450735 0.4223508397247067 0.46624717317967795