0 0.29808916718750006 0.59800930625 0.26122472187500007 0.59800930625 0.26122472187500007 0.63414125 0.29808916718750006 0.63414125
0 0.33841944375000005 0.6339226390624999 0.33837583281250005 0.5222363890624999 0.25404838507849614 0.5222693170106821 0.25409199601599614 0.6339555670106821
0 0.36940259218750005 0.7497686109375 0.3692544420073117 0.37998974905192784 0.2611113506364034 0.3800330760782241 0.2612595008165917 0.7498119379637963
0 0.49385777133806197 0.6526785406350755 0.49377500000000013 0.56861444375 0.45590037709789977 0.568651735927426 0.45598314843596166 0.6527158328125015
0 0.481757754740278 0.5204112809681942 0.4817025559202929 0.40595053426645533 0.43557749999999995 0.40597277812499993 0.4356326988199851 0.5204335248267389
0 0.5253664669713546 0.5202170992319834 0.5252780723048438 0.4062678295218509 0.48398648124999993 0.4062998609375 0.4840748759165107 0.5202491306476326
0 0.49390870312500007 0.6562848609375 0.4559507406250001 0.6562848609375 0.4559507406250002 0.7495252781249999 0.4939087031250001 0.7495252781249999
0 0.5803437194676814 0.5687649577512733 0.4974378703125 0.5687133328125 0.4973252890622966 0.7495105282930048 0.5802311382174781 0.7495621532317781
0 0.6112426859375001 0.5782673609375002 0.5289499078125 0.5782186109375 0.5289164246121163 0.6347401612984493 0.6112092027371163 0.6347889112984495
0 0.6181978703125 0.5230834718749999 0.563051759375 0.5230834718749999 0.563051759375 0.5744811109375 0.6181978703125 0.5744811109375
0 0.611299259375 0.40626555625 0.5289983328125001 0.40626555625 0.5289983328125001 0.5744675 0.611299259375 0.5744675