0 1 0.9779558375 0.8119153859375 0.9779558375 0.8119153859375 1 1 1
0 1.003107833646357 0.9295751585329419 0.8815398390625001 0.9223711296875001 0.878432005416143 0.9748158258420585 1 0.9820198546875002
0 1.0033344956287031 0.8682824932585047 0.8776938109375001 0.8610334125 0.8743593153087972 0.9188267145539953 1.0000000000000002 0.9260757953125001
0 1.0037708811754742 0.7911385301437893 0.8638807281249999 0.783043903125 0.8601098469495255 0.8482117167312107 0.9999999999999998 0.8563063437499998
0 0.8846441309644257 0.90990665972267 0.8061410812500002 0.9051026031250002 0.8021297419369591 0.9706518661511339 0.8806327916513845 0.9754559227488038
0 0.8536308183278388 0.7832214720294227 0.7265633593749999 0.7756915484375 0.7227416097971611 0.8401835717205774 0.84980906875 0.8477134953125001
0 0.7234147779959755 0.7695451313433663 0.5194920140625001 0.7578303578125001 0.5121959141915245 0.8848358733441339 0.716118678125 0.8965506468750002
0 0.7957438453125002 0.8922617468749999 0.5149910859375002 0.8922617468749999 0.5149910859375002 1 0.7957438453125002 1
0 0.507515979646803 0.8972115632168596 0.3635740718750001 0.8886816734374999 0.3577676875406972 0.9866644211581403 0.5017095953125 0.9951943109375
0 0.6521037242027841 0.17309011006854777 0.5588752375000001 0.16836124062500007 0.554883577359716 0.24705582899395245 0.6481120640625001 0.2517846984375002
0 0.8930211348786079 0.22097494854326394 0.6612317390625 0.20757501093750008 0.6550161658819896 0.31509073187201975 0.8868055616980977 0.32849066947778366
0 0.7563115334515318 0.5782830523806226 0.6921347328125002 0.5744799828125001 0.690097719656385 0.6088545807201635 0.7542745202954165 0.6126576502882861
0 0.7569077671321415 0.39407872076856076 0.47876498749999996 0.3778415656250001 0.4713767609928586 0.5044020276689394 0.749519540625 0.5206391828125001
0 0.8615057782007197 0.8524020774426276 0.7295485968750002 0.8446818203125002 0.7277290061742807 0.8757828647448728 0.8596861875000001 0.8835031218750002
0 0.7577366500322322 0.6204892859214108 0.6941104546875 0.6162475437500001 0.6930639840939238 0.6319446181403692 0.756690179438656 0.6361863603117799
0 0.8863691103221653 0.1719768775815798 0.7947000718750001 0.1665816421875001 0.7922024412403348 0.20901823335592043 0.8838714796874999 0.2144134687500001