0 0.7117990296875001 0.21400119218750008 0.44936344759353786 0.2031846672773597 0.4383246093750001 0.47101411875000004 0.7007601914689624 0.48183064366014045
0 0.4463979859374999 0.05348642812500004 0.1523079117853368 0.04912953706755193 0.1484104765625 0.31220634999999997 0.4425005507146631 0.3165632410574481
0 0.42137386250000003 0.5700262984375 0.13028797124645228 0.5640722628234465 0.1261441828125001 0.7666572703125001 0.41723007406604784 0.7726113059265536
0 0.21725988125000004 0.48513811718750005 0.13984249071948807 0.4827180852752613 0.1374880692572541 0.5580365820658939 0.21490545978776604 0.5604566139781327
0 0.4119982484375001 0.7809776406250001 0.25054062692100676 0.7793378310599155 0.24987281875000006 0.8450910265625001 0.41133044026649346 0.8467308361275847
0 0.6925672193541235 0.6424534377897171 0.43544440853212646 0.628112777617798 0.42362353449050294 0.8400567413905812 0.6807463453125001 0.8543974015625
0 0.6914594331039423 0.4832463538939017 0.43856225367178825 0.47949973132370527 0.4363212521120473 0.630767429882366 0.6892184315442014 0.6345140524525623
0 0.6920379203125001 0.4839852718750001 0.6073802749999999 0.4805383671875001 0.6054181673979054 0.5287286783514421 0.6900758127104056 0.5321755830389422
0 0.6885075609608088 0.5899028072238418 0.6016521131897388 0.5896736182530014 0.6015296063485245 0.636099877377401 0.6883850541195945 0.6363290663482415
0 0.681436503125 0.8615347999999999 0.5501806539383203 0.8574102560835568 0.5464075312500001 0.9774827859374999 0.6776633804366798 0.9816073298539431
0 0.31653490000000006 0.4820034796875 0.22535113972766235 0.47807068494112076 0.2219967562500001 0.5558436984374999 0.3131805165223378 0.5597764931838792