0 0.47963818912935735 0.7140572914689682 0.34034536648258185 0.7091167527874724 0.3379997097656697 0.7752498540792007 0.4772925324124452 0.7801903927606965
0 0.4783797556688413 0.6472976304121698 0.39437686406250005 0.6444511109375001 0.3922572818311589 0.7070015477128303 0.4762601734375001 0.7098480671875
0 0.7119347184132642 0.6545411843937844 0.4825650812500002 0.6477450468749999 0.4786453378460821 0.7800363843949909 0.7080149750093461 0.7868325219137754
0 0.7090174642961237 0.5537074614869586 0.3936916829125332 0.5438693546959591 0.39072706219339 0.6388898057470753 0.7060528435769804 0.6487279125380748
0 0.3214609238542484 0.4626300434181272 0.07572130562800661 0.4565714427042991 0.07382593504104543 0.5334485413013448 0.31956555326728725 0.5395071420151728
0 0.22453983419390494 0.24718858431379703 0.07195418906250003 0.24151278906249996 0.06967574354752483 0.302765541039379 0.2222613886789297 0.3084413362906761
0 0.330151684112618 0.31830147296298433 0.07245235000000003 0.3106659375000001 0.0683258884688864 0.44993402078825556 0.3260252225815044 0.4575695562512398
0 0.9503983366491353 0.19247372873417698 0.2456754375199929 0.17159305121175325 0.24218956715259474 0.28924118157836054 0.9469124662817372 0.31012185910078427
0 0.530081990625 0.41172284687499994 0.528251400704341 0.21205229592523422 0.34051886562499994 0.2137734375 0.3423494555456591 0.4134439884497657
0 0.33522402494827697 0.21294965910168134 0.23982616875 0.21012305625 0.23699910652580006 0.3055364162723984 0.332396962724077 0.3083630191240797
0 0.708506512825798 0.22851609155693695 0.5342433105184761 0.22414473527975515 0.5294997554875234 0.41324556294044096 0.7037629577948454 0.41761691921762284
0 0.9536338336374192 0.3147300903668341 0.7072335937702465 0.3064910765172498 0.6992067320474618 0.5465465843708539 0.9456069719146344 0.5547855982204382
0 0.7070992815055479 0.4225971482147136 0.4896592911720458 0.4170849762282792 0.4865752299789981 0.5387426889510657 0.7040152203125001 0.5442548609375001
0 0.4830398851376801 0.46738676268154844 0.33802141250000006 0.46308991875000005 0.33592274203680456 0.5339200419732001 0.4809412146744846 0.5382168859047485