0 0.4663343388182355 0.7001360025690037 0.3294698269308284 0.6993364189272656 0.3290827909098535 0.7655852681138509 0.46594730279726065 0.7663848517555889
0 0.4662152421160005 0.6333896099665238 0.38499843750000007 0.63304375 0.3847316328839997 0.6956963275334763 0.4659484375000001 0.6960421875
0 0.6967546875000001 0.7641484375 0.6955579262038274 0.6317154001717399 0.4695704262038273 0.63375758767174 0.4707671875 0.7661906250000001
0 0.6977187500000002 0.532928125 0.38502595636134124 0.5324369125234143 0.3848764736862106 0.6275936064495694 0.6975692673248696 0.6280848189261551
0 0.3136903711344171 0.5302815570386542 0.31357134283036536 0.4533117541879064 0.06723524684946498 0.4536926953706219 0.06735427515351675 0.5306624982213697
0 0.217846875 0.23948593749999997 0.06682812500000004 0.23948593749999997 0.06682812500000004 0.3008453125 0.217846875 0.3008453125
0 0.32098281250000005 0.30865468749999997 0.06367031250000005 0.30865468749999997 0.06367031250000005 0.44810625000000004 0.3209828125000001 0.44810625000000004
0 0.9427468749999999 0.1643859375000001 0.24168125 0.16438593750000005 0.24168125 0.28218906250000003 0.9427468749999999 0.2821890625000001
0 0.5251578125 0.20343906250000007 0.3375 0.20343906250000005 0.3375 0.3961906250000001 0.5251578125 0.39619062500000013
0 0.3313546875 0.20310625 0.23445468749999998 0.20310625 0.23445468749999998 0.29864531250000004 0.3313546875 0.29864531250000004
0 0.704609375 0.2076203125000001 0.52975 0.2076203125000001 0.52975 0.3969703125000001 0.704609375 0.3969703125000001
0 0.9391140625000001 0.2865609375000001 0.6970622045905894 0.28530538818765394 0.6958145520068092 0.5258348703512511 0.93786640991622 0.5270904196635973
0 0.6967790706461398 0.4018619879215103 0.48104588469961496 0.40093845064489625 0.4805246265534753 0.5227014627233861 0.6962578125000001 0.5236250000000002
0 0.4735182077068402 0.5232476933387654 0.4730337510662871 0.4523055942875932 0.33130625 0.45327343749999993 0.3317907066405531 0.5242155365511721