0 0.4477499434356777 0.7084048979457862 0.3075631334786068 0.7044703002134953 0.3056627967410145 0.7721778940294934 0.4458496066980854 0.7761124917617843
0 0.4486134557734431 0.6401615966643733 0.3651114546875001 0.6379502671874999 0.3634156536015572 0.7019854033356266 0.4469176546875002 0.7041967328125001
0 0.6848167886992536 0.6457515429085946 0.4537907138442437 0.6406176301340387 0.4507816953125001 0.7760234640625 0.68180777016751 0.7811573768370559
0 0.6863418765625001 0.5427003906250001 0.3667959770969135 0.535097214737498 0.3644817013305116 0.6323614819763906 0.6840276007960981 0.6399646578638927
0 0.29492559546449654 0.4525762536568023 0.043253127585439886 0.448236398569345 0.04189654414536344 0.5269060074313159 0.2935690120244201 0.5312458625187733
0 0.20108715870272972 0.23297762544550263 0.04672581341232416 0.22837803527387668 0.04485703437500004 0.29109389374999994 0.1992183796654056 0.2956934839216259
0 0.3052839246969444 0.3048678128365444 0.04232098154063031 0.29902419202227015 0.03915327426852373 0.441571022798157 0.3021162174248378 0.4474146436124314
0 0.9433209907545372 0.17150264734066134 0.22595316448999814 0.15556114298862583 0.2232772119713487 0.27597902822074183 0.9406450382358879 0.29192053257277734
0 0.5150627596700456 0.20173420124074443 0.3230565460734677 0.19780466467377253 0.3190201270284222 0.39503340249552826 0.5110263406250002 0.39896293906250013
0 0.31692655136239645 0.1971820654182788 0.2184283905679078 0.19499321686447924 0.2162581755833656 0.2926528672477765 0.3147563363778542 0.29484171580157603
0 0.6983739942286143 0.21027275051340788 0.5200812118615101 0.20712151611800517 0.5166609552599748 0.400635228327676 0.6949537376270791 0.4037864627230787
0 0.938338586641243 0.29634600538219624 0.6908832240557478 0.2899038822767377 0.6844855341913683 0.5356524715513146 0.9319408967768636 0.5420945946567731
0 0.6872226904534026 0.40865781402343737 0.46665235650329395 0.4047007453573713 0.46441883792489136 0.529198948521434 0.6849891718750001 0.5331560171875
0 0.45877797535242515 0.4561805014557515 0.3129413093750001 0.4529396875000001 0.3113302507981833 0.5254373423315395 0.4571669167756083 0.528678156287291