0 0.7605669999999999 0.0879416750000001 0.6817660103054412 0.08294619309117418 0.6760621718750001 0.17292111875000007 0.7548631615695588 0.177916600658826
0 0.7653449140624999 9.992007221626409e-17 0.6873530737960429 -0.004943215411881618 0.6816078171875 0.08570287187500009 0.759599657453957 0.09064608728688181
0 0.6869123875599689 0.1736742825512924 0.678151626540946 -0.005368222464707762 0.4277364264809771 0.0068848887339998275 0.4364971875 0.18592739375
0 0.6063148812500001 0.18360837656250012 0.43751750952033647 0.1732087170085506 0.4244068140625001 0.38600904218750004 0.5932041857921637 0.3964087017414496
0 0.9031704421875 1.1102230246251565e-16 0.7719368863449964 -0.008312583365627152 0.760730646875 0.16860409687500008 0.8919642027175037 0.17691668024062737
0 0.768523406523818 0.7656399398521568 0.76339226875 0.6609308593749998 0.599643310663682 0.668955172647843 0.6047744484375001 0.773664253125
0 0.608193064409148 0.7804707413190363 0.6028226421875 0.66895926875 0.392549798090852 0.6790860649309638 0.39792022031249996 0.7905975375
0 0.27252844062479 0.4342862673770931 0.2692502546875 0.360207409375 0.16493338281271008 0.364823707622907 0.16821156875 0.43890256562500013
0 0.11308862343750008 0.28029582968750005 0.03778967455527991 0.2747573725702473 0.025187828363277376 0.44608771821421306 0.10048677724549755 0.4516261753314659
0 0.292649859375 0.015077371875000037 0.05441215308262472 0.0014743746695058495 0.03869007343750003 0.2768248828125 0.2769277797298753 0.2904278800179942
0 0.8685707937500002 0.5316069531250002 0.740315175749835 0.5245499558578648 0.7268665760713883 0.7689681407746585 0.8551221940715535 0.7760251380417938