0 0.2204952703168636 0.670726499670055 0.14254986698275915 0.6707170462781596 0.14254066072839566 0.7466247434831047 0.2204860640625001 0.7466341968750001
0 0.1367546685335444 0.6704692482123841 0.04861761406250008 0.6702103625 0.04839694709145579 0.7453359330376159 0.1365340015625001 0.74559481875
0 0.22202288719153226 0.44168650454700675 0.04877887938273584 0.44095168411961916 0.04784169531250008 0.6619056999999999 0.2210857031212965 0.6626405204273874
0 0.4118305468750001 0.44287772031249995 0.22715158526920526 0.4423229228533393 0.22666328995670523 0.6048648916033394 0.41134225156250015 0.6054196890625001
0 0.21994983281250008 0.7516953375 0.047786355450885346 0.7511858845293039 0.04741229449180938 0.8775952670710536 0.21957577185342408 0.8781047200417497
0 0.793201784375 0.786276684375 0.7931021558905658 0.6401066294902332 0.6924035688421879 0.6401752649410456 0.692503197326622 0.7863453198258125
0 0.7994425859375001 0.6323854921875001 0.7990808435899863 0.4433433947007777 0.6918564335256004 0.44354857444816276 0.6922181758731141 0.632590671934885
0 0.450540690625 0.2925751296875 0.4502415537695388 0.20042356145677406 0.3790546493508026 0.20065464408669223 0.3793537862062638 0.29280621231741816
0 0.4502092647440933 0.13644116527553662 0.44976789831105524 0.06377275062274701 0.294460528879462 0.06471604159721041 0.2949018953125 0.13738445625
0 0.28827549028493427 0.29229099715344087 0.28786695763685544 0.06431667929869633 0.048932604851921205 0.06474485245775549 0.0493411375 0.2927191703125
0 0.7987169947429982 0.756912293959989 0.5742757742750155 0.7557507094684683 0.5736334732820177 0.8798560326959792 0.7980746937500003 0.8810176171874999