0 0.22088567125759653 0.7025736381540406 0.13481014531250007 0.6968456984375 0.12964065530490365 0.7745292274709594 0.21571618125000008 0.7802571671874999
0 0.1346675091380502 0.6965806337869528 0.03770907500000007 0.6898322343750001 0.03236035961194992 0.7666805412130473 0.12931879375000008 0.773428940625
0 0.2150495984375 0.6935700312499999 0.21074388710241454 0.4508796622598615 0.03275328495762949 0.45403749730862125 0.03705899629271497 0.6967278662987597
0 0.4209968944222844 0.4817015755920099 0.21986627656250007 0.4683361500000001 0.20881231026521574 0.6346825978454903 0.4099429281250001 0.6480480234375
0 0.22540614145692936 0.7861356736890941 0.039393145312500086 0.7731849375000002 0.03039038666807088 0.9024926528734062 0.21640338281250018 0.9154433890625002
0 0.805609959375 0.86033283125 0.8027997412558191 0.7012838998974802 0.699342535741489 0.7031118739116645 0.7021527538606699 0.8621608052641843
0 0.8096855171874999 0.7024162890625 0.8059179548727544 0.49891525535585063 0.6957644886860666 0.5009546064121299 0.6995320510008123 0.7044556401187793
0 0.44550687031249997 0.3288389375 0.4432434451913627 0.22790635125930558 0.37014300342314865 0.22954563726620364 0.37240642854428585 0.33047822350689804
0 0.44774504917051916 0.094973992759889 0.28160848125000004 0.08368981250000004 0.27655828882981615 0.15804360840753057 0.4426948567503353 0.16932778866741954
0 0.29498351087386177 0.08575605667466979 0.030459470312500007 0.06697424062500003 0.013904729693734746 0.30013203896250895 0.2784287702550965 0.3189138550121787
0 0.8211848137967193 0.8312403278208768 0.5804115718750001 0.8139439953125001 0.5712948315157811 0.9408533924916235 0.8120680734375002 0.9581497250000002