0 0.5297518296939161 0.14254134755730946 0.526808062755182 0.02417372268675029 0.4123213029687308 0.027020973687610455 0.4152650699074649 0.1453885985581696
0 0.5334565427619005 0.42743048074979184 0.5301618892151779 0.32537554473124375 0.41599576716305525 0.32906118536371853 0.41929042070977773 0.43111612138226674
0 0.5345259186791516 0.48518314892974257 0.5328294214814593 0.43261029541073615 0.41902079509409323 0.436282837470291 0.4207172922917854 0.4888556909892974
0 0.752616754857037 0.7827088105029744 0.7502540313394285 0.7095183317115944 0.6064180056834398 0.7141616236548736 0.6087807292010485 0.7873521024462536
0 0.5359614803965645 0.5429248397024757 0.5342655044377934 0.490351146305522 0.4194576400002476 0.49405473578883613 0.4211536159590188 0.5466284291857899
0 0.5363384437500001 0.6459840859375001 0.5343036414491715 0.5920736727931566 0.4223820523866714 0.5962980571681565 0.42441685468749996 0.6502084703125001
0 0.5357679250359719 0.6154889726967331 0.5348750875000001 0.5462390421875 0.42129258742300824 0.5477034583790041 0.4221854249589801 0.6169533888882373
0 0.5859066281124898 0.6979451498142211 0.5778130796875001 0.018782740625000006 0.41413119436690293 0.020733330420918426 0.42222474279189265 0.6998957396101396
0 0.39772016753750633 0.1983520983539779 0.3935440171875 0.03041296875 0.3080789402749936 0.03253823289602204 0.312255090625 0.20047736249999995
0 0.5304155422882431 0.3218651767490292 0.528616146875 0.20212898125 0.41500759521175706 0.20383629043847082 0.41680699062500015 0.32357248593750004
0 0.7382423882155111 0.08950983181356134 0.7354216109375 0.011495110937499997 0.5963977063005019 0.01652179650269505 0.5992184835785129 0.0945365173787564
0 0.7418746488141957 0.19662732432942065 0.7367204859375 0.09438265468750003 0.5942775699358042 0.10156321473307943 0.5994317328125 0.20380788437500005
0 0.6047605337582204 0.7878725473369944 0.6029641359375 0.7156615578125 0.546901669367746 0.7170562277018518 0.5486980671884665 0.7892672172263463
0 0.7581406711992027 0.9289865813069925 0.7549692453125 0.801435790625 0.6378374116132973 0.8043481593180077 0.6410088375 0.9318989500000002
0 0.6355348638030994 0.8525430603524219 0.6340733296875 0.8072536859375001 0.4329321471344005 0.813744716210078 0.43439368125 0.8590340906249999
0 0.549087430725037 0.9367826134168397 0.5466224162278956 0.860404749954399 0.4347048417528587 0.8640167709125594 0.43716985625 0.940394634375
0 0.6374031267982267 0.9335580740791013 0.6349016250000001 0.85602234375 0.5506192294517736 0.8587415102958988 0.5531207312500002 0.9362772406250002
0 0.43147971288609543 0.9430138420067771 0.4283060265625001 0.8154297156249999 0.3595695714889046 0.817139551743223 0.36274325781249994 0.944723678125
0 0.5377723503763879 0.6974773382046467 0.5362669359375001 0.6508124078125 0.4857838043111122 0.6524409977328534 0.4872892187500001 0.699105928125
0 0.48245839186986184 0.6995990114016639 0.48097486875 0.65363836875 0.4228938878176381 0.6555131135983359 0.4243774109374999 0.7014737562499999
0 0.5313777335670065 0.7938645528883581 0.528990684375 0.71989641875 0.35798574143299355 0.7254149736741418 0.360372790625 0.7993831078125
0 0.7498867029645154 0.6360745129908844 0.7478667765624999 0.5767176624999999 0.6025598883977522 0.5816624871895069 0.6045798147997677 0.6410193376803913
0 0.7518716534999391 0.6904219085294805 0.7501348734375001 0.6391711171875001 0.6015810402500611 0.6442052899080196 0.6033178203125 0.69545608125
0 0.7494985390976269 0.574035473571355 0.7462818359375001 0.48417487968749995 0.6006681425333249 0.4893873538932276 0.6038848456934518 0.5792479477770826
0 0.7480856736416673 0.4687340515769155 0.7446936050283693 0.40767797886240575 0.5997571405654416 0.4157301579523695 0.6031492091787396 0.47678623066687925
0 0.7426910720780726 0.3010324124660196 0.7389908078125 0.2030325625 0.5972294970375123 0.20838516572014068 0.6009297613030847 0.3063850156861602
0 0.7459709424692835 0.40414795467063425 0.7415406092221046 0.3057257779851279 0.5996836660728805 0.3121112650038248 0.6041139993200595 0.4105334416893311