0 0.929445630914364 0.5991741370397269 0.9288161987614998 0.4907897739827479 0.8150334670290584 0.491450556661846 0.8156628991819227 0.5998349197188249
0 0.6436135347808294 0.4963779669830332 0.5469713427542346 0.4946917908326263 0.5450590439561867 0.604294069105026 0.6417012359827815 0.6059802452554329
0 0.5420510374511355 0.49696859480961464 0.4922665545382613 0.4960998323190079 0.4903725455567816 0.6046361224959218 0.5401570284696557 0.6055048849865285
0 0.2768307222310819 0.2993123141743376 0.20752224920597198 0.2981030851684995 0.20512817138917416 0.4353226498534724 0.2744366444142841 0.4365318788593105
0 0.487363510193081 0.4972873443339488 0.437579039939903 0.4964185820642597 0.4356696152110177 0.6058382725048788 0.4854540854641957 0.6067070347745678
0 0.3910484847848573 0.5006189937480217 0.3399933053581201 0.4994422331349432 0.33754103023019033 0.6058371492025716 0.38859620965692754 0.6070139098156502
0 0.4344421875000001 0.4983171875000001 0.36977188474158806 0.4967256095584503 0.36710133579163384 0.6052375489464352 0.4317716385500459 0.6068291268879851
0 0.9337971376009012 0.5998457118453595 0.93321875 0.4423796875 0.29002532573795026 0.44474219778195423 0.29060371333885143 0.6022082221273137
0 0.9252636526204773 0.6979562547378226 0.9247937500000001 0.6170484375 0.7644519723795228 0.6179796827621774 0.764921875 0.6988875000000001
0 0.7617607466610625 0.6020182058443042 0.760321875 0.494246875 0.6454736283389375 0.49578023165569585 0.6469125000000001 0.6035515625000001
0 0.9379078125000001 0.2930625000000001 0.8640379947035577 0.29136560556663665 0.8609911964827969 0.42399991976142637 0.9348610142792394 0.42569681419478983
0 0.8594140625000002 0.2942390625000001 0.7626197006811719 0.2904950561956074 0.7573287615486894 0.4272825066200472 0.8541231233675177 0.43102651292443983
0 0.2733913613479617 0.4918943730314108 0.2730828125 0.43882031250000014 0.20384770115203826 0.43922281446858935 0.20415624999999998 0.4922968750000001
0 0.1903892290283878 0.40839434858820445 0.18974374090500407 0.2975046875529419 0.06717638687661623 0.2982181514647374 0.06782187499999999 0.4091078125
0 0.1859296875000001 0.41204999999999997 0.14304241266405132 0.411301171210261 0.13970468797620708 0.6024609102264465 0.18259196281215584 0.6032097390161855
0 0.13683281250000004 0.4963265625 0.06450596176295867 0.4950641192845392 0.06263593750000007 0.6022000000000001 0.13496278823704144 0.6034624432154608
0 0.13974375000000006 0.4126796875 0.06632199516319176 0.4113989745342444 0.06490937500000006 0.4923828125 0.13833112983680834 0.49366352546575565
0 0.18145263009587714 0.6720271541392046 0.18107500000000004 0.606953125 0.05920518240412288 0.6076603458607954 0.059582812500000006 0.672734375
0 0.33541562500000005 0.5000375 0.2912257831738899 0.499265326575962 0.29037809770520473 0.5477765620230507 0.3345679395313149 0.5485487354470886
0 0.3335156250000001 0.5524281249999999 0.28999112404829225 0.5516682247233542 0.28901875000000016 0.6073625 0.332543250951708 0.6081224002766457
0 0.2701093750000001 0.5089281250000001 0.2000643620809805 0.5077056764636242 0.19721875000000008 0.67075625 0.26726376291901965 0.6719786985363759
0 0.4025984375000002 0.2977000000000001 0.34642140029608925 0.29597994257332383 0.3421822367202523 0.43443093044146186 0.39835927392416315 0.43615098786813816
0 0.34343750000000006 0.2973671875 0.29495863667202 0.29566914240385755 0.2899795188600307 0.4378220053930087 0.3384583821880108 0.43952005048915116
0 0.4902375000000002 0.29651250000000007 0.40521586554359235 0.2936649907924829 0.40054731321879433 0.4330597812120323 0.4855689476752022 0.43590729041954945
0 0.5613203125000001 0.29575937500000005 0.5034484554807813 0.29402738519570726 0.49932904752014656 0.4316712604141471 0.5572009045393653 0.43340325021843984
0 0.7565171875 0.2952453125 0.6637396096380724 0.2926336127497077 0.6599104143314343 0.42866129574442996 0.7526879921933618 0.43127299549472226
0 0.65905 0.29581250000000003 0.5658371992954175 0.29315111302243485 0.5619710152771306 0.42856089875510833 0.655183815981713 0.4312222857326735