0 0.17382812500000006 0.49624375 0.06250000000000007 0.49624375 0.06250000000000007 0.6046421875 0.17382812500000008 0.6046421875
0 0.4443359375 0.50015 0.3476562500000001 0.50015 0.3476562500000001 0.607571875 0.4443359375 0.607571875
0 0.4990234375 0.50015 0.44921875 0.50015 0.44921875 0.607571875 0.4990234375 0.607571875
0 0.7872515625000001 0.3009312500000001 0.7179156250000001 0.3009312500000001 0.7179156250000001 0.4366734375000001 0.7872515625000001 0.4366734375000002
0 0.5537109375 0.50015 0.50390625 0.50015 0.50390625 0.6085484375 0.5537109375 0.6085484375
0 0.6518328125 0.6078640624999999 0.6512546875 0.501859375 0.6001726275197207 0.5021379647173283 0.6007507525197207 0.6081426522173282
0 0.6221444388789075 0.6081138394914772 0.6216000600192528 0.5005658208767545 0.5568140625000001 0.5008937500000001 0.5573584413596547 0.6084417686147228
0 0.7016640625 0.4561734375000001 0.05896250000000004 0.4478546875 0.05695700443019025 0.6027980547491153 0.6996585669301901 0.6111168047491154
0 0.2228000000000001 0.622490625 0.06434062500000007 0.622490625 0.06434062500000007 0.703409375 0.2228000000000001 0.703409375
0 0.34354264624791486 0.49982792827153205 0.2309718750000001 0.4987218750000001 0.2299151662520853 0.6062705092284681 0.3424859375000001 0.6073765625
0 0.13130700298827716 0.4295189455451828 0.1307985894001578 0.2982621241537655 0.056881250000000015 0.29854843749999993 0.05738966358811939 0.4298052588914172
0 0.23472343750000002 0.43174999999999997 0.23229162718635638 0.29751280411899983 0.1353625 0.29926875000000003 0.13779431031364364 0.43350594588100017
0 0.7872296875 0.44045312500000006 0.7192296875 0.440453125 0.7192296875 0.4935359375000001 0.7872296875 0.4935359375000002
0 0.9250296875 0.29863906250000005 0.8050453125000001 0.29863906250000005 0.8050453125000001 0.4095437500000002 0.9250296875 0.4095437500000002
0 0.8497625 0.4131718750000002 0.8068593749999999 0.4131718750000002 0.8068593749999999 0.6033359375000001 0.8497625 0.6033359375000001
0 0.9268453125 0.49717187500000015 0.8544890625000001 0.49717187500000015 0.8544890625000001 0.6026250000000002 0.9268453125 0.6026250000000002
0 0.9264890625 0.4135359375000002 0.8530359375 0.4135359375000002 0.8530359375 0.4928093750000002 0.9264890625 0.4928093750000002
0 0.928665625 0.6080687500000002 0.8083109374999999 0.6080687500000002 0.8083109374999999 0.6731515625000002 0.928665625 0.6731515625000002
0 0.7000296875 0.5020390625 0.655821875 0.5020390625 0.655821875 0.5495203125 0.7000296875 0.5495203125
0 0.7003484375 0.554425 0.65680625 0.554425 0.65680625 0.60910625 0.7003484375 0.60910625
0 0.7910515625000001 0.5105500000000001 0.720978125 0.5105500000000001 0.720978125 0.6719734375 0.7910515625000001 0.6719734375000002
0 0.648639063106683 0.4373446848728314 0.6484000000000001 0.29984687499999996 0.5921654010783206 0.29994464832405304 0.5924044641850034 0.43744245819688443
0 0.7001187500000001 0.4396453125 0.6998928974481101 0.29931716201288655 0.6513359375000001 0.2993953125 0.6515617900518901 0.4397234629871134
0 0.5901626908204947 0.43659939252709296 0.589677799938398 0.29909507643242306 0.5045375 0.29939531249999995 0.5050223908820967 0.43689962859466985
0 0.4931125959157335 0.43478015263881514 0.49097037732488574 0.29815295533546526 0.43305330026551225 0.2990610544669192 0.43519551885636 0.43568825177026904
0 0.33184422478167297 0.43281086640530597 0.33111093750000004 0.2989859375 0.23825212878296015 0.2994947528902304 0.23898541606463305 0.4333196817955363
0 0.4305047092147632 0.4323485361863386 0.42880153026009504 0.2984922033604879 0.33551545806343813 0.2996791690540402 0.33721863701810634 0.433535501879891