0 0.6445479606927678 0.9993394784382399 0.6368672051681536 0.8697267191914149 0.5202435685627538 0.8766377489878849 0.5279243240873679 1.00625050823471
0 0.6316035530101141 0.5869710355478259 0.5072176122692373 0.5842069028366782 0.5048991800668211 0.6885363257252592 0.6292851208076977 0.6913004584364069
0 0.6240589394171074 0.5277596112239034 0.5037141091434097 0.5250852809964326 0.5025197652687203 0.578830741976345 0.622864595542418 0.5815050722038159
0 0.4224724472979207 0.21209227387969248 0.2700493852256948 0.208705093815413 0.26838667118049025 0.28352720581154334 0.4208097332527162 0.2869143858758228
0 0.6205554358772521 0.46863798957250574 0.5003825666155806 0.4659674780730637 0.49918822151433595 0.5197129413429928 0.6193610907760074 0.5223834528424348
0 0.6140659866069591 0.3625351739960045 0.4957235484375001 0.3605501125 0.4947983839571301 0.4157051898289116 0.6131408221265892 0.41769025132491605
0 0.617226360238911 0.3935221011073418 0.49744031562500013 0.3930505250000001 0.4971613772610892 0.46390424889265836 0.6169474218750001 0.464375825
0 0.6410658838166222 0.9954286597184805 0.6144062526408481 0.2984040007470963 0.44310391562499996 0.30495593125 0.4697635468007741 1.001980590221384
0 0.7512155406250001 0.9998938437500001 0.7406430685127214 0.8214833766518874 0.6535842593750001 0.8266424171875 0.6641567314872787 1.0050528842856128
0 0.634762279185414 0.8149226274811692 0.6292189833768269 0.6887354818028657 0.5132735984375 0.6938288656249999 0.5188168942460869 0.8200160113033036
0 0.4562708859445018 0.9210177092077136 0.30979055312500015 0.9183293546874998 0.3083260190604552 0.9981274005133086 0.45480635187995694 1.0008157550335226
0 0.45019327764957373 0.9135302363120695 0.45008994663378327 0.8084376303208994 0.30354509375000005 0.80858171875 0.30364842476579046 0.91367432474117
0 0.48237048281250006 0.2868636625 0.477738002110224 0.20869054981832344 0.42062730312499996 0.21207488749999998 0.4252597838272759 0.29024800018167657
0 0.38607042031249994 0.192072184375 0.3778068340324046 0.05262415267021342 0.25848677499999995 0.0596949703125 0.2667503612800953 0.19914300201728657
0 0.5964881122468922 0.14846889041550804 0.38712795312500003 0.14381644218750006 0.3860991127531079 0.19011425645949212 0.595459271875 0.19476670468750007
0 0.5933744820608765 0.06517666691262569 0.47300052499999995 0.06250168906250005 0.4712653820016235 0.1405830940248744 0.5916393390625 0.1432580718750001
0 0.4747742852520907 0.06292573326437884 0.38260611875000006 0.06087755156250004 0.3808446725604094 0.14014262142312128 0.47301283906249997 0.14219080312500007
0 0.6708426296875001 0.19487469999999998 0.6627936746738887 0.05904856497981945 0.5927724234375 0.06319797187500001 0.6008213784511113 0.19902410689518052
0 0.5480164211625849 0.3090518852940357 0.49279308125000004 0.3078247 0.4917329538374152 0.3555304350184644 0.54695629375 0.3567576203125001
0 0.6123546238800193 0.3101374812896922 0.5494061062500002 0.3087386265625001 0.5483619417449811 0.355726070272808 0.6113104593750001 0.3571249250000001
0 0.6768442758544602 0.2136422816533876 0.4961628625 0.20962713906250005 0.49448246320803985 0.2852451058466125 0.6751638765625 0.2892602484375001
0 0.4309010266580778 0.3619253318217532 0.27751453906250007 0.3587831078125 0.276271160231491 0.4194781795443533 0.4296576478270688 0.42262040355360647
0 0.4284621643370623 0.30629393960220896 0.274215640625 0.30311418906250004 0.2731352690187544 0.3555219369343984 0.42738179273081667 0.3587016874741073
0 0.4350132650245683 0.4251385448698278 0.2815212328125 0.42226828125000004 0.2798025274718629 0.5141788547895724 0.4332945596839311 0.5170491184094
0 0.4370991599340376 0.5298569691885985 0.2865906330518321 0.5297018768638327 0.2865261048834269 0.5923228968514137 0.4370346317656324 0.5924779891761794
0 0.444929468261432 0.7042566784930805 0.2969106234375001 0.7017776281250001 0.2952313952946029 0.8020407825601961 0.44325024011853487 0.8045198329282766
0 0.43965026502274773 0.5975756834703314 0.29065176406250004 0.5961593843750002 0.2896936118247297 0.69695959500148 0.43869211278497733 0.6983758940968113