0 0.5399969679629955 0.1801446167371042 0.5325775837901956 0.058191481934388875 0.41728626598344787 0.06520557451987587 0.4247056501562477 0.18715870932259118
0 0.553364480326975 0.46887674017836634 0.5500284156816775 0.36564603311225785 0.4327284225337074 0.3694367691360264 0.436064487179005 0.47266747620213484
0 0.5569133555312421 0.5272151248035631 0.55519553714595 0.4740366021148814 0.4392915871214334 0.47778063121184744 0.44100940550672546 0.5309591539005292
0 0.787815785832301 0.8278309911068794 0.7854245022631607 0.7537974417996092 0.6388408518936235 0.7585320935610488 0.6412321354627638 0.832565642868319
0 0.5604057137769598 0.5855561688471246 0.5586884283478434 0.5323768361168615 0.44245360721542204 0.5361303312142731 0.44417089264453846 0.5893096639445362
0 0.565005 0.6896682968750001 0.5629445478966797 0.6351267275874397 0.4491980450034889 0.6394238027210123 0.4512584971068092 0.6939653720085727
0 0.5632612156670981 0.6576464568706585 0.5598489843830745 0.5878181305273127 0.4453695546875 0.5934122828124999 0.44878178597152363 0.6632406091558456
0 0.6169512218750001 0.7418693203125001 0.5840809220791716 0.05559040828544257 0.41909594782215925 0.0634925971340214 0.45196624761798765 0.7497715091610788
0 0.408671778125 0.23676185312500003 0.3982360167599326 0.06527207726122426 0.3121723328125 0.07050935781249999 0.32260809417756736 0.24199913367627576
0 0.5471618890625 0.3606861109375 0.5409875992631334 0.23961739914563118 0.4265010140661854 0.2454560121504596 0.432675303865552 0.3665247239423284
0 0.7473248890625 0.12748856718749998 0.7444677313196572 0.04856409407726048 0.6042289769516691 0.05364090013118848 0.607086134694512 0.132565373241428
0 0.7536594453124998 0.23579501250000004 0.7484331601912572 0.13230715180611977 0.6070095225992446 0.13944924797066888 0.6122358077204872 0.24293710866454918
0 0.63925144375 0.8326071359375 0.6347414774313856 0.7584607134512208 0.5782851109374999 0.7618946796874999 0.5827950772561142 0.8360411021737792
0 0.79928944375 0.9747237656249998 0.7912959537177431 0.8433673584698106 0.6733397843113008 0.850545397857563 0.6813332743435577 0.9819018050127524
0 0.6723776671875 0.8983750859375002 0.6708977581856169 0.8525639682139552 0.46698772425812274 0.8591511965938572 0.46846763326000584 0.9049623143174023
0 0.5878848890625 0.9834929125000003 0.5853877869659133 0.9062351946707592 0.470837221875 0.9099376656250001 0.4733343239715867 0.9871953834542412
0 0.6769707765625 0.98023454375 0.6744363716992658 0.9018073125687464 0.5877426671874999 0.9046088515624998 0.5902770720507341 0.9830360827437534
0 0.46985044531250003 0.9892538640625002 0.46192033742596433 0.8588937069280197 0.3926993328125 0.8631045796875 0.4006294406990357 0.9934647368219804
0 0.56797855625 0.7417039624999999 0.5664526929665277 0.6945014512726011 0.5145205552665161 0.6961802039509688 0.5160464185499885 0.7433827151783676
0 0.5121863328125 0.7438484812499999 0.5106841113439357 0.6973566971640213 0.451101221875 0.6992819124999998 0.4526034433435644 0.7457736965859785
0 0.5648184453125001 0.8390951609374999 0.5624006693421061 0.7642748498184617 0.3882858890625 0.7699012703125 0.3907036650328941 0.8447215814315383
0 0.7800478890625 0.6796690859375001 0.7780029602929943 0.6196229647730187 0.6299194069661783 0.6246660934983388 0.631964335735684 0.6847122146628202
0 0.7833895562500002 0.7345988265625001 0.7807083696778911 0.6825706649704614 0.6317677065542456 0.6902460794726957 0.6344488931263547 0.7422742410647343
0 0.77599755625 0.6170372343750001 0.7711601331400045 0.5255829211861117 0.6253792302505036 0.533293917901785 0.6302166533604991 0.6247482310906735
0 0.7708236671875001 0.51067553125 0.7673819140340636 0.44886330426428983 0.6217541553439918 0.45697197179078586 0.6251959084974282 0.5187841987764961
0 0.7603706656249999 0.3411679875 0.7566222267797322 0.24201974193130477 0.6135404892749612 0.2474291482181732 0.6172889281202288 0.3465773937868684
0 0.766713 0.44538694999999995 0.7622211777104854 0.3457856853827639 0.6192794747856878 0.3522320766988403 0.6237712970752025 0.45183334131607644