0 0.10724715108661635 0.4813790193901859 5.828670879282072e-17 0.4774069015625 -0.004244655186258525 0.5920125592542989 0.10300249590035777 0.5959846770819848
0 0.3926854317894315 0.4961169045229751 0.2907822653469748 0.4893233593167066 0.28302429828416226 0.6056928519532518 0.3849274647266189 0.6124863971595202
0 0.4504412067841086 0.4982560076417172 0.39794563689592544 0.4947563028834011 0.3902829972723049 0.6096958939828772 0.44277856716048813 0.6131955987411931
0 0.7688628912479115 0.2991948633517582 0.6957808227151681 0.2943227259963374 0.6860897551922625 0.43968875515321926 0.7591718237250059 0.44456089250864006
0 0.5081929250908744 0.5004559571831622 0.45569735485823565 0.49695625267772126 0.4480146363412308 0.6121970362524528 0.5005102065738696 0.6156967407578937
0 0.611095159375 0.5059853921875 0.5572249889911856 0.502688508725502 0.5503175557215167 0.6155540714428347 0.6041877261053312 0.6188509549048329
0 0.579378756107598 0.5046058753339074 0.510242723032584 0.5012135885060902 0.504665346875 0.6148825328124999 0.573801379950014 0.6182748196403172
0 0.6675493953125 0.45970798124999995 5.2735593669694933e-17 0.42631474999999996 -0.008193862012251838 0.5901146407803457 0.6593555333002481 0.6235078720303457
0 0.15010847187500007 0.61662571875 7.216449660063518e-17 0.6110661453125 -0.003168607595398837 0.6966185441545824 0.14693986427960115 0.7021781175920824
0 0.28561155156250007 0.49177331718750006 0.16578595658186876 0.4861543149362122 0.160454260264775 0.5998530918508103 0.28027985524540633 0.6054720941020981
0 0.07572233125000002 0.2714182859375 3.3306690738754695e-17 0.2681193421875 -0.006018623878495262 0.40626787260623864 0.06970370737150473 0.40956681635623865
0 0.18292332187500007 0.27564179218750007 0.08057924162873135 0.2706762281779564 0.07376464598866456 0.4111302675765878 0.1761087262349333 0.4160958315861315
0 0.7590225515625001 0.4464525734375 0.6855485783106574 0.4437313148136708 0.6834699671874999 0.4998538078125 0.7569439404393425 0.5025750664363292
0 0.9145386140624998 0.302071996875 0.7843567658307502 0.29725044628650654 0.780013971875 0.41450586718750004 0.9101958201067495 0.41932741777599364
0 0.8269845984374999 0.42008666406250006 0.7817634728551927 0.4170719226619271 0.7682854796874999 0.6192418406250002 0.8135066052698073 0.6222565820255731
0 0.9024779984375003 0.5118146328125002 0.8262124331583462 0.506730261936556 0.8186375140625002 0.6203540515625001 0.8949030793416541 0.6254384224384444
0 0.9079903203124999 0.4234723140625 0.8305686177130598 0.418310866066591 0.824834653125 0.504320315625 0.9022563557244402 0.509481763620909
0 0.8965925203124998 0.6290046453125002 0.767451475947196 0.6242216434341554 0.7649029703125001 0.6930312921875001 0.8940440146778039 0.6978142940658449
0 0.6625940593750002 0.508082996875 0.6159977559041512 0.5049765769339936 0.6125629265625 0.556499021875 0.6591592300333491 0.5596054418160066
0 0.6592423546875001 0.5634205468750001 0.6133476392453071 0.5603608989305024 0.6094072609375002 0.6194665687500002 0.6553019763796932 0.6225262166944978
0 0.7581235421875 0.5206317687500002 0.6842641280385873 0.5157078076262213 0.6727532453124999 0.6883710421875 0.7466126594614126 0.693295003311279
0 0.622303409375 0.29252719687500006 0.563020629177513 0.2886783329880417 0.5534853733884272 0.4355467309551897 0.6127681535859141 0.4393955948421481
0 0.6766862484375 0.2945413765625001 0.6254979076601563 0.291211404646668 0.6158334155332739 0.43977401386230675 0.6670217563106176 0.4431039857781388
0 0.5602742578125002 0.29046968437500004 0.46965575992188296 0.28638955140425376 0.46313591844902413 0.4311932244687002 0.5537544163396413 0.4352733574394465
0 0.4551025296875001 0.2852857843750001 0.3939424856604732 0.2826327807730284 0.38766396374839346 0.4273723794234311 0.4488240077754203 0.4300253830254027
0 0.28727326875000003 0.27920718750000006 0.1893458892287509 0.27321649883278454 0.1806620417352066 0.41516786309892717 0.2785894212564558 0.4211585517661427
0 0.39045148593750006 0.2830286031250001 0.2920050123710336 0.2777206324699272 0.2843516705205489 0.4196665031500532 0.38279814408701535 0.4249744738051261