0 0.07325075468750006 0.30674885 0.015301448813453477 0.3048637220293299 0.010777220312500054 0.4439396390625001 0.06872652618654664 0.4458247670331702
0 0.1569546468750001 0.06424221406250002 0.08918313315364303 0.06228281449728856 0.07805522187500005 0.4471738828125 0.14582673559635712 0.4491332823777115
0 0.37894862500000015 0.053580389062500046 0.2732490274252805 0.051421272379141826 0.2653858900356675 0.43636131020244245 0.37108548761038707 0.4385204268858007
0 0.4525323828125001 0.049236496875000056 0.3860268790837115 0.047564139678119385 0.3763151484375 0.43377561406250004 0.4428206521662886 0.4354479712593807
0 0.5148586484375002 0.19106920312500006 0.4573547214808345 0.18956084477141574 0.4550106828125001 0.27892384531250003 0.5125146097691657 0.28043220366608435
0 0.5126964156250001 0.31329240781250006 0.4542609464688242 0.3115685066417604 0.45089947087942195 0.42551320745049265 0.5093349400355979 0.4272371086212323
0 0.6031965 0.15389035781250007 0.538902471802203 0.1524044377169093 0.5326028906250001 0.42497996250000003 0.5968969188227973 0.4264658825955908
0 0.6794146859375001 0.03390496093750008 0.6148905800382515 0.03248983237699528 0.6083462109375001 0.3308864421875001 0.6728703168367487 0.3323015707480049
0 0.7843519466588095 0.35426798808123117 0.6069663893990629 0.35038396247900183 0.6005726546875 0.642389296875 0.7779582119472466 0.6462733224772292
0 0.7295384671875003 0.19861015312500013 0.6804923769241166 0.1976994022323179 0.6764136828125001 0.41734672968750014 0.7254597730758838 0.4182574805801823
0 0.7944131000000001 0.027261270312500096 0.689278888374844 0.02502838739883607 0.6860994343750001 0.17473144062500007 0.7912336460001561 0.1769643235386641
0 0.9063949578124999 0.02025692968750011 0.802520445001018 0.017810615970093847 0.7976112390625 0.22626359218750008 0.9014857518739818 0.22870990590490634
0 0.9824091703125 0.014356435937500123 0.9159783573031586 0.012740816562191832 0.9109840796875 0.21809482968750013 0.9774148926968413 0.21971044906280843
0 0.9768018000000003 0.23885779375000019 0.7941403233179464 0.2337636411117492 0.7830208133665665 0.632476881945696 0.9656822900486203 0.6375710345839469
0 0.9710757354610149 0.8452063088553023 0.9653362568960727 0.6567683946238894 0.7187852323725575 0.664277893581087 0.7245247109374999 0.8527158078125