0 0.07871367547371715 0.2992566845753134 0.022803558987998237 0.2986795045300851 0.021450592187500055 0.4297383171875001 0.07736070867321897 0.4303154972327284
0 0.15416039275615018 0.06954065670238793 0.08879472070847325 0.06910282241749179 0.08633893281250005 0.43573520312499986 0.15170460486017698 0.43617303740989605
0 0.368465415625 0.43509657343750013 0.36780706077940095 0.06872158839513348 0.2659365928904565 0.06890464378618419 0.2665949477360555 0.4352796288285508
0 0.4386096843750001 0.06837694687500005 0.3744865460165362 0.06818924570480775 0.37341045851653615 0.4358060675798077 0.4375335968750001 0.43599376875000007
0 0.5016946640625001 0.2076947046875001 0.44624530225288905 0.20747218778668222 0.44591502031249985 0.28977570156250004 0.5013643821221109 0.2899982184633179
0 0.5022282609375 0.32535825468750007 0.44586426061428985 0.32494745873568576 0.44509244525778235 0.4308457783552441 0.5014564455809924 0.4312565743070584
0 0.5860079046875002 0.1756573203125001 0.5240282324379808 0.17560215763842849 0.5237979965004809 0.4342906310759286 0.5857776687500003 0.4343457937500001
0 0.6569545453125001 0.34881931406249994 0.6568714147309567 0.06288247097676229 0.5946764703448862 0.06290055294843154 0.5947596009264295 0.3488373960341692
0 0.7649205643472372 0.646134189650174 0.7648301453002617 0.36927940713901597 0.5938483168905245 0.36933524873884205 0.5939387359375 0.6461900312500001
0 0.709451236086724 0.43244715214530655 0.7086897234375 0.2241526484375 0.6614282107882758 0.22432543379219344 0.6621897234374999 0.4326199375
0 0.767659949798877 0.1991868181959291 0.7675236538841188 0.06077873661730674 0.6661907790852418 0.06087852310887765 0.666327075 0.19928660468749998
0 0.8752641051093673 0.059687379137277105 0.7751247951235761 0.05955421139610637 0.7748666015624999 0.2537102796875001 0.8750059115482909 0.2538434474286709
0 0.9483735171875001 0.05746105937500011 0.8843270942743224 0.05732653781206726 0.8839209484375001 0.2506947046875001 0.9479673713506778 0.25082922625043297
0 0.9477776687500002 0.27351713437500014 0.7716165706623036 0.2725177198241951 0.769506151968742 0.6445091764056026 0.9456672500564386 0.6455085909564077
0 0.9484867399093778 0.6763708969108075 0.719361659375 0.6724953265625 0.7162897032929194 0.854110449356534 0.9454147838272974 0.8579860197048415