0 1 0.36593202187500007 0.9700020265625 0.36593202187500007 0.9700020265625 0.5054034156250002 1 0.5054034156250002
0 0.96292823125 0.5099810640625 0.9553506646662007 0.11447012130805692 0.8857272578637948 0.11580403130600037 0.8933048244475943 0.5113149740604434
0 0.7722715456598732 0.49592549244282347 0.7657640754644573 0.09970349892511948 0.6555837509278217 0.10151307837748111 0.6620912211232376 0.4977350718951851
0 0.6567168718749999 0.4916890609375 0.6523297418922557 0.09511235822745415 0.5839840366575613 0.09586843262763435 0.5883711666403055 0.4924451353376802
0 0.5782271437500002 0.3315621703125 0.5768041040204603 0.23957482712106168 0.5177248257255211 0.24048878068564364 0.519147865455061 0.332476123877082
0 0.5799889531249999 0.482076946875 0.5785158858875981 0.3652001791132372 0.518440834375 0.36595734062499996 0.5199139016124018 0.48283410838676266
0 0.49628961718750003 0.4802823687500001 0.4928011301441059 0.2001722780072261 0.42674611551045727 0.20099492620990117 0.4302346025538514 0.48110501695267516
0 0.41990778750000013 0.382558334375 0.4168266646138269 0.07601836980326773 0.35052404043751195 0.07668479688088677 0.35360516332368513 0.383224761452619
0 0.42315129531249995 0.70238089375 0.4190185249479342 0.40216623626041226 0.23683476437753587 0.40467418724750426 0.2409675347421017 0.704888844737092
0 0.34866277343749996 0.47025865624999996 0.344952445810219 0.2441741523037792 0.2946067893035028 0.24500038708320884 0.2983171169307838 0.47108489102942963
0 0.3424059765625001 0.22110824687500003 0.34139792143744196 0.06739794093422231 0.23335635442042985 0.06810649365412105 0.23436440954548793 0.22181679959489875
0 0.227060496875 0.272299396875 0.22493617256787726 0.05815623153627543 0.11819480158772441 0.059215117952706585 0.12031912589484717 0.27335828329143114
0 0.1107120328125 0.262189471875 0.1075927191191132 0.051007586671786134 0.03935814302982714 0.05201546216902843 0.04247745672321396 0.2631973473722423
0 0.23495570625000006 0.6894416000000001 0.2314172850719066 0.28086334855339457 0.04277852343750001 0.282497021875 0.046316944615593464 0.6910752733216055
0 0.300797002276693 0.7229871719515639 0.048163040625000084 0.7122881437500002 0.03997381022330719 0.9056587639859363 0.2926077718750001 0.9163577921874999