0 0.20782620624999998 0.260736571875 0.06502698600234703 0.25902892220010776 0.06435995781250003 0.31480798906249996 0.20715917806015302 0.3165156387373922
0 0.6689327046875 0.22961311562500009 0.4965416016084186 0.22699066082551078 0.49376425468749996 0.4095638359375001 0.6661553577665815 0.4121862907369894
0 0.8881526890620168 0.19408497980738887 0.233678977321299 0.18923702751753058 0.2328698407655454 0.2984704880152703 0.8873435525062632 0.3033184403051286
0 0.8829075468750001 0.30656550156250006 0.6630441293815597 0.30513935906894085 0.6615916142715548 0.5290685509195694 0.881455031764995 0.5304946934131286
0 0.4133007343750001 0.6953072546875 0.28097948729031874 0.69432709849542 0.28053389283068725 0.7544824238087742 0.4128551399153686 0.7554625800008542
0 0.42077715000000004 0.6302125562500001 0.33524818288370667 0.63016123018673 0.33521178091460113 0.6908209149595732 0.42074074803089456 0.6908722410228433
0 0.4243139421875 0.46167914062499993 0.294414433389254 0.461044658630156 0.2940848207630508 0.528527295782087 0.42398432956129684 0.5291617777769309
0 0.28998241707890166 0.46076567385580247 0.05424682520406904 0.45989441947734483 0.05399161406250007 0.5289469843749999 0.2897272059373327 0.5298182387534576
0 0.49808867702683274 0.23443817537874584 0.3246330679375405 0.22470593135200317 0.3143974843750001 0.4071324484375001 0.4878530934642923 0.41686469246424285
0 0.6312026218750001 0.633054915625 0.41647886125195244 0.63085403396178 0.41519727500000014 0.755888934375 0.6299210356230478 0.7580898160382202
0 0.6395543353981731 0.6273507005422957 0.6385884913688123 0.4582940955907051 0.33896709658036145 0.4600058745259797 0.3399329406097222 0.6290624794775702
0 0.32175010468750004 0.22676137812500005 0.23063599585656397 0.22608645933957372 0.22995293407292405 0.3182998738076754 0.3210670429038601 0.31897479259310174
0 0.3017117558537828 0.32241730910552185 0.057169512108889556 0.3197369957365967 0.05568228437500006 0.4554263562500001 0.3002245281198933 0.4581066696189252