0 0.320939971875 0.9107954125000001 0.32023109803584576 0.7711298044482795 0.26448882683141145 0.7714127247630447 0.26519770067056564 0.9110783328147652
0 0.4092438734375 0.47461112187500004 0.40895336926691295 0.31154323658075456 0.22687521471038127 0.3118676073983194 0.22716571888096837 0.47493549269256496
0 0.3004622597950957 0.09097492675875592 0.19112649743553056 0.09016503201938134 0.18624231232548538 0.7495298562981756 0.2955780746850506 0.7503397510375501
0 0.5262722277563289 0.30472162660677093 0.5242731204593502 0.0912125723224593 0.3003639848905213 0.09330905665318837 0.30236309218749996 0.3068181109375
0 0.756983858605394 0.662792591796166 0.7560227109375001 0.5330378750000001 0.6958937796149592 0.5334832752408591 0.696854927282853 0.663237992037025
0 0.6920434793089265 0.6123101438900342 0.6914394955879897 0.5307724075508437 0.6307555328125 0.5312219187500001 0.6313595165334368 0.6127596550891907
0 0.5304075359375001 0.6654175281250001 0.5297673890625001 0.53654255625 0.4623197886356971 0.5368775815075135 0.46295993551069714 0.6657525533825135
0 0.5350397917136833 0.9066182975534927 0.531725971335528 0.6735060608563986 0.4626906280593445 0.6744874367404061 0.4660044484374999 0.9075996734375001
0 0.41225404325121817 0.6540132472561178 0.40936164687500004 0.4801089796875 0.2258942676862818 0.48316043086888233 0.22878666406249998 0.6570646984375001
0 0.7563920906903807 0.5276666906774939 0.7544414800750918 0.31953960901655837 0.6294791237597112 0.32071078240156453 0.631429734375 0.5288378640625001
0 0.6296321744592017 0.32026168579176845 0.4602176558743512 0.3199497500218016 0.4596800423526496 0.6119314486050331 0.6290945609375 0.612243384375
0 0.3217103428398545 0.7457624877008068 0.3213827763030703 0.6597141395326992 0.229168971875 0.6600651765625 0.22949653841178413 0.7461135247306075
0 0.4615480203124999 0.909057290625 0.4603976760753062 0.6721880724218369 0.3247897682628062 0.672846645859337 0.3259401125 0.9097158640625