0 0.9436251086567834 0.3257405973162501 0.8462230937499999 0.31639233906250014 0.8303465694682168 0.48181411205875013 0.9277485843750004 0.49116237031250015
0 0.8395302095947954 0.3137772141395735 0.7683134623294878 0.3069430487603185 0.7523552558596927 0.47323863774574526 0.8235720031250002 0.4800728031250002
0 0.7589084481243036 0.3060190138523704 0.5951239656250001 0.2900501093750001 0.5792355612506968 0.45300894552262977 0.7430200437500002 0.4689778500000001
0 0.575608912363907 0.3934519094413483 0.476959040625 0.3838336968750001 0.4711820453123994 0.4430858544555318 0.5698319170513064 0.45270406702188
0 0.47880423927930876 0.2737711513499834 0.39554411874999995 0.26578025937500005 0.37926079509569127 0.43544235646251667 0.46252091562500003 0.4434332484375001
0 0.5876359836031659 0.2853051575866651 0.48656394375000006 0.27545025468750006 0.47688482264683413 0.374719473663335 0.5779568625 0.38457437656250004
0 0.38687711324411683 0.265201675143443 0.2992994092127556 0.2567971392359949 0.28316804753113883 0.4248906109675521 0.37074575156250006 0.4332951468750001
0 0.2822671331309474 0.3437898426249213 0.23506726424699917 0.3392602576463891 0.2274768186160518 0.4183553712714677 0.27467668750000007 0.42288495625
0 0.22907976993729418 0.3373229854394771 0.19081013125000004 0.33365026562500005 0.1830496425627059 0.414514342685523 0.22131928125000006 0.41818706250000004
0 0.29113636612404264 0.25543511909516503 0.20020501093750004 0.24657008125000002 0.19217888182054443 0.32889649770235463 0.28311023700708704 0.33776153554751975
0 0.19397592500000005 0.24576876093750002 0.08719008750000001 0.2341870609375 0.06886012016565062 0.40319341692549315 0.17564595766565066 0.4147751169254931
0 0.5332616607237839 0.5558583224966869 0.05400479375000007 0.5091312625 0.03650587833871634 0.6886091790658131 0.5157627453125002 0.7353362390625
0 0.6283897333325035 0.5664504016179382 0.5422462534703618 0.5581841155635894 0.5253485670128586 0.7342759545706513 0.6114920468750003 0.7425422406250002
0 0.9254922955167115 0.5069735912141138 0.06785647174097997 0.41880809996606566 0.04040500802932021 0.6858440837838291 0.8980408318050518 0.7740095750318773
0 0.9106118738228034 0.6509216290219243 0.8255267984374999 0.6426251515625001 0.8199250519270228 0.7000742347986519 0.9050101273123261 0.708370712258076