0 0.15970781250000005 0.24685937500000002 0.06643750000000002 0.24685937500000002 0.06643750000000004 0.40524375 0.15970781250000005 0.40524375
0 0.23449531250000005 0.2450984375 0.16629687500000007 0.2450984375 0.16629687500000007 0.404359375 0.23449531250000008 0.404359375
0 0.4003640625 0.24509375000000005 0.243740625 0.24509375000000003 0.24374062500000004 0.40128125 0.4003640625 0.40128125
0 0.503946875 0.3450718750000001 0.4095515625 0.3450718750000001 0.4095515625 0.40186406249999995 0.503946875 0.40186406249999995
0 0.591946875 0.2405250000000001 0.51221875 0.2405250000000001 0.51221875 0.40299375 0.591946875 0.40299375
0 0.504703125 0.24128125000000006 0.408046875 0.24128125000000006 0.408046875 0.3364281250000001 0.504703125 0.3364281250000001
0 0.6840890625 0.2409062500000001 0.600225 0.2409062500000001 0.600225 0.40186406249999995 0.6840890625 0.40186406249999995
0 0.7375265625 0.32514687500000006 0.692328125 0.32514687500000006 0.692328125 0.4008750000000001 0.7375265625 0.4008750000000002
0 0.7800312500000001 0.3239156250000001 0.7433859375 0.3239156250000001 0.7433859375 0.40135312500000014 0.7800312500000001 0.40135312500000014
0 0.7790468749999999 0.24037031250000007 0.692078125 0.24037031250000007 0.692078125 0.3192765625000001 0.7790468749999999 0.3192765625000001
0 0.8885203125000002 0.4012421875 0.8874093750000002 0.239075 0.7850268817866612 0.23977637832941207 0.7861378192866613 0.4019435658294121
0 0.8938593750000001 0.5031875000000001 0.43511875 0.5031875 0.43511875 0.6752093750000001 0.8938593750000001 0.6752093750000002
0 0.42611875 0.5045625 0.3436296875000001 0.5045625 0.3436296875000001 0.6731874999999999 0.42611875 0.6731874999999999
0 0.8915293941205512 0.6675909641898796 0.8884995266682877 0.4107786428193781 0.06645745831340918 0.42047708132890127 0.0694873257656726 0.6772894026994029
0 0.14964062500000008 0.5585109375 0.06823437500000007 0.5585109375 0.06823437500000007 0.6135734375 0.14964062500000008 0.6135734375