0 0.4215179018498292 0.860019782149258 0.2553570453125001 0.8550964984375001 0.2525353934626709 0.9503272662882424 0.41869625 0.9552505500000003
0 0.4183427788417956 0.7834992037975581 0.25242398593750004 0.7785830906250001 0.25036081803320465 0.8482149962024419 0.41627961093750016 0.853131109375
0 0.41195967343750006 0.773862146875 0.40948231640504085 0.606640592872618 0.249906921875 0.6090046734375001 0.2523842789074591 0.7762262274398821
0 0.41004412500000004 0.6043606312499998 0.4085761796661778 0.5052742626610908 0.35055210156249994 0.5061338781249999 0.35202004689632216 0.6052202467139091
0 0.412056033713588 0.41802765659368335 0.24233425625000002 0.4129988640624999 0.23992228816141203 0.4944028012188165 0.40964406562500005 0.49943159374999996
0 0.3431675546875 0.6039167671875001 0.34163955075934976 0.5007765020373615 0.24442882499999996 0.5022166609375 0.24595682892815018 0.6053569260876386
0 0.4096932500445033 0.3237961247493669 0.24132843437500004 0.3188075375 0.23879134370549684 0.4044343455631333 0.40715615937500005 0.40942293281250014
0 0.4061173319782806 0.2690815654835389 0.3266436640625 0.26672679062500004 0.3252763023967196 0.3128752563914613 0.4047499703125001 0.31523003125000015
0 0.4055740686030564 0.2256292712666054 0.32474109531250006 0.2232342203125001 0.3236324860844436 0.26064978342089473 0.40446545937500006 0.26304483437500004
0 0.32133043437500003 0.313013821875 0.3199600887386665 0.22051549467346895 0.2393422671875 0.2217098328125 0.24071261282383358 0.31420816001403107
0 0.4056139359536205 0.11474010912997992 0.23637671249999997 0.11088465156250002 0.23399406483089852 0.21547215354622673 0.4032312882845191 0.21932761111370663
0 0.689115346875 0.5865019046875 0.6820514253279482 0.10968722011819118 0.5062981890624999 0.11229097187499999 0.5133621106095517 0.5891056564443088
0 0.6909294543724362 0.595752895461682 0.5147884046875 0.5905339015625 0.5122929112525638 0.6747568076633181 0.6884339609375 0.6799758015625001
0 0.6965671444025758 0.954926046569765 0.67456420835115 0.1086678921150392 0.4124236486419526 0.11548361606570867 0.43442658469337836 0.9617417705204344
0 0.6316578515625001 0.9597242687500002 0.6303878031076381 0.873996028626577 0.57413093125 0.8748294640625 0.575400979704862 0.9605577041859231