0 0.8058948329458208 0.9418368112533955 0.8036163546874999 0.8393052703124997 0.6279292342416791 0.8432094278091042 0.6302077125000001 0.94574096875
0 0.8066095962438743 0.8319918553216814 0.8049435921875 0.7570216875 0.6287008037561257 0.7609381946783187 0.6303668078125 0.8359083625000002
0 0.804892284480878 0.749399248876252 0.8035976453125 0.5746229468749999 0.6318262217691222 0.575895327686248 0.6331208609375001 0.7506716296875
0 0.6935880796078524 0.5678881632421214 0.6928123203125 0.4631605953125 0.6303535782046475 0.46362325238287844 0.6311293375 0.5683508203125
0 0.809008801770046 0.45148073492922347 0.8070611421875 0.36383604375 0.627103123229954 0.36783511038327654 0.6290507828124999 0.4554798015625
0 0.8077389859636434 0.567631300335993 0.8069401812500001 0.45979266875 0.7022998327863567 0.46056778247650704 0.7030986374999999 0.5684064140625
0 0.8079400402330336 0.3547119227277592 0.8058913453125 0.26252061875 0.6275274925794664 0.2664842585222408 0.6295761875 0.35867556249999993
0 0.7139244667667126 0.25550269817367616 0.7128203249999999 0.20581630468750003 0.6288094379207871 0.20768321276382387 0.6299135796874998 0.25736960625
0 0.7147232504026706 0.19932965713507045 0.7138280499999998 0.15904566562499997 0.6280767089723291 0.16095125223992954 0.6289719093749999 0.20123524375000001
0 0.8064251371494512 0.25500770491042773 0.805707203125 0.1580865609375 0.7189279222255489 0.15872937008957233 0.7196458562499999 0.25565051406250006
0 0.8070961726550452 0.15149372335717007 0.8062489234375001 0.0388933953125 0.6279011684445062 0.04023535406601979 0.6287484176620513 0.15283568211068985
0 0.519520871766092 0.5455140119380204 0.5157633953125002 0.038254676562500006 0.32657768917140817 0.03965605212447966 0.330335165625 0.5469153875000001
0 0.5200765034758807 0.6433220030399613 0.5180613968750001 0.5526422296875 0.3312886605866193 0.5567927360225388 0.3333037671875 0.647472509375
0 0.6134667092311031 0.9473199520920979 0.6115167109375 0.04225841874999999 0.3299023688721605 0.042865170298100545 0.3318523671657636 0.9479267036401984
0 0.4616584833973266 0.9484073709355514 0.46098873593749995 0.8579914843749998 0.40043226347767347 0.8584400509394484 0.4011020109375 0.9488559375