0 0.7584501451893544 0.9099590835194176 0.755528428125 0.8130540046875 0.5864773688731455 0.8181509446055826 0.5893990859374999 0.9150560234375001
0 0.7607268022417921 0.8060456176121182 0.7585896328856203 0.7351923631228188 0.5898280181438282 0.7402827736357007 0.5919651874999999 0.8111360281250002
0 0.7613309515625001 0.5626215250000001 0.5991399208026686 0.5600516278107809 0.5964396828125001 0.7304687109375001 0.7586307135723315 0.7330386081267193
0 0.6591412703125001 0.45798903281250014 0.6001682894454123 0.45705467238197073 0.5985692999752503 0.5579762999996081 0.6575422808423381 0.5589106604301375
0 0.7717333898385038 0.44599200933127625 0.7692357984375 0.3631566859375 0.5965881460989964 0.36836223441872373 0.5990857375 0.4511975578125
0 0.7670125890625001 0.4539499640625001 0.6682110768490835 0.45238405032176987 0.6665452140625001 0.557491859375 0.7653467262759166 0.5590577731157303
0 0.7729872217566572 0.3544369002455161 0.7703593907908648 0.2673061458793899 0.5990828221592075 0.27247178313387377 0.6017106531249999 0.35960253749999993
0 0.6851166285979817 0.2613085266954923 0.6837003368915151 0.21434954437367987 0.6028422457935334 0.21678823955318755 0.6042585375 0.263747221875
0 0.6868269259145957 0.20816386356862396 0.6856787281249999 0.17008951406249997 0.6034543147104042 0.17256913330637597 0.6046025125 0.21064348281249998
0 0.7724826109375 0.16849583906250007 0.6905441116670061 0.16719817873652512 0.6890514305731508 0.2614509244448838 0.7709899298436447 0.2627485847708588
0 0.7772599039968111 0.16219556204382082 0.77561485 0.055715368749999994 0.6042325444406889 0.058363120768679166 0.6058775984375 0.1648433140625
0 0.50125930625 0.05728033906250005 0.32262703323231995 0.05445002208626115 0.31493470468750007 0.5399426875 0.49356697770518015 0.5427730044762389
0 0.4947038172316899 0.6296594721037698 0.492118419881145 0.5439557235554786 0.31294022921195513 0.5493609342642088 0.31552562656250005 0.6350646828125001
0 0.5916122890625001 0.06035348750000008 0.3257824982543566 0.054747683144021474 0.30763225560888874 0.9154404400034482 0.5734620464170322 0.9210462443594267
0 0.43149879843750005 0.8332968015625 0.3743203784470642 0.8323903333900716 0.3729359773977226 0.9197159197064707 0.4301143973881585 0.9206223878788989