0 0.5771484375000001 0.6370046874999999 0.5 0.6370046874999999 0.5000000000000001 0.7336843749999999 0.5771484375000002 0.7336843749999999
0 0.4560546875 0.36747343750000006 0.3242187500000001 0.3674734375 0.3242187500000001 0.495403125 0.4560546875 0.495403125
0 0.4951171875 0.6370046874999999 0.4140625 0.6370046874999999 0.4140625000000001 0.7336843749999999 0.4951171875000001 0.7336843749999999
0 0.6904296875 0.36747343750000006 0.5703125 0.36747343750000006 0.5703125 0.5422781249999999 0.6904296875 0.5422781249999999
0 0.3505859375000001 0.5588796874999999 0.19531250000000008 0.5588796874999999 0.19531250000000008 0.7336843749999999 0.3505859375000001 0.7336843749999999
0 0.6923828125000001 0.6370046874999999 0.58203125 0.6370046874999999 0.5820312500000001 0.7336843749999999 0.6923828125000002 0.7336843749999999
0 0.84765625 0.6213796875000002 0.796875 0.6213796875000002 0.7968750000000001 0.7336843750000002 0.84765625 0.7336843750000002
0 0.4091796875000001 0.6370046874999999 0.3554687500000001 0.6370046874999999 0.3554687500000001 0.7336843749999999 0.40917968750000017 0.7336843749999999
0 0.3183593750000001 0.3713796875 0.2500000000000001 0.3713796875 0.2500000000000001 0.495403125 0.3183593750000001 0.495403125
0 0.18261718750000008 0.6799734374999999 0.03515625000000009 0.6799734374999999 0.03515625000000009 0.7336843749999999 0.18261718750000008 0.7336843749999999
0 0.560546875 0.36747343750000006 0.46875 0.36747343750000006 0.46875 0.5422781249999999 0.560546875 0.5422781249999999
0 0.7724609375 0.36747343750000006 0.70703125 0.36747343750000006 0.70703125 0.608684375 0.7724609375 0.6086843750000002
0 0.7880859375000001 0.6604421875000002 0.74609375 0.6604421875000002 0.7460937500000001 0.7336843750000002 0.7880859375000002 0.7336843750000002
0 0.7880859375 0.6213796875 0.70703125 0.6213796874999999 0.70703125 0.647746875 0.7880859375 0.6477468750000002
0 0.7382812500000001 0.6604421875 0.70703125 0.6604421874999999 0.7070312500000001 0.733684375 0.7382812500000002 0.7336843750000002
0 0.4560546875 0.5002859374999999 0.05078125000000007 0.5002859374999999 0.05078125000000007 0.5432546874999999 0.4560546875 0.5432546874999999
0 0.18204843750000008 0.5579031249999999 0.05435468750000007 0.5579031249999999 0.054354687500000075 0.6663515624999999 0.18204843750000008 0.6663515624999999
0 0.9626080196855691 0.6033259386208404 0.9619849109022327 0.45954651378613687 0.7891425162166638 0.4602955751652965 0.789765625 0.6040750000000001
0 0.9613453125 0.3633078125000001 0.788209375 0.3633078125000001 0.788209375 0.5204140625000002 0.9613453125 0.5204140625000002
0 0.9641921874999999 0.6197968750000002 0.8546546875000001 0.6197968750000002 0.8546546875000001 0.7329937500000001 0.9641921874999999 0.7329937500000001
0 0.2462750000000001 0.368953125 0.051390625000000044 0.368953125 0.05139062500000006 0.49548125 0.2462750000000001 0.49548125
0 0.5303375 0.5573890625 0.4674421875 0.5573890625 0.4674421875 0.5879375 0.5303375 0.5879375
0 0.576671875 0.55765 0.5360375000000001 0.55765 0.5360375000000001 0.5871593749999999 0.576671875 0.5871593749999999
0 0.690590625 0.5581734375 0.3547921875000001 0.5581734375 0.3547921875000001 0.6322 0.690590625 0.6322
0 0.18227656250000007 0.5504296875 0.1482718750000001 0.5504296875 0.1482718750000001 0.5896234375 0.18227656250000007 0.5896234375