0 0.49629457910516717 0.6253963160389547 0.4191586465337928 0.6249471781552814 0.4185831425469992 0.723785504499078 0.49571907511837354 0.7242346423827513
0 0.6753274850602667 0.4799736777849334 0.6736246522682487 0.351754471757522 0.5394218846818801 0.3535367700613875 0.5411247174738981 0.48175597608879883
0 0.5822320825301551 0.6233947476810922 0.5011891863008644 0.6229233481680251 0.5006139405520861 0.7218194654365029 0.5816568367813768 0.7222908649495701
0 0.42754925695485746 0.3575009843303968 0.3074515446154913 0.35680293116898615 0.3064158678221838 0.5349876604636086 0.42651358016154994 0.5356857136250193
0 0.8014352090621577 0.540179115131613 0.6461896077866597 0.539275859785507 0.6451467693756849 0.7185120822367745 0.8003923706511828 0.7194153375828806
0 0.41648432238520494 0.7238905688395898 0.4142350722503264 0.6272763409463996 0.3012119289454023 0.629907602675304 0.3034611790802808 0.7265218305684942
0 0.19951020108095954 0.6166806878825738 0.14873701938199815 0.6163852149242974 0.14807553167731097 0.7300532663684159 0.19884871337627236 0.7303487393266923
0 0.6408258325301551 0.6220306851810922 0.587123413148803 0.6217183161083574 0.5865524617800124 0.719876144553729 0.6402548811613645 0.7201885136264637
0 0.7485551242075312 0.4790473247318833 0.7478272252973981 0.3539396995528151 0.679325545300549 0.3543382547818879 0.6800534442106823 0.47944587996095606
0 0.9621094258873761 0.71119155504867 0.9608601136487247 0.6575169697838031 0.8119211209664134 0.6609836254729384 0.8131704332050649 0.7146582107378053
0 0.5291117624216621 0.35513692752681697 0.4373302886565096 0.35460292622491063 0.43629836849407144 0.5319642041439655 0.528079842259224 0.5324982054458719
0 0.29083051977242685 0.3606822474125453 0.22541189723650296 0.36030174696540185 0.22399834443723746 0.6033308359033825 0.2894169669731613 0.603711336350526
0 0.2500633155393669 0.6545619177505301 0.20807723195711172 0.654318053374655 0.20764523489894002 0.7286949053711939 0.24963131848119519 0.728938769747069
0 0.2899388719450256 0.6409116458229385 0.2893257451674382 0.61456228833961 0.2075611635477616 0.6164648794931503 0.20817429032534895 0.6428142369764788
0 0.2891258155393669 0.6536525427505302 0.2578801050714264 0.6534710608157573 0.25744992239894 0.7275355303711939 0.2886956328668805 0.7277170123059666
0 0.9469949240410702 0.5211406606000295 0.9459954635053085 0.4781998710082041 0.5398428796831887 0.48765320158005565 0.5408423402189504 0.530593991171881
0 0.9449234127260491 0.6442673823979037 0.9423999999999999 0.5358921874999999 0.8115515872739507 0.5389388676020962 0.8140750000000001 0.6473140625
0 0.21084030332647644 0.5991047623831718 0.20811874999999996 0.4553890625 0.031303446673523555 0.45873742511682813 0.034025 0.6024531249999999
0 0.21059041204840656 0.5180858307988029 0.20966875 0.3598156250000001 0.03470802545159345 0.36083448170119736 0.0356296875 0.5191046875000002
0 0.14173906250000007 0.6164140625 0.03221850778278605 0.6157776227090362 0.031542178420393106 0.7321624999472369 0.14106273313760714 0.7327989397382006
0 0.9494054151941109 0.47331593713423015 0.9464625 0.34687499999999993 0.7478992723058892 0.35149656286576986 0.7508421875000001 0.4779375
0 0.5300262252433037 0.5755215004737921 0.5293156250000001 0.5449937499999999 0.46553002475669647 0.546478499526208 0.4662406250000001 0.57700625
0 0.46140592028752125 0.5763393572562394 0.46071871360989275 0.5468484383479738 0.4192252933223714 0.5478153310917343 0.41991249999999997 0.57730625
0 0.6432291327063122 0.6163628941559448 0.6413369615754869 0.5423988951726411 0.30383907886917466 0.5510328760166964 0.30573125 0.6249968750000001
0 0.8485267979718161 0.5307449323257678 0.8145274059341275 0.5305465469441576 0.81429375 0.5705906250000001 0.8482931420376886 0.5707890103816102