0 0.3824900348357777 0.5135857236081007 0.2746246752847853 0.5103897127264044 0.27225650554658126 0.5903154356806326 0.3801218650975737 0.593511446562329
0 0.6558137568072662 0.33941508370516205 0.511028895592265 0.3351251626456673 0.5069820242116528 0.47170709575609254 0.6517668854266538 0.47599701681558726
0 0.3768305060017588 0.4243086866129347 0.26876991146595897 0.42110689093678955 0.2662818343113857 0.5050794874948057 0.3743424288471856 0.5082812831709508
0 0.6715901848204291 0.5950593016926159 0.4783584408590237 0.5893339173712956 0.47467129118361484 0.7137752338036005 0.6679030351450203 0.7195006181249208
0 0.4504619900523097 0.1996665666697504 0.2536183958930901 0.1938341628081436 0.24885207898730005 0.35469732881994936 0.44569567314651976 0.36052973268155614
0 0.3882116068710814 0.7119348342180334 0.3800197997836317 0.5890577348505347 0.28021535971749706 0.5957113645642986 0.28840716680494677 0.7185884639317973
0 0.41665089765163976 0.8224301872760561 0.2951874455937342 0.8188312704968508 0.2936286505219612 0.8714406088295406 0.4150921025798667 0.8750395256087458
0 0.37013639086890654 0.36335396915534895 0.2647114692784589 0.3602302674992896 0.26306274345983793 0.41587475896828063 0.3684876650502856 0.41899846062433993
0 0.640171866013141 0.26199354819156195 0.5049712083252192 0.2579876034502285 0.5028728305749556 0.32880786439544174 0.6380734882628774 0.3328138091367752
0 0.30833443221087486 0.18209734109016698 0.2977834824870815 0.023833085352444286 0.2423365721205028 0.027529545812770496 0.2528875218442962 0.1857938015504932
0 0.6616270269407255 0.48945304934223766 0.4714214255624255 0.4838173284486527 0.46860360384043337 0.5789188221756479 0.6588092052187333 0.5845545430692328
0 0.6757885361358988 0.7369485683765811 0.418932248951603 0.729338012824047 0.4169238016435954 0.7971231193092557 0.6737800888278913 0.8047336748617899
0 0.3717682258078078 0.7684448093571083 0.29167012837535455 0.7660715314198522 0.29038112414593675 0.8095754062665215 0.37047922157839 0.8119486842037775
0 0.41115477006193785 0.8130568057560931 0.40537847532304855 0.7264123714942435 0.3781590831667679 0.7282269973619933 0.3839353779056571 0.8148714316238428
0 0.36789118806427246 0.7278256852383922 0.28896450181285455 0.7254871157948521 0.28800524284149137 0.7578620927602706 0.3669319290929093 0.7602006622038107
0 0.5139686231933953 0.4718170276229709 0.48572544255203426 0.04816930205102657 0.44136791233621925 0.051126470620735186 0.4696110929775803 0.4747741961926796
0 0.43414753498079756 0.18197149607303814 0.42568843422480657 0.04290494305694059 0.3136339828125 0.049720959375 0.322093083568491 0.18878751239109753
0 0.5840986104201177 0.8194150890648958 0.42925649374999997 0.8154319140625003 0.4246488016125468 0.9945515367500339 0.5794909182826644 0.9985347117524295
0 0.6912054687500002 0.818427909375 0.5227269484375002 0.818427909375 0.5227269484375002 1 0.6912054687500002 1
0 0.4283659651023702 0.8826895674742975 0.2998094156250001 0.878880484375 0.29644702239763016 0.9923612512757026 0.4250035718750002 0.9961703343750001
0 0.6358945890625 0.2580043296875 0.6215559123886459 0.04292417128091193 0.4909383125 0.05163201093750001 0.505276989173854 0.2667121693440881
0 0.4597923171875 0.5473333828125001 0.4552330785115709 0.4789448124851045 0.42369729375 0.4810471984375001 0.42825653242592915 0.5494357687648956
0 0.46273051875000004 0.595464959375 0.459720064287856 0.5503081324151277 0.4292569265625 0.5523390078125001 0.43226738102464407 0.5974958347723724
0 0.4700771640625 0.7138059890624999 0.44550046210818434 0.3575109415101715 0.3691104053212725 0.36278021390343834 0.3936871072755881 0.7190752614557667
0 0.44229635785370336 0.1849862675056398 0.4418988287168736 0.14895621368999662 0.40058863593750005 0.149412 0.4009861650743297 0.18544205381564316