0 0.4431044265133829 0.652576937009574 0.3638518513748601 0.6468302339577252 0.3563982271555931 0.7496228975357971 0.435650802294116 0.7553696005876459
0 0.6443545951483347 0.3804970641291303 0.5089245223251768 0.37067715332552115 0.49903113357986467 0.5071205880004049 0.6344612064030225 0.516940498804014
0 0.5316661672923534 0.6551024171242205 0.4483993799441251 0.6490651410687808 0.44093991699401014 0.7519468893101199 0.5242067043422385 0.7579841653655596
0 0.39074621982405844 0.3732612563246352 0.267352874479135 0.36431512813029904 0.25393679195982216 0.5493622532687081 0.3773301373047455 0.5583083814630443
0 0.7629210477909226 0.5811736008467381 0.6034153852556692 0.5696083585214907 0.5898800920308543 0.756284595189696 0.7493857545661078 0.7678498375149434
0 0.35852743172490575 0.6501180575987846 0.2406548802921459 0.6467555263600816 0.2378144016818508 0.7463276752317182 0.3556869531146107 0.7496902064704212
0 0.13832928929243704 0.6277749334414048 0.08616285646498908 0.62399244909808 0.07763355299260852 0.7416250144362786 0.12979998582005647 0.7454074987796033
0 0.5920491252185885 0.6568249968211464 0.5368730621891551 0.652824444618198 0.5294965607278967 0.754561977067628 0.5846726237573302 0.7585625292705763
0 0.7205476169012751 0.38669670383717386 0.6503250780927844 0.3816059247279483 0.6408722827207919 0.5119984001460103 0.7110948215292827 0.5170891792552357
0 0.9188968438764791 0.710397569067416 0.7646364676028996 0.705996227645884 0.7630581439370163 0.7613140908294895 0.9173185202105959 0.7657154322510216
0 0.49540999840300853 0.376247387538867 0.40110996707551116 0.36941000127945745 0.38778534583098645 0.5531808390109828 0.4820853771584838 0.5600182252703924
0 0.24985276859898636 0.3692403355649726 0.18263899634466943 0.3643670062262511 0.16444505716013794 0.6153008544768646 0.2316588294144549 0.6201741838155861
0 0.18774685830702248 0.6694495096597255 0.1446086073057547 0.6663221288684971 0.13901924275830546 0.7434203228146016 0.1821574937595732 0.74654770360583
0 0.23087552059230795 0.6303718645816994 0.14624240593999976 0.6279565664303077 0.1454674142145976 0.6551126189916696 0.2301005288669058 0.6575279171430612
0 0.22800216446314212 0.6705978971742825 0.19589902100651616 0.6682705245673138 0.19034475209566767 0.7448845962066125 0.22244789555229363 0.7472119688135812
0 0.915753696032964 0.5250939164739333 0.4967379059660785 0.5131388544280173 0.49547524106043583 0.55739429459182 0.9144910311273213 0.569349356637736
0 0.90826034375 0.5842686328125 0.7710927119451882 0.5811593740559569 0.7685612470636956 0.692837130711194 0.9057288788685073 0.6959463894677371
0 0.15825198281250005 0.46226017500000005 0.0022044981731700357 0.45727512389444974 -0.00252635426830973 0.6053654058317407 0.15352113037102028 0.610350456937291
0 0.1664027875 0.36400364375 4.163336342344337e-17 0.35787298437500004 -0.005943543831470233 0.5191969465605661 0.16045924366852973 0.5253276059355663
0 0.07890568125000007 0.6244035484374999 7.494005416219807e-17 0.6221513859375 -0.0033276560747721616 0.7387375423740848 0.07557802517522784 0.7409897048740848
0 0.9254062156250003 0.3899982375000001 0.7188526470946713 0.38410473585226057 0.7151345125000002 0.5144167328125001 0.9216880810303291 0.5203102344602397
0 0.48259742656250004 0.5715945453125 0.41639881332766393 0.5697058735443175 0.41550117968750006 0.6011682500000001 0.4816997929223362 0.6030569217681827
0 0.41188810312500007 0.5698447062499999 0.368679343936941 0.5686113677692531 0.3678117906250001 0.5990052156250002 0.41102054981305913 0.600238554105747
0 0.5979730984375001 0.5764960937500001 0.24940668785894732 0.5657437520698796 0.24705487656250008 0.6419841140625001 0.5956212871410529 0.6527364557426207
0 0.8120184056854718 0.5740361326664434 0.7770860912162705 0.5715027176857103 0.7740666671875002 0.6131364296875 0.8089989816567016 0.6156698446682334