0 0.7289888285826669 0.531998283846041 0.7242545230854103 0.45420660332007123 0.622992510246549 0.4603692842237989 0.6277268157438056 0.5381609647497687
0 0.48743487707182764 0.42414335915184853 0.4793464936526666 0.2912095825570663 0.34476104723444106 0.29939846217182237 0.352849430653602 0.4323322387666046
0 0.7262497492828704 0.4501370181539256 0.7228697169165799 0.36735579448089883 0.6229720323762326 0.3714347074527287 0.6263520647425231 0.45421593112575553
0 0.5382064940603056 0.6583750179142231 0.5315693946037935 0.5370990594795859 0.3499507980299936 0.5470385454599185 0.35658789748650577 0.6683145038945557
0 0.7288418844551869 0.3027113589351459 0.7193147033616576 0.14614590636497435 0.5354048547171562 0.15733702422754645 0.5449320358106855 0.313902476797718
0 0.7274414172860666 0.6519990707255668 0.7256161882691641 0.5371902940933617 0.6276469783248357 0.5387478078131207 0.6294722073417383 0.6535565844453258
0 0.7321410929529033 0.8055776632995485 0.7290243982125649 0.7543723418110045 0.6131355199936206 0.7614261058868635 0.616252214733959 0.8126314273754074
0 0.7251829773234251 0.3622346375592904 0.7218869311638033 0.30807569793612416 0.6217318710598104 0.31417101116639357 0.6250279172194322 0.3683299507895598
0 0.483099824049411 0.28505052629874694 0.4789053969431052 0.21612122202289324 0.3504432540546678 0.2239382905386152 0.3546376811609736 0.2928675948144689
0 0.7192354609194178 0.13565937414696286 0.7170656883970479 -0.000865009797856299 0.6626383562499999 0 0.6648081287723697 0.13652438394481914
0 0.5342949422166249 0.5275207139617011 0.5299141992934545 0.4344336015813782 0.3500873609083751 0.44289637510079893 0.3544681038315455 0.5359834874811218
0 0.6049741673076253 0.737214355654355 0.6009594115549621 0.6712395801318091 0.3538749927560627 0.686275381071023 0.3578897485087259 0.752250156593569
0 0.7307856994684272 0.7453729798274052 0.7282092480493798 0.7030299259619971 0.6522292917649543 0.7076530848586228 0.6548057431840016 0.7499961387240309
0 0.6419243679339803 0.7519360727189764 0.6406047725432206 0.6688715036934296 0.6138858988434929 0.6692959699007919 0.6152054942342525 0.7523605389263387
0 0.7294987793549284 0.6950457201583116 0.7275813752015055 0.6635343563859708 0.652131395237326 0.6681253384203941 0.6540487993907489 0.6996367021927349
0 0.5307914876417744 0.42341759089095 0.5242630036428017 0.01262921008020795 0.48072000445735813 0.013321220338356943 0.4872484884563308 0.424109601149099
0 0.651056389610162 0.13996457625552478 0.6489584625 0.008030379687500002 0.5390633142420495 0.009777856966347495 0.5411612413522114 0.14171205353437227
0 0.6078826326848038 0.9293539180755548 0.597698521697047 0.7549590187970571 0.4495479564241058 0.7636105436173393 0.45973206741186257 0.9380054428958371
0 0.5192381166682606 0.9335946253052126 0.5086157876527384 0.7590172090267281 0.34603990848447774 0.7689092930965156 0.3566622375 0.943486709375
0 0.7360211345108786 0.9232857233447215 0.7292992494988473 0.8128341683277412 0.6097099946754687 0.8201121574830198 0.6164318796874999 0.9305637125
0 0.4791039346520994 0.21810447547319983 0.47588091875000005 0.015300421875000001 0.3476667512857953 0.017338035489125637 0.35088976718789466 0.2201420890873255
0 0.5772224437876956 0.4952513269323576 0.5761895578125 0.43026719375000005 0.5452336749378703 0.4307592199678658 0.5462665609130658 0.49574335315022344
0 0.5771780013653476 0.5420978731155452 0.5765025781250002 0.4996708859375 0.5465980064471526 0.5001469565719547 0.5472734296875 0.54257394375
0 0.6246526104641935 0.6563575849651776 0.6184139937500001 0.31368881875 0.5433986192233065 0.3150545462848225 0.5496372359375 0.6577233125000002
0 0.5734890764254275 0.14182826714615135 0.5720377875 0.10749789062500001 0.5324248535899734 0.10917249539526493 0.5338761425154008 0.14350287191641625