0 0.96555 0.5763484375000002 0.856046875 0.5763484375000002 0.856046875 0.6582359375000002 0.96555 0.6582359375000002
0 0.8427140625 0.5506375000000002 0.7703421875 0.5506375000000002 0.7703421875 0.6572796875000002 0.8427140625 0.6572796875000002
0 0.763675 0.5496921875 0.6836875 0.5496921875 0.6836875 0.6591953125000001 0.763675 0.6591953125000002
0 0.6789359375 0.5515921875 0.6160875 0.5515921875 0.6160875 0.66109375 0.6789359375 0.66109375
0 0.594178125 0.5496875 0.44086875000000003 0.5496875 0.44086875000000003 0.6610984375 0.594178125 0.6610984375
0 0.5960828125 0.3173437500000001 0.44563125000000003 0.3173437500000001 0.44563125000000003 0.47541093749999996 0.5960828125 0.47541093749999996
0 0.669403125 0.3182984375000001 0.6113125 0.3182984375000001 0.6113125 0.478275 0.669403125 0.478275
0 0.745584375 0.4078015625000001 0.6913125 0.4078015625 0.6913125 0.4773140625000001 0.745584375 0.4773140625000002
0 0.7960484375 0.4059031250000002 0.751290625 0.4059031250000002 0.751290625 0.4773140625000002 0.7960484375 0.4773140625000002
0 0.9617359375 0.41065937500000016 0.88460625 0.41065937500000016 0.88460625 0.47445625000000013 0.9617359375 0.47445625000000013
0 0.9598328125 0.3163890625000001 0.8846125 0.3163890625000001 0.8846125 0.40018437500000015 0.9598328125 0.40018437500000015
0 0.432309375 0.5506375 0.2590109375000001 0.5506375 0.2590109375000001 0.6620484375 0.432309375 0.6620484375
0 0.15616406250000003 0.3230625 0.08950781250000003 0.3230625 0.08950781250000005 0.4801796875 0.15616406250000003 0.4801796875
0 0.2504281250000001 0.5506421875 0.08950312500000006 0.5506421875 0.08950312500000007 0.6658625 0.2504281250000001 0.6658625
0 0.439925 0.32210000000000005 0.17139375000000004 0.3221 0.17139375000000004 0.47826874999999996 0.439925 0.47826874999999996
0 0.9644687503233718 0.4935937896418931 0.08719085837667864 0.4895207008566137 0.08684625015401921 0.5637437760360159 0.9641241421007123 0.5678168648212953
0 0.8743921875000001 0.47663124999999995 0.872053138154247 0.31517012107295417 0.6882386162176346 0.31783299875833215 0.6905776655633877 0.479294127685378