0 0.6556400593750001 1.0000000000000002 0.6530474115376685 0.8833308640786826 0.5643956667521457 0.8853009031346746 0.5669883145894772 1.0019700390559922
0 0.6570669020078584 0.798648919448482 0.5344398875000003 0.7904737843750002 0.529237091742142 0.868515713364018 0.6518641062500002 0.8766908484375
0 0.6577870791377406 0.7048378835252169 0.5313256125000001 0.6964071187500002 0.5255753317997596 0.7826613258497833 0.6520367984375002 0.7910920906250001
0 0.6565716026786942 0.6315366723290439 0.5317570999999999 0.6232157062500001 0.5272389426338058 0.6909880729834563 0.6520534453125 0.6993090390625001
0 0.6500154062500001 0.6073687000000001 0.6460812092168292 0.4303298601214195 0.5254672687500002 0.4330101703125 0.5294014657831709 0.6100490101910806
0 0.45945351203301854 0.4337677011749973 0.2735481734375001 0.4213740125000001 0.2627322504669816 0.5836128644500029 0.4486375890625 0.5960065531250001
0 0.4576879089256085 0.6131057723658738 0.2785775890625001 0.601165084375 0.2744014691993917 0.6638068823216263 0.4535117890625001 0.6757475703125001
0 0.4582073906713755 0.6997915022659698 0.3775941625000001 0.6944172875 0.3736925718286246 0.7529411524215303 0.45430580000000004 0.7583153671874999
0 0.45873988624927203 0.7647916324630079 0.3769806406250001 0.7593410171875 0.3737630137507281 0.8076054300369921 0.45552225937500007 0.8130560453125
0 0.4564162328125 0.9925781921874999 0.4544203553386737 0.9027637142519349 0.38535359687500004 0.90429853125 0.3873494743488263 0.994113009185565
0 0.3812118258093289 0.9040291830533714 0.28309442500000015 0.897488021875 0.27768685544067145 0.9786015513216288 0.3758042562500002 0.9851427125000003
0 0.6471439921875001 0.431850959375 0.6427279498675846 0.23312906819277157 0.5221140109375 0.23580937812499997 0.5265300532574153 0.4345312693072284
0 0.4479979269427544 0.047272906796183664 0.27116704375 0.03548418125000004 0.26637514336974555 0.10736268695381646 0.4432060265625 0.11915141250000008
0 0.6468969484375 0.234831865625 0.6427710149154126 0.04916488039757292 0.5180330312500001 0.0519368359375 0.5221589647720875 0.2376038211649271
0 0.44797333281249996 0.4268216953124999 0.44116580530713956 0.12048291320398337 0.27209687499999996 0.12423999999999999 0.2789044025053604 0.4305787821085166
0 0.5560622218750001 1 0.5436484191564382 0.0447904213212749 0.46050372812500007 0.045870960937500004 0.4729175308435619 1.001080539616225
0 0.4566700953125 0.8979897171875001 0.45500906885000714 0.6834687685421469 0.2799289640625 0.68482440625 0.2815899905249929 0.8993453548953534