0 0.6895462945060598 0.9398781341607909 0.6844311734375 0.8205363343750001 0.5969925823666833 0.8242840487566694 0.6021077034352431 0.9436258485424602
0 0.6850775039793507 0.8062281756096155 0.6794938265625 0.7292264437499999 0.5634905194581492 0.7376382681403845 0.5690741968749999 0.81464
0 0.683746014396301 0.7217890742429294 0.6775766665932459 0.636682658989739 0.558285836571945 0.6453300284968095 0.5644551843750001 0.73043644375
0 0.6813578905826994 0.6313265454893937 0.6765106796875 0.564459 0.5577580984798007 0.5730673435731062 0.5626053093750001 0.6399348890625
0 0.6756657766444449 0.5446115957795578 0.6685067281250001 0.3776294453125 0.5495416921055553 0.38272984953294226 0.556700740625 0.5497120000000001
0 0.4823040272311664 0.5571420572098976 0.47069919687500006 0.39706366562500006 0.29740448995633373 0.40962660841510246 0.30900932031250006 0.569705
0 0.48581016506783775 0.6353082603825608 0.48132895369555795 0.5735013484645008 0.30889619644022026 0.5860033099569399 0.31337740781249995 0.647810221875
0 0.48814642035070677 0.7166205352041778 0.483959753125 0.658876665625 0.40812314683679335 0.6643751304208223 0.4123098140625 0.722119
0 0.49015518123395463 0.7704479329472521 0.4867025296875001 0.7228267765624999 0.4091395078285456 0.728450287365248 0.4125921593750001 0.7760714437500001
0 0.4933600344088833 0.9494480731018011 0.48974666718750004 0.8651966671875002 0.42162508902861673 0.8681182597106989 0.42523845624999995 0.9523696656249999
0 0.4163463709144787 0.9509788201073365 0.4105440110834902 0.8709463132744439 0.31881591048151153 0.8775966041046074 0.3246182703125 0.9576291109374999
0 0.6692789778886297 0.3719421014938077 0.6612053703125002 0.18365055625 0.5422403424238704 0.18875156569369242 0.5503139499999999 0.37704311093750004
0 0.4646479968086642 0.08789738736429084 0.4595056838573718 0.01697857859048323 0.2898528729862075 0.02928008028869238 0.2949951859375 0.10019888906249999
0 0.6650362259010392 0.17783867271727338 0.65752450625 0.002616110937499999 0.5344951943446001 0.007890327285592932 0.5420069139956392 0.18311288906536632
0 0.47369934539508307 0.3956855084969554 0.46121290000000015 0.1044387765625 0.29445596085491704 0.11158804619054459 0.30694240624999997 0.402834778125
0 0.5942293029933184 0.9427197106372912 0.5395984760118573 0.008583650191347048 0.4591063323935389 0.013291050491556022 0.513737159375 0.9474271109375001
0 0.49345865637512254 0.8540391530049783 0.482898453442001 0.658440677918689 0.30997572206687835 0.6677766358512105 0.3205359249999999 0.8633751109374999