0 0.4258256421875 0.136174121875 0.42432821686667904 0.02297870429443018 0.3406293730716999 0.024085929045227474 0.34212679839252086 0.1372813466257973
0 0.45338571397055977 0.1498503811981354 0.34326725781250006 0.14967681875000005 0.3431506360137095 0.22366870221997362 0.45326909217176914 0.223842264668109
0 0.45553698219367894 0.23066314011886285 0.34237867656250004 0.23048209687500004 0.342247836556321 0.31226163800613727 0.4554061421875 0.3124426812500001
0 0.45448100548813225 0.3172990480480721 0.34158280781250006 0.3171184125 0.34148000287852076 0.38137205405783703 0.4543782005541529 0.3815526896059091
0 0.45869389375 0.5607010171875 0.45660003581057307 0.4022688497666979 0.3427230734375001 0.40377386093749995 0.34481693137692704 0.562206028358302
0 0.6964041264086334 0.40239027627439583 0.532529546875 0.402128884375 0.5322841913433938 0.5559497742769574 0.696158770877027 0.5562111661763531
0 0.6930366485943256 0.32742231249316184 0.5286101999999999 0.32716147187500005 0.5285159842181744 0.3865524000068382 0.6929424328125 0.38681324062500005
0 0.6004492653278388 0.24938801540142475 0.528563578125 0.24927402656250006 0.5284755930750632 0.304760737699735 0.600361280277902 0.30487472653865966
0 0.6015642880876227 0.1977977032781263 0.527881103125 0.19768074843750008 0.5278084703310629 0.24344042423518103 0.6014916552936856 0.24355737907580727
0 0.5948257140625002 0.107245521875 0.5937703574213952 0.02742083721530598 0.5285623 0.028282948437500004 0.5296176566411049 0.10810763309719403
0 0.6913239604576923 0.030488288552719307 0.6045175359375 0.030350289062500074 0.6043952786048078 0.10725435519728084 0.6912017031250001 0.10739235468750008
0 0.46018298281250003 0.7466331546875 0.4578179332705471 0.5677648928689986 0.3439409890625 0.5692706078125 0.34630603860445286 0.7481388696310014
0 0.6952367888341636 0.852155064453014 0.5336025203125001 0.8518996937500001 0.5334948533533367 0.9200463917969861 0.6951291218750002 0.9203017625000001
0 0.4624682765625 0.9199392984375001 0.46026963332635995 0.7536621832825078 0.34250224843749993 0.7552193937500001 0.34470089167363993 0.9214965089049925
0 0.6950057625000001 0.8365833984375002 0.6913434476535771 0.5596707271818473 0.5317186609375 0.5617818484375001 0.535380975783923 0.838694519693153
0 0.5166687242328754 0.9221641495771283 0.5089718172301105 0.025048778040055685 0.4341349129771971 0.025690850075252875 0.4418318199799619 0.9228062216123256
0 0.692378890625 0.30793160624999993 0.6921368534895496 0.11737114203995538 0.5273426252851493 0.11758045262858516 0.5275846624205999 0.3081409168386297