0 0.9575953125 0.3642390625000001 0.8480916477330254 0.3616906124381449 0.8461859374999999 0.4435765625 0.9556896022669745 0.44612501256185527
0 0.8347374999999999 0.3623343750000001 0.7623640625 0.3606500000000001 0.7598821008029524 0.4672937698010663 0.8322555383029522 0.4689781448010663
0 0.7557421875 0.3585781250000001 0.6757531032393592 0.35671656002712393 0.6732046657393591 0.4662196850271239 0.75319375 0.4680812500000001
0 0.6710468749999999 0.35470781250000005 0.6081984411099193 0.3532451573863514 0.60565 0.4627484375 0.6684984338900807 0.4642110926136486
0 0.5862906250000001 0.35273125000000005 0.4329793454987878 0.3491624920389449 0.4303859375000001 0.4605734375000002 0.5836972170012124 0.4641421954610553
0 0.583872555800034 0.5384625158447267 0.43341943164592645 0.5349609169992785 0.429740625 0.6930281250000001 0.5801937491541076 0.6965297238454482
0 0.6572609375000001 0.5373046875000002 0.5991703239131013 0.5359526346389603 0.5954468750000002 0.6959296875000002 0.6535374885868991 0.6972817403610401
0 0.7334187500000001 0.5400390625000001 0.6791468407746323 0.538776471161731 0.6775296532746323 0.608290533661731 0.7318015625000002 0.6095531250000001
0 0.7838828125000001 0.5412140625 0.7391250000000001 0.540171875 0.7374621927105139 0.6115828417276282 0.782220005210514 0.6126250292276283
0 0.9495046874999999 0.5479296875 0.8723734375000001 0.5461343750000001 0.8708885326770395 0.6099297115366649 0.9480197826770393 0.6117250240366648
0 0.9458731519254769 0.6221563161195672 0.870651278619088 0.6204046808894788 0.8687000000000001 0.7042000000000002 0.9439218733063891 0.7059516352300886
0 0.4244437500000001 0.34801250000000006 0.25114375000000005 0.3439796875 0.24855106607632332 0.4553937748083435 0.4218510660763234 0.45942658730834357
0 0.14406407300060464 0.5234557987656896 0.07740937500000007 0.5219046875 0.07375311449939555 0.6790223262343105 0.14040781250000012 0.6805734375
0 0.24265192012793801 0.3399656333232275 0.08172500000000003 0.33622031249999995 0.079043392372062 0.45144217917677254 0.23997031249999998 0.45518749999999997
0 0.4277816858590283 0.5319703226445728 0.15925043670500846 0.525720286297241 0.1556156250000001 0.6818890625 0.4241468741540199 0.6881390988473318
0 0.9540546911260455 0.4532917842432601 0.07612412301529292 0.44753770496087925 0.07562893097779153 0.5230917954543359 0.9535594990885441 0.5288458747367167
0 0.8622109375000001 0.5437203125 0.6784581842860649 0.5367783636439973 0.6723604394696825 0.6981851129082776 0.8561131926836177 0.7051270617642802