0 0.26833056241371966 0.6473035114474168 0.24981190156250005 0.6353295390625001 0.2251188625862804 0.6735192057400833 0.24363752343749998 0.685493178125
0 0.25344416172160783 0.6233062062016488 0.23578317674199817 0.6119115825401356 0.21897673064539042 0.6379605685259869 0.23663771562500008 0.6493551921875002
0 0.2949496809650247 0.5888612040944309 0.2597358869149047 0.5480596940325416 0.21624370126237985 0.5855956790006107 0.2514574953124999 0.6263971890625
0 0.2609287898422788 0.5216299526006773 0.2066669176729282 0.4865181391318119 0.1496148825181495 0.5746864771561346 0.20387675468750008 0.6097982906250001
0 0.48872243577459384 0.6064501699715124 0.33347624589051844 0.5060069282261702 0.1991941054284247 0.7135548957546579 0.3544402953125001 0.8139981374999999
0 0.6027154890624999 0.591474309375 0.5958617162983677 0.49946635902593634 0.5374518649253555 0.5038173726826756 0.5443056376894878 0.5958253230317393
0 0.6337575140625 0.5427714578124999 0.6304003065072639 0.49785178845390526 0.5979785718749999 0.5002749249999999 0.6013357794302361 0.5451945943585945
0 0.6301318546875 0.4942659015624999 0.6257069095972567 0.43452914914475527 0.5924179265625 0.436995 0.5968428716527432 0.4967317524177447
0 0.7356149180609982 0.5917763677775052 0.7234421074482758 0.4277538572758927 0.62782796875 0.43484979062500007 0.6400007793627226 0.5988723011266125
0 0.6816088828125 0.3939233921875 0.6740178397736897 0.29099758149527766 0.580365534375 0.2979046796875 0.5879565774138105 0.4008304903797223
0 0.780621603125 0.42170798906249995 0.7729309934076107 0.3178847418759324 0.6795966535182225 0.3247983956169831 0.6872872632356117 0.42862164280355053
0 0.7853787140625001 0.4850816671875 0.7818458530400795 0.42576061622903083 0.6810643500000001 0.4317626515625001 0.6845972110224208 0.4910837025209693
0 0.7321282859375 0.42456609062500006 0.7303785871646388 0.3950399104482393 0.6928708044042866 0.3972625928634942 0.6946205031771479 0.4267887730402549