0 0.2585839039186963 0.32674532593373 0.23152224999999999 0.28952951562499996 0.21335503045630372 0.30273989594126993 0.24041668437500002 0.33995570625
0 0.2447490435019486 0.3519377802391027 0.2263222390625 0.326543596875 0.20899496953467303 0.33911679926867216 0.2274217739741216 0.36451098263277487
0 0.288525693634547 0.3844292980152635 0.24255424531249997 0.3489020359375 0.20902344514061572 0.392290109128298 0.25499489346266274 0.42781737120606145
0 0.25771375747083214 0.4544988377055709 0.19518113593749997 0.3685655921875 0.14195058298060484 0.4073008453714791 0.204483204513937 0.49323409088955
0 0.48427718902269346 0.3550006643047607 0.337123784375 0.15275388750000007 0.18482746070802053 0.26356367590299434 0.3319808653557141 0.46581045270775495
0 0.6005471375000002 0.3631876625000001 0.5411038835229446 0.3618420218793398 0.5389754062971637 0.45586683829309027 0.5984186602742192 0.4572124789137507
0 0.63457950625 0.4106423953125001 0.6015837978058591 0.40988734573643876 0.6005326578125001 0.455822221875 0.633528366256641 0.4565772714510613
0 0.6334501000000002 0.4599776515625001 0.5995727840167617 0.4592248215572459 0.5982170140625002 0.5202344078125002 0.6320943300457386 0.5209872378177544
0 0.7352817460279587 0.355057034719761 0.6379771692719238 0.35288112527667087 0.6342337812500001 0.5202818359375 0.731538358006035 0.5224577453805901
0 0.6909140125000002 0.558497484375 0.5956078921236581 0.5564100767467635 0.5932995562500001 0.6618032609374999 0.6886056766263422 0.6638906685657364
0 0.7898494281249999 0.5244207812500001 0.6948655405569262 0.5223100277664485 0.6925076840769323 0.628413547927674 0.787491571645006 0.6305243014112255
0 0.7913454046874999 0.459961875 0.6883928288483276 0.45993157001354923 0.688375084375 0.5202133734375 0.7913276602141723 0.5202436784239508
0 0.740529396875 0.5244365562500001 0.7021579734375 0.52443655625 0.7021579734375 0.5544403484375 0.740529396875 0.5544403484375001