0 0.33158444375 0.24892368125000003 0.2976027781178212 0.2234759761655027 0.2854057979381223 0.23976324846815666 0.3193874635703011 0.265210953552654
0 0.3540511109375 0.23754756874999988 0.3309427882778431 0.22022203448743838 0.31930398125 0.23574555625000002 0.3424123039096569 0.25307109051256155
0 0.41186320991768754 0.26418687350103587 0.37958481405069894 0.22118279624585716 0.3397759265625 0.25106291718750007 0.37205432242948866 0.29406699444267875
0 0.4719281484374999 0.21914333281250015 0.39356447946626877 0.16037294743001856 0.35778037031249993 0.20808701406250013 0.436144039283731 0.2668573994449817
0 0.447143887333291 0.3355985386108517 0.26257491059667126 0.19715205269854413 0.16017777812499998 0.3336620828125 0.34474675486161976 0.47210856872480755
0 0.43771629687500013 0.52468194375 0.35285829819520914 0.5246786794012018 0.3528562031250001 0.5791408328125001 0.4377142018047911 0.5791440971612982
0 0.43769749999999996 0.61123993125 0.437674721875 0.58101243125 0.3962841685105011 0.5810436213649071 0.39630694663550103 0.6112711213649071
0 0.49666314843750003 0.580202778125 0.44147953749999996 0.580202778125 0.44147953749999996 0.6112370140625 0.49666314843750003 0.6112370140625
0 0.4967296356620291 0.7023206474530491 0.4967171913435835 0.6131815938546179 0.3449907709666757 0.6132027757251399 0.34500321528512123 0.7023418293235711
0 0.6262761109375 0.5785807640625 0.531686759375 0.5785807640625 0.531686759375 0.6658872921875 0.6262761109375 0.6658872921875
0 0.5962531484375001 0.66873881875 0.50046694375 0.66873881875 0.50046694375 0.7557513890625 0.5962531484375002 0.7557513890625
0 0.4966328796140929 0.6627218783722393 0.4414376859375001 0.66270555625 0.44141015355766555 0.7558095665662481 0.4966053472342583 0.7558258886884872
0 0.52797194375 0.6760690968749999 0.500499721875 0.6760690968749999 0.500499721875 0.71059305625 0.52797194375 0.71059305625