0 0.14750696793956014 0.6888285702356093 0.030727362500000084 0.688662975 0.030420197685440076 0.905279025076891 0.1471998031250001 0.9054446203125002
0 0.1673623338236908 0.43692186389213317 0.030525590625000053 0.4368259499999999 0.030355081731802392 0.6800845761763197 0.16719182493049314 0.680180490068453
0 0.1684085407013053 0.048800780340245535 0.0307657484375 0.0483069625 0.02940740461119475 0.4269207384097545 0.16705019687500006 0.42741455625
0 0.5018495524899669 0.8207839024787678 0.4211156843219831 0.8206547072569024 0.42097676151951624 0.9074673235281348 0.5017106296875001 0.9075965187500001
0 0.6325132668388294 0.6324916444688886 0.5078494093750001 0.6322990500000002 0.5074257097236711 0.9065542414686121 0.6320895671875002 0.9067468359375003
0 0.6340452750000001 0.5101376578125001 0.5091605227282354 0.5086868141719663 0.5078347352282354 0.6228070672969663 0.6327194875000001 0.6242579109375
0 0.7100727244143414 0.6501888982464743 0.6403776218340513 0.6499518735786782 0.6395029531250002 0.9071408234374999 0.7091980557052902 0.907377848105296
0 0.9468404578035194 0.9057418969202828 0.9463304782267231 0.6498968105880312 0.7143720468750001 0.6503591765625 0.7148820264517963 0.9062042628947518
0 0.952261109797624 0.18677348304984293 0.8581672188485443 0.18563672089876962 0.8559444949884206 0.3696195675364268 0.9500383859375002 0.3707563296875001
0 0.9545285437500002 0.05037500000000013 0.8594182416099179 0.04963622531462706 0.8584428478599178 0.17520900968962708 0.9535531500000001 0.17594778437500014
0 0.8502720626601178 0.052765398303803376 0.6470868000606812 0.05077956242885055 0.6438590280255634 0.38103631568754726 0.847044290625 0.3830221515625001