0 0.9472711875 0.719246371875 0.8575312677119122 0.712598970342337 0.8396998296874999 0.9533233812500003 0.9294397494755877 0.9599707827826635
0 0.9675127546875 0.4459852281250001 0.8560771653427162 0.4377307394351976 0.8361203577036976 0.7071476232988704 0.9475559470484815 0.7154021119886729
0 0.9987396484375001 0.024422146875000127 0.8861077763109801 0.016079045411497128 0.8551125751645321 0.4345142696903964 0.9677444472910521 0.4428573711538994
0 0.5480698593750001 0.8591392968750002 0.4607467051516666 0.8540347796017155 0.4549728046875002 0.9528090953125001 0.5422959589108336 0.9579136125857849
0 0.4704343656250002 0.65413200625 0.3358457419190592 0.6443379271378131 0.31354183077364867 0.9508346043583517 0.4481304544795896 0.9606286834705389
0 0.47833998125 0.5208997062500001 0.3358994934342667 0.5205876036826396 0.33562819375000014 0.6444060640625 0.4780686815657334 0.6447181666298607
0 0.32454170937500015 0.6722130843750002 0.2492504514358444 0.66708510156642 0.22993647031250014 0.9506613125 0.3052277282516559 0.9557892953085801
0 0.2449586500000001 0.6720632109374999 8.235599702199892e-17 0.6719681375 -0.00010771511786777723 0.9494983346964465 0.24485093488213222 0.9495934081339465
0 0.12566557031250009 0.16680512812499998 0.02388106790893694 0.16083069354594975 0.011787106250000045 0.3668715921875 0.1135716086535632 0.3728460267665502
0 0.13488503750000005 0.02076798125000002 0.0320134246939184 0.014644664369194644 0.02362764531250002 0.15552560625 0.12649925811858168 0.1616489231308054
0 0.3654625213512251 0.026833579736300732 0.14580787886453603 0.012938185202576055 0.12252393593750004 0.3810044640625001 0.3421785784241891 0.3948998585962248