0 0.3469247625000001 0.8919034203124999 0.11702427343750008 0.8919034203124999 0.1170242734375001 1 0.3469247625000001 1
0 0.6096271921875002 0.8943383890625001 0.35271740000000007 0.8943383890625001 0.35271740000000007 1 0.6096271921875002 1
0 1 0.900768584375 0.6161561578125002 0.900768584375 0.6161561578125002 1 1 1
0 0.198678005300044 0.5252647450825987 0.10104317031250007 0.5210397890625 0.09740050876245618 0.6052183361674014 0.1950353437500001 0.6094432921875
0 0.3961816890844608 0.40202333523082306 0.09688195000000005 0.3847484578125001 0.08939844529053932 0.514405586644177 0.38869818437500003 0.5316804640625
0 0.5170570078125001 0.5373992421875 0.5111087129062641 0.3965760410237167 0.3922708078125 0.4015956890625 0.39821910271873573 0.5424188902262833
0 0.36960963149779386 0.3221982410806773 0.09347013906250004 0.3040861328125001 0.0887216562054157 0.3764821027668542 0.3648611486407095 0.3945942110350314
0 0.3757452274716185 0.07333547914917769 0.0857746828125 0.05658974062500001 0.0718422912783816 0.2978441442883224 0.3618128359375 0.3145898828125001
0 0.8467938257858053 0.09498926852595924 0.6450802500000001 0.08546854218750007 0.6404536492361459 0.18349133484361432 0.842167225021951 0.1930120611820735
0 0.9879710454454071 0.10104049530409002 0.8486654734374998 0.09386534843750009 0.8435655373935527 0.1928806746761726 0.98287110940146 0.20005582154276252
0 0.995326241364244 0.2101906323434351 0.6362423671874999 0.19241466718750005 0.62576771651883 0.4040081367830594 0.9848515906955739 0.42178410193899446