0 0.9618128400163135 0.11523931341689427 0.7918297156249999 0.1073044531250001 0.786091145715984 0.2302379398895992 0.9560742701072975 0.23817280018149334
0 0.7859403353050893 0.10763081562001153 0.6168957078124999 0.09968782187500007 0.6111500258959585 0.22196875151600146 0.7801946533885478 0.22991174526101293
0 0.611371771178662 0.09950343548868718 0.4417190796875001 0.09200498593750005 0.4363036256231799 0.21452982942507312 0.6059563171143418 0.22202827897626026
0 0.586098418484232 0.35598618524794595 0.49581543906250003 0.35230796093750005 0.49386760964076803 0.4001179444395541 0.5841505890625001 0.40379616875000013
0 0.7683648314389544 0.4972546887454298 0.5906670055215969 0.48974626449675523 0.5852734037701426 0.6173937273138255 0.7629712296875001 0.6249021515625001
0 0.7826188408881493 0.23661019687335355 0.6717101734375001 0.23149213906250007 0.6680693436891911 0.3103891720235814 0.7789780111398403 0.3155072298344349
0 0.9578534791679816 0.24364096929972287 0.7884633562500001 0.23590440468750007 0.7828358302482854 0.3591176613374302 0.9522259531662669 0.36685422594965306
0 0.943994417434519 0.7206724458027322 0.6444175406250002 0.7066135609375002 0.6405366840038236 0.7893096578941515 0.9401135608133424 0.8033685427593834
0 0.946346498073928 0.6391050609734183 0.5877467640625001 0.6221781046875001 0.5845171316135721 0.6905982812140816 0.9431168656250002 0.7075252375
0 0.939343545382038 0.8022016848083169 0.6401434211896061 0.7952941686896613 0.6354174578125001 1.0000000000000002 0.9346175820049322 1.0069075161186558
0 0.9487875452977643 0.4900596134238132 0.8196582046874997 0.4864234640625 0.8156213203272354 0.6297839709511868 0.9447506609375 0.6334201203125
0 0.31146689370449654 0.08609608450381001 0.06968433906250002 0.07423390312499999 0.06365976287885317 0.1970306614783605 0.3054423175208497 0.20889284285717052
0 0.43371224746658193 0.09023314541301847 0.31629808281250005 0.08558870468750003 0.3139768558707219 0.14427067275395855 0.4313910205248038 0.148915113479477
0 0.43324471052694546 0.15450353176533418 0.28733706875 0.14734984687500002 0.2843854627953396 0.20755124949495468 0.43029310457228503 0.21470493438528884