0 0.4850034574187389 0.4826965221933744 0.3860019442055922 0.4764166803437832 0.38286997671276407 0.5257920513405152 0.4818714899259108 0.5320718931901064
0 0.5050582114374962 0.7017057045549088 0.4008047964947842 0.6950914062565273 0.39521528397373845 0.7831923267013554 0.49946869891645046 0.7898066249997369
0 0.43578362878435684 0.3112832131419244 0.42680119908586167 0.17973715762178863 0.36577597901227515 0.18390417537826012 0.3747584087107703 0.3154502308983959
0 0.4922013683322645 0.588132159692956 0.3932003574016556 0.5818535916400902 0.3900689292704535 0.6312302246613823 0.4890699402010624 0.637508792714248
0 0.4427146058418948 0.4128153914762843 0.43574183056918675 0.3106852150820155 0.37471592761832845 0.3148516614949516 0.38168870289103657 0.4169818378892204
0 0.5501826390625 0.4187110640624999 0.5456606175248884 0.35250006986766536 0.5115795717687811 0.3548277078197544 0.5161015933063927 0.42103870201458904
0 0.5452535296875001 0.3512645484375 0.5382535015800558 0.24873141719173328 0.47482586875 0.25306167812499997 0.4818258968574443 0.35559480937076665
0 0.539796990625 0.25274320625 0.5353457262227596 0.18756872283065912 0.4826433364439544 0.1911681724807009 0.4870946008461948 0.25634265590004174
0 0.4822244218749999 0.2500428015625 0.477775940232784 0.18485207573467605 0.4345410296875 0.18780233749999997 0.4389895113297159 0.2529930633278239
0 0.5115883109375 0.4156934843749999 0.5006331733769345 0.2468100411892606 0.4377058149711364 0.2508920154470944 0.44866095253170196 0.4197754586328338
0 0.5548645417554838 0.42560138428915695 0.38093871562500004 0.4154174421875001 0.37780827946596124 0.4688804027655051 0.551734105596445 0.47906434486716193
0 0.5580215859375001 0.5741899312500001 0.5516857696189613 0.48139048619728825 0.511536911521022 0.48413162101941065 0.5178727278395607 0.5769310660721224
0 0.562539409375 0.6403496874999999 0.5580190407007362 0.5741449442977768 0.5184126734374999 0.5768492125 0.5229330421117637 0.643053955702223
0 0.5667453124999999 0.6939774656250001 0.5630004201157665 0.6391113508511834 0.5223089688633997 0.6418887500989086 0.5260538612476332 0.6967548648727252
0 0.48907208732667334 0.5366108528199198 0.3890554390625001 0.5302674187499999 0.38611494861082685 0.5766300034300802 0.48613159687500007 0.5829734375
0 0.4968725584741498 0.6416348711788344 0.39594976875 0.6352340625000001 0.3928373950859042 0.6843074606603278 0.493760184810054 0.6907082693391622
0 0.5716885999999999 0.7659650234375 0.5671205988054079 0.6990754082331166 0.5254127440262157 0.7019237058331712 0.5299807452208077 0.7688133210375545
0 0.534638937199919 0.7885557227616168 0.511695674546705 0.4805073936830239 0.48136235140928585 0.4827666021714071 0.5043056140625 0.79081493125
0 0.5819011 0.9210221874999999 0.5716401356003076 0.7677544898211145 0.40446069139297575 0.7789468176980936 0.4147216557926682 0.9322145153769791