0 0.541841336776211 0.3518195888917721 0.4920400092562275 0.35124017134927954 0.4909574476293475 0.4442870713600901 0.540758775149331 0.4448664889025828
0 0.3231098140822365 0.34906008156574064 0.234248657631333 0.34802508796716414 0.23314493540784492 0.44278705877993313 0.32200609185874846 0.44382205237850975
0 0.8347936068883154 0.3535142457582593 0.7104350847602712 0.35279070526587797 0.7100771180547475 0.41431623277777313 0.8344356401827916 0.41503977327015446
0 0.43637258075694757 0.3512055017187753 0.38657009204823034 0.3506266982895628 0.3854887097270357 0.44367302131216835 0.4352911984357529 0.4442518247413809
0 0.7048482595898727 0.35275662563210985 0.6088724135202426 0.3521985209272232 0.6085146359483042 0.41372461965183727 0.7044904820179344 0.4142827243567238
0 0.6704328125 0.48716718750000004 0.6085117041906327 0.4868082018341052 0.6083125 0.5211687500000001 0.6702336083093673 0.5215277356658949
0 0.7706781250000001 0.45783906250000006 0.6761349168533044 0.4572884624326449 0.6757625000000002 0.5212359375000001 0.7703057081466959 0.5217865375673553
0 0.8332171875000001 0.47028906250000013 0.7746877142466333 0.4699497612057777 0.7743796875000001 0.523084375 0.8329091607533667 0.5234236762942225
0 0.8340921875000001 0.42225156250000007 0.7743478973571446 0.4219032084418052 0.7740937409428815 0.46549217833664247 0.8338380310857371 0.4658405323948374
0 0.7716989710884261 0.4212111465831218 0.608565625 0.41923750000000004 0.607798662054228 0.4826314392896493 0.7709320081426541 0.4846050858727711
0 0.6028093750000001 0.3515171875000001 0.5489318653627377 0.3511545538012065 0.5478053028627378 0.5185311163012065 0.6016828125000001 0.51889375
0 0.5406281250000001 0.47750937500000007 0.45287778905866566 0.4769986247720568 0.45264218749999996 0.5174765625000001 0.5403925234413344 0.5179873127279434
0 0.4479109375000001 0.47751718750000005 0.3866947404592219 0.47716115171398277 0.38646250000000015 0.5170921875000002 0.44767869704077834 0.5174482232860175
0 0.3828234375000001 0.4765921875 0.33308644545354194 0.47630174105023376 0.33284687500000004 0.5173265625 0.3825838670464582 0.5176170089497663
0 0.4879390625000001 0.351125 0.44117657956267964 0.35058131359889655 0.44008281250000014 0.4446562500000001 0.4868452954373206 0.44519993640110356
0 0.3829265625000001 0.3502406250000001 0.33342989167323916 0.34966519669249496 0.3323296693374608 0.44430312478884976 0.3818263401642218 0.44487855309635477
0 0.32271875000000005 0.47524531250000007 0.2610841482171614 0.47488607799228133 0.2608390625000001 0.5169359375 0.3224736642828388 0.5172951720077188
0 0.5406880488212421 0.4490392915331129 0.23238593750000008 0.4474453125 0.23222826219160617 0.4779423450651872 0.5405303735128483 0.47953632409830005
0 0.2554906810317076 0.3480293052789843 0.10581509887635447 0.34794053201537317 0.10571504284464699 0.516639351736389 0.25539062500000004 0.5167281250000001