0 0.4413755273615626 0.46530822940259886 0.33979843631855655 0.4632144553818529 0.3386966192836397 0.5166678692457841 0.44027371032664575 0.5187616432665301
0 0.4381407054116381 0.18842392937401684 0.3329072632162411 0.18625478819611874 0.3309412757779854 0.2816324554261684 0.43617471797338236 0.2838015966040665
0 0.41224746684800406 0.832709464056847 0.40987974059582444 0.6970595697257997 0.34385820950461926 0.6982119547913734 0.3462259357567989 0.8338618491224207
0 0.4393589575429916 0.35202308805850396 0.33782192697610275 0.34993013975719134 0.3367200883544613 0.40338460002036064 0.4382571189213501 0.4054775483216734
0 0.40981189203956525 0.693163089602107 0.4079771130214917 0.5879717302587125 0.34195537608920834 0.5891233010570771 0.3437901551072819 0.6943146604004717
0 0.5245654359375 0.6602528828125 0.5233849053881312 0.5925562324810177 0.4865134218754751 0.5931992172147396 0.4876939524248439 0.6608958675462218
0 0.5260906046874999 0.7675456125 0.5242798862080226 0.663781195606754 0.45565771874999994 0.6649786718749999 0.45746843722947733 0.7687430887682458
0 0.52863255 0.8349003859374999 0.5275023050116553 0.7701940058673786 0.47048490000000004 0.7711899453125 0.4716151449883448 0.8358963253826215
0 0.4668020140625001 0.83396424375 0.4656551296636559 0.7682799311597908 0.4188809021421697 0.7690966350225084 0.4200277865410139 0.8347809476127177
0 0.48564603635020376 0.7659618169341764 0.48196109901830325 0.5892809256212024 0.4139412750000001 0.590699578125 0.4176262123319006 0.767380469437974
0 0.5225331206938024 0.52955762290466 0.34042449687500004 0.5243084265625001 0.3387586032786694 0.5821027193420879 0.5208672270974717 0.5873519156842478
0 0.5191409390625 0.52065741875 0.5174710700605352 0.4250010627474327 0.47403352941899046 0.4257593500758457 0.47570339842095527 0.521415706078413
0 0.5174026843749999 0.4210779765625 0.5162298789293617 0.3539407056142142 0.4733808718749999 0.354689225 0.47455367732063813 0.4218264959482859
0 0.516770134375 0.35117263125 0.5158130065021796 0.29632528230922145 0.47179026874999996 0.29709351249999993 0.4727473966228202 0.35194086144077846
0 0.4410487812431789 0.41068611519476994 0.33840604062500007 0.40856879218750003 0.3373706826210355 0.4587604647301422 0.44001342323921433 0.46087778773741206
0 0.4394347906167294 0.29495982703820856 0.336093959375 0.29282816406249995 0.3349980953207706 0.34595452764929135 0.43833892656250006 0.348086190625
0 0.5156728187499999 0.28659932812499994 0.5144900483306661 0.2189400672861533 0.4693674225718506 0.21972886849870746 0.47055019299118445 0.2873881293375541
0 0.47282963745669104 0.18789454891218846 0.43953691250000004 0.18769622187500004 0.437561301605809 0.5193376917128116 0.4708540265625 0.51953601875
0 0.5191651072364112 0.05427272792637503 0.33109060468750007 0.04849061562500004 0.32615536307608906 0.2090189939486251 0.5142298656250002 0.2148011062500001