0 0.5245685944090133 0.5922946728272215 0.4705253887388815 0.5914940324194122 0.46901740559098704 0.6932828537352789 0.5230606112611188 0.6940834941430881
0 0.8042435584751052 0.6017110745280003 0.7078135246763815 0.6002824808569123 0.706260555950954 0.7051078274281796 0.8026905897496777 0.7065364210992677
0 0.2882183398560017 0.6186352754366815 0.15225043938879995 0.6135994271523836 0.14978071951685804 0.6802818621211097 0.2857486199840598 0.6853177104054077
0 0.6389750254447644 0.5965554958732538 0.584931819665263 0.5957548554638243 0.5834241851691173 0.6975201427961586 0.6374673909486187 0.6983207832055881
0 0.3983878310344554 0.6227156269830127 0.2931637772852891 0.618818438828675 0.290694056844609 0.685500873985491 0.39591811059377535 0.6893980621398288
0 0.3983399204859146 0.5061075323002344 0.3305636531250001 0.5035973000000001 0.3291843732640855 0.5408378536372658 0.396960640625 0.5433480859375
0 0.32588594901614865 0.5037750929129686 0.22219405 0.49993465156249994 0.21962704629635138 0.5692437398995315 0.32331894531250005 0.5730841812500002
0 0.21865456863616947 0.49842144678200073 0.15422298906250007 0.4960350906250001 0.15209009073883067 0.5536233125929996 0.21652167031250008 0.5560096687500001
0 0.21853655078076523 0.5609191475880124 0.15295347187500008 0.5584901453125 0.1512038757817349 0.6057292524119877 0.2167869546875001 0.6081582546875002
0 0.3996656380908149 0.5479775794537145 0.221816861519408 0.5407836100905976 0.21903790311609322 0.6094848134493832 0.3968866796875001 0.6166787828125001
0 0.4625555776406471 0.509152613060935 0.40410070357838135 0.5087657948604148 0.4028892446877344 0.69183804117448 0.46134411875000014 0.6922248593750001
0 0.5673407713435616 0.5153888187751197 0.47143416250000014 0.5118367234375001 0.46980925990643846 0.5557091093498804 0.56571586875 0.5592612046875
0 0.6391157058635598 0.5180471501534127 0.5720019593750001 0.5155614562500002 0.5703990722614403 0.5588394154715876 0.63751281875 0.561325109375
0 0.6973033411938652 0.5196103988238849 0.6426208906250002 0.517585121875 0.6409740963061349 0.5620485464886154 0.695656546875 0.5640738234375002
0 0.5797564471846456 0.5936710572325816 0.5290109359375 0.5929192718750002 0.5274867434403545 0.6958022646424187 0.5782322546875001 0.6965540500000003
0 0.6966431719144583 0.5976374876902684 0.6429305843750002 0.5968417453125001 0.641396626523042 0.700383856059732 0.6951092140625 0.7011795984375002
0 0.7754385989864344 0.5224737721855625 0.7078332078125001 0.5199698687500001 0.7061453307010659 0.5655425496894377 0.7737507218750002 0.5680464531250001
0 0.8055094316193351 0.5651755242323715 0.4708386687500001 0.560617703125 0.47038067463066524 0.5942472023301286 0.8050514375000002 0.5988050234375001
0 0.9427206764960563 0.5236090253483205 0.780337175 0.522845134375 0.7794553422539439 0.7103000121516796 0.94183884375 0.7110639031250001