0 0.40293798687523036 0.4996669559686276 0.3035165967968373 0.4936181941468741 0.30028657944132153 0.5467088637625646 0.39970796951971455 0.5527576255843181
0 0.3867675666870216 0.732728847539948 0.28491514849292693 0.7265310756404312 0.2791507572696127 0.8212614392340217 0.38100317546370743 0.8274592111335386
0 0.3912615784344243 0.18551114040178893 0.3256555923660597 0.18095862082477482 0.3164487141521163 0.31363818729756077 0.3820547002204809 0.3181907068745749
0 0.3951323501535544 0.6120344448480769 0.29571935185703613 0.6059872979081145 0.2924898578531775 0.6590790592117031 0.3919028561496958 0.6651262061516656
0 0.3816587299868929 0.32389935500359035 0.3160525196682623 0.3193476384623973 0.3089412822602099 0.4218455275106714 0.3745474925788404 0.42639724405186447
0 0.4938603453125 0.36593955468750006 0.45722091956120625 0.3633976745175467 0.4526373703125001 0.4294663328125 0.48927679606379393 0.43200821298245345
0 0.5009004187500001 0.2594855546875001 0.4327101571558102 0.2547540111841543 0.42570800000000003 0.3556680000000001 0.4938982615941899 0.3603995435033459
0 0.506892665625 0.19278555625000005 0.450234148142869 0.18885319936855285 0.4458955546875 0.25136488906250004 0.502554072169631 0.2552972459439472
0 0.44547329687500004 0.18871100000000007 0.39899347634766863 0.18548540644129488 0.39456714077730515 0.24926755355930358 0.44104696130463655 0.2524931471180088
0 0.4607454087189087 0.2568151635131525 0.3931588840998669 0.25189378120699446 0.3804756671875001 0.42607544375 0.44806219180654194 0.43099682605615797
0 0.48642125937499997 0.4386424437499999 0.3072973509478288 0.4286276285876072 0.30408554375 0.4860736671875 0.48320945217717126 0.49608848234989267
0 0.4812861234375001 0.5041653328125001 0.4381219822085455 0.5011699953453213 0.4316260067609289 0.5947798822823132 0.4747901479898835 0.5977752197494919
0 0.4744318265625001 0.6029402218750001 0.4318525287034599 0.5999849637380665 0.42731765468750005 0.665323334375 0.4698969525465403 0.6682785925119336
0 0.47020342031249995 0.6723283328125 0.4264577592218193 0.6692929149970452 0.42277233281250004 0.7224063328125001 0.4665179939031807 0.7254417506279549
0 0.39966748125 0.5571420000000001 0.2991534783465838 0.5510272155102333 0.2961207781250001 0.6008783328125001 0.39663478102841637 0.606993117302267
0 0.39219596406250007 0.6690461109375 0.291074564693354 0.6628943277927779 0.28786451864953344 0.7156602235264437 0.38898591801867954 0.7218120066711657
0 0.4657883328125001 0.7363823328125 0.42094973840630096 0.7332697013447967 0.41638272424226763 0.7990592102774305 0.4612213186484667 0.8021718417451338
0 0.43531458430421843 0.5014767373388154 0.4023787302409348 0.49974788859782626 0.3851239765625001 0.8284637765625001 0.41805983062578367 0.8301926253034893
0 0.46065805000000015 0.8075851109375002 0.2809971389295781 0.7948794408572113 0.2694679893779244 0.9579040982919004 0.44912890044834636 0.9706097683721893