0 0.5458984375 0.55859375 0.49609375 0.55859375 0.49609375 0.6513671875 0.5458984375 0.6513671875
0 0.3271484375000001 0.55859375 0.23828125000000008 0.55859375 0.23828125000000008 0.6533203125 0.3271484375000001 0.6533203125
0 0.8388671875 0.5898437500000001 0.71484375 0.58984375 0.71484375 0.6513671875000001 0.8388671875 0.6513671875000002
0 0.4404296875 0.55859375 0.3906250000000001 0.55859375 0.3906250000000001 0.6513671875 0.4404296875 0.6513671875
0 0.708984375 0.58984375 0.61328125 0.58984375 0.61328125 0.6513671875 0.708984375 0.6513671875
0 0.6760546875 0.48240625000000004 0.6143359375 0.48240625000000004 0.6143359375 0.516765625 0.6760546875 0.516765625
0 0.775953125 0.4827296875000001 0.68178125 0.4827296875 0.68178125 0.5466765625000001 0.775953125 0.5466765625000002
0 0.8386328125 0.4814562500000002 0.7804140625 0.4814562500000002 0.7804140625 0.5345890625000002 0.8386328125 0.5345890625000002
0 0.83895 0.5390437500000002 0.7794578125 0.5390437500000002 0.7794578125 0.5826281250000002 0.83895 0.5826281250000002
0 0.7768253206505681 0.5828194403064092 0.7762383405481659 0.5194341227064104 0.6128161448975977 0.5209474949000013 0.6134031249999999 0.5843328125
0 0.6076796875000001 0.4846421875000001 0.5538046438793411 0.48437763310672477 0.5529827688793411 0.6517479456067248 0.6068578125000001 0.6520125000000001
0 0.5461484375000001 0.485190625 0.4586328125 0.485190625 0.4586328125 0.52566875 0.5461484375000001 0.52566875
0 0.4534375 0.485190625 0.39245312500000007 0.485190625 0.39245312500000007 0.5251203125 0.4534375 0.5251203125
0 0.3883437500000001 0.4846453125 0.3388437500000001 0.4846453125 0.3388437500000001 0.52566875 0.3883437500000001 0.52566875
0 0.4919921875 0.5579328125 0.4452265625 0.5579328125 0.4452265625 0.6517390625 0.4919921875 0.6517390625
0 0.38697656250000007 0.557659375 0.33747656250000013 0.557659375 0.33747656250000013 0.6520125 0.38697656250000007 0.6520125
0 0.3282265625000001 0.48461718749999994 0.2668359375000001 0.48461718749999994 0.2668359375000001 0.5266640625 0.3282265625000001 0.5266640625
0 0.5460672306240283 0.5258422293987343 0.23783231652675935 0.5232714293072214 0.2375765625 0.5539359374999999 0.5458114765972689 0.5565067375915127
0 0.26138437500000006 0.4847921875000001 0.1102388877794219 0.48458864686705755 0.11001186757548984 0.6531696266752761 0.261157354796068 0.6533731673082187