0 0.6646372425584365 0.5041303316344091 0.6622893886256833 0.4513036047527307 0.5610272089347561 0.45580414493117116 0.5633750628675093 0.5086308718128496
0 0.6705316533999273 0.27138677823747176 0.666342344393683 0.17712732941042916 0.5609084070003445 0.18181328237304592 0.5650977160065888 0.27607273120008846
0 0.660620063544888 0.6839131874522646 0.5952382067080496 0.6834288779799116 0.5942372020801125 0.8185646641102358 0.6596190589169508 0.8190489735825889
0 0.6654678082749454 0.3920040846707338 0.6631199542441725 0.3391773593679412 0.5619114998361064 0.34367551207887065 0.5642593538668794 0.39650223738166324
0 0.6614198666593429 0.5759397655782792 0.5960380104917646 0.5754554560420303 0.5952604262495785 0.6804294391573732 0.6606422824171567 0.6809137486936222
0 0.5183139531250001 0.5833671109375 0.48179974329217296 0.5830966360820186 0.48129968125000006 0.6506052046875 0.5178138910828272 0.6508756795429815
0 0.5495818265625001 0.6536564796875 0.4816245476914614 0.6531530917138246 0.48085683437500004 0.756794240625 0.5488141132460387 0.7572976285986754
0 0.5359545953125001 0.759086415625 0.47948957904564615 0.7586681561396563 0.4790094125000001 0.8234906234375001 0.535474428766854 0.8239088829228439
0 0.5870335546875001 0.7557999625 0.5407158021902689 0.7554568680794375 0.54022950625 0.821106828125 0.5865472587472311 0.8214499225455626
0 0.5901535250000001 0.5791828718750002 0.5228299532945421 0.5780611900942718 0.5199051075029 0.7536110374432943 0.587228679208358 0.7547327192240225
0 0.6651093744891914 0.5688808265022843 0.6622904640625 0.5117637140625 0.48139629894830877 0.5206914141227157 0.4842152093750001 0.5778085265625001
0 0.5290052296875001 0.41741487656250004 0.4859885354445141 0.41709623430265375 0.4852828234374999 0.51236733125 0.5282995176804859 0.5126859735098463
0 0.5289433375 0.34708364687500004 0.48650947559908947 0.34676932161599383 0.4860129203125001 0.4138042093750001 0.5284467822134106 0.41411853463400633
0 0.529948565625 0.290064378125 0.48635235961657985 0.28974144393686657 0.4859457984375 0.3446273171875001 0.5295420044459201 0.34495025137563357
0 0.6653436310775415 0.44680883318619885 0.6631390421875 0.39720557500000003 0.5608386001724586 0.4017522605638012 0.5630431890625001 0.4513555187500001
0 0.6666117614214966 0.335144708100661 0.6642782703125001 0.28264115937499995 0.5612459979535035 0.28722037158683894 0.5635794890625 0.3397239203125
0 0.5315737656249999 0.2134641921875001 0.4868899384679188 0.21313320103370786 0.48638932031249993 0.2807166843750001 0.5310731474695811 0.2810476755287923
0 0.5607975390625002 0.1810692875000001 0.5283881113703378 0.18085023902071187 0.526162975577456 0.5100713220384075 0.5585724032696182 0.5102903705176958
0 0.6682646888305807 0.20806113860110975 0.6668004437499999 0.040786415625 0.4856375017944193 0.04237223171139028 0.48710174687499996 0.20964695468750003