0 0.7456633703793659 0.492475458440145 0.739434930375472 0.3112444880834361 0.6602774181349675 0.3139649271721695 0.6665058581388614 0.4951958975288783
0 0.46352624754586796 0.6998870073598811 0.4589296192321786 0.5661067108508954 0.3451408525095979 0.5700164395669002 0.3497374808232873 0.7037967360758859
0 0.6467112901303216 0.49572036130457037 0.6404824834356349 0.31447787843911107 0.5553882973773995 0.31740233206288926 0.5616171040720862 0.4986448149283486
0 0.6495576748900261 0.6937896174831069 0.6449613501359548 0.560057125990171 0.5638234812649623 0.5628457975465072 0.5684198060190336 0.6965782890394431
0 0.376449978793984 0.7027447821024204 0.3730774471934096 0.6046308809713687 0.2869925312593236 0.6075899326039474 0.29036506285989805 0.705703833734999
0 0.28145601138344406 0.7058597520332381 0.2768588512686226 0.5721498537343395 0.21056361632689927 0.5744291899222672 0.2151607764417207 0.7081390882211658
0 0.3371516462181373 0.5970274897534841 0.3362756091163397 0.5703044464029963 0.28577263483782467 0.5719600392424361 0.2866486719396223 0.598683082592924
0 0.6485412921875 0.5521541484375 0.6413300283194099 0.31291014908359277 0.16494410723338562 0.32726931624879585 0.17215537110147577 0.5665133156027031
0 0.8892331109374998 0.401075421875 0.8858870964929118 0.3037880588772211 0.8301904228384901 0.30570364039593756 0.8335364372830781 0.4029910033937164
0 0.9364141109374999 0.34090826250000006 0.9351341367566522 0.30186173055771304 0.8948257580611096 0.3031830690079084 0.8961057322419574 0.3422296009501954
0 0.9382137250000001 0.40476325625 0.9362408219688527 0.3473629479869377 0.8963898390624999 0.34873266406250003 0.8983627420936473 0.40613297232556234
0 0.9410018765625001 0.48609244062500007 0.9384576897477712 0.41201620944939654 0.8990150953125001 0.4133708859375 0.9015592821272289 0.4874471171131035
0 0.8933963421875 0.4864129734375001 0.8864126742846687 0.3028976540079217 0.7543658633471689 0.30792268994542166 0.76134953125 0.4914380093750001
0 0.7341416562499999 0.5446925453125001 0.7330266989612152 0.5106707227783248 0.6693865402298202 0.5127563270626252 0.670501497518605 0.5467781495968005
0 0.7404253390625 0.6920898390625001 0.7356325633787182 0.5526411338584245 0.6671994140625 0.55499314375 0.6719921897462818 0.6944418489540756
0 0.5565674390625 0.6959428265625 0.551935811264334 0.5612176242468097 0.472742065025444 0.563940173185066 0.47737369282361 0.6986653755007562
0 0.3755262421875 0.42905316406250005 0.3718466161963542 0.32201074911668937 0.2810262153789939 0.3251327368590532 0.28470584137013977 0.4321751518048639
0 0.5474928046875001 0.49661635000000004 0.5413351814870773 0.3174618511870869 0.380737576016294 0.322981665358273 0.3868951992167168 0.502136164171186
0 0.3764474921875 0.504443565625 0.3741584812473907 0.43464536097179696 0.28433579375 0.43759106875000003 0.2866248046901093 0.5073892734032031
0 0.2217758796875 0.37587035937499996 0.2200427550772949 0.3254255419781485 0.19180574218749996 0.3263956765625 0.1935388667977051 0.3768404939593515
0 0.276710853125 0.2964416671875001 0.2749118925395807 0.2416052198089098 0.1884333203125 0.24444222968750004 0.19023228089791933 0.29927867706609035
0 0.188411121875 0.4374074546875 0.18458154445327213 0.3259493959315422 0.10373335624999998 0.3287272515625 0.10756293367172787 0.44018531031845776
0 0.18981435781250003 0.5105624828125 0.18756197998971594 0.441877530205777 0.10660111184750769 0.4445324707276259 0.10885348967029178 0.5132174233343489
0 0.16674948437499998 0.565112553125 0.16558726408716545 0.5296591733451849 0.111818565625 0.5314218 0.11298078591283453 0.5668751797798152
0 0.2060721515625 0.7091034453125 0.20134576125864947 0.5715969721929421 0.11108264218749997 0.5746995078124999 0.11580903249135052 0.7122059809320578
0 0.9429170421874999 0.6854072421875002 0.9369564539198191 0.5036065745773094 0.7537011081031428 0.5096148564974109 0.7596616963708237 0.6914155241076017