0 0.7320831257485816 0.36369536330690894 0.6501234048982277 0.359316270551611 0.6400958344457779 0.546993700790041 0.7220555552961317 0.551372793545339
0 0.4193212663227318 0.6023555967090906 0.30145537187332183 0.5962440314518629 0.2942804929776773 0.7346166877204412 0.4121463874270872 0.7407282529776688
0 0.6296241084822831 0.35838267415671476 0.5415167616664192 0.35367511488092923 0.531488760517869 0.5413606060886352 0.6195961073337328 0.5460681653644208
0 0.6119467479147792 0.612345190872449 0.527936785242992 0.6078573297007477 0.5205388441120578 0.7463421745922993 0.6045488067838449 0.7508300357640006
0 0.3271888402473181 0.6345785679805117 0.23805702565577702 0.6298156310710428 0.2326278593531376 0.7314150126021006 0.32175967394467864 0.7361779495115697
0 0.23079921893105698 0.5925819976682483 0.16215806223318413 0.5889143194320794 0.15475978609850832 0.7273741838897858 0.22340094279638117 0.7310418621259547
0 0.292273098740139 0.5957679144714106 0.23998362472329965 0.5930566072422292 0.23854864838006926 0.6207311390719468 0.29083812239690865 0.6234424463011281
0 0.62724506421535 0.3522429976966908 0.1344224057507731 0.3309831932833297 0.12354604778542318 0.5831076033991389 0.6163687062500001 0.6043674078125001
0 0.8839701265625003 0.3687837875000001 0.8263011960854596 0.3657027090691695 0.8209186643159667 0.4664482296308362 0.8785875947930073 0.4695293080616668
0 0.9349307703124999 0.37101016406250015 0.8931944645589314 0.3688460589835707 0.8910978265307772 0.40928121467429435 0.9328341322843459 0.4114453197532238
0 0.9320003874999999 0.4181572078125001 0.8907398908999966 0.4159532367966497 0.8875646858542752 0.4753961859330545 0.9288251824542785 0.4776001569489049
0 0.9284176078125 0.4851098843750001 0.8875784046169507 0.48292809784150803 0.8834801703124999 0.5596398296875001 0.9243193735080493 0.5618216162209922
0 0.885961774726231 0.3693652963651106 0.7485064125000002 0.36147855625000014 0.7376032560240474 0.5515060328673609 0.8750586182502784 0.5593927729824714
0 0.7073083312500001 0.5689253546875 0.6414120779517971 0.5655085123293222 0.6395851734333104 0.6007416750808015 0.7054814267315135 0.6041585174389793
0 0.7062359078125 0.6126070078125 0.6353811884387681 0.6088216252252716 0.627666301566947 0.7532287311667617 0.698521020940679 0.7570141137539902
0 0.5157981046875001 0.6053979968750001 0.4337984485669247 0.6010166356162815 0.4263438485293264 0.740533695156419 0.5083435046499019 0.7449150564151376
0 0.3515813468750001 0.3426534546875001 0.2575465871984257 0.33762996838455467 0.25162483281250003 0.4484794296875 0.3456595924890744 0.4535029159904454
0 0.5269800734375 0.35290749218750006 0.3606955950276013 0.34402473431629316 0.3507849046875 0.5295520218750001 0.5170693830973987 0.5384347797462069
0 0.34363727968750013 0.45900577968750006 0.2506297277167753 0.4541831666232482 0.24688178434327884 0.526464942799268 0.33988933631400375 0.53128755586352
0 0.19454718906250004 0.3327859859375001 0.1653086659154584 0.3312237527679015 0.16251751266610565 0.3834625609536929 0.19175603581314726 0.3850247941232915
0 0.2587218703125 0.25099215468749997 0.1691779227599255 0.24634913552075305 0.16623339528077835 0.303136455299275 0.25577734283335285 0.30777947446602194
0 0.15788118906250007 0.33030925312500004 0.07417017562092033 0.3258369331043519 0.06800367968750005 0.4412588218750001 0.15171469312907976 0.44573114189564816
0 0.15032491718750007 0.45013488749999997 0.06649798767068589 0.4457883053204819 0.06280965312500006 0.5169204609375 0.14663658264181423 0.5212670431170181
0 0.11972088750000007 0.5388557984374999 0.06404647188905097 0.535968977397093 0.06214269531250005 0.5726846749999999 0.11781711092344915 0.5755714960404068
0 0.1528818218750001 0.5854405593750001 0.0594207842597327 0.5804477261713965 0.05181378125000009 0.722843509375 0.1452748188652675 0.7278363425786034
0 0.918256040625 0.5794720218750001 0.7285083167376116 0.5696332508444756 0.718745975 0.7579069812500002 0.9084936988873883 0.7677457522805247