0 0.7296472257020634 0.5304011528779188 0.7286058113204338 0.35125877071685724 0.650484024350739 0.35171291870510774 0.6515254387323687 0.5308553008661693
0 0.4456284764351528 0.7257136429950152 0.44485835284208364 0.5932475312669884 0.3325565665340134 0.593900424705555 0.33332669012708255 0.7263665364335818
0 0.6319909757020635 0.5304011528779187 0.6309493633104589 0.35122470936795525 0.5469678264534331 0.3517129220355507 0.5480094388450378 0.5308893655455142
0 0.6292228404499138 0.7257193082883878 0.6284526029269395 0.5934341965172434 0.5483766287658876 0.5939004433923587 0.5491468662888619 0.726185555163503
0 0.35969001220208063 0.7257193334549257 0.3591258737091186 0.6285576967054333 0.27416780029791943 0.6290509790450745 0.2747319387908814 0.7262126157945669
0 0.2659400163917391 0.7257193291942291 0.265171870154147 0.5935202484492095 0.19974496726927346 0.5939004131901826 0.20051311350686557 0.7260994939352022
0 0.3239156250000001 0.5938890625 0.2739750000000001 0.5938890625 0.2739750000000001 0.62025625 0.3239156250000001 0.62025625
0 0.6342399870453479 0.35226174887075345 0.16376516738186075 0.3481729443577396 0.1617083396828381 0.5848400771826529 0.6321831593463252 0.5889288816956667
0 0.8737765625 0.44496250000000004 0.8732168905606036 0.3487349837196342 0.8182484375 0.34905468749999996 0.8188081094393963 0.4452822037803658
0 0.921990625 0.3486593750000001 0.882046875 0.3486593750000001 0.882046875 0.3871843750000001 0.921990625 0.3871843750000001
0 0.9219671874999997 0.45018125 0.921636164593117 0.3933739539894601 0.8823078125 0.393603125 0.8826388354068827 0.45041042101053985
0 0.9224281250000003 0.53043125 0.9220018067718303 0.4571719106511535 0.8830750000000002 0.4573984375000001 0.8835013182281701 0.5306577768488466
0 0.8754812499999998 0.5292078124999999 0.87452812495929 0.34810102799918924 0.7440890625 0.3487875 0.7450421875407098 0.5298942845008108
0 0.7168187500000001 0.547934375 0.65386875 0.547934375 0.65386875 0.581503125 0.7168187500000001 0.581503125
0 0.7188640624999999 0.726984375 0.7180617759846226 0.5891007819646326 0.650525 0.58949375 0.6513272865153773 0.7273773430353675
0 0.5374749999999999 0.724840625 0.5367004850870826 0.5915723211277453 0.45854062500000003 0.5920265624999999 0.4593151399129174 0.7252948663722546
0 0.36648281250000003 0.4559375 0.365865712425606 0.34993446737355927 0.27623437505295173 0.3504562590958359 0.27685147512734576 0.4564592917222767
0 0.5341390624999999 0.5280875 0.533105561303284 0.3506347162556752 0.37460781255299824 0.3515578215998338 0.37564131374971416 0.5290106053441586
0 0.3652718750000001 0.46140625 0.2763312500000001 0.46140625 0.2763312500000001 0.5302734375 0.3652718750000001 0.5302734375
0 0.21638750000000004 0.3985484375 0.21609749593149327 0.3486551970003668 0.188228125 0.3488171875 0.1885181290685067 0.3987104279996333
0 0.2727859375 0.267934375 0.18720937500000004 0.267934375 0.18720937500000004 0.3220390625 0.2727859375 0.3220390625
0 0.1817578125 0.45812343749999995 0.1811160497280166 0.3478061430084024 0.10132500005287703 0.34827032158942156 0.10196676282486043 0.45858761608101917
0 0.18108125000000003 0.46250156249999996 0.10089531250000003 0.46250156249999996 0.10089531250000003 0.5302734375 0.18108125000000003 0.5302734375
0 0.1568046875000001 0.5483125 0.1035921875000001 0.5483125 0.1035921875000001 0.5832937499999999 0.1568046875000001 0.5832937499999999
0 0.19152343750000003 0.726484375 0.1907313558945877 0.5904251454097105 0.10164687505295282 0.5909437590959326 0.10243895665836515 0.7270029886862222
0 0.9187046875 0.5475625000000002 0.7370890625000001 0.5475625000000002 0.7370890625000002 0.7269421875000002 0.9187046875 0.7269421875000002