0 0.3455279634824215 0.36739056179886037 0.264272779301528 0.36339640107827764 0.25511349176779985 0.5497283109795557 0.33636867594869335 0.5537224717001383
0 0.6653043431123444 0.6380380290081658 0.5483975461320363 0.6316091390080116 0.5408588005129824 0.7686982171461947 0.6577655974932906 0.7751271071463488
0 0.45316175775391904 0.3732721534016831 0.3658125753016418 0.36897865365112076 0.3566522570555758 0.555340912014298 0.44400143950785304 0.5596344117648605
0 0.44077854998726734 0.6252123099250139 0.3574905254140626 0.621118292317073 0.35072745974492536 0.7587049940813121 0.4340154843181301 0.762799011689253
0 0.7243080905202429 0.6774384915683322 0.6359418441086001 0.6730958039025633 0.6309755442147664 0.7741514896779563 0.7193417906264092 0.7784941773437253
0 0.8032696135389201 0.6452333276221451 0.7352162123661158 0.6418893078957919 0.7284600710280024 0.7793820365538859 0.7965134722008067 0.7827260562802392
0 0.7262160163047635 0.6413880081339894 0.6743023546512578 0.6385332397482386 0.6727946431852507 0.6659508135549514 0.7247083048387566 0.6688055819407024
0 0.8569279307191516 0.3938692362903572 0.3688941198158834 0.3644806177169757 0.3539416671875001 0.6127843078124999 0.8419754780907684 0.6421729263858815
0 0.171203943907852 0.3551785556919376 0.11403127363045003 0.3523678856709221 0.10911066409759809 0.4524594596664846 0.16628333437500006 0.4552701296875001
0 0.10510502200660436 0.35146511300160366 0.06357153750000004 0.349179978125 0.06136740212716918 0.38924125559934786 0.1029008866337735 0.3915263904759515
0 0.10258490800828213 0.3979647577557446 0.06167792343750006 0.3959528125 0.05877180292921798 0.45504021880675544 0.09967878750000005 0.45705216406250004
0 0.09890933080273871 0.4643012016653241 0.05842153750000005 0.4623111484375001 0.054676059822261404 0.538513193647176 0.09516385312500006 0.540503246875
0 0.2483657818735158 0.359475009197322 0.1128041762283563 0.3527697504590239 0.10348644747984057 0.541148203761702 0.23904805312500005 0.5478534625000001
0 0.33334168515783075 0.5718553410458524 0.26788971875000006 0.5682557359375001 0.2659700223737961 0.6031617600558097 0.33142198878162676 0.6067613651641619
0 0.33476329912830816 0.6148689154008214 0.26451666718750005 0.6114160171874999 0.25746689618419205 0.7548383361616786 0.32771352812500015 0.758291234375
0 0.5342685015126347 0.6284158578563581 0.45297607972669196 0.624420266930011 0.44616266415155736 0.7630428293861529 0.5274550859375002 0.7670384203125001
0 0.7347196461856276 0.38741556708164965 0.641492503312255 0.38283257518909686 0.6360722086891275 0.49309211591994717 0.7292993515624999 0.4976751078125001
0 0.6324027537539729 0.38251953992879906 0.46754924073679016 0.37441767014345073 0.45847787292031733 0.5589981302146517 0.6233313859375001 0.5671000000000002
0 0.730005075901415 0.5034178508674471 0.6375297609375 0.49833387343749996 0.6335927584735851 0.569946217882553 0.7260680734375 0.5750301953125001
0 0.8262801710350315 0.3911160650790534 0.7972949140625001 0.38969080156250013 0.7947429899024686 0.4415886974209468 0.8237282468749999 0.44301396093750006
0 0.8313035194376927 0.3072009666735106 0.7423238109375001 0.3023082250000001 0.7392301399373076 0.3585699208264897 0.8282098484375 0.36346266250000014
0 0.9166795851516605 0.3952003652850206 0.8336889609375 0.39112077968750003 0.8280482289108395 0.5058696581524795 0.9110388531249999 0.5099492437500001
0 0.9123640690238586 0.5145903250054797 0.8289886359375 0.510005303125 0.8251133112051828 0.580475387309946 0.9084887442915413 0.5850604091904257
0 0.9054931063862746 0.6037094749705293 0.8501639625000001 0.600667425 0.8481640389262257 0.6370422578419709 0.9034931828125001 0.6400843078125001
0 0.9054071511484023 0.6476278611899068 0.8127520562500002 0.64307326875 0.8057951222890983 0.7845997356850933 0.8984502171875004 0.7891543281250001
0 0.24771273756308027 0.5667593010716443 0.058871970312500056 0.556374134375 0.048614122635799645 0.7428997706205528 0.23745488988637983 0.753284937317197