0 0.7468091996230484 0.546737135098182 0.7402828963150023 0.3625779760120946 0.6618275613777269 0.365358306431043 0.668353864685773 0.5495174655171304
0 0.46682759871969004 0.7369267021224577 0.46190288353220305 0.5979627308602857 0.349121620554513 0.6019595625110042 0.35404633574199995 0.7409235337731762
0 0.6485387590000085 0.5445533476534852 0.6420004224842153 0.36005463563594464 0.5576603191137115 0.36304351274832636 0.5641986556295047 0.5475422247658669
0 0.6515786134182082 0.7410887870557511 0.6467168464456318 0.6039351411708098 0.5662990424835636 0.606785758963631 0.57116080945614 0.7439394048485723
0 0.38035061611407817 0.7350616044554422 0.37673272748077924 0.6329515005275411 0.29141186987675477 0.6359745251748069 0.2950297585100537 0.738084629102708
0 0.2860109965318854 0.7329651641376992 0.2811809877549444 0.5966612346379631 0.21547472574713722 0.5989895741316408 0.22030473452407828 0.7352935036313768
0 0.34174656321155295 0.6016824999706396 0.2902695285485541 0.6005385668143377 0.28968058544350817 0.6270410284887558 0.34115762010650696 0.6281849616450575
0 0.6610479933775106 0.3718585293276565 0.18547515480587845 0.34977397628808654 0.1743759415320686 0.5887864821368571 0.6499487801037007 0.6108710351764272
0 0.8893011749999997 0.46408584843749995 0.8857673650809795 0.36437666005104397 0.8305642328125 0.3663331234374999 0.8340980427315202 0.46604231182395595
0 0.9369562642167448 0.36829985399648335 0.89475213125 0.3673619843750001 0.8938916279707552 0.40608463194101685 0.9360957609375001 0.4070225015625001
0 0.9379504890625 0.4704150593749999 0.9358509743900981 0.41119400764961994 0.8963547515071756 0.41259423437696147 0.8984542661795775 0.4718152861023414
0 0.9408070593750002 0.551180084375 0.9381218732919996 0.4754223052328247 0.8990288843196875 0.4768079312519606 0.9017140704026883 0.5525657103941358
0 0.8935284421875 0.5488991265625 0.8830458999990316 0.35744601389414055 0.7524224957074622 0.36459797568365515 0.7629050378959306 0.5560510883520146
0 0.7361771006260656 0.5642343607596001 0.671080503125 0.5627877703125 0.6703307040614346 0.5965287423654 0.7354273015625001 0.5979753328125
0 0.7418231421875 0.7444172953125 0.7367799576765856 0.6021297844745154 0.6689548577571888 0.6045337515644605 0.6739980422681032 0.7468212624024452
0 0.5592293500000001 0.73820384375 0.5543321309264118 0.6000077848498567 0.47583855 0.6027893421875 0.48073576907358834 0.7409854010876433
0 0.37914412968749994 0.4637857796874999 0.3751970348816419 0.35243239637595336 0.28518307037500373 0.35562308211169613 0.2891301651808618 0.4669764654232427
0 0.5500060453125 0.5401386796875001 0.5433823791695407 0.35328880579317995 0.3842080516273382 0.3589313977960299 0.39083171777029746 0.5457812716903498
0 0.38168020810389935 0.4693416575603546 0.2885886328125001 0.46727295625 0.2870503997086008 0.5364934580646453 0.380141975 0.538562159375
0 0.2263937109375 0.4026793515625 0.22456281107100584 0.3510137865813444 0.19657444687500003 0.352005625 0.19840534674149418 0.40367118998115564
0 0.28207414809188375 0.2725677004564067 0.19313769062500002 0.270591334375 0.1919291956357509 0.3249735989875344 0.28086565310263467 0.32694996506894114
0 0.1933225125 0.461854646875 0.18924015575378728 0.34667200940242654 0.10910845943886871 0.3495120743481053 0.11319081618508145 0.4646947118206787
0 0.19630668810861054 0.4663237225120998 0.11208198281250006 0.4644520609374999 0.11056821340684427 0.5325716311674374 0.19479291870295473 0.5344432927420373
0 0.1727258761404323 0.5520934755993865 0.11735435625000006 0.5508629968750001 0.11657300667206782 0.5860237134631137 0.1719445265625001 0.5872541921875001
0 0.2111510015625 0.7321217671875 0.20613267811913297 0.5905477333476352 0.11666790480729106 0.5937189587276662 0.12168622825065811 0.7352929925675309
0 0.946926034572456 0.5685437052375019 0.7548131265625002 0.5642745296875 0.7508064607400442 0.7445744994499985 0.9429193687499999 0.7488436750000003