0 0.567072078819949 0.32243006276032393 0.5633831052973701 0.2394281638559192 0.3722247711800509 0.24792409036467614 0.37591374470262984 0.3309259892690809
0 0.7853096014505354 0.652671046923371 0.7800067054325979 0.5333558123497923 0.6381449939312719 0.5396607733860487 0.6434478899492095 0.6589760079596272
0 0.5704249171446595 0.43247580428296295 0.5664592710019362 0.3432487622995909 0.375208834473373 0.3517487813415197 0.37917448061609627 0.4409758233248917
0 0.7780200616888711 0.42324935317534945 0.7742388644292932 0.33817240658979775 0.6328683661638811 0.3444555392371218 0.6366495634234589 0.4295324858226734
0 0.786740839701807 0.7149818213776491 0.7827290816057005 0.6247172563503598 0.6786418962807148 0.6293433530728356 0.6826536543768211 0.7196079181001248
0 0.7887717157692216 0.7938991203985026 0.7856822003787554 0.7243850304922058 0.6445419605647835 0.7306579306151468 0.6476314759552497 0.8001720205214438
0 0.673305833740627 0.7204080671602537 0.6717260624254777 0.6670907451526812 0.6436822060555392 0.6679216736050348 0.6452619773706885 0.7212389956126074
0 0.6391864607518514 0.8411008682381377 0.6256877687500001 0.3407328156250001 0.37463153616467443 0.34750569159323186 0.3881302281665257 0.8478737442063695
0 0.470609908330217 0.14811194828325208 0.4680142734374999 0.08971015156249999 0.365188405732283 0.09428018921674793 0.36778404062500003 0.15268198593750001
0 0.40632880316478454 0.08365769348536456 0.4050596531250001 0.040823882812500004 0.36408487964771546 0.042037950264635436 0.3653540296874999 0.0848717609375
0 0.47390248244079497 0.08004738449818503 0.4720453796874999 0.03826256874999999 0.41127765818420486 0.04096335612681496 0.4131347609374999 0.08274817187500001
0 0.559199332234097 0.0758355947473817 0.5573611906250001 0.034477409374999976 0.479106425578403 0.03795539900261826 0.48094456718749995 0.079313584375
0 0.5636937873907046 0.2229175780637449 0.5575391046875 0.08443720937500002 0.3636812719842954 0.09305311256125515 0.36983595468749997 0.23153348125000006
0 0.6201353266446714 0.3182121117700262 0.6181429062500001 0.250967921875 0.5824395467928287 0.25202579916747386 0.5844319671875 0.31926998906250004
0 0.7759587249859702 0.3145750019143808 0.7727696078124998 0.24281985937500003 0.6255385328265297 0.2493634621481192 0.6287276500000001 0.3211186046875
0 0.7798945826957406 0.5187868114339367 0.7762038390624999 0.435745071875 0.6337775360542592 0.4420751291910633 0.6374682796874999 0.52511686875
0 0.49989614534028004 0.7238033823898 0.4956637859375001 0.628575303125 0.3821153202847201 0.6336219019852 0.38634767968750006 0.72884998125
0 0.574584448208578 0.6157697772393109 0.5671001859375 0.44737386562500003 0.37693595491642207 0.4558256086981891 0.3844202171875 0.6242215203125
0 0.5775648410329067 0.7220203973605991 0.5747437562500001 0.6268087859375 0.5014973605295933 0.628979049514401 0.5043184453124999 0.7241906609375001
0 0.44068552704862984 0.8201096564378785 0.4393696703125001 0.790502878125 0.38606119482637036 0.7928721435621217 0.3873770515625 0.8224789218750003
0 0.3589511157499657 0.8251786432123426 0.35624012656250004 0.7336827234375 0.2986949655000343 0.7353877646001574 0.3014059546875 0.826883684375
0 0.5075746225118594 0.9096438494855839 0.5038069265625001 0.8248706906250002 0.3857653056131407 0.8301169848894162 0.3895330015625 0.9148901437499999
0 0.5830908459869589 0.9085230971705931 0.58054575 0.8226260609375 0.5084643165130411 0.8247618059544071 0.5110094125000001 0.9106588421875002
0 0.639373416484508 0.9031646828802996 0.6376873140625001 0.8462587296875 0.6004816350779922 0.8473611202447003 0.6021677375000001 0.9042670734374999
0 0.7930557548493351 0.8981167946182864 0.7888491453124999 0.8034680687499998 0.6433524404631648 0.8099345881942133 0.6475590499999999 0.9045833140624999
0 0.7722014291205667 0.2251595499204174 0.766429740625 0.030365042187500003 0.5756434458794333 0.03601796882958262 0.5814151343749999 0.2308124765625