0 0.35156250000000006 0.3517015625 0.2734375 0.3517015625 0.27343750000000006 0.5304125 0.3515625000000001 0.5304125
0 0.6708984375 0.5938890625 0.55859375 0.5938890625 0.5585937500000001 0.725725 0.6708984375000001 0.725725
0 0.455078125 0.35170156250000006 0.37109375 0.35170156250000006 0.37109375000000006 0.5304125 0.455078125 0.5304125
0 0.455078125 0.5938890625 0.3750000000000001 0.5938890625 0.3750000000000001 0.725725 0.4550781250000001 0.725725
0 0.7294921875 0.6290453125000001 0.64453125 0.6290453125 0.6445312500000001 0.7257250000000001 0.7294921875000001 0.7257250000000002
0 0.8037109375 0.5938890625000002 0.73828125 0.5938890625000002 0.7382812500000001 0.7257250000000002 0.8037109375 0.7257250000000002
0 0.7294921875 0.5938890625000001 0.6796875 0.5938890625 0.6796875 0.6202562500000001 0.7294921875 0.6202562500000002
0 0.8412483067193873 0.5848470719932976 0.8406230619514854 0.3488101027599064 0.3705778802320981 0.3500552182666089 0.37120312499999997 0.5860921875
0 0.18378281250000003 0.3490546875 0.12881250000000005 0.3490546875 0.12881250000000005 0.44496250000000004 0.18378281250000003 0.44496250000000004
0 0.11998125000000004 0.348659375 0.08026093750000005 0.348659375 0.08026093750000005 0.387184375 0.11998125000000004 0.387184375
0 0.11998125000000004 0.393603125 0.08065156250000004 0.393603125 0.08065156250000004 0.45018125 0.11998125000000004 0.45018125
0 0.11958593750000004 0.45739843750000003 0.08065781250000006 0.45739843750000003 0.08065781250000006 0.53043125 0.11958593750000004 0.53043125
0 0.25794062500000003 0.3487875 0.12759687500000005 0.3487875 0.12759687500000005 0.52989375 0.2579406250000001 0.52989375
0 0.34931875000000007 0.547934375 0.2865640625000001 0.547934375 0.2865640625000001 0.581503125 0.34931875000000007 0.581503125
0 0.3529046875000001 0.58949375 0.28536562500000007 0.58949375 0.28536562500000007 0.726984375 0.3529046875000001 0.726984375
0 0.544903125 0.5920265625 0.466740625 0.5920265625 0.466740625 0.724840625 0.544903125 0.724840625
0 0.725803125 0.3504562500000001 0.6361703125 0.3504562500000001 0.6361703125 0.4559375000000001 0.725803125 0.4559375000000002
0 0.6274359375 0.3515578125000001 0.468934375 0.3515578125000001 0.468934375 0.5280875 0.6274359375 0.5280875
0 0.7263515625 0.46140625000000013 0.6378125 0.46140625 0.6378125 0.5302734375000001 0.7263515625 0.5302734375000002
0 0.8138 0.34881718750000007 0.7859328125 0.34881718750000007 0.7859328125 0.3985484375000001 0.8138 0.3985484375000001
0 0.8143484375 0.2679343750000001 0.7290859375000001 0.2679343750000001 0.7290859375000001 0.3220390625000001 0.8143484375 0.3220390625000001
0 0.9007 0.34827031250000007 0.8209078125 0.34827031250000007 0.8209078125 0.4581234375000002 0.9007 0.4581234375000002
0 0.9017968749999999 0.46250156250000013 0.822003125 0.46250156250000013 0.822003125 0.5302734375000002 0.9017968749999999 0.5302734375000002
0 0.8995984375000001 0.5483125000000002 0.8465890625 0.5483125000000002 0.8465890625 0.5832937500000002 0.8995984375000001 0.5832937500000002
0 0.901790625 0.5909437500000002 0.812703125 0.5909437500000002 0.812703125 0.7264843750000002 0.901790625 0.7264843750000002
0 0.26609687500000007 0.5475625 0.08552343750000006 0.5475625 0.08552343750000008 0.7269421875 0.26609687500000007 0.7269421875