0 0.2480859375000001 0.6165359375 0.1719546875000001 0.6165359375 0.1719546875000001 0.7745031250000001 0.2480859375000001 0.7745031250000001
0 0.3847687500000001 0.6645125000000001 0.25378437500000006 0.6645125000000001 0.25378437500000006 0.7754359375 0.3847687500000001 0.7754359375
0 0.46796562500000005 0.665278125 0.3892671875000001 0.665278125 0.3892671875000001 0.7761578124999999 0.46796562500000016 0.7761578124999999
0 0.4674359375 0.6171593750000001 0.2547218750000001 0.6171593750000001 0.2547218750000001 0.659434375 0.4674359375 0.659434375
0 0.46815625 0.43299843750000006 0.4024109375 0.43299843750000006 0.4024109375 0.5383125 0.46815625 0.5383125
0 0.3317343750000001 0.4729671875 0.17396718750000004 0.4729671875 0.17396718750000006 0.6030203125 0.3317343750000001 0.6030203125
0 0.33258593750000004 0.33839375 0.17382812500000006 0.33839375 0.17382812500000006 0.46911718750000003 0.3325859375000001 0.46911718750000003
0 0.4683078125 0.3547703125 0.33761718749999997 0.3547703125 0.3376171875 0.42745468750000004 0.4683078125 0.42745468750000004
0 0.5747222423646405 0.43294954715122413 0.33733593750000007 0.431490625 0.33628618887812345 0.6022988796933262 0.573672493742764 0.6037578018445503
0 0.5728093750000001 0.6167078125 0.4887625 0.6167078125 0.4887625000000001 0.79126875 0.5728093750000002 0.79126875
0 0.6556968750000001 0.6155875 0.5923953125 0.6155875 0.5923953125000001 0.7771484375 0.6556968750000002 0.7771484375
0 0.81226875 0.6152046875000001 0.7330984375 0.6152046875000001 0.7330984375 0.6661484375000002 0.81226875 0.6661484375000002
0 0.81226875 0.6716671875000002 0.732175 0.6716671875000002 0.732175 0.7763109375000001 0.81226875 0.7763109375000001
0 0.72616875 0.6157140625000002 0.6619859375 0.6157140625 0.6619859375000001 0.7767718750000001 0.7261687500000001 0.7767718750000002
0 0.8934546875 0.6162578125000001 0.8178468750000001 0.6162578125000001 0.8178468750000001 0.7786171875000002 0.8934546875 0.7786171875000002
0 0.8151468749999999 0.4734859375000002 0.7415609375 0.4734859375000002 0.7415609375 0.5399843750000002 0.8151468749999999 0.5399843750000002
0 0.8937890625 0.4731500000000001 0.821221875 0.4731500000000001 0.821221875 0.5399843750000002 0.8937890625 0.5399843750000002
0 0.8938910685384597 0.6110117555384031 0.8937921875000001 0.545371875 0.5915407950119694 0.5458271916660258 0.591639676050429 0.6114670722044291
0 0.7267234375 0.4736328125000001 0.5930359375 0.4736328125 0.5930359375 0.5321359375000001 0.7267234375 0.5321359375000002