0 0.3951455928336102 0.1962696203799598 0.2127730046875 0.18363425 0.20701038216638978 0.26680904837004027 0.3893829703125 0.27944441875000003
0 0.3416939671875 0.42618097187500004 0.3363907310646005 0.2694857111751985 0.21479286429944797 0.2736011017531682 0.22009610042234748 0.4302963624529698
0 0.3499060612146299 0.4316854394287515 0.2190414671875 0.422620390625 0.21308550128537015 0.5086017324462486 0.34395009531250004 0.5176667812500001
0 0.3968649109374999 0.5207520437500002 0.3887831034198844 0.28190720457073726 0.34243917656249995 0.283475346875 0.35052098408011545 0.5223201860542629
0 0.6044617331673003 0.46375159685738276 0.48118060312500016 0.45520977500000004 0.47620394027019985 0.5270362109551174 0.5994850703125001 0.5355780328125002
0 0.5504367312500001 0.38242502343750007 0.544063838774643 0.1940941386084711 0.4014932796875 0.19891855625 0.40786617216285714 0.3872494410790289
0 0.6925975953125001 0.21893329531250005 0.5495644890625 0.20902479375 0.5375494185784746 0.3824670485957691 0.6805825248284747 0.3923755501582691
0 0.6807048636065808 0.3975315908432878 0.6007218781250001 0.3923658640625001 0.5914900957684194 0.5353051919692123 0.67147308125 0.54047091875
0 0.6022731020674958 0.3921528326743609 0.4119225921598992 0.3793430466610354 0.3945390113187347 0.6376591085916108 0.5848895212263313 0.6504688946049362
0 0.40764501853056034 0.5449081461963539 0.20612447500000003 0.5309468749999999 0.19976315334443973 0.6227678116161461 0.40128369687500004 0.6367290828125001
0 0.4103946459891352 0.6588614033887314 0.22551519687500005 0.6460526546875001 0.2207240238162905 0.7152076874206785 0.40560347293042565 0.7280164361219099
0 0.41185418124999995 0.9003259640625002 0.4087103544824512 0.8074390722561645 0.35286338779007353 0.8093292548789177 0.3560072145576223 0.9022161466852534
0 0.35580291402334846 0.808520187263597 0.23164265000000012 0.7999183281249999 0.22558047453227487 0.8874204941685349 0.34974073855562327 0.8960223533071321
0 0.4129461596551941 0.7354295235912616 0.22852176406250005 0.722653009375 0.22366403565730603 0.7927725748462384 0.4080884312500001 0.8055490890625
0 0.41944187714932324 0.9069728922389382 0.23229530312500007 0.8940068984374999 0.22657235870702985 0.9766098564179322 0.413718932731353 0.9895758502193704
0 0.5678629640625 0.9142934062500002 0.5648682109816521 0.825790424182679 0.4919710937007629 0.8282571079199096 0.4949658467816109 0.9167600899872308
0 0.5711323984375001 1 0.568203858878511 0.9134310405598771 0.4949366546875 0.9159095953124998 0.4978651942464891 1.0024785547526227
0 0.4917111484375001 0.9953481109374998 0.47865647094743896 0.6552958222691642 0.4067479397557032 0.658056405611121 0.41980261724576434 0.9981086942794567
0 0.564408284375 0.8169874890625 0.5592174573399117 0.6635538305083395 0.49508512172225333 0.6657234969601761 0.5002759487573416 0.8191571555143365