0 0.3086946086221855 0.7848608605060035 0.1343294781250001 0.7745281125 0.12940872887781465 0.8575657598064966 0.30377385937500007 0.8678985078125001
0 0.26008414938643015 0.6296801259120239 0.1388395265625001 0.6251895843749999 0.13344163655106997 0.770932616275476 0.25468625937500006 0.7754231578125002
0 0.26441704222095586 0.5415683070032058 0.14141644531250003 0.5342793828125 0.1363297655915442 0.6201171039342941 0.2593303625 0.627406028125
0 0.31508313912432045 0.5441236531148279 0.2688745421875 0.5424122234375001 0.2602323077506796 0.7757525312601722 0.30644090468750007 0.7774639609375
0 0.5177957822672099 0.5563746958482225 0.4011869546875001 0.5494645421875002 0.39693750054529026 0.6211740713392778 0.5135463281250001 0.6280842250000002
0 0.4671523260303042 0.699534800621212 0.3249980406250001 0.6942698265625001 0.31849961303219604 0.8697273540662882 0.46065389843750004 0.8749923281250002
0 0.6188865426795034 0.7116619731620828 0.4712748062500001 0.7020060046874999 0.4599540058173547 0.8750681904261353 0.607565742246858 0.8847241589007181
0 0.6053552977604749 0.561728017104997 0.52252414375 0.556489003125 0.5135111719833517 0.6989881175281517 0.5963423259938266 0.7042271315081486
0 0.519884108852026 0.4351557023214113 0.3332843793036043 0.42998137951881377 0.32596107201407826 0.6940791584474026 0.5125608015625 0.6992534812500002
0 0.32183340168857616 0.4302143238531489 0.12915396406250004 0.41879628281250003 0.12372158737392391 0.5104676370843512 0.31640102500000006 0.5218856781250001
0 0.32590802172880284 0.33973150116787526 0.14792826562500005 0.32918455312500006 0.14383676420869734 0.3982286425821249 0.32181652031250013 0.4087755906250001
0 0.3311742222722741 0.1674308427779076 0.2754902671875 0.16536847343750002 0.272242096477726 0.25306905565959237 0.32792605156250004 0.25513142499999997
0 0.2714000357029088 0.16512608950979568 0.1551762734375 0.15823875625 0.14999940804709122 0.2455983698652043 0.2662231703125001 0.25248570312499996
0 0.32864169911026386 0.2627587033457304 0.151190115625 0.252243053125 0.1470416540147362 0.3222483372792696 0.32449323750000003 0.3327639875
0 0.3350908731551013 0.08003851963222372 0.155941475 0.06942225937500002 0.1510545580948987 0.15188898505527634 0.33020395625 0.16250524531250005
0 0.4860827615897388 0.17308254170188542 0.4133967890625 0.17039046875000002 0.4103605446602613 0.2523690707981147 0.4830465171875001 0.2550611437500001
0 0.4896310349650488 0.08720706404360215 0.41657786562500004 0.08450139062500003 0.4135825275349513 0.16537550470639797 0.48663569687499997 0.16808117812500006
0 0.4107286232824059 0.08331809441291659 0.3389886234375 0.08033277656250004 0.32522119390509413 0.4111770758995835 0.39696119375000005 0.41416239375
0 0.48233844549542104 0.2698384885986968 0.41839173281250003 0.26747009218750006 0.412931557629579 0.4148948442138033 0.47687827031249996 0.4172632406250001