0 0.25478125 0.38634999999999997 0.2519847776026399 0.22616996236356143 0.17589062499999994 0.22749843749999993 0.17868709739736008 0.3876784751364385
0 0.39191464524734304 0.2290797027769102 0.25770312500000003 0.22751875000000005 0.256413479752657 0.33840310972308985 0.390625 0.3399640625
0 0.473809375 0.34016718749999997 0.4718334444990792 0.2269969242741378 0.39317184820354645 0.228370340248803 0.3951477787044672 0.3415406034746652
0 0.47461202978675265 0.3460190080387384 0.2606671875 0.34352968750000007 0.26017547000174307 0.3857903851390163 0.4741203122884957 0.38827970567775466
0 0.478053125 0.57245 0.4761806549941571 0.46522126309785883 0.41046875 0.4663687500000001 0.41234122000584283 0.5735974869021413
0 0.34244729150045095 0.40088465045360094 0.18089687500000004 0.39900468750000007 0.17938395849954922 0.5290137870463992 0.3409343750000001 0.53089375
0 0.34329062206091543 0.6618419427742036 0.3418198467932723 0.5318126042996479 0.1831078125 0.5336078125 0.18457858776764308 0.6636371509745557
0 0.4792376315472424 0.6473995405083725 0.47825720998862264 0.5747112765254141 0.34761093750000005 0.5764734375 0.3485913590586199 0.6491617014829584
0 0.5819551350802773 0.5721656527961059 0.5815570994767502 0.4013368219204798 0.3447319747132847 0.4018886305992752 0.34513001031681195 0.5727174614749013
0 0.5795 0.38995625 0.5764104589949778 0.21295248487226587 0.49240625 0.21441875000000002 0.4954957910050222 0.3914225151277341
0 0.66240625 0.39204218750000003 0.6595538110861718 0.22863931564968049 0.5962859374999998 0.22974375000000005 0.5991383764138279 0.39314662185031957
0 0.8195779195114511 0.34332034100981346 0.738925 0.3423828125000001 0.738333017988549 0.39330934649018673 0.8189859375000001 0.39424687500000016
0 0.818 0.3377843749999999 0.816132791981464 0.23081204359077181 0.7360796875 0.232209375 0.7379468955185358 0.3391817064092281
0 0.7328765625 0.39273593749999997 0.7300314582590391 0.22981104314137707 0.6658812231992219 0.23093127775344063 0.6687263274401828 0.39385617211206353
0 0.9001515625 0.3941390625000001 0.8972803956560897 0.22958145259888862 0.821709375 0.23090000000000005 0.8245805418439103 0.3954576099011115
0 0.8251109993619516 0.46952407171329974 0.7495906250000001 0.4686453125000001 0.7488171256380485 0.5351196782867004 0.8243375000000001 0.5359984375000001
0 0.9037612060933945 0.4704382102397656 0.8292515625000002 0.4695718750000001 0.8284747314066057 0.5363836647602346 0.902984375 0.5372500000000001
0 0.9024903289057369 0.3994111794076189 0.5985195020372055 0.3958730277336837 0.5977557356314688 0.461489973326065 0.9017265625 0.46502812500000007
0 0.7363971249897431 0.4763328352128191 0.6014312500000002 0.4752109375000001 0.6009450625102573 0.5336999772871811 0.7359109375000001 0.5348218750000001