0 0.7843017969637405 0.17773391588172985 0.7780000625 0.09560253593750001 0.6000186670987595 0.10925860130577018 0.6063204015625001 0.19138998125
0 0.7786354046875001 0.18434960468750008 0.658370022016885 0.1838420577418485 0.6577288765625 0.3357641687500001 0.7779942592331152 0.3362717156956517
0 0.785314551710522 0.416255983040278 0.7788000683140981 0.33135347594040215 0.6516624541035759 0.34110861633762407 0.6581769375000001 0.42601112343749986
0 0.6528168484375001 0.19502218437500013 0.6069808280835812 0.1948285265647437 0.6059895865876048 0.42944114211102774 0.6518256069415237 0.4296347999212841
0 0.5262135904548653 0.4363404239521277 0.5207713734375 0.36541504062499996 0.40080102204513474 0.3746205557353723 0.40624323906250004 0.4455459390625
0 0.591999609375 0.11205767812500007 0.4509915380692653 0.11146168273915502 0.450219434375 0.29413566875 0.5912275056807348 0.29473166413584506
0 0.4581054205057363 0.29452883860227586 0.4460072062499999 0.1231084375 0.30492562557131075 0.13306545066537218 0.3170238398270471 0.30448585176764803
0 0.4110944443630948 0.4453813877498722 0.400830709375 0.30430795937499994 0.32197418447135984 0.3100451310239539 0.33223791945945463 0.45111855939882617
0 0.5905506669937806 0.2905250899495736 0.40521057127165633 0.29050635054275026 0.40518433788587715 0.5499648423338263 0.5905244336080014 0.5499835817406497
0 0.8016879270150928 0.5287697887901426 0.79473145 0.43810074218749995 0.5980612245474071 0.45319003620985726 0.6050177015625 0.5438590828125
0 0.7841818141497969 0.620056391368488 0.7789424109375 0.5517689015625 0.5981817530377032 0.565637883631512 0.60342115625 0.6339253734375001
0 0.657903790625 0.7137365968750001 0.6026687613920307 0.7135038406123482 0.6022877703125001 0.8039162453125002 0.6575227995454694 0.804149001575152
0 0.7840204153622328 0.7899725338263421 0.7773910984375 0.7035680734375 0.6568979893252672 0.7128128161736579 0.66352730625 0.7992172765624999
0 0.7835262641020957 0.6965782467623259 0.7782133651838674 0.6273384353112895 0.5979219526442716 0.6411725291739636 0.6032348515625 0.710412340625
0 0.7857570470552941 0.8779371813141752 0.7794994859375 0.7963703453125001 0.5967993388822059 0.810386548373325 0.6030569000000001 0.8919533843750003
0 0.5210267796875001 0.7334223984375001 0.448928576582973 0.7331177307921227 0.4485663656250001 0.8188332953125 0.5206645687295273 0.8191379629578774
0 0.5206617828125002 0.8198938234375002 0.4481975804674252 0.8195882533641846 0.44784067811841144 0.9042256124999725 0.5203048804634864 0.9045311825732879
0 0.598752280276841 0.5648819293572706 0.5275840487381308 0.5645809267237383 0.5261729437500001 0.89821869375 0.5973411752887103 0.8985196963835322
0 0.5127142625000001 0.5731291906250001 0.4492675939842067 0.5730717965728579 0.44913211562500005 0.722837325 0.5125787841407935 0.7228947190521422