0 0.40837793758114316 0.18172419357443192 0.3370030070134214 0.18165305337940585 0.3369698241197783 0.21494543792997395 0.4083447546875001 0.21501657812500002
0 0.5704643359375001 0.18219827656250007 0.4143912019481995 0.18195471292426119 0.41420551387679555 0.30094176476001366 0.5702786478660962 0.30118532839825257
0 0.5670503499999999 0.02860411093750006 0.4314426578125 0.028604110937500055 0.4314426578125 0.17619363437500005 0.5670503499999999 0.17619363437500007
0 0.428118176668926 0.02908377017843063 0.29366548195246023 0.02853061664497657 0.29319835372103425 0.142073504279046 0.42765104843749996 0.14262665781250003
0 0.2895087420260132 0.028612804282548178 0.17751608437500002 0.028570954687500018 0.17748985953648683 0.09875059102995187 0.2894825171875 0.09879244062500003
0 0.173677318305677 0.09668712723580221 0.173506599255327 0.028941065057551403 0.100647553125 0.02912466875 0.10081827217535003 0.0968707309282508
0 0.2888355117879604 0.10248939926540393 0.22664207722937468 0.10248539238322077 0.22663706250000004 0.18032228125000002 0.28883049705858577 0.18032628813218318
0 0.28626938582493977 0.2648744622766594 0.23285874062500006 0.26452188281250005 0.23255626032241353 0.3103432359078591 0.28596690552235327 0.31069581537201846
0 0.22877910026418177 0.2647522489038472 0.09923216718750003 0.26455901875 0.09916425598581827 0.31008859953365286 0.22871118906250004 0.31028182968750007
0 0.5699790741296784 0.29331388459073154 0.2925095160750107 0.29308915747377456 0.29237408370693146 0.4603068917023042 0.5698436417615992 0.4605316188192611
0 0.49089440624999997 0.7777864718749999 0.4906895109375 0.6623375328125001 0.39929587183576565 0.6624997355005136 0.39950076714826566 0.7779486745630135
0 0.566424475 0.5085450921875 0.4342979015625 0.5085450921875 0.4342979015625 0.655983421875 0.566424475 0.655983421875
0 0.4275187982076424 0.6559775333830189 0.42694786326461187 0.508625248474478 0.30220249161946955 0.5091085900914589 0.30277342656249995 0.6564608749999998