0 0.2541629078125 0.21993294218749998 0.2538225180705119 0.11465510571397478 0.173076434375 0.11491617812499999 0.17341682411698806 0.22019401459852522
0 0.2541329171875 0.3499869375 0.2531696345118445 0.22346425024862512 0.1735539191737097 0.22407040587937596 0.1745172018493652 0.3505930931307508
0 0.333974259375 0.35379149062500004 0.3324950877853775 0.22663026320448748 0.2599752468613636 0.22747383235331306 0.26145441845098605 0.3546350597738256
0 0.36040491865777374 0.11981043476737196 0.2612435921875 0.11904323750000004 0.26044431415472624 0.22235104804512815 0.359605640625 0.22311824531250007
0 0.3998986171875 0.22640088437499997 0.39923812770500733 0.12469337178889225 0.36480421249999995 0.12491698593749997 0.3654647019824927 0.22662449852360772
0 0.47346057408762376 0.23886793098396222 0.34256918850572043 0.23298374510620662 0.33698827066809656 0.35712905318474447 0.46787965624999994 0.36301323906250005
0 0.5927032906249999 0.2360785109375 0.5921731433126709 0.13496746681552016 0.5304042984375 0.135291334375 0.5309344457498291 0.23640237849697984
0 0.52811236547084 0.13541200459063113 0.40549903906250007 0.12819448593750002 0.39966642313774037 0.22728067809951097 0.5222797495460803 0.23449819675264205
0 0.8582474186540393 0.15477410239220546 0.600096534375 0.13831363906250008 0.5893767927283798 0.30643228371351683 0.8475276770074192 0.32289274704322224
0 0.6515207609375 0.46008443593750004 0.6507013998813809 0.3116823853596493 0.5306200890625 0.31234538125 0.5314394501186191 0.4607474318278507
0 0.6830047203125 0.7787933328125 0.6818759980300348 0.6096321659370012 0.5302563450218583 0.6106438430492542 0.5313850673043234 0.779805009924753
0 0.7490358071173987 0.7850107254619332 0.7299266031250001 0.7850092937500002 0.7299240803826016 0.8186805917255671 0.7490332843750002 0.8186820234375002
0 0.7585612769785015 0.7555029965415254 0.5299562531250002 0.7458295500000001 0.5216656011464988 0.9417560675209747 0.7502706250000002 0.9514295140625002
0 0.8757892921875001 0.6874833875 0.8753385029994429 0.6266268943851472 0.8284349040797319 0.6269743287211031 0.8288856932677889 0.687830821835956
0 0.8749925890625001 0.7548076968749999 0.8746073698919868 0.6908933568839901 0.8267834604876617 0.6911815971554851 0.8271686796581749 0.7550959371464949
0 0.875409572871894 0.7567410582546239 0.7567123427535222 0.756530186243946 0.7563540417566282 0.9582133576768221 0.8750512718750002 0.9584242296875001