0 0.892740796875 0.17228192187500008 0.791167178125 0.17228192187500008 0.791167178125 0.2530404546875001 0.892740796875 0.2530404546875001
0 0.783825153125 0.17197597968750009 0.66119631875 0.17197597968750009 0.66119631875 0.2516232609375001 0.783825153125 0.2516232609375001
0 0.7840490796874999 0.2590809109375 0.6610508465426168 0.25889334897062855 0.660940184375 0.33146270468750005 0.7839384175198831 0.3316502666543716
0 0.8925322078125 0.26044753437500007 0.7927960125 0.26044753437500007 0.7927960125 0.3580707968750001 0.8925322078125 0.3580707968750001
0 0.8912922069209003 0.39844340934490446 0.8912607359375 0.3639987359375 0.7911376463441872 0.3640902151642967 0.7911691173275874 0.39853488857170116
0 0.7827462701963117 0.33928747364317974 0.6583072102702776 0.3386602869501184 0.6576667681989659 0.46572932424443875 0.782105828125 0.4663565109375001
0 0.8883918687344714 0.5295766804566446 0.7901947859375001 0.5294462703125001 0.7901127328280286 0.5912311570433557 0.888309815625 0.5913615671875002
0 0.8897914109375 0.4046826796875001 0.7900938817952681 0.4043278808549743 0.7896794484375002 0.5207825531250001 0.889376977579732 0.521137351957526
0 0.8883205515625004 0.5992692796875001 0.7195016812662394 0.5960064090888157 0.7146811925609702 0.8454154594592416 0.8835000628572311 0.8486783300579258
0 0.7111426375000001 0.5284804046875001 0.5687386641220835 0.5284701830230503 0.5687300425187247 0.6485827714599195 0.7111340158966412 0.6485929931243692
0 0.4127438656249999 0.5261820484374999 0.2517528719372362 0.525718492022736 0.2513159515625001 0.6774589125 0.4123069452502638 0.6779224689147638
0 0.24718404843750008 0.7243501890624999 0.21448976879803833 0.7241104567837098 0.2143496937500001 0.7432136531250001 0.24704397338946188 0.7434533854037901
0 0.27909937162651716 0.5246141496797556 0.08295729404694449 0.5234163605865761 0.08161126836934986 0.7438326879535906 0.2777533459489225 0.7450304770467701
0 0.40966280139198596 0.8241898800710171 0.3513302620640463 0.8240614990462742 0.3512269937500001 0.870983565625 0.4095595330779398 0.8711119466497429
0 0.3454022892217644 0.8221167028209534 0.2840490796875001 0.8218495578124999 0.283840782093935 0.8696877187329299 0.3451939916281993 0.8699548637413834
0 0.27822717631745736 0.7515794556262303 0.08138139632082048 0.7495603877865515 0.08016411093750012 0.8682376734374999 0.27700989093413697 0.8702567412771787