0 0.2129211209439224 0.24613950764306686 0.20875018792738603 0.16036237459571986 0.09916336854596366 0.16569105914015295 0.10333430156250001 0.25146819218749994
0 0.3506844459121444 0.2389664722524945 0.3469410171875 0.15434623593750002 0.21533615252535557 0.1601681699350055 0.21907958125 0.24478840625
0 0.3526168469246684 0.32387285622989126 0.3495158671875 0.24675781406250005 0.21884369990469182 0.2520124535150246 0.2219446796418602 0.3291274956824158
0 0.2139965804357574 0.35836168887744657 0.20982225156249998 0.2546553921875 0.10377292080995563 0.2589240315804722 0.10794724968321308 0.3626303282704188
0 0.21649248333143462 0.4011264978434513 0.21483262527440888 0.36453297283515734 0.10818195600547428 0.36937057655420613 0.10984181406250002 0.4059641015625
0 0.360011042334559 0.46824538744015926 0.3550727859375 0.33142505 0.22273405922794104 0.3362015516223407 0.227672315625 0.47302188906250003
0 0.22411531868808993 0.6060222236227846 0.22105602093037763 0.5403891187380524 0.11564277567978769 0.5453026529277679 0.11870207343750003 0.6109357578125001
0 0.22248073725845266 0.5311903959233966 0.2169819203125 0.40746699062499986 0.11118547211654735 0.4121690540766033 0.11668428906249999 0.535892459375
0 0.3113115234041257 0.8737247727852863 0.29844300721032446 0.6105654108545335 0.118939753125 0.6193431359375 0.13180826931880124 0.8825024978682526
0 0.4602749950939458 0.6570110707778262 0.454871365625 0.5290672281250001 0.3045392986560543 0.5354164104721739 0.309942928125 0.663360253125
0 0.7988529618364737 0.6723592539020433 0.791572911361692 0.5112269910667198 0.6213159057752186 0.5189193027896766 0.6285959562500001 0.680051565625
0 0.8400876939384556 0.7405238878099837 0.8391219859374999 0.7202321781250001 0.8043809419990444 0.7218855481275164 0.80534665 0.7421772578125
0 0.9811719387452527 0.7359508793623664 0.97106509375 0.5007340359374999 0.762697235581974 0.5096872282932579 0.7728040805772266 0.7449040717181242
0 0.6989066554818569 0.8828129150695532 0.6966910703125 0.832962246875 0.6342646648306431 0.835736753680447 0.63648025 0.8855874218750002
0 0.7706948215958841 0.8782420535970921 0.768365871875 0.8274215609375 0.7025410877791161 0.8304381120279081 0.7048700375000001 0.8812586046875002
0 0.9880822095871743 0.8670238031989488 0.9813223125 0.7410056859374999 0.7713484887446425 0.7522691571782413 0.7781083858318169 0.8782872744396901