0 0.34825605625 0.8066910078125001 0.3466289376505286 0.578102987808603 0.20398719020385325 0.5791183299088917 0.20561430880332465 0.8077063499127888
0 0.3870496824926325 0.8176688457367222 0.10917116093750008 0.8033747109375 0.10119338135338288 0.9584630480257884 0.37907190290851533 0.9727571828250106
0 0.19908329576665446 0.41514402037107107 0.10913829687500005 0.4109904421875 0.1065686643713613 0.4666353783068997 0.1965136632630157 0.47078895649047076
0 0.19753687187499996 0.5975414640625 0.1968359026960376 0.4763408161872415 0.10482388727072744 0.476872971650418 0.10552485644968983 0.5980736195256765
0 0.2926841640625001 0.4942464046875001 0.2912224192868627 0.3755185401257927 0.20345868079803003 0.37659906310748736 0.2049204255736674 0.4953269276691946
0 0.26151378426243654 0.49779905404506375 0.20337040563257552 0.49766335962282693 0.20319420730763907 0.5731621587027631 0.26133758593750006 0.5732978531249999
0 0.4093170890624999 0.4133967796875001 0.4092436866474231 0.32768749410238324 0.35648013760451297 0.3277326814108684 0.35655354001958983 0.41344196699598523
0 0.6585400449488621 0.20157131049961122 0.6004461468749999 0.19866614062500007 0.5979850780081615 0.24787947067923866 0.6560789760820237 0.25078464055384975
0 0.6568105953125001 0.32723115625 0.6564339265074614 0.255642310164746 0.5994732082351497 0.25594201223928753 0.5998498770401886 0.3275308583245415
0 0.7981397457314486 0.20860983409486958 0.662866190625 0.2017549593750001 0.6565011605185511 0.3273619596551306 0.7917747156249998 0.3342168343750001
0 0.792420871875 0.5322245953125 0.7917203736965565 0.3320191296524505 0.5998407513613672 0.3326904965678497 0.6005412495398107 0.5328959622278993
0 1 0.22010551093750008 0.9053391046874999 0.22010551093750008 0.9053391046874999 0.34138413281250013 1 0.34138413281250013
0 1 0.34988173281250007 0.9610297843750001 0.34988173281250007 0.9610297843750001 0.4444811578125002 1 0.4444811578125002
0 0.8981999671875001 0.33891631093749996 0.8975674734803677 0.20810983230581312 0.7985712781250001 0.2085885124999999 0.7992037718321322 0.33939499113168675
0 1.0084387056563422 0.3522760089466703 0.8003687984374999 0.34289576406250005 0.7919181072390894 0.5303465774794992 0.9999880144579318 0.5397268223636694
0 0.43573584936379345 0.18798365201235023 0.3529521078125 0.18780149531250007 0.3526674379497428 0.3171738234526035 0.4354511795010362 0.31735598015245364
0 0.3462034890625 0.41409668593750004 0.3460307904008437 0.1793125582708631 0.2026103546875 0.17941805312500003 0.20278305334915628 0.4142021807916369