0 0.7776349414593725 0.6614112684145784 0.5728121075560395 0.6613519987602602 0.5727739129716671 0.7933440459706819 0.7775967468750001 0.7934033156250001
0 0.9291095890625002 0.6339936859375002 0.7852201589563716 0.6333984510086669 0.7841892125000001 0.8826148375000002 0.9280786426061287 0.8832100724288334
0 0.4727150755813835 0.8798666331368714 0.4725760970075772 0.7994432785291491 0.42097660423869365 0.7995324469547779 0.42111558281249994 0.8799558015625001
0 0.5900967468750002 0.79943883125 0.482106360940041 0.7993671539564515 0.48204985312754084 0.8845029086439515 0.5900402390625 0.8845745859375003
0 0.4906044515625001 0.7106906078125002 0.385404922004453 0.7106529126566871 0.385375812629453 0.7918912704691872 0.49057534218750004 0.7919289656250001
0 0.5657352238212089 0.7402443380354252 0.4974597609375001 0.739579321875 0.49693600899129137 0.7933515588395749 0.5652114718750001 0.7940165750000001
0 0.41102335696329445 0.6022155454788314 0.3339571921875001 0.6019921078125001 0.3338156852242057 0.6507994513961688 0.4108818500000001 0.6510228890625
0 0.2503744596006143 0.37275889616190044 0.20472283131648536 0.3725129739370018 0.20444340609087117 0.4243839121501014 0.2500950343750001 0.4246298343750001
0 0.32120301534423 0.3726182381066735 0.2571061640625 0.3724806625 0.25699304559327 0.4251828665808265 0.32108989687500006 0.4253204421875
0 0.322003425 0.2477829515625 0.20547945156249997 0.247045778125 0.20472592526145536 0.36615462581375813 0.32124989869895537 0.3668917992512581
0 0.5057170453053552 0.2485442682724349 0.3291757613986678 0.24785414931533745 0.3284818332808126 0.42536986541790267 0.5050231171875 0.42605998437500014
0 0.3219241208139173 0.04036712770116276 0.21136815000000003 0.04024625156250003 0.21125680545970454 0.14208441319951776 0.32181277627362187 0.14220528933818047
0 0.41554677277878094 0.03489829323144541 0.3295787671875 0.03477900625000004 0.3295003162837191 0.09131717708105469 0.41546832187500005 0.09143646406250006
0 0.3220034691030949 0.1491484631042356 0.2053938359375 0.14903946406250004 0.2053081746469052 0.2406818447082645 0.3219178078125001 0.2407908437500001
0 0.5034820203125001 0.24157537499999998 0.5033501671238103 0.03489426447167048 0.32954994255212944 0.035005141144174225 0.3296817957408191 0.24168625167250374
0 0.322157534375 0.6524917125 0.32194116561264413 0.5759239262422318 0.2043546921751441 0.5762562074922318 0.2045710609375 0.6528239937500001
0 0.4142405828125001 0.6606195734375 0.20388170686755108 0.6592160458776994 0.2029965750000001 0.791878453125 0.4133554509449492 0.7932819806848006