0 0.47463222376603903 0.6794823545475089 0.25248918437500006 0.6713189765625 0.24754769620854597 0.8057874775221272 0.4696907355995849 0.8139508555071361
0 0.2589757421875 0.8972135421875 0.241137215476263 0.6279143016090253 0.0950300638320857 0.6375925180113768 0.11286859054332274 0.9068917585898516
0 0.6300081328125 0.908242946875 0.624678611525336 0.8208602202999595 0.5722398895833083 0.8240584872322886 0.5775694108704722 0.9114412138073291
0 0.5710855579897656 0.8241703382808847 0.45236975312500005 0.8195267468750002 0.448978261954753 0.906231964620346 0.5676940668195185 0.9108755560262306
0 0.6646434826623981 0.7374223384203882 0.5487103453125002 0.7325610484375 0.5452424456811704 0.8152642991569239 0.6611755830310684 0.8201255891398119
0 0.5482208852105954 0.7619665103359312 0.4743999484375001 0.7599502687500002 0.47290184909235106 0.8148003907838601 0.5467227858654463 0.8168166323697912
0 0.7069508832304333 0.6275227298850229 0.6235257968750002 0.6246742968750001 0.6218274820745797 0.6744146482840886 0.7052525684300128 0.6772630812941115
0 0.823892825 0.4501829609375001 0.8201987227368944 0.3931855053377825 0.7738314480905285 0.3961906474516355 0.7775255503536341 0.45318810305135304
0 0.7715893996242444 0.39579102454951165 0.7015339859374999 0.39334643437500005 0.6996599699902177 0.4470507173305844 0.7697153836769621 0.4494953075050961
0 0.8200972859375 0.391144325 0.8113753500087034 0.25793661137800583 0.6930369515625 0.26568496093749994 0.7017588874912968 0.3988926745594942
0 0.7031633131480126 0.26606454169314153 0.5057951046875001 0.2595246281250001 0.49979976628985645 0.44045808945111686 0.697167974750369 0.44699800301925824
0 0.802679272885024 0.05801650909181692 0.6859246938985969 0.05390854528254543 0.6822743063863569 0.15765811001020422 0.7990288853727842 0.16176607381947575
0 0.6779048246253772 0.047827213970049194 0.5845842593749999 0.04450011250000007 0.5825304188505356 0.10210748047555851 0.6758509841009128 0.10543458194560765
0 0.8149510969185594 0.16944777626283491 0.6871016781250001 0.1650408515625001 0.6838842968314408 0.2583803924871653 0.8117337156250002 0.26278731718750015
0 0.6847098578125002 0.2573250875 0.6711720378536589 0.031302233014788176 0.4945105915523825 0.0418835118821058 0.5080484115112237 0.2679063663673176
0 0.839778179598196 0.6061369625209887 0.7149635847398472 0.6027113285775949 0.7128202317041513 0.6808054113691064 0.8376348265625 0.6842310453125001
0 0.8517780611527741 0.6911886107453489 0.6237485015625002 0.6842617593750001 0.6196395169722261 0.8195281158171515 0.8476690765624999 0.8264549671875002