0 0.28980491093750016 0.49586468906250003 0.2650265151199415 0.49510046325561624 0.26305622510114185 0.558982925116295 0.2878346209187005 0.5597471509231788
0 0.3386137750000001 0.44615742968750005 0.2642665043442586 0.4438652717619351 0.26078846091558894 0.5566773224761058 0.3351357315713305 0.5589694804016708
0 0.36792679531250005 0.32687524062500006 0.32359421450818276 0.3255616821094764 0.32016247500000006 0.44138284062500005 0.36449505580431735 0.4426963991405236
0 0.2233646625000001 0.16801881718750003 0.1178383617538239 0.1649785319072007 0.11298980679192432 0.33326868296940787 0.21851610753810052 0.3363089682497072
0 0.22165213140439718 0.4391130410075691 0.21854836249999998 0.3349950875 0.10646312484560276 0.33833636211743096 0.10956689374999999 0.4424543156249999
0 0.21884010439712737 0.52357706771961 0.2155245609375 0.44402004375 0.1036718831028726 0.44868151040539006 0.10698742656249997 0.528238534375
0 0.6163344606076213 0.43668631787009754 0.5786275716228536 0.4356033680640129 0.576503986259626 0.5095438194967638 0.6142108752443936 0.5106267693028483
0 0.5490373921875001 0.295119740625 0.5163456791566886 0.29415109746811907 0.5150422203125 0.33814284218750007 0.5477339333433116 0.33911148534438107
0 0.5799133765625001 0.29468138593750004 0.5518682214662659 0.293866508272412 0.5498854468750001 0.3621064703125001 0.5779306019712342 0.3629213479775881
0 0.6258133796875002 0.15255795312500006 0.5206333702599453 0.14944150829179514 0.5164380354893734 0.2910340518269614 0.6216180449169282 0.29415049666016635
0 0.5777871921875 0.3664400937500001 0.5137742550450198 0.3643422117433957 0.5089122487963185 0.512697219033928 0.5729251859387985 0.5147951010405324
0 0.31989216097366363 0.32959039194400114 0.2675435878031926 0.3281439558531565 0.26433105625 0.44441002812499997 0.316679629420471 0.44585646421584474