0 0.24271654321947658 0.8716921385756553 0.23972592273679544 0.8023928478702903 0.05602892795481886 0.8103203171071351 0.05901954843750001 0.8796196078125001
0 0.2446586068644152 0.7962305871230455 0.2373517613292897 0.6340310131850753 0.04999606071487451 0.6424711041870299 0.057302906249999994 0.8046706781250001
0 0.35869325010658737 0.8674727948990668 0.35590105355097024 0.7526543377930952 0.2537319596943829 0.7551389225815286 0.25652415625 0.8699573796875002
0 0.46081364453355445 0.8631947270231235 0.458258966912247 0.7482342567441209 0.3613762567536924 0.7503872062834973 0.36393093437499996 0.8653476765624999
0 0.5475330736734458 0.6897677793686692 0.54482554375 0.6195837 0.4309159841390541 0.6239780518813307 0.4336235140624999 0.6941621312499999
0 0.41893233392670154 0.694783284249565 0.4163376435670688 0.6273151469607683 0.2516720940153673 0.6336478564612034 0.254266784375 0.70111599375
0 0.5478333366409086 0.6135046604101857 0.5416849750000001 0.46023092343750005 0.3632898149215915 0.46738699583981447 0.36943817656250005 0.6206607328125001
0 0.35705109041721506 0.6212510099816012 0.35093780312499995 0.46683327656249995 0.0516592205202849 0.47868150095589873 0.057772507812499985 0.633099234375
0 0.4160053843750001 0.21626110468749996 0.41370022459860795 0.16439499397676188 0.3544971870986079 0.16702623928926189 0.356802346875 0.21889234999999996
0 0.4126086909124325 0.13743047486727905 0.408467655981921 -0.005568990293313004 0.2155978431944885 0.00001620983940799903 0.21973887812499998 0.14301567500000004
0 0.24616515897749675 0.3911960306207775 0.23730543571410054 0.18962464651419572 0.010467289236603795 0.19959492683091817 0.019327012499999997 0.4011663109375
0 0.20656283163044886 0.18668691911186455 0.2021148003777009 -0.0045197099302420815 0.00752794687225203 0.000006955332893354704 0.011975978125 0.19121358437499997
0 0.8833500528468654 0.0599556659614666 0.8821237384312605 -0.001406486449844982 0.8117461625000001 0 0.812972476915605 0.06136215241131158
0 0.8049908824668817 0.0685944392409323 0.803307071342642 -0.0071770286735282395 0.4803409203125 0 0.48202473143673963 0.07577146791446052
0 0.7159101459478188 0.36858245027101777 0.7101170875 0.23729756874999994 0.4845771962396813 0.24724971066648216 0.49037025468750006 0.37853459218749996
0 0.8884416513079614 0.22417899028908356 0.8854894437500003 0.1415554234375 0.8043628611920388 0.14445414252341643 0.80731506875 0.227077709375
0 0.8859290529279423 0.11269616140538652 0.8838248999999999 0.06459972031249997 0.8027023876970574 0.06814871828211341 0.804806540625 0.11624515937499998