0 0.2369656678639346 0.8075283436131236 0.060297042329127123 0.8069477071084072 0.060076203125000116 0.8741418265625001 0.23674482865980756 0.8747224630672165
0 0.23796791406250012 0.6450584937500001 0.06038368906250008 0.6442403843750001 0.05965906919503008 0.801531159320907 0.23724329419503012 0.8023492686959071
0 0.350355615625 0.8732323718749999 0.35029602758758843 0.7634286842154727 0.2513682197750884 0.7634823701529729 0.25142780781249996 0.8732860578124999
0 0.44928342187500014 0.763658653125 0.35547459843750007 0.763658653125 0.35547459843750007 0.8734447109374999 0.44928342187500014 0.8734447109374999
0 0.53609625625 0.643376603125 0.426604278125 0.643376603125 0.426604278125 0.711411859375 0.53609625625 0.711411859375
0 0.4116926557563435 0.6452471885489321 0.25287528303302853 0.6447507815255936 0.25267059446418527 0.7102375679766616 0.4114879671875002 0.7107339750000001
0 0.5363212755475064 0.4890210139698531 0.36632318518147855 0.48872686724386794 0.36606608150897213 0.6373164298365149 0.5360641718750001 0.6376105765625001
0 0.3514705875000001 0.48720592968750004 0.06453133194151657 0.48581951587676553 0.06380806298868415 0.6355109379380924 0.3507473185471677 0.636897351748827
0 0.41983155156249996 0.19720753281250006 0.3623008015625 0.19720753281250006 0.3623008015625 0.24750240312500002 0.41983155156249996 0.24750240312500008
0 0.4182259359375 0.016715545312500038 0.231034759375 0.016715545312500028 0.231034759375 0.16902964687500005 0.4182259359375 0.16902964687500005
0 0.24761030784536783 0.21404895993004422 0.030882353125000022 0.2139310890625 0.030776049983003474 0.40938958551098403 0.24750400470337128 0.40950745637852826
0 0.21776604218750006 0.20576442343749995 0.2176470353953091 0.016687637172351007 0.029233933832809044 0.016806226234851028 0.029352940624999997 0.20588301249999996
0 0.8759471355714352 0.1145133448585071 0.875712221539203 0.015089285783829376 0.807352940625 0.0152508015625 0.8075878546572322 0.11467486063717772
0 0.799465240625 0.0144078531250001 0.486675134375 0.014407853125000081 0.486675134375 0.11454166718750007 0.799465240625 0.1145416671875001
0 0.704854103669434 0.2805122018356468 0.4883114968749999 0.28046474375 0.488283596330566 0.4077698497268534 0.7048262031250001 0.40781730781250014
0 0.8768716578125002 0.2746955125 0.87676403281025 0.19535246886291144 0.7981283421875 0.195459134375 0.7982359671897501 0.27480217801208856
0 0.87584625625 0.12084775625000008 0.7982620328125 0.12084775625000008 0.7982620328125 0.16748477500000009 0.87584625625 0.16748477500000009