0 0.21842356093749996 0.95658553125 0.20792652388542457 0.7662187557909484 0.13664851120478885 0.7701491051825515 0.14714554825686424 0.960515880641603
0 0.39140041562500005 0.9539987312499999 0.3804319099092417 0.7597372277784207 0.21360091661821695 0.7691569361137159 0.22456942233397528 0.9634184395852954
0 0.25317330108276814 0.7525921006462728 0.25143705312737163 0.6473584477146246 0.13196911406250003 0.649329546875 0.13370536201789654 0.7545631998066482
0 0.24715849797836026 0.6419821518899835 0.24551231018081018 0.5421936896197355 0.12628998749999998 0.5441604734375 0.12793617529755008 0.6439489357077479
0 0.3719386482411552 0.5638300658871397 0.3659651465742849 0.44566585958652283 0.29376527812500003 0.4493157468750001 0.29973877979187036 0.5674799531756168
0 0.37992304687499995 0.749370353125 0.3709148405557453 0.5781199706036954 0.301354971875 0.5817789968749999 0.3103631781942546 0.7530293793963045
0 0.5397898015625 0.6248850171874999 0.5298691050707348 0.4397404627104836 0.3722268828125 0.4481874875000001 0.38214757930426513 0.6333320419770163
0 0.5595911344562199 0.9470677044268928 0.5419971740087958 0.6367008884378834 0.383229621875 0.6457010453125 0.40082358232242415 0.9560678613015096
0 0.84999195625 0.625983215625 0.8467359611119685 0.5628600090610358 0.7933671343750002 0.5656128578125 0.7966231295130317 0.6287360643764641
0 1.0023774381143027 0.7632530678013939 0.9999942212795562 0.5646068672771724 0.8768818296875001 0.5660838828125 0.8792650465222467 0.7647300833367215
0 0.85049835 0.9785849203125 0.8380238256159472 0.7405038991341816 0.6306354123664767 0.751370249611202 0.6431099367505295 0.9894512707895207
0 1.0030704835334154 0.977876426966664 0.999996375413588 0.7774580475354771 0.848878578125 0.7797759609375 0.8519526862448273 0.980194340368687
0 1.0008482802282825 0.15018307186174162 1 0.07755569999999999 0.9096258757025024 0.07861126047017455 0.9104741559307851 0.1512386323319162
0 1.0040375641119943 0.49128480486325055 1 0.158644321875 0.9137906744079356 0.1596907239124274 0.9178282385199298 0.492331206900678
0 0.7545491656250001 0.49332941406249997 0.7423015187101242 0.2581197349174988 0.607222384375 0.265153465625 0.6194700312898759 0.5003631447700011
0 0.82784195625 0.1626171890625 0.8267913318082221 0.07905090063360316 0.7392632296875 0.080151334375 0.7403138541292777 0.16371762280389685
0 0.9069725015625 0.16130264687499998 0.9028121383850689 0.07747455613170866 0.8533175499999999 0.07993095781250001 0.857477913177431 0.16375904855579132