0 0.7188407618691912 0.5968148827669122 0.7135847317712309 0.5310111057598519 0.6805596445246322 0.5336489612212072 0.6858156746225925 0.5994527382282676
0 0.6911085834464338 0.0820781831096681 0.4406813446708545 0.07797349734414669 0.42560203430844723 0.9979635458924706 0.6760292730840265 1.0020682316579923
0 0.7344752453125001 0.7874402828125 0.7314381901953311 0.6918658170970902 0.5889410093749998 0.6963939281250001 0.5919780644921688 0.7919683938404098
0 0.75071483125 1.0000000000000002 0.733576105218879 0.7811332394239338 0.5955810109375 0.7919391749999999 0.612719736968621 1.0108059355760664
0 0.38042974375 0.6139607859375 0.37364852189537523 0.5290747936990913 0.3039593359375 0.534642 0.3107405577921248 0.6195279922384087
0 0.50003741875 0.6076489890625 0.49529940752814794 0.5250112821982539 0.37397021874999997 0.531967659375 0.37870822997185205 0.6146053662392461
0 0.4294437437500001 0.6897138234375 0.4240426962048526 0.6220977478822565 0.37611842968750003 0.62592585 0.38151947723264745 0.6935419255552436
0 0.3751282296875001 0.6911553640625001 0.36961490885600623 0.6221491074057734 0.3127949091914107 0.6266887955873052 0.31830823002290454 0.6956950522440317
0 0.5341998671875 1 0.5316423394002319 0.9718262033501702 0.4815188999999999 0.9763762499999998 0.48407642778726806 1.0045500466498296
0 0.4801073203125002 0.9754865609375001 0.3456677484375001 0.9754865609375001 0.3456677484375001 1 0.4801073203125002 1
0 0.5312049140624999 0.9654675453125001 0.5258572059801253 0.8897405451951726 0.337441071875 0.9030461624999999 0.34278877995737467 0.9787731626173274
0 0.5244185437499999 0.8857314624999999 0.5173930042619086 0.7799110982692748 0.3290199171875 0.7924174109374998 0.33604545667559116 0.898237775168225
0 0.5150801828125 0.7792781593750002 0.5111169342836626 0.6922726829742795 0.3196489541546346 0.7009943775383193 0.3236122026834721 0.7879998539390399
0 0.7279895 0.6921712093750001 0.7258332520528541 0.6123272672219434 0.582169275 0.6162070250000001 0.584325522947146 0.6960509671530568
0 0.49181004218749996 0.5133224140625001 0.45301909813104757 0.060022161372594175 0.2570931015624999 0.07678843125000001 0.2958840456189524 0.5300886839399059
0 0.6967738312499999 0.250404084375 0.6823021805634748 0.06923547847494091 0.539369725265302 0.08065284604017778 0.553841375951827 0.26182145194023687
0 0.70996048125 0.4276133265625002 0.709875497111546 0.347278372032236 0.5597113406233472 0.34743722656250176 0.5597963247618012 0.4277721810927659
0 0.7019744812500001 0.345831578125 0.7018757798712387 0.2513785876657378 0.5530243700788047 0.25153413424298915 0.5531230714575661 0.34598712470225135
0 0.7137744046875001 0.511846278125 0.7136893532886196 0.4315112790486733 0.566919753083372 0.4316666653678878 0.5670048044822524 0.5120016644442146