0 0.5317550137267989 0.6697806224159164 0.4738102018252041 0.6684322364772097 0.4731059237732014 0.6986975025840838 0.5310507356747961 0.7000458885227905
0 0.9417987163306327 0.6526725167521279 0.9338477758793292 0.4240843083658573 0.05864263826752843 0.45452640326196575 0.06659357871883187 0.6831146116482363
0 0.7096187500000001 0.5788421875 0.6225161093665964 0.5765738732264002 0.619225 0.7029515625000001 0.7063276406334038 0.7052198767736
0 0.9322531250000002 0.5835640625000001 0.7092122349498392 0.5776875585642938 0.7058812500000002 0.7041140625000001 0.9289221400501614 0.7099905664357065
0 0.5513362655379852 0.32703757357549346 0.47840625000000003 0.32534218750000005 0.4769215469620147 0.3892093014245066 0.5498515625 0.39090468750000007
0 0.5503421875 0.3909984375000001 0.4745304622872026 0.3892336855055821 0.47198630710533107 0.4985276793114175 0.5477980323181285 0.5002924313058356
0 0.619342502244021 0.38772449092016814 0.5607828125000001 0.3863593750000001 0.5597590230028537 0.43027710713566913 0.6183187127468747 0.43164222305583716
0 0.6213651299683239 0.3300203493300218 0.5620875 0.3286406250000001 0.5608754950316761 0.38071246316997837 0.6201531250000001 0.38209218750000007
0 0.9434375000000002 0.4667296875000001 0.8761340834246287 0.4641880054233017 0.8743968750000001 0.5101890625000001 0.9417002915753715 0.5127307445766985
0 0.9530343749999999 0.3429281250000001 0.8861698683881876 0.3369795954069107 0.8751352671020513 0.4610141419464012 0.9419997737138635 0.4669626715394906
0 0.8820296875 0.33994687500000015 0.8135376043840775 0.3344116339254263 0.7995672139534988 0.5072787466024935 0.8680592970694214 0.5128139876770673
0 0.808765625 0.338621875 0.7109740081524835 0.3347977996345124 0.7043125 0.5051500000000001 0.8021041168475165 0.5089740753654877
0 0.7085859375000001 0.3336312500000001 0.6297436819866264 0.3292202582130531 0.6200531250000001 0.5024296875 0.6988953805133737 0.5068406792869471
0 0.6224375000000001 0.5764921875 0.549980773806988 0.5737743580726591 0.5451989713212066 0.7012561455372579 0.6176556975142188 0.7039739749645989
0 0.46326091078684817 0.31997580258485303 0.06220000000000003 0.30627656249999996 0.05606511677113328 0.48588228078073525 0.4571260275579814 0.4995815208655883
0 0.21900601870803543 0.5668323763408102 0.06299687500000006 0.5632 0.059947069931833394 0.6941879353126134 0.21595621363986878 0.6978203116534235
0 0.37863018494359246 0.5688142790677466 0.305581213633051 0.5679640620767251 0.30404634118945867 0.6998372830089787 0.3770953125000001 0.7006875000000001
0 0.3042585182537557 0.5678204480837409 0.21837187500000005 0.5668203125 0.21686023174624453 0.6966326769162592 0.30274687500000014 0.6976328125000001
0 0.45521143473050873 0.5710346604822678 0.3821609375000001 0.570184375 0.3806620027694913 0.6989622145177321 0.45371249999999996 0.6998125