0 0.32625412383486596 0.48346211342415657 0.2952900604888568 0.48323274961411783 0.29484101211420766 0.5438541803259292 0.32580507546021675 0.544083544135968
0 0.6235404280958775 0.10415771036422125 0.3945577402789191 0.06806615774849055 0.25620145892171226 0.945866941739262 0.48518414673867066 0.9819584943549927
0 0.4275451278188087 0.3107568216267024 0.296222353125 0.30602204375000003 0.2930272424936913 0.39464094087329765 0.4243500171875 0.39937571875
0 0.4275097412239927 0.08308483761210016 0.2981578923816153 0.08218747691763965 0.2965794027201226 0.30972202055553955 0.4259312515625 0.3106193812500001
0 0.6771626157814746 0.48922489551846005 0.611822446875 0.4887408953125001 0.6112470998435253 0.5664129122940402 0.67658726875 0.5668969125000001
0 0.611996765671714 0.488236391881809 0.49992842343750005 0.48703333437500007 0.49910485620328615 0.5637510424931912 0.6111731984375001 0.5649541000000001
0 0.6172682627165875 0.4159433583237256 0.5723380062500001 0.4156105421875001 0.5718787013459125 0.4776168119887746 0.6168089578125 0.4779496281250001
0 0.6763086070969472 0.4180982560553302 0.6230328359374999 0.4177036203125001 0.622565135090553 0.48084317050717 0.6758409062500002 0.4812378062500001
0 0.5471438271305714 0.1476632971592738 0.5466715890625001 0.08101789218750001 0.4996197634944287 0.08135129346572621 0.5000920015625 0.14799669843750002
0 0.674175175 0.14987859375 0.6735001296875001 0.08113034999999999 0.549557492982269 0.08234735412058536 0.5502325382947689 0.15109559787058538
0 0.6755179832918212 0.15383383948023205 0.4999869511982388 0.15341693904636472 0.49981988353141754 0.22375881831613276 0.6753509156249999 0.22417571875000006
0 0.6743768313589376 0.22870626513628523 0.49982410312500003 0.22839392968750008 0.4996482420785625 0.32667616298871494 0.6742009703125 0.3269884984375001
0 0.6773161812926726 0.3313805401795803 0.499867446875 0.3274025562500001 0.49805776023329507 0.4081285244660111 0.6755064946509677 0.4121065083955914
0 0.4271592600554105 0.39992712971204397 0.2945200203125 0.3945129921875 0.2914988618195895 0.4685273968504561 0.42413810156250004 0.47394153437500003
0 0.6830191343750001 0.993163684375 0.6823056056215802 0.5744491602355006 0.4985540680368684 0.5747622900602213 0.4992675967902883 0.9934768141997207
0 0.42169664985042266 0.8059108955695203 0.2876841781250001 0.8049182109374999 0.2864554610870774 0.9707950684929797 0.42046793281249994 0.971787753125
0 0.4281661153192512 0.6494690972918387 0.28980857968750007 0.6402452609375 0.28484999093074903 0.7146240870831615 0.42320752656250005 0.7238479234375002
0 0.4274714167924869 0.7254874835744319 0.29059845000000006 0.7163626203125 0.2847684363325133 0.8038128367380682 0.4216414031250002 0.8129377000000002
0 0.4283004059975319 0.5711422597923788 0.2931042125 0.5621291796874999 0.2881456236899681 0.6365080073951211 0.4233418171875001 0.6455210874999999