0 0.3479576281419707 0.5154830786032216 0.3443789112366772 0.4534224673372872 0.3122831499830295 0.4552732651467787 0.31586186688832296 0.5173338764127131
0 0.6257001500784588 0.03257291789151519 0.38712253399800667 0.011007441953021415 0.303659968464973 0.9343489890452794 0.5422375845454251 0.9559144649837732
0 0.44007536562499994 0.35511698125 0.4344989171874999 0.262890303125 0.3004964984494237 0.2709927046620083 0.3060729468869237 0.3632193827870083
0 0.43570885937500003 0.26273344531250004 0.421338834375 0.026202521875000006 0.28728409058488763 0.034346784754612544 0.30165411558488764 0.2708777081921126
0 0.7122446906250001 0.503662040625 0.7077133428352472 0.42509762622453734 0.6399851484375 0.4290039749999999 0.6445164962272527 0.5075683894004626
0 0.6444687218749999 0.5082620031250001 0.6398669124999998 0.42848637812500023 0.5239632055118587 0.435172214374046 0.5285650148868588 0.5149478393740459
0 0.6444127734374999 0.41728729062500003 0.6407801799777596 0.3543258722622641 0.5942045912178089 0.3570130763233005 0.5978371846775492 0.4199744946860363
0 0.70567756875 0.41473134062500006 0.7019955466949718 0.3508737651352546 0.646774246875 0.35405782031249994 0.6504562689300282 0.41791539580224546
0 0.5501474887834001 0.08273311727522456 0.5450392156250001 0.01194222968749999 0.4962923174666001 0.015459807724775449 0.5014005906250001 0.08625069531250003
0 0.6822658886204122 0.07053392626481189 0.6762058473636198 -0.0006063812833579818 0.5471852524932077 0.010384154951830121 0.5532452937500001 0.08152446249999998
0 0.6886050054557408 0.14760038197183886 0.68196180625 0.074685025 0.5003965086067592 0.09122714302816115 0.5070397078125 0.16414250000000002
0 0.693551865625 0.2546217796875 0.6860523187500001 0.1525799921875 0.5055378186053444 0.16584688008332446 0.5130373654803444 0.2678886675833244
0 0.7014786989539983 0.342463281924871 0.6949852169299654 0.2586199470896797 0.5124531539134671 0.2727566542273087 0.5189466359374999 0.3565999890625
0 0.4448997921875 0.4326159953125 0.4409896409023258 0.35552244080376505 0.30544843457448184 0.36239703136446927 0.3093585858596561 0.4394905858732042
0 0.7477236000000002 0.9459329281250002 0.7144717433841425 0.5154655224742445 0.5243338147875034 0.5301529042735093 0.557585671403361 0.9606203099242648
0 0.4747731015625001 0.950287903125 0.46508643975777886 0.7823208081498133 0.3261760421875 0.7903317703125001 0.33586270399222123 0.9582988652876869
0 0.46083860000000004 0.692383425 0.4584511216675929 0.6146730406700237 0.31723461249999996 0.6190116031249999 0.31962209083240717 0.6967219874549764
0 0.46524286875 0.7851106687499999 0.46243588085058107 0.6937433972099154 0.3231992249999999 0.6980210296874999 0.3260062128994189 0.7893883012275843
0 0.4556787875 0.6109800796875 0.45329122218829304 0.5332696572389627 0.31535821406250003 0.53750749375 0.317745779374207 0.6152179161985373