0 0.5145116629810029 0.6809762207672246 0.5135342307390666 0.6490763531237047 0.4504954635800316 0.6510079010599443 0.4514728958219679 0.6829077687034643
0 0.9613266496698692 0.46757297612975324 0.04875038807110783 0.3594172626570471 0.02058129117979348 0.5970972548488251 0.9331575527785549 0.7052529683215312
0 0.3612132859375001 0.5532378062500001 0.26958216780499966 0.5511214308320809 0.2664005180201744 0.68887493374141 0.3580316361526748 0.6909913091593292
0 0.27326845072942607 0.688378387487828 0.26939294843750006 0.555099021875 0.03279695864557397 0.561978768762172 0.0366724609375 0.6952581343750001
0 0.5295930860879683 0.35408415388138553 0.5275291380423184 0.2867678223816782 0.44642122539185003 0.28925462631279275 0.4484851734375 0.35657095781250003
0 0.5311353226322721 0.46921754460479753 0.5273047997740108 0.35403516465217816 0.44595446620423856 0.3567405637973806 0.4497849890624999 0.47192294375
0 0.4386085069146953 0.39814583432592 0.4371895250000001 0.3518561421875 0.3725268680853048 0.35383833598658 0.37394585 0.400128028125
0 0.4406543581050797 0.3457934252561757 0.4389723749999999 0.290909253125 0.37303989658242026 0.2929298231813243 0.3747218796875 0.3478139953125
0 0.09919891249999999 0.48508677499999997 0.09718299843749999 0.4366401296875 0.02865471777760694 0.4394916609704221 0.030670631840106943 0.48793830628292206
0 0.10029328300966137 0.4333758372745731 0.0963769828125 0.3056568265625001 0.025271391196253917 0.30783716636401764 0.02918769139341527 0.4355561770760906
0 0.17679320869015058 0.4835365157320939 0.17317244843750002 0.301523334375 0.10041310836331088 0.3029707247485184 0.10403386861596142 0.4849839061056123
0 0.279517540625 0.29866378125000004 0.17791908795495875 0.2984288909447676 0.17749424202224626 0.4821899420619403 0.27909269469228754 0.4824248323671728
0 0.36825557567283956 0.4777348492374835 0.36709490312500004 0.29397865781250004 0.2835618680771605 0.2945062835750166 0.284722540625 0.4782624750000001
0 0.4383227843750001 0.550523884375 0.36174839779924417 0.5489699029844285 0.3589436753712213 0.6871761265236604 0.4355180619469771 0.688730107914232
0 0.9750101229129065 0.4526889777696458 0.9681310484375001 0.26337981875 0.5336207067745936 0.27916895973035427 0.5404997812500001 0.46847811875000006
0 0.9574507775531467 0.6727868393107413 0.9532200718750001 0.5347243374999999 0.7800762490093535 0.5400300544392586 0.7843069546874999 0.67809255625
0 0.696764465625 0.5416534296875 0.6197541227685551 0.5385563789436287 0.6139699921875 0.6823828500000001 0.690980335043945 0.6854799007438713
0 0.788929409375 0.53976326875 0.6983851630969871 0.5361224405359684 0.6926570703150222 0.6785751499372725 0.7832013165930352 0.6822159781513043
0 0.6157666421875 0.5445973968750001 0.5387547908212839 0.5414993767249923 0.5331004187928815 0.682058068126507 0.6101122701590975 0.6851560882765149