0 0.7128426041922099 0.5715890225729274 0.7119358216385152 0.5103812160105495 0.680713250472147 0.5108437727399154 0.6816200330258417 0.5720515793022933
0 0.6928466646886949 0.08316311719095651 0.456108092454249 0.07624618539390218 0.4297733464533028 0.9775779248619486 0.6665119186877487 0.9844948566590028
0 0.7174425672129184 0.6614740020878829 0.584607228125 0.6591379578125001 0.5830329818415025 0.7486548993704718 0.715868320929421 0.7509909436458547
0 0.718947692576385 0.9765130250817421 0.7154338394886766 0.7467789703522324 0.5850035234375001 0.7487739421875002 0.5885173765252085 0.9785079969170098
0 0.39359671562500004 0.573127096875 0.39243489167076095 0.49470405725171895 0.32654922343750004 0.4956801421875001 0.3277110473917391 0.5741031818107811
0 0.5064445875000001 0.572341540625 0.505554331211376 0.49487568006217264 0.39254210312500004 0.4961744437500002 0.39343235941362403 0.5736403043128275
0 0.43504426562500004 0.6460675265625 0.43411677143521415 0.5834616409985013 0.38881140937499997 0.5841328312499999 0.3897389035647859 0.6467387168139986
0 0.38388769375000004 0.645091434375 0.38294324906487937 0.5813413811239795 0.32922270156249994 0.582137240625 0.3301671462476206 0.6458872938760206
0 0.515616281194289 0.9820542259092992 0.513882975 0.9146065234375002 0.4664505348611508 0.9158254669936173 0.46818384105543975 0.9832731694654164
0 0.46437094271048396 0.9841634379536865 0.46334272429309686 0.9147587583376513 0.3383331906249999 0.9166107531250001 0.33936140904238704 0.9860154327410353
0 0.5138507406249999 0.9082963453125 0.5121021606634089 0.837284281232761 0.335481625 0.8416333328125003 0.33723020496159106 0.9126453968922392
0 0.512350059375 0.8334386015625002 0.5103208256760616 0.734217682602978 0.33433528124999995 0.73781688125 0.3363645149489384 0.837037800209522
0 0.5100859734375 0.7334892468749998 0.510069429420448 0.6519540793285793 0.3311100663121349 0.651990391350054 0.33112661032918694 0.7335255588964746
0 0.7169782304634009 0.5863077817198362 0.5831486499999999 0.583858171875 0.5817790101615992 0.6586857307801639 0.7156085906250002 0.6611353406250001
0 0.5044829984375001 0.48378039375000015 0.4958252065223817 0.061701926225098715 0.3105051843750001 0.06550326250000002 0.3191629762901184 0.48758173002490146
0 0.7132965359375001 0.24667333281249998 0.7108153396661657 0.07919253526702168 0.5756840515624999 0.0811944796875 0.5781652478338344 0.24867527723297828
0 0.7181898284895707 0.33776319726284476 0.5784823906250001 0.3315539781250001 0.5751403027604295 0.40675095898715546 0.714847740625 0.4129601781250001
0 0.7162738128002887 0.2477244052568981 0.57806338125 0.24158172031250008 0.5741339528247114 0.3299938728681021 0.7123443843749999 0.3361365578125001
0 0.7166190767457622 0.4166961722439857 0.5801035734375001 0.41062881718750005 0.5767614857542379 0.48582579806851467 0.7132769890625001 0.4918931531250002