0 0.5112634907865711 0.3155165086517283 0.4531530566709717 0.31517885644507765 0.452977134213429 0.3454553663482718 0.5110875683290284 0.3457930185549224
0 0.9281684998304881 0.5066863772987835 0.8965832642606351 0.28478492869743766 0.03265600350775865 0.40775549161214897 0.06424123907761159 0.6296569402134948
0 0.3655125000000001 0.3138171875000001 0.278867466978704 0.3103171137309816 0.27365000000000006 0.43947656250000017 0.36029503302129606 0.4429766362690186
0 0.278846875 0.314165625 0.05154123796523894 0.3132018564170798 0.05100498125106824 0.439678456909086 0.27831061828582926 0.4406422254920061
0 0.503459375 0.6250093750000001 0.4301579336315843 0.6245825765643269 0.42978593750000005 0.6884718750000002 0.5030873788684158 0.6888986734356733
0 0.5104046875 0.5158140625 0.43547602077175124 0.5126706224932164 0.430784375 0.624503125 0.5057130417282487 0.6276465650067836
0 0.42130781250000016 0.5853921875 0.3624945142490406 0.5850502221059866 0.3622390534680937 0.6289859283624488 0.42105235171905325 0.6293278937564624
0 0.41952187500000016 0.6349687500000001 0.3599413077482299 0.6346212628035117 0.35963750000000005 0.6867125000000001 0.41921806725177024 0.6870599871964884
0 0.10802812500000006 0.51099375 0.039229134633873154 0.5098422954902756 0.03845864280043613 0.5558789037784316 0.10725763316656303 0.557030358288156
0 0.10394531250000012 0.559971875 0.03708568577307883 0.5547946056800195 0.027421875000000075 0.67959375 0.09428150172692136 0.6847710193199805
0 0.1813062500000001 0.5124984375000001 0.11295048887085682 0.5068038963192044 0.09841093750000006 0.6813328125 0.16676669862914334 0.6870273536807957
0 0.2781000000000001 0.5130625000000001 0.18233272158651287 0.5072059717088064 0.17168125000000012 0.68138125 0.2674485284134873 0.6872377782911937
0 0.36235000000000006 0.5143109375 0.2837118430879768 0.5088251208767647 0.27145016782479914 0.6845939461171141 0.3500883247368224 0.6900797627403493
0 0.43878593750000006 0.3142046875000001 0.36640902954057814 0.31107811069289876 0.3608265625 0.44030625 0.433203470459422 0.4434328268071012
0 0.9201435117211043 0.5208960408025545 0.5192279546941404 0.5162765545613334 0.5171563179730365 0.696069576258779 0.9180718750000002 0.7006890625000002
0 0.9233140625000003 0.31280781250000006 0.7665417601962424 0.3118960690608915 0.7657796875 0.44293281249999994 0.9225519898037579 0.44384455593910854
0 0.6807203124999999 0.31227968750000007 0.607710918932505 0.31058015454139587 0.60463125 0.442878125 0.677640643567495 0.44457765795860416
0 0.7678875 0.3141109375 0.6820473731595332 0.3121127909278645 0.6790140633461721 0.4424234011485481 0.7648541901866388 0.44442154772068365
0 0.604071875 0.3144906250000001 0.5310624483816386 0.312791010134234 0.5280546511456559 0.44199531165369316 0.6010640777640173 0.4436949265194593