0 0.9518861630871113 0.7052876082346646 0.9489646822727842 0.4540822507398962 0.8180762773932045 0.4556044633530628 0.8209977582075316 0.7068098208478312
0 0.946439992870762 0.37103441995746084 0.9424918652131031 0.2353599300035487 0.7663302840391572 0.24048623201571048 0.770278411696816 0.37616072196962264
0 0.19522636553854483 0.6312542855736385 0.19298359523630348 0.5541441126021193 0.06377620752927124 0.5579021445298462 0.06601897783151259 0.6350123175013656
0 0.15715544644980106 0.39790812451484614 0.1552525746719236 0.3325103912190305 0.05748334931562734 0.3353551732978512 0.05938622109350479 0.4007529065936669
0 0.2341885567752134 0.3969272726785871 0.2325947754403536 0.26002554263293315 0.15933770499908745 0.2608783861395628 0.1609314863339473 0.39778011618521675
0 0.3904393459131973 0.39244947023181587 0.38884487062724077 0.255411654957496 0.31168073656158 0.2563094823526835 0.31327521184753654 0.3933472976270034
0 0.19403373071278288 0.5492296710453919 0.1916772687104993 0.4682167960206021 0.06270783056217787 0.4719681945527414 0.06506429256446145 0.5529810695775312
0 0.3084069320981048 0.39470110154287 0.3068135961875814 0.2577991489457042 0.23746271906294467 0.25860629041339483 0.2390560549734681 0.39550824301056065
0 0.9471328411684604 0.4491644563169773 0.9451163692723658 0.37986435119224227 0.8160462670405675 0.3836199910041591 0.8180627389366621 0.4529200961288941
0 0.688287130469366 0.3834591835100477 0.686696442758961 0.24674446774846065 0.6280907923258949 0.24742634963209587 0.6296814800362999 0.38414106539368287
0 0.7654675677312468 0.3137788240783844 0.763423284026582 0.2435016913740935 0.6893825543432984 0.24565545393310276 0.6914268380479632 0.3159325866373937
0 0.15628743081420576 0.327597057992474 0.15444136068614506 0.2641514789030868 0.056721400965444105 0.2669948275042797 0.05856747109350481 0.3304404065936669
0 0.4577736185560579 0.38525345919080906 0.4560981561711063 0.3276642388097953 0.3936029426225261 0.32948243288930196 0.3952784050074777 0.38707165327031573
0 0.45607056577397664 0.3238382303306081 0.4552964043781748 0.25738660837336924 0.393758895621457 0.25810352035038503 0.3945330570172588 0.32455514230762395
0 0.7266781849906925 0.6031629796375252 0.7258108907397031 0.5733640183846258 0.6812686432490106 0.5746604137471006 0.6821359375000001 0.604459375
0 0.7258644669725955 0.569738832154391 0.7247780808734918 0.5324219217728086 0.6789886139008962 0.5337549646184175 0.680075 0.5710718750000001
0 0.7662645075676965 0.6025736376528937 0.7653812500000001 0.5722171875 0.7294620549323036 0.5732622998471063 0.7303453125000001 0.6036187500000001
0 0.76561327987293 0.5686291360725608 0.7651749999999999 0.5309640625 0.7306179701270699 0.5313661764274391 0.7310562499999999 0.56903125
0 0.7678688886479383 0.7141168476310596 0.76660625 0.6056265625 0.6813248613520618 0.6066190898689404 0.6825875000000001 0.7151093750000002
0 0.8113122151126454 0.7108965943281732 0.8100687499999999 0.6040875000000001 0.7730018291992877 0.6045190308835713 0.7742452943119333 0.7113281252117445
0 0.8080743219420568 0.6005729902589818 0.8063921875 0.455896875 0.771277240769141 0.4563051529055909 0.7729593752111976 0.6009812681645728
0 0.7634360118567562 0.5220964421670382 0.7615312058846582 0.4566500467602605 0.6199483190279017 0.46077079209322236 0.6218531249999999 0.5262171875
0 0.80649318857925 0.4478247068263953 0.8046859375000001 0.385728125 0.6182208739207499 0.39115498067360466 0.6200281249999999 0.45325156250000004
0 0.7641286755485637 0.3801488908799577 0.762360894716033 0.3193969671772915 0.6910665941674693 0.32147151379733374 0.692834375 0.38222343749999993
0 0.2798906562067554 0.6111478171086839 0.2790484375 0.582196875 0.24384684379324462 0.5832209328913159 0.2446890625 0.6121718749999999
0 0.33442226806724007 0.6085593763181103 0.33361875 0.580946875 0.28260898193276 0.5824312486818898 0.2834125 0.6100437500000001
0 0.27887956811788706 0.5795014551189083 0.27797812499999996 0.5485312500000001 0.24308136938211292 0.549546982381092 0.2439828125 0.5805171875000001
0 0.3347854964643296 0.5768686575991102 0.333884375 0.5458984375 0.2814691910356705 0.5474235299008898 0.28237031250000005 0.57839375
0 0.24248780822000118 0.7308416636124889 0.23721406249999996 0.4736859374999999 0.2000840667799988 0.4744473988875109 0.20535781249999996 0.7316031249999999
0 0.33678009306954004 0.726807255025263 0.33531718617878115 0.676520267083496 0.24441990560924115 0.6791645745582329 0.24588281250000002 0.7294515625
0 0.33543916633543963 0.6740940302353527 0.3336671861777635 0.6132062045660238 0.24288739484232386 0.6158481118306711 0.24465937499999998 0.6767359374999999
0 0.1984688943024921 0.7317450840741743 0.19568272162049308 0.636020315145146 0.06366851481800095 0.6398627310709717 0.0664546875 0.7355875
0 0.39125129745510956 0.5359938577243638 0.3892859375 0.4684390625 0.24589089004489045 0.4726108297756363 0.24785624999999997 0.5401656250000001
0 0.4604800090302154 0.5340181789517853 0.459596875 0.4582906249999999 0.3965762409697846 0.4590255710482146 0.39745937499999995 0.5347531249999999
0 0.6148262052598213 0.5266619089987635 0.61060625 0.3926234375000001 0.39544012111020765 0.39939754815040585 0.399660076370029 0.5334360196491692
0 0.1903407882490401 0.4649040758280498 0.1886953125 0.4083499999999999 0.05978889925095989 0.4121006116719501 0.061434375 0.46865468750000006
0 0.3903477545652673 0.4627685257155787 0.38854218749999997 0.400690625 0.19927568293473263 0.40619553678442133 0.20108125000000002 0.4682734375
0 0.5277059560629731 0.3876981872169363 0.526171875 0.25576406249999994 0.4584221873139656 0.2565518307375539 0.45995626837693865 0.3884859554544902
0 0.6254768357243862 0.3847088654747083 0.6239437499999999 0.252909375 0.5302731642756137 0.25399894702529174 0.5318062499999999 0.3857984375