0 0.9494066963973941 0.5026977138252485 0.946494975914683 0.2530756591680403 0.8156207314966226 0.2546022439029297 0.8185324519793337 0.504224298560138
0 0.9490104565732131 0.7213527218287508 0.9474306045640997 0.5851585831120565 0.7726128705383905 0.5871864688267545 0.7741927225475038 0.7233806075434488
0 0.19209224703890995 0.4371662389404983 0.1907454093188352 0.36002423242962056 0.062384128754774615 0.36226531769924464 0.06373096647484935 0.4394073242101224
0 0.1594583933201434 0.660437453540034 0.1583157380556419 0.5950130019201904 0.06127116350897592 0.5967079109526938 0.062413818773477424 0.6621323625725374
0 0.23802711391223452 0.729427092461171 0.2364464931633848 0.5936558230086949 0.16319822236904336 0.5945085640716739 0.1647788431178931 0.7302798335241498
0 0.3942808732026408 0.7270973303584128 0.39269651773097414 0.5909292665650183 0.315542854012543 0.5918269721346363 0.3171272094842097 0.7279950359280308
0 0.19310895692170557 0.5231035907665798 0.1916940177105531 0.4420557054270984 0.06331602500872134 0.4442969367061381 0.06473096421987383 0.5253448220456194
0 0.31224685544312664 0.7282901093572426 0.31066490412947 0.5923663394083836 0.24132469383773397 0.593173356729942 0.2429066451513906 0.729097126678801
0 0.9473288883475275 0.5764433264399739 0.946519937126052 0.5070276862774923 0.8185804850132165 0.5085186582806223 0.8193894362346921 0.577934298443104
0 0.6921312923045663 0.7218014571174318 0.6905481482001367 0.5857350910853275 0.6319500256734167 0.586416885381112 0.6335331697778464 0.7224832514132163
0 0.7696857957697677 0.7210887589035861 0.7684580656847272 0.6507835347929569 0.6948282441289613 0.6520693218482394 0.6960559742140018 0.7223745459588686
0 0.16024138553951242 0.7287971800159396 0.15913292935128104 0.6653256390231588 0.06210678739258842 0.6670200870512375 0.0632152435808198 0.7304916280440182
0 0.46014404365727096 0.651281948412453 0.45913774093696613 0.5936691972499677 0.3972997063427291 0.594749301587547 0.3983060090630339 0.6523620527500323
0 0.46064085420052125 0.7219465917829389 0.45987462829019543 0.6561761273772941 0.3983470359219757 0.6568929238283839 0.39911326183230145 0.7226633882340286
0 0.7237898509018003 0.393167303529981 0.7232703125000001 0.36335468750000005 0.6790742115981998 0.36412488397001896 0.67959375 0.39393749999999994
0 0.7237544202641742 0.43413215295925134 0.7231031250000001 0.3968015625000001 0.6777487047358258 0.39759284704074865 0.6784 0.4349234375
0 0.7633639853709413 0.3924703597198004 0.762834375 0.36210156250000003 0.7272672646290588 0.3627218277801997 0.727796875 0.393090625
0 0.7639445269368107 0.43391510996997934 0.7635109374999999 0.39665312499999994 0.7289570355631892 0.3970552025300206 0.729390625 0.43431718750000003
0 0.7636401481150743 0.35952198692782183 0.7623875 0.252025 0.6771176643849256 0.25301863807217806 0.6783703124999999 0.36051562499999995
0 0.8071072097680009 0.3587570018368521 0.8058671875 0.2523796875 0.7688021652319991 0.2528117481631479 0.7700421875000001 0.3591890625
0 0.8068773912644847 0.5070273476879978 0.8051984375 0.36276093750000005 0.7700882521288216 0.36316954528211565 0.7717672058933063 0.5074359554701134
0 0.7624093562755873 0.5081511618103088 0.7612671870246164 0.44267966025002936 0.620446893249029 0.4451363109397204 0.6215890624999999 0.5106078124999999
0 0.8071645839295994 0.577026527265162 0.8060796606972083 0.5149031527555998 0.620338514267609 0.518146937990438 0.6214234375000001 0.5802703125
0 0.7664050894470238 0.6452907010588785 0.7653437227210561 0.5845156254763955 0.6947558207740323 0.585748361917517 0.6958171875 0.6465234375000001
0 0.2771216327414858 0.4051283058380827 0.2766156249999999 0.3761671874999999 0.24174867975851408 0.3767763816619172 0.24225468749999995 0.40573750000000003
0 0.3316748360221488 0.40383935112518127 0.33119218702314657 0.3762155977079482 0.2805032885009977 0.37710124658276695 0.28098593749999995 0.404725
0 0.27684577317808257 0.4388265413793714 0.27630468750000003 0.40784374999999995 0.24176828932191746 0.4084468961206286 0.242309375 0.4394296875
0 0.3327756405593526 0.4388562246905295 0.33223434771164156 0.4078718754767244 0.28017901965228903 0.40878127578619494 0.28072031250000007 0.43976562500000005
0 0.23766875000000004 0.5155328124999999 0.23695781250000003 0.2585890625 0.1998328693805897 0.25869178348172833 0.20054380688058968 0.5156355334817283
0 0.33127998479426596 0.3082355177358357 0.33040153522450416 0.2579281254762749 0.2400903004302382 0.25950510774043917 0.24096875 0.30981249999999994
0 0.33116715023952614 0.371590652645418 0.33010312452337354 0.3106780977144422 0.24002972428384733 0.31225150756902414 0.24109374999999997 0.3731640625
0 0.1929464580147948 0.3552058960701582 0.19127499952412713 0.2594437227360146 0.060376979009332345 0.26172845166585645 0.0620484375 0.357490625
0 0.39015485555244256 0.5136915604450732 0.3889749995239189 0.4461093477300534 0.24636545647147634 0.4485990372849802 0.2475453125 0.51618125
0 0.4602652036320286 0.5209352230178929 0.4593921875000001 0.4459406250000001 0.3963801088679714 0.4466741519821073 0.397253125 0.5216687500000001
0 0.6132994319555385 0.5791668598338078 0.6118390625 0.445040625 0.39683650554446154 0.44738157766619235 0.39829687500000005 0.5815078125
0 0.19103286092464966 0.5830833069833596 0.19004531249999998 0.52650625 0.06179682657535033 0.5287448180166404 0.062784375 0.585321875
0 0.3909562728097381 0.5814389823926511 0.389871875 0.5193359375 0.20132497719026182 0.5226282051073489 0.202409375 0.58473125
0 0.5315061525211452 0.7202834131770582 0.5299796875 0.5891375 0.4622391599788548 0.5899259618229419 0.463765625 0.721071875
0 0.6292813503469149 0.7187375710052517 0.627759375 0.5880265625 0.5340998996530851 0.5891171164947483 0.535621875 0.719828125