0 0.943359375 0.2695312500000001 0.8125 0.2695312500000001 0.8125 0.5185546875000002 0.943359375 0.5185546875000002
0 0.9404296875 0.6015625000000002 0.765625 0.6015625000000002 0.7656250000000001 0.7373046875000002 0.9404296875 0.7373046875000002
0 0.18652343750000006 0.36328125 0.05859375000000004 0.36328125 0.05859375000000004 0.4404296875 0.18652343750000006 0.4404296875
0 0.15136718750000008 0.59765625 0.05468750000000007 0.59765625 0.054687500000000076 0.6630859375 0.15136718750000008 0.6630859375
0 0.22949218750000008 0.59765625 0.15625000000000008 0.59765625 0.15625000000000008 0.7333984375 0.22949218750000008 0.7333984375
0 0.3857421875000001 0.59765625 0.3085937500000001 0.59765625 0.3085937500000001 0.7333984375 0.3857421875000001 0.7333984375
0 0.18652343750000006 0.4453125 0.05859375000000004 0.4453125 0.058593750000000056 0.5263671875 0.18652343750000006 0.5263671875
0 0.3037109375000001 0.59765625 0.23437500000000008 0.59765625 0.23437500000000008 0.7333984375 0.3037109375000001 0.7333984375
0 0.9404296875 0.5234375000000002 0.8125 0.5234375000000002 0.8125 0.5927734375000002 0.9404296875 0.5927734375000002
0 0.68359375 0.59765625 0.625 0.59765625 0.6250000000000001 0.7333984375 0.6835937500000001 0.7333984375
0 0.7607421875 0.6640625000000001 0.6875 0.6640625 0.6875000000000001 0.7343750000000001 0.7607421875000001 0.7343750000000002
0 0.15136718750000008 0.66796875 0.05468750000000009 0.66796875 0.05468750000000009 0.7314453125 0.15136718750000008 0.7314453125
0 0.4521484375 0.6015625 0.3906250000000001 0.6015625 0.3906250000000001 0.6591796875 0.4521484375 0.6591796875
0 0.4521484375000001 0.6640625 0.3906250000000001 0.6640625 0.3906250000000001 0.7294921875 0.45214843750000017 0.7294921875
0 0.718896875 0.3759031250000001 0.674871875 0.3759031250000001 0.674871875 0.40571718749999997 0.718896875 0.40571718749999997
0 0.718340625 0.409340625 0.673203125 0.409340625 0.673203125 0.44667500000000004 0.718340625 0.44667500000000004
0 0.758465625 0.3753421875000001 0.7230765625 0.3753421875000001 0.7230765625 0.4057125000000001 0.758465625 0.4057125000000002
0 0.758740625 0.4098968750000001 0.7241890625 0.409896875 0.7241890625 0.4469578125000001 0.758740625 0.44695781250000016
0 0.7593015624999999 0.2652781250000001 0.6740390625 0.2652781250000001 0.6740390625 0.37228125000000006 0.7593015624999999 0.37228125000000006
0 0.80276875 0.2663906250000001 0.7657078125 0.2663906250000001 0.7657078125 0.3725546875000001 0.80276875 0.3725546875000001
0 0.800815625 0.3767390625000001 0.7657078125 0.3767390625000001 0.7657078125 0.5208015625000002 0.800815625 0.5208015625000002
0 0.7559609375 0.4558750000000001 0.6155234375 0.455875 0.6155234375 0.5213531250000001 0.7559609375 0.5213531250000002
0 0.7999265624999999 0.5288671875000002 0.614546875 0.5288671875000001 0.614546875 0.5909968750000001 0.7999265624999999 0.5909968750000002
0 0.7583875 0.5977546875 0.688153125 0.5977546874999999 0.688153125 0.6585343750000001 0.7583875 0.6585343750000001
0 0.2721828125000001 0.38091718750000003 0.2374843750000001 0.38091718750000003 0.2374843750000001 0.40988281249999997 0.2721828125000001 0.40988281249999997
0 0.3267484375000001 0.38191875 0.2762203125000001 0.38191875 0.2762203125000001 0.40954687500000003 0.3267484375000001 0.40954687500000003
0 0.27150312500000007 0.4125828125 0.2371484375000001 0.4125828125 0.2371484375000001 0.4435703125 0.27150312500000007 0.4435703125
0 0.3274218750000001 0.4135890625 0.2755468750000001 0.4135890625 0.2755468750000001 0.44457500000000005 0.3274218750000001 0.44457500000000005
0 0.23390000000000014 0.2626718750000001 0.19678103981435965 0.2623429451014453 0.19450447731435966 0.5192476326014452 0.23162343750000008 0.5195765625000001
0 0.327334375 0.2636421875 0.2373140625 0.2636421875 0.2373140625 0.3139546875 0.327334375 0.3139546875
0 0.32642187500000003 0.3163765625 0.23670312500000001 0.3163765625 0.23670312500000007 0.3772953125 0.3264218750000001 0.3772953125
0 0.18821875000000005 0.2627296875 0.05787656250000002 0.2627296875 0.05787656250000003 0.3585 0.18821875000000005 0.3585
0 0.3837062500000001 0.4528078125 0.24148906250000007 0.4528078125 0.24148906250000007 0.5203953125 0.3837062500000001 0.5203953125
0 0.45411250000000003 0.45386718750000005 0.3911031250000001 0.45386718750000005 0.3911031250000001 0.528496875 0.45411250000000003 0.528496875
0 0.6065359375 0.45562812500000016 0.39215163663493297 0.45450421648281897 0.39144851163493294 0.5886245289828189 0.6058328125 0.5897484375000002
0 0.18388125000000005 0.5297171875 0.05596250000000007 0.5297171875 0.05596250000000007 0.5862984375 0.18388125000000008 0.5862984375
0 0.3837500000000001 0.5260359375 0.19556562500000005 0.5260359375 0.19556562500000008 0.5881453125 0.3837500000000001 0.5881453125
0 0.5230171875 0.598265625 0.455284375 0.598265625 0.4552843750000001 0.72901875 0.5230171875000001 0.72901875
0 0.620790625 0.5988625 0.5271375 0.5988625 0.5271375 0.7290281249999999 0.6207906250000002 0.7290281249999999