0 0.7812324241480533 0.8525523235732141 0.5165676964564487 0.8435964083158272 0.5120095579391025 0.9782982734857789 0.7766742856307071 0.9872541887431658
0 0.4337304356363717 0.9725002033575126 0.4280314345516404 0.783658878742777 0.28808321436507817 0.7878823455092625 0.29378221544980954 0.9767236701239982
0 0.6563965423666531 0.2031704927253518 0.6522637866552179 0.06629475310161655 0.5727248176279556 0.06869631183972975 0.5768575733393908 0.20557205146346505
0 0.41320013050855414 0.15871279990488774 0.41006532278900076 0.05484889000636171 0.34260759902730925 0.056884890705721614 0.3457424067468627 0.16074880060424765
0 0.4181189007475844 0.16397566456105242 0.27440275419783394 0.1591134634867635 0.27185207672079775 0.23450597245339377 0.4155682232705481 0.2393681735276827
0 0.42312111850352496 0.32114080406354656 0.27807252935300336 0.3162332012183705 0.27538563889430334 0.3956466506215782 0.420434228044825 0.4005542534667542
0 0.5716585478182582 0.20024082420147335 0.5675201962916927 0.06316975147241033 0.48395557272729517 0.06569267465823925 0.48809392425386067 0.2027637473873023
0 0.4202313548077541 0.24455788829059683 0.2766424736252322 0.23969874406755826 0.27422718372858035 0.31107114177235795 0.4178160649111022 0.3159302859953965
0 0.5144319010143884 0.9752967554951475 0.5103203494292059 0.8390674501504073 0.4388373224472056 0.8412248872169601 0.44294887403238803 0.9774541925617003
0 0.4316832130412392 0.6474988981161697 0.2877946914198263 0.6426310023400836 0.28575420683916286 0.7029450113509774 0.4296427284605757 0.7078129071270635
0 0.36357501997000574 0.7849525475770187 0.3611615536808869 0.7050096518831188 0.2886708120033431 0.7071981385496746 0.2910842782924619 0.7871410342435745
0 0.34056945109285996 0.1562563497018004 0.3374404941842194 0.05258629159638452 0.2719964146315223 0.05456151673456098 0.27512537154016287 0.1582315748399769
0 0.41852799937123875 0.46879384578458094 0.4165051478517358 0.40177974382400716 0.3571019287537613 0.403572857340419 0.35912478027326417 0.4705869593009927
0 0.3560477175845854 0.4034068332012263 0.28459769027434584 0.40099011256349526 0.2824555745609157 0.4643214814593115 0.3539056018711552 0.46673820209704264
0 0.659934503125 0.7519849109375001 0.6585047551600169 0.7046013067105161 0.627767109375 0.7055287812499998 0.6291968573399831 0.7529123854769837
0 0.6253782921875 0.7502424734375001 0.6238993016553489 0.7012146648848437 0.5854068453125 0.7023758421874999 0.586885835844651 0.7514036507401561
0 0.661747371875 0.7928246234374999 0.6605849395048501 0.7543112826131995 0.6292722812514221 0.7552563797346172 0.630434713621572 0.7937697205589177
0 0.6272638262146419 0.7563351443195343 0.5867029281250001 0.7549627609375001 0.5854996034728583 0.7905271150554659 0.6260605015625 0.7918994984375002
0 0.7784353709228522 0.7097670078813253 0.662280190625 0.7058366671875002 0.659310410327148 0.7936039608686748 0.7754655906250001 0.7975343015624999
0 0.7769597616540668 0.8041872207051197 0.6648536796875001 0.8003934406250002 0.6635627346439763 0.8385408260314419 0.775668816610543 0.8423346061115614
0 0.6628451407692305 0.8003257653359632 0.5117175156250001 0.795212115625 0.5104947095280992 0.8313506452236027 0.6616223346723296 0.836464294934566
0 0.578482065625 0.7874273484375001 0.5739800609224457 0.6382256345197124 0.5064720671875002 0.6402626171875001 0.5109740718900546 0.7894643311052878
0 0.5044501312499999 0.8302300359375 0.49855574704180683 0.6348894049252224 0.434503095527365 0.636822187345465 0.4403974797355582 0.8321628183577425
0 0.4320005375 0.784972759375 0.42969266093672476 0.7085034216513874 0.367027071875 0.7103946953125 0.3693349484382753 0.7868640330361126
0 0.640847025 0.29098419375 0.639708783646996 0.2532785154742795 0.609845926844854 0.2541800014065169 0.6109841681978578 0.29188567968223744
0 0.6415115062500001 0.34723770625000006 0.6398834490578053 0.29329104192721844 0.6114011578610337 0.29415060942069005 0.6130292150532284 0.34809727374347166
0 0.6081168578125001 0.289177634375 0.6069857951682333 0.2516904354480759 0.5750400018197401 0.2526543029690497 0.5761710644640069 0.29014150189597393
0 0.6088189484375001 0.3468269171875 0.6071420232489066 0.29126720031167663 0.5751962612586775 0.29223139984260577 0.5768731864472709 0.34779111671842916
0 0.7633961653423373 0.21744595283882412 0.4961464765625001 0.20626802812500006 0.4945495237201628 0.244449100286176 0.7617992125 0.25562702500000006
0 0.7637057453125 0.351976271875 0.7608020816922255 0.25578894390414036 0.7089311234374999 0.25735480312500003 0.7118347870577744 0.35354213109585964
0 0.7092043015625 0.349191396875 0.7062900232977806 0.2526166821318616 0.6434842171874999 0.2545119359375 0.6463984954522194 0.3510866506806384
0 0.7603175624999999 0.20849813593749994 0.7560696695551634 0.06771217498435425 0.6573294984375 0.0706914328125 0.6615773913823365 0.2114773937656457
0 0.570059809375 0.403518746875 0.5654964471791148 0.25234374402101956 0.4958137544412158 0.2544471828154263 0.5003771166371009 0.4056221856694068
0 0.573352286290215 0.4112544422333686 0.4921051484375 0.4085033703125001 0.4899090387097851 0.4733608640166316 0.5711561765625001 0.47611193593750006
0 0.5740837390625 0.6332907874999998 0.5676813518315151 0.4029521274525158 0.42937431975211104 0.4067964459701196 0.43577670698309595 0.6371351060176036
0 0.4843928671875001 0.1946927234375 0.4802970862913516 0.05899519882469938 0.42196159990718557 0.060755948487462644 0.42605738080333405 0.19645347310026323
0 0.4944200703125001 0.4010050890625 0.4884347825408245 0.2027725435923884 0.42440156591660666 0.20470591546900474 0.43038685368828233 0.40293846093911634
0 0.4265002755700431 0.4724241373343118 0.2869706328125 0.46770268749999994 0.2846112706156245 0.5374272373773088 0.4241409133731676 0.5421486872116207
0 0.4298310924400884 0.5465864337619816 0.2891984000000001 0.5418287093750002 0.2859370684974117 0.6382298021755187 0.42656976093750004 0.6429875265625001