0 0.5245693784750725 0.1755617232081374 0.522983994010967 0.03947589005385869 0.2548781407143871 0.04259929272333617 0.2564635251784925 0.17868512587761487
0 0.7561065617200003 0.22134434123871 0.7406833211272414 0.030381451085749644 0.5996981599279019 0.04176820826901486 0.6151214005206608 0.23273109842197517
0 0.5162431713296708 0.9596112465940999 0.5035184798761316 0.8205941368868374 0.4240126361587878 0.827871567213125 0.43673732761232686 0.9668886769203876
0 0.7477471632042714 0.9609795897809423 0.7380817650528579 0.8553922147625093 0.6706525942852051 0.8615646362511129 0.6803179924366185 0.9671520112695458
0 0.8097538250288782 0.8547861142306299 0.8088669956428985 0.7786183859185448 0.6632978720048196 0.7803132635182102 0.6641847013907991 0.8564809918302954
0 0.7963613052590193 0.6964938372530182 0.7954270149935283 0.6162650572320627 0.6484400786570724 0.6179767679640171 0.6493743689225633 0.6982055479849726
0 0.6054519225647101 0.9585722882664178 0.5927053567212529 0.8193144670232175 0.5091739348870011 0.8269602764930385 0.5219205007304584 0.9662180977362386
0 0.802567673653148 0.7736132358424013 0.8017275302382952 0.7015093025901108 0.656321400520783 0.7032035513897421 0.6571615439356358 0.7753074846420326
0 0.6016572025479292 0.17445098362299022 0.5902600895002547 0.03671636802000697 0.5185810942234708 0.042647582978111824 0.5299782072711454 0.1803821985810951
0 0.7664343964391473 0.3677586252814756 0.765724998726997 0.3068250380030221 0.6201959921029616 0.30851930792806054 0.6209053898151119 0.3694528952065141
0 0.7615713070442264 0.30265019721692893 0.7541057395669827 0.22109220328722273 0.6816462149354281 0.22772492491806756 0.6891117824126718 0.30928291884777376
0 0.818701288750056 0.9600725370945377 0.8090582269583283 0.8547275125363564 0.7436417923386832 0.8607155952567069 0.7532848541304108 0.9660606198148882
0 0.7117459030921022 0.6120006915301006 0.7054900539593587 0.5436611961619416 0.646111959433867 0.5490967118785871 0.6523678085666105 0.6174362072467462
0 0.7845874238038691 0.6113126497396111 0.7838414131627383 0.5473326809254334 0.7110589919994522 0.5481813287394511 0.7118050026405831 0.6121612975536289
0 0.4216185671875 0.319902596875 0.417209164933633 0.2717128667255748 0.38648286406249993 0.27452435 0.390892266316367 0.32271408014942515
0 0.46429322968750003 0.3211428578125 0.4597203025247052 0.2711768306603755 0.4212457296874999 0.27469805156250005 0.42581865685029474 0.32466407871462455
0 0.4170289796875 0.26982142812500004 0.4134355324539388 0.23055451189655699 0.3821360640625 0.23341883125 0.38572951129606126 0.27268574747844304
0 0.45973911718750005 0.26816558437500004 0.4593206536933841 0.23223446504006318 0.41798172187500005 0.23271590937499997 0.418400185369116 0.26864702870993684
0 0.38698869687500004 0.3211737015625 0.38595585935786814 0.23250523709427653 0.26780517482594457 0.23388149256899626 0.2688380123430764 0.3225499570372198
0 0.3785553749999999 0.22593019531249997 0.37810685544464007 0.18738788830466258 0.2648274633112836 0.18870612861084765 0.26527598286664344 0.22724843561868502
0 0.5324452265625002 0.22413636406250004 0.5320195739002456 0.1876267569510788 0.37956078593750003 0.18940422031249998 0.3799864385997545 0.22591382742392124
0 0.547298521875 0.38016720781249996 0.5334520389394216 0.22887154956276173 0.46597417667176816 0.23504708083198106 0.47982065960734666 0.3863427390817193
0 0.6196878906250001 0.3803392859375 0.6015897664618389 0.18262787597001123 0.5375628118743412 0.18848878088239926 0.5556609360375022 0.386200190849888
0 0.6827969578124999 0.303047078125 0.6756598433853032 0.22507814409043378 0.6130224995823813 0.23081183656260387 0.6201596140095781 0.3087807705971701
0 0.4675359546875001 0.7742808437500001 0.4640176405764871 0.7358486562789087 0.43416913125 0.7385811687500002 0.43768744536101306 0.7770133562210916
0 0.4635032468750001 0.734040584375 0.45848937635414255 0.6792719107208935 0.43001921255303477 0.6818782494448852 0.4350330830738923 0.7366469230989917
0 0.5025366171875001 0.7742240265624999 0.4990359393030127 0.7359812081978223 0.467103775 0.7389042203125 0.4706044528844873 0.7771470386771776
0 0.4999295328125 0.7343165578125 0.4947624002799225 0.6778722616792872 0.46282865877834184 0.6807956017845533 0.46799579131091934 0.7372398979177662
0 0.5845246515624999 0.8173896109375001 0.5843847512469357 0.7788075152999973 0.31506210937499995 0.779784090625 0.3152020096905642 0.8183661862625028
0 0.367972584375 0.7756168828125001 0.35903292331966635 0.6779537935739174 0.3071839961600772 0.682699822380738 0.31612365721541086 0.7803629116193208
0 0.4337827687500001 0.7754870125000001 0.42479111318209883 0.6772628179009599 0.36201211724720056 0.6830097431941585 0.3710037728151018 0.7812339377931987
0 0.43127801875000005 0.9615081171875002 0.41816247234048165 0.8182132137577277 0.3194658203943702 0.8272467556917414 0.3325813668038886 0.9705416591215139
0 0.5818755421875001 0.7687840906250002 0.5678422485591079 0.6154686575744619 0.4981891250757502 0.6218441588174086 0.5122224187041424 0.7751595918679468
0 0.5760553156249999 0.61324350625 0.5752918942572791 0.5477199257464727 0.4925945156070098 0.5486834406434145 0.49335793697473057 0.6142070211469418
0 0.6381454421874999 0.612159090625 0.6182967509315881 0.37854090477212166 0.4799271296875 0.39029707812500003 0.4997758209434119 0.6239152639778782
0 0.6679291734374999 0.96074350625 0.6553387823690163 0.823187223113479 0.5970280171875 0.82852435 0.6096184082559836 0.966080633136521
0 0.6565699843749999 0.8156785718749999 0.6382057037046748 0.6150535243060901 0.574199675 0.6209123375 0.5925639556703252 0.8215373850689097
0 0.7781085859374999 0.5441396109375 0.7772888345947734 0.4736991835858827 0.6359380529682809 0.47534415505170535 0.6367578043110074 0.5457845824033226
0 0.771286315625 0.469483765625 0.7701525005760879 0.3720913229095656 0.6272586980725665 0.37375485181548046 0.6283925131214787 0.47114729453091486