0 0.9733401640625001 0.4424773250000002 0.8572022960572842 0.43559508116499296 0.8402209841864126 0.7221547271024158 0.9563588521916285 0.729036970937423
0 0.9931590328492339 0.3500107846856343 0.9876984971581659 0.20017948566801338 0.8035196283547729 0.20689180340960345 0.8089801640458407 0.3567231024272243
0 0.16089719596967894 0.6436998136865638 0.15779496427279946 0.5585435691763576 0.009090234744628264 0.563960864502984 0.01219246644150776 0.6491171090131902
0 0.13326305412577305 0.38566444832934443 0.13063119261702158 0.31344284256937666 0.01758760540406453 0.31756231710703486 0.020219466912816005 0.3897839228670026
0 0.2211489623743547 0.2329749505328896 0.14023498906348153 0.22912169928580034 0.13278371880520495 0.38559005396828583 0.21369769211607811 0.3894433052153751
0 0.3944758998767623 0.22629673880853662 0.3092465601502103 0.2222374294589997 0.3017596748343287 0.3794322222514743 0.3869890145608807 0.38349153160101124
0 0.16459223386702765 0.552899832646969 0.1613327929070253 0.4634336744230169 0.01325847958044086 0.46882833416433217 0.016517920540443227 0.5582944923882842
0 0.3034887653997719 0.22961314621120205 0.22688929451801468 0.22596510781950316 0.2194375022533872 0.3824336762123418 0.29603697313514443 0.3860817146040407
0 0.9808973924646605 0.43680381942696345 0.9781476939975595 0.361350196729633 0.8541037064216901 0.36587063657463076 0.856853404888791 0.44132425927196123
0 0.7248456531055556 0.2142568836195628 0.6601145356711525 0.2111738513024608 0.6527097967143277 0.366643200204998 0.7174409141487308 0.3697262325221
0 0.8121316039959534 0.2875294157580572 0.809303993191451 0.20991922934658597 0.722794769114321 0.21307106324881026 0.7256223799188234 0.2906812496602814
0 0.13669980436780405 0.30782634002518533 0.134146504169258 0.23776058449033854 0.021373201107892214 0.24187021115316773 0.023926501306438273 0.3119359666880145
0 0.46645463773195806 0.3692050500823841 0.4641372461247162 0.3056067127430532 0.39072192142169915 0.3082818150244535 0.393039313028941 0.37188015236378436
0 0.4679258600746926 0.22793861759215778 0.3999563182383852 0.2247023593554737 0.3962476170241133 0.30259438894829754 0.46421715886042075 0.30583064718498165
0 0.7479305897455084 0.6083553301389001 0.7467311025219857 0.575447039944802 0.6951315768389774 0.5773278113684019 0.6963310640625001 0.6102361015625001
0 0.7497763777753146 0.5713323663732304 0.7482739623828396 0.530121701857132 0.694737389295025 0.5320734823589017 0.6962398046875 0.5732841468750001
0 0.7918430424609125 0.6073766026907099 0.7906214015625 0.5738526328125 0.7485452044140875 0.5753859238717901 0.7497668453124999 0.60890989375
0 0.7930998843750001 0.528176125 0.7549309436938134 0.5263582486807614 0.7528235281250001 0.5706064843750001 0.7909924688061868 0.5724243606942385
0 0.7897856203125 0.610835665625 0.6955905746490602 0.6063496177322455 0.6895706765625 0.7327514281250002 0.78376572222594 0.7372374760177547
0 0.8380111750000001 0.6087750359375 0.7970699810816779 0.6068253575956446 0.7913083856199352 0.7278128005056584 0.8322495795382574 0.7297624788475139
0 0.8436638859375002 0.4447186859375001 0.8048787624116447 0.4428710998254421 0.7971250341977841 0.605639863131159 0.8359101577236394 0.607487449243217
0 0.7965756845541836 0.5181959032354385 0.7939412952075039 0.4459205987173223 0.6320814637783203 0.4518202876693838 0.634715853125 0.5240955921875
0 0.8488782766714922 0.4356131403240403 0.846378790625 0.36703717656249996 0.6349833030160078 0.3747422096759598 0.6374827890625 0.44331817343750013
0 0.8063109468724065 0.3610290914906938 0.8038659532501609 0.2939380647996777 0.7203142782527544 0.2969829326839839 0.7227592718750001 0.36407395937500003
0 0.2526314961091186 0.6208635119565045 0.25146657656250004 0.5888916953125 0.21028984139088144 0.5903920036684954 0.2114547609375 0.6223638203124999
0 0.3130837951185803 0.6175537274069838 0.311972471875 0.587060028125 0.2533602392564197 0.5891961132180162 0.2544715625 0.6196898125
0 0.2537371524181213 0.5858253982993453 0.25249045312499996 0.5516236578125 0.21150310226937866 0.5531177017006546 0.2127498015625 0.5873194421874999
0 0.31581266708799777 0.5824516738846632 0.3145663203124999 0.5482498921875 0.2541479766620022 0.5504515964278368 0.2553943234375 0.584653378125
0 0.21226480937500009 0.46908430156250003 0.1712082007370104 0.4674930637243159 0.16006801250000008 0.7549286296875 0.2011246211379898 0.756519867525684
0 0.30960539652223834 0.7484054720079742 0.3075819669095439 0.6928713073001452 0.20305773132480565 0.696679727479671 0.20508116093750006 0.7522138921875
0 0.31236011004839187 0.6900203924652005 0.3099093794103513 0.6227793042127656 0.2047347365494594 0.626612596122565 0.20718546718749997 0.6938536843749998
0 0.1594799265883101 0.7548853747586193 0.15562662116065878 0.6491723557933529 0.002150500822348697 0.6547666560347336 0.0060038062499999986 0.7604796749999999
0 0.38371153728670254 0.5366310894996833 0.38099316875 0.4620273218750001 0.21696806115079742 0.4680039730003167 0.2196864296875 0.542607740625
0 0.4595120078125001 0.4502136109375 0.3899042164083655 0.4469001850864388 0.3856920937500001 0.5353876203125 0.4552998851541347 0.5387010461635612
0 0.6367734591273553 0.5242626150376457 0.631028425 0.37626396250000005 0.38810203584822006 0.3856939158960767 0.3938470699755753 0.5336925684337224
0 0.16510457241017246 0.45959312867549895 0.16282869374999998 0.3971379593749999 0.015684110402327527 0.4024999369495009 0.0179599890625 0.46495510624999997
0 0.38711248845321083 0.4555732780426923 0.38461500625000006 0.38701785156250007 0.1701138224842892 0.39483215476980776 0.1726113046875 0.46338758125
0 0.5465172125000001 0.22541669843750006 0.47168639026536524 0.22185207653232344 0.4644902439503479 0.37291818115662434 0.5393210661849828 0.376482803061801
0 0.6549640406250001 0.2214538765625001 0.5515030373524096 0.21652588227287026 0.54422365625 0.36935318437500014 0.6476846595225907 0.37428117866462995