0 0.5658951019645039 0.9369174091360094 0.5639431590226722 0.8051627688896529 0.30869583481177526 0.808944254019765 0.31064777775360697 0.9406988942661215
0 0.7859971267747722 0.9296865067126081 0.7766692746556447 0.7497921781660388 0.6403349833260747 0.7568613621617926 0.6496628354452021 0.936755690708362
0 0.4479648877890446 0.17637462290375666 0.44114861392988536 0.044917930917372076 0.36366365540350026 0.048935670062490236 0.37047992926265955 0.18039236204887482
0 0.6701889911139899 0.13771420697661715 0.6650239827136698 0.03810334235492888 0.5993088920160885 0.04151079190142045 0.6044739004164087 0.14112165652310873
0 0.7448055447267374 0.21535817209853741 0.7437130520960777 0.14161491077888164 0.604642724040666 0.1436752116907896 0.6057352166713257 0.2174184730104453
0 0.7531039065835784 0.37258872036821483 0.7519531476397756 0.2949124839424478 0.6125917099778893 0.29697709762856395 0.613742468921692 0.374653334054331
0 0.5344089950562252 0.1744400874503696 0.5276190727845548 0.04349158002020642 0.4462108270686656 0.047712748107813105 0.453000749340336 0.1786612555379763
0 0.7488236815720855 0.29004155006799104 0.7477894547703001 0.22023126150273856 0.6087191271597356 0.22229156325916888 0.6097533539615209 0.29210185182442133
0 0.6406040656255871 0.9327512826100379 0.6338028598051189 0.801584986180227 0.5641644725205149 0.8051958604506728 0.5709656783409832 0.9363621568804839
0 0.7686451940605286 0.6723135628606259 0.7677712000673294 0.6133189535089233 0.6291011443550667 0.6153733241889052 0.6299751383482659 0.6743679335406079
0 0.7736809525544937 0.7490604023632763 0.7697708626020914 0.6736515256885796 0.6991516609389146 0.6773132621186424 0.7030617508913168 0.7527221387933392
0 0.7389764171889567 0.13665880728487634 0.733817054904683 0.037156839849348526 0.6700636088934415 0.040462574733998086 0.6752229711777152 0.1399645421695259
0 0.6819542087748954 0.44048169566148515 0.6786367588514179 0.3765022829658493 0.6207682458318031 0.3795028715302044 0.6240856957552807 0.44348228422584024
0 0.7526380316064041 0.4394708547205858 0.7517203370316503 0.3775265140147347 0.6836958334271196 0.3785342851395358 0.6846135280018734 0.4404786258453869
0 0.440817878125 0.7127227109375001 0.4384632821353069 0.6673126348972882 0.4085191703124999 0.6688652921875 0.410873766302193 0.7142753682277118
0 0.4820042625 0.7115523640624999 0.4795771238663026 0.6647432618411917 0.4420798968749999 0.6666875625 0.44450703550869736 0.7134966647213081
0 0.44287777812500007 0.7525403906250001 0.4409727146530904 0.7157998907120711 0.41046992656250003 0.7173815171875001 0.41237499003440964 0.7541220171004291
0 0.4843968437500001 0.7522022359375 0.4838814677599716 0.7174142953954521 0.4452999874999999 0.7179858718750001 0.44581536349002837 0.7527738124170479
0 0.4092798859375 0.7538799781250001 0.40800809612315503 0.6680341687710051 0.2971549609375 0.6696764375 0.29842675075184505 0.755522246853995
0 0.41182307187499995 0.79761646875 0.41127026433932573 0.7603019835594209 0.303057546875 0.7619051359374998 0.3036103544106742 0.7992196211280789
0 0.5609004078125001 0.7934409968750001 0.5603767336406822 0.758092999230507 0.4141000000000001 0.7602600625000001 0.41462367417181795 0.7956080601444933
0 0.5591150125000001 0.7482959828125 0.5516610703942407 0.6045414029961932 0.4858973328124998 0.6079513750000001 0.49335127491825903 0.751705954816307
0 0.631490809375 0.7914998718749999 0.6216983302377445 0.6026449116616095 0.5592976359374999 0.6058805031250001 0.5690901150747554 0.7947354633383904
0 0.6972856500000001 0.748692709375 0.69350382129133 0.6757574269100648 0.6324590156250001 0.6789227125 0.6362408443336701 0.7518579949649352
0 0.421701071875 0.26313702656250004 0.4198347516357731 0.22714370559224975 0.3907427796875 0.228652178125 0.392609099926727 0.2646454990952503
0 0.4242101453124999 0.3180508390625 0.4215204419573779 0.2661779879591223 0.39377180312500004 0.26761680624999995 0.39646150648012196 0.31948965735337764
0 0.45556497812499996 0.26195084999999996 0.45371269705881695 0.22622828980987114 0.42259003125000005 0.2278420578125 0.424442312316183 0.26356461800262887
0 0.45949371093750013 0.3182063125 0.4567272578381389 0.2648533066920268 0.42560616093750003 0.26646699375 0.4283726140368612 0.3198199995579732
0 0.5299684124999999 0.22068724687500002 0.5290829788494545 0.18330699422881347 0.2696298171875 0.18945271406250003 0.2705152508380454 0.22683296670868658
0 0.328047321875 0.32006554843750007 0.3232532745950911 0.22760895148624538 0.2727213125 0.23022912812500004 0.2775153597799089 0.3226857250762547
0 0.391738703125 0.318203028125 0.38693994999116565 0.22565565563951417 0.3257554734375 0.22882818437500002 0.33055422657133426 0.32137555686048586
0 0.3656140234375 0.1794109015625 0.35862845122979875 0.04468916422325718 0.262440390625 0.04967669375000001 0.26942596283270126 0.18439843108924284
0 0.538727684375 0.37371434843750007 0.5311768174802898 0.22809048417106803 0.4632945031250001 0.23161030781249997 0.4708453700197103 0.377234172078932
0 0.5505538546875 0.44444262656249994 0.5496139953747516 0.3810021843288523 0.4721670984374999 0.3821495468749999 0.47310695775024814 0.4455899891086476
0 0.6201071046875001 0.5962040171874999 0.6073803148492372 0.3783703609355603 0.4727545432078032 0.3862357841762779 0.48548133304606605 0.6040694404282176
0 0.5946188328125 0.1716501046875 0.587835241110452 0.04082370667567331 0.5310071859375001 0.04377034687500001 0.537790777639548 0.1745967448868267
0 0.6069060671875002 0.37274835781250004 0.5969672834064299 0.18107182385632165 0.5345869890625001 0.18430635781250002 0.5445257728435704 0.37598289176867844
0 0.7559321796874999 0.5107912984375 0.7549218652015872 0.44259510343736397 0.6208225484375 0.4445817609375 0.6218328629234127 0.5127779559376361
0 0.7610432328125 0.6091795249999998 0.7596462870547754 0.5148856869160097 0.6251723265625 0.5168778937499999 0.6265692723202244 0.6111717318339902