0 0.561196915625 5.212455149008289e-17 0.28424345781250004 3.516604320893941e-17 0.28424345781250004 0.09919257968750005 0.561196915625 0.09919257968750006
0 0.799370671875 8.884482007124022e-17 0.64383769375 7.932117188010839e-17 0.64383769375 0.1315841875000001 0.799370671875 0.1315841875000001
0 0.4302928090764383 0.7735845872356807 0.34658797105910716 0.7686243003276194 0.33778351039104043 0.9171995677890239 0.42148834840837157 0.9221598546970851
0 0.6711985555869928 0.7992533737013604 0.600208377647844 0.7950465478797785 0.5935033948055131 0.9081931209121317 0.6644935727446619 0.9123999467337136
0 0.7564753577544343 0.7892797775428169 0.7523514837780492 0.7097479309192744 0.5960638375655309 0.7178517356768455 0.6001877115419161 0.797383582300388
0 0.7672805514449955 0.6228484986650571 0.7629367377787925 0.5390749541581851 0.6057035868544489 0.54722778467032 0.6100474005206519 0.6310013291771919
0 0.5240932588494582 0.7696664049514579 0.43615020187821035 0.7644549642997606 0.4273739541400377 0.9125541381012576 0.5153170111112856 0.9177655787529548
0 0.7615316072950089 0.703955547699923 0.7576276738097221 0.6286653979141629 0.601340029609852 0.6367692012571584 0.6052439630951388 0.7120593510429185
0 0.64094259375 7.771561172376095e-17 0.56677374962277 -0.0043951918080447515 0.5614910065051933 0.08475107710667626 0.6356598506324234 0.08914626891472108
0 0.7855127916806094 0.2774017964644698 0.78221369252268 0.21377631941095337 0.6272261170713049 0.22181271305922518 0.6305252162292343 0.2854381901127415
0 0.7884394691039692 0.13063572593704645 0.7121515152956125 0.12611495901355768 0.7069846244746748 0.21330625530279934 0.7832725782830317 0.21782702222628808
0 0.7458502608145685 0.7955002715421436 0.6769791930573613 0.791419022613358 0.6702952040515674 0.9042113241217647 0.7391662718087746 0.9082925730505504
0 0.6864059081525584 0.470858200935346 0.6238921679854196 0.4671536836326794 0.6195114855051732 0.5410777131216864 0.682025225672312 0.544782230424353
0 0.7664323941524506 0.5335773197040081 0.7629683393963542 0.46677056819577123 0.6844180068765279 0.4708435495459378 0.6878820616326242 0.5376503010541748
0 0.4268577546875001 0.1937643421875001 0.3945099663162033 0.19184743620215514 0.39144702187500013 0.24353462343750007 0.423794810246297 0.24545152942284504
0 0.4715538359375001 0.19205240781250005 0.4310466285014198 0.18965198024867763 0.4278577921875 0.24346358281250002 0.4683649996235803 0.24586401037632247
0 0.429413525 0.15054958906250007 0.39646221660817915 0.14859691826458674 0.39395420312499996 0.19091963125000003 0.4269055115168208 0.19287230204791334
0 0.476422810872822 0.185432197119784 0.4744773984375 0.14791352500000002 0.42981970006467807 0.15022910913021598 0.4317651125000001 0.18774778125
0 0.3977563536498188 0.24411423389846706 0.39295568125 0.15152983125000002 0.2657733385376812 0.1581244707890329 0.2705740109375 0.2507088734375
0 0.39815421609109686 0.1442851905304921 0.39606751406249996 0.10404165156249996 0.275635127658903 0.11028629384450787 0.2777218296875 0.15052983281250001
0 0.5598256884501749 0.1359022251844105 0.55784895625 0.09777953437499998 0.3962621631123252 0.1061581091905895 0.39823889531250006 0.14428080000000004
0 0.5555483500000001 0.1467363546875001 0.4845056175588943 0.1425264146602694 0.47494728750000004 0.3038232218750001 0.5459900199411059 0.3080331619022308
0 0.6344552390625001 0.09477536406250006 0.5670455087055268 0.0907807134671653 0.554602515625 0.3007562265625 0.6220122459819732 0.3047508771578348
0 0.7055279234375 0.13631760781250007 0.6395829207904149 0.13240975505751165 0.6346018062500002 0.2164660468750001 0.7005468088970853 0.22037389962998857
0 0.4024959046875001 0.6814072812500002 0.37106865849725335 0.6795449249795614 0.3686154078125 0.720943509375 0.4000426540027468 0.7228058656454388
0 0.4056604984375001 0.6218324484375 0.3756844192655783 0.6200560879136456 0.37221625625 0.6785813296875001 0.40219233542192184 0.6803576902113544
0 0.4392437234375001 0.6802418781250001 0.405622774881775 0.6782495268417925 0.4031772859375001 0.719517178125 0.4367982344932252 0.7215095294082077
0 0.4439600546875001 0.6191133109375002 0.4103408013960381 0.6171210592202654 0.40676140781250003 0.6775233359375001 0.440380661103962 0.679515587654735
0 0.5214328525592459 0.7596134932896372 0.5196624936109905 0.7192538728472486 0.2350689035517446 0.7317374592451114 0.23683926249999998 0.7720970796875
0 0.30129739687500007 0.626605903125 0.24670912735992068 0.6233710426707336 0.24052247500000004 0.7277708 0.29511074451507946 0.7310056604542664
0 0.37041581250000005 0.624015509375 0.30431992967088706 0.6200987163106528 0.298076790625 0.7254516875 0.364172673454113 0.7293684805643472
0 0.34094400156250015 0.7760184562500002 0.23703472245667107 0.7698608699314115 0.22791269062500014 0.923795171875 0.3318219697308292 0.9299527581935887
0 0.5304099468750001 0.5533486156250002 0.4570785767933649 0.5490030534234333 0.44738995156250005 0.7124986218750001 0.5207213216441353 0.716844184076567
0 0.5473624828399418 0.5444159206430685 0.5438147640625 0.4759956265625 0.45468225153505804 0.48061731216943143 0.4582299703125 0.54903760625
0 0.6205300093750001 0.3068255843750001 0.47517466262593705 0.29726066953292557 0.4593104614721229 0.5383445158277251 0.604665808221186 0.5479094306697997
0 0.5894533812500001 0.7678554281250001 0.5280636176927384 0.7642175160986064 0.51937925625 0.9107661109375 0.5807690198072619 0.9144040229638936
0 0.6044059546875002 0.5494641500000002 0.5370182632131487 0.5454708051264985 0.5243938953125 0.7585070031250002 0.5917815867868514 0.762500347998502
0 0.7710879465322691 0.4629351606574934 0.7672742765624999 0.3893858046874999 0.6162748894052307 0.3972154018425065 0.6200885593749998 0.4707647578125
0 0.7788855155791656 0.3842975672766974 0.7736124125 0.28260199687499993 0.6201176687958344 0.29056098272330255 0.625390771875 0.3922565531250001