0 0.5346264724673884 0.4435128517582755 0.11183102794391508 0.42332057966024816 0.10635607272857776 0.5379578088327293 0.5291515172520511 0.5581500809307566
0 0.7218377312500002 0.45199722187500024 0.6972654969397176 0.45054108983328983 0.6944495375 0.49806041718750016 0.7190217718102826 0.49951654922921057
0 0.6942971640625 0.4510630203125001 0.6723177935368426 0.4500861601045464 0.67139288125 0.4708967015625 0.6933722517756574 0.4718735617704538
0 0.6933983218750002 0.4762769093750001 0.6717454064083825 0.4749937735280055 0.6704421875000001 0.49698559062500014 0.6920951029666177 0.49826872647199477
0 0.7092369796875 0.5077335062500001 0.662231263324261 0.5049479823672263 0.6557243640625 0.614751909375 0.702730080425739 0.6175374332577739
0 0.6532361109375001 0.4480239578125002 0.5402100776186634 0.44132611856437426 0.5302833328125001 0.6088399312500001 0.6433093661313369 0.6155377704981261
0 0.9144163765625001 0.460415278125 0.721597971340952 0.4518455706987032 0.714201446875 0.6182673609375 0.907019852096548 0.6268370683637968
0 0.5307672453125001 0.5179272562500001 0.4474027399919418 0.5129871380611133 0.4420103015625001 0.6039845484375002 0.5253748068830584 0.6089246666263869
0 0.44222835625000007 0.5305121531250001 0.40191990061098376 0.5281235044073745 0.39750868125 0.602562846875 0.4378171368890163 0.6049514955926256
0 0.32749398125000007 0.5254128468750001 0.30748025536683815 0.5242268490839255 0.30596643593750006 0.54977256875 0.32598016182066203 0.5509585665410747
0 0.3976855562500001 0.528675034375 0.30607463699328497 0.5246034379635904 0.3028036000000001 0.5982017703125001 0.3944145192567153 0.6022733667239096
0 0.42233587968749997 0.4387173609375001 0.3103800366559021 0.433741546215642 0.30835092656250007 0.4793965281250001 0.42030676959409796 0.4843723428468582
0 0.535145428125 0.4441776046875 0.49037636913446175 0.44218786751016853 0.4896140625 0.45933975625000006 0.5343831214905382 0.46132949342733154
0 0.48690868125 0.4411486109375001 0.4339119460124369 0.43879320118019 0.43316979218749996 0.45549166718750006 0.48616652742506306 0.4578470769448101
0 0.2344585640625001 0.43569375 0.21547518607859986 0.434568809599412 0.21319189843750008 0.47309930624999996 0.23217527642140032 0.47422424665058793
0 0.20458975625000003 0.42963506875 0.18031319656677522 0.4285561110697227 0.17934033593750004 0.45044548593749995 0.20361689562072488 0.4515244436177773
0 0.20208640000000008 0.4541666671875001 0.17906307501294824 0.45314340794706737 0.17809994218750008 0.4748138890625001 0.2011232671745519 0.4758371483029329
0 0.1771471062500001 0.4275772562500001 0.13178057956780778 0.4248888703567843 0.12888993125000003 0.4736685765625001 0.17425645793219235 0.4763569624557159
0 0.15156712968750008 0.5068390625000001 0.10807396271304363 0.5042616895835819 0.10295162031250008 0.590701215625 0.1464447872869565 0.5932785885414182
0 0.19740914375000004 0.5080070140624999 0.1550852538973849 0.5057608357267689 0.15043510468750007 0.5933818406250001 0.19275899454011522 0.5956280189607311
0 0.2935737843750001 0.551767534375 0.20888231594703033 0.5467487811659175 0.2008683453125001 0.6819845484375 0.2855598137404699 0.6870033016465825
0 0.1282167250000001 0.4259430562500001 0.03906878485314921 0.41979678083997574 0.027526134485383096 0.5872158168375108 0.11667407463223396 0.5933620922475352