0 0.8743452025742249 0.4454883074491863 0.4491423957269469 0.4271121957487038 0.4441971948002152 0.5415386505255798 0.8694000016474932 0.5599147622260623
0 0.2860703125 0.47405625 0.2852285004598272 0.4257560838927478 0.2606546874999999 0.42618437499999995 0.26149649954017273 0.47448454110725213
0 0.31082213004259723 0.42793286679251696 0.28818281250000005 0.4272734375000001 0.28757786995740287 0.44804213320748315 0.31021718750000005 0.44870156250000004
0 0.31070856882274833 0.4531043066000122 0.2880296875000001 0.4524453125000002 0.2874008048590762 0.4740879262642014 0.3100796861818244 0.4747469203642134
0 0.319859375 0.5930812500000001 0.3179164692053533 0.4817809591501437 0.2709078125 0.4826015625000001 0.2728507182946467 0.5939018533498566
0 0.4453140624999999 0.5963953124999999 0.44232848195906216 0.4252886609799493 0.3292953125 0.4272609375 0.33228089304093766 0.5983675890200506
0 0.2661765484523906 0.4262047868075494 0.06808125000000005 0.42044062500000007 0.06324845154760952 0.5865280256924508 0.26134375000000004 0.5922921875000001
0 0.5336265625 0.5980359375 0.5319915717082861 0.5043866643355367 0.4486203129761123 0.5058422147708435 0.45025530376782613 0.5994914879353067
0 0.5781046875000001 0.599884375 0.5767828293624061 0.524161931869467 0.5364718477323359 0.5248656254760014 0.53779370586993 0.6005880686065344
0 0.6716781250000001 0.5540375 0.6712212346746748 0.5278554161090186 0.65120625 0.5282046875 0.6516631403253254 0.5543867713909815
0 0.6749521496862604 0.5290372413576365 0.581009375 0.5263046875 0.5788728503137397 0.5997565086423635 0.672815625 0.6024890625
0 0.6735574136986726 0.4382304997916295 0.5601546875000001 0.4349296875000001 0.5588284796828066 0.4804928909445376 0.672231205881479 0.483793703236167
0 0.49264026846418946 0.4334107225033105 0.4473265625000001 0.43209218750000006 0.4468284815358106 0.44920958999668975 0.4921421875 0.4505281250000001
0 0.5491258621308602 0.4341725910093198 0.49560000000000004 0.43261406250000006 0.4951147628691399 0.4492789714906803 0.5486406250000001 0.4508375000000001
0 0.7674765625000001 0.484503125 0.766795591003552 0.4453696432991906 0.7478109374999999 0.4457 0.7484919089964481 0.48483348170080937
0 0.8028479543846208 0.44258598864798265 0.7778765625 0.44185781250000006 0.7772395442878677 0.463703119376455 0.8022109361724885 0.4644312955244375
0 0.8030624191129775 0.4671574622658149 0.7793515625 0.46646718750000005 0.7787219558870226 0.48809410023418537 0.8024328125 0.48878437500000016
0 0.8516 0.49125312499999996 0.8507224535434215 0.4410307171969353 0.8053515634538115 0.4418234920871013 0.80622910991039 0.492045899890166
0 0.8726109375000002 0.6096796875 0.8710771013548223 0.521855972451297 0.8275812499999999 0.522615625 0.8291150861451777 0.6104393400487029
0 0.8251046875000002 0.608865625 0.8237172824524022 0.5197641017584188 0.7816620698910424 0.5204189459413542 0.7830494749386403 0.6095204691829353
0 0.7710687500000002 0.6933828125 0.7686624557841623 0.5554551861576897 0.6839656249999999 0.5569328125 0.6863719192158377 0.6948604388423102
0 0.9464421875000001 0.6117343749999999 0.9434837347660855 0.4422271738654744 0.8542624999999997 0.44378437500000006 0.8572209527339144 0.6132915761345257