0 0.5567829819414019 0.8852882916197806 0.5482929429372593 0.4299503873360303 0.425373367530763 0.4322422940272058 0.43386340653490557 0.8875801983109562
0 0.46997978584863986 0.2314282987740021 0.418247575 0.230745215625 0.41789903446386 0.2571413762259979 0.4696312453124999 0.257824459375
0 0.4423740875 0.283873265625 0.44169693819988715 0.25967975028169255 0.4193875828125 0.2603041640625 0.42006473211261286 0.28449767940580745
0 0.47034675625 0.28360571718750005 0.46966674338116976 0.25937225147309007 0.4464188671875 0.26002460781250003 0.4470988800563303 0.28425807352691
0 0.5980923959725521 0.24307763503428648 0.47882732968750014 0.24150098281250004 0.47815980246494816 0.29199574465321365 0.5974248687500001 0.2935723968750001
0 0.6024448071662862 0.3068798095549149 0.41932367656249997 0.30445917187500005 0.4177186897087138 0.4258763545075852 0.6008398203125 0.42829699218750006
0 0.5966423562500001 0.23072962968750002 0.5907055381163415 0.018945412246931227 0.4122982468750001 0.023946595312500003 0.4182350650086587 0.23573081275306879
0 0.6036866290555774 0.4335836682860988 0.5035848625 0.43226037812499996 0.5024010303191496 0.5218126895470531 0.6025027968747271 0.5231359797081518
0 0.605009132538969 0.5275970982382722 0.5239165546875001 0.5265246828125001 0.5233439252735311 0.5698250626992281 0.6044365031250001 0.5708974781250001
0 0.5553765914798541 0.6501049930294522 0.5273708796875001 0.6497346890625 0.527086606957646 0.6712339460330479 0.55509231875 0.6716042500000001
0 0.6071261375 0.67260535625 0.6039165629830116 0.571850860172253 0.5251427123572461 0.5743602324922576 0.5283522868742344 0.6751147285700047
0 0.47965022343749997 0.6725183312499999 0.47624178932325895 0.5509973026817041 0.4272988357067824 0.5523700596005969 0.4307072698210234 0.6738910881688929
0 0.44412900781250003 0.47925175312500007 0.44276691834597387 0.4306882369894754 0.4243781157306792 0.43120399853924507 0.42574020519720535 0.47976751467476975
0 0.44439541406250005 0.5399316546875 0.4427870968673141 0.48254645294679666 0.4248860171875001 0.4830481609375 0.426494334382686 0.5404333626782034
0 0.48057213849661407 0.7544175576098923 0.4386511921875001 0.7538639437500001 0.4383818865033862 0.7742564048901079 0.4803028328125002 0.7748100187500001
0 0.4587063015625 0.8122042624999999 0.4579582195484354 0.7855124289704863 0.43449238426905834 0.7861700971407186 0.4352404662831229 0.8128619306702323
0 0.4848608875 0.8123325749999999 0.4841513437387414 0.7869936486660336 0.4609201343749998 0.787644171875 0.46162967813625844 0.8129830982089665
0 0.4881024823503193 0.8163928554637397 0.4344218125000001 0.81568149375 0.4337760051496809 0.8644153101612602 0.48745667500000006 0.8651266718749999
0 0.6152399045288106 0.8404326346719598 0.5211665562500001 0.8391877328125 0.5205482767211896 0.8859091872030405 0.6146216250000002 0.8871540890625003
0 0.6141250882796712 0.7906788167686091 0.5188572703125001 0.7900008703125 0.5185337851578291 0.8354583316688909 0.6138016031250002 0.8361362781250001
0 0.7058363083736369 0.6867386933057191 0.5581868390625001 0.6847877578125 0.5569847228554484 0.7757655582771503 0.7046341921665852 0.7777164937703694
0 0.6188942788833325 0.8723743076244806 0.43647300468750017 0.8682014656250001 0.4342820034533371 0.9639839651661779 0.6167032776491694 0.9681568071656586