0 0.557553705048376 0.5297056652589591 0.557143835223359 0.41512535017595364 0.13429018067546009 0.4166379568856824 0.13470005050047718 0.5312182719686878
0 0.7442187500000002 0.4144687500000003 0.7196266513425551 0.4143261516810786 0.7193515625000001 0.4617671875000001 0.743943661157445 0.4619097858189217
0 0.7168152575913878 0.43571423021937195 0.7166953125 0.41491875 0.6947816174086121 0.41504514478062804 0.6949015624999999 0.435840625
0 0.7171421875 0.44010156250000004 0.6954717906849868 0.43997500863251504 0.69534375 0.4619000000000001 0.7170141468150133 0.46202655386748503
0 0.7346187500000001 0.47067031249999997 0.6875750549947902 0.47039679872857876 0.6869375 0.5800546875000002 0.7339811950052099 0.5803282012714214
0 0.67556875 0.4139453125000002 0.5624498339139 0.4132877435229404 0.561478125 0.580446875 0.6745970410861001 0.5811044439770597
0 0.937757064252898 0.5795090754669125 0.9367906249999999 0.41320781249999994 0.7444976232471019 0.4143252995330875 0.7454640625 0.5806265625000001
0 0.5571156250000001 0.4897812500000002 0.47368377009147855 0.4892961979627601 0.47315625000000006 0.5800328125 0.5565881049085217 0.5805178645372402
0 0.46945781250000007 0.5067671875000002 0.429116792217305 0.5065324481733446 0.4286843750000001 0.5808453125 0.46902539528269516 0.5810800518266557
0 0.35472343750000007 0.5074343750000001 0.3346935468819444 0.5073178644976426 0.3345453125000001 0.5328015625 0.3545752031180557 0.5329180730023575
0 0.4256271267765003 0.5803621726383716 0.42491946921902335 0.5069190698862122 0.33326421744252294 0.5078022097478405 0.3339718749999999 0.5812453125
0 0.4449845932409822 0.46186409058316596 0.444718749946947 0.41624217839547056 0.33290759420596483 0.4168937128123046 0.3331734375 0.462515625
0 0.5576529898802169 0.4331707104661244 0.5575531158962376 0.41602968755304415 0.5128376260160207 0.4162902270869197 0.5129375 0.43343124999999993
0 0.5093656258746456 0.4321160626430265 0.5092687500000002 0.4154296875 0.45632499912535457 0.41573706235697355 0.4564218750000001 0.43242343750000006
0 0.25712500000000005 0.4226453124999999 0.23812627362955294 0.42253511197123866 0.23790312500000005 0.46100624999999995 0.2569018513704472 0.4611164505287612
0 0.22713323911824643 0.4399766439069457 0.22700624994733754 0.4181031159290402 0.20279801082909113 0.4182436595220945 0.20292500000000002 0.4401171875
0 0.22594081445252798 0.46434229458609694 0.225815625 0.4426874999999999 0.202860748047472 0.442820205413903 0.2029859375 0.464475
0 0.19951875000000005 0.41742656250000004 0.15411559543754783 0.41716113321058 0.15383125000000006 0.46580000000000005 0.19923440456245228 0.4660654292894201
0 0.17822343750000008 0.497734375 0.1346951408814163 0.49748070897829316 0.13419218750000003 0.5837859375000001 0.17772048411858382 0.5840396035217069
0 0.22404578257353996 0.5840657950363792 0.22402031249999999 0.4966015625 0.18167921742646004 0.49661389246362064 0.18170468750000002 0.5840781249999999
0 0.3222875000000001 0.5354109375 0.2375276012735152 0.5349186875925273 0.23674375000000003 0.6698890625 0.32150364872648496 0.6703813124074728
0 0.15061562500000006 0.41825 0.061347490344395426 0.4168685587235802 0.05875962091635658 0.5840955560028267 0.14802775557196118 0.5854769972792464