0 0.5755265622226542 0.8283998374373832 0.5575665823896816 0.40522622317569856 0.442927360663523 0.41009164493376754 0.46088734049649566 0.8332652591954522
0 0.4807430633434734 0.24684873452710177 0.47910509218749997 0.22227916718750002 0.4315861022815265 0.22544709984789826 0.43322407343749997 0.25001666718750004
0 0.45560158123522576 0.2735197754638333 0.45446192187499995 0.251540625 0.4336491140772741 0.25261980734866674 0.4347887734374999 0.27459895781250004
0 0.4819370059171219 0.27085994032701 0.48049363437500003 0.24920937500000004 0.45850211439537814 0.2506754768604901 0.4599454859375 0.27232604218750006
0 0.6008208740785698 0.2706797817314077 0.5976874999999999 0.22367916718749997 0.48788421810893007 0.2309993854560922 0.4910175921874999 0.2779999999999999
0 0.6079649229397123 0.39609814097068596 0.6004306718749999 0.28308437500000005 0.43291841143528753 0.2942518590293141 0.4404526624999999 0.40726562499999996
0 0.5981334912009264 0.21459113704322963 0.5881355906250001 0.021774479687499997 0.42169567598657354 0.030404697331770415 0.4316935765624999 0.2232213546875
0 0.6111773429825773 0.4845174369261616 0.6056203124999999 0.4011619796875 0.5146240460799225 0.4072283974488385 0.5201810765624999 0.49058385468750004
0 0.6134022171176359 0.5289915806254606 0.6107152781249999 0.4886874999999999 0.5362764875698638 0.4936500865620392 0.5389634265624998 0.5339541671874999
0 0.5694048215829889 0.6266730113614456 0.5680707171874999 0.6066614578124999 0.5425252706045111 0.6083644886385542 0.543859375 0.6283760421875
0 0.6175841126997463 0.6240679491274832 0.6125662843749999 0.5339407296875 0.5390674704077818 0.5380327723894893 0.5440852987325282 0.6281599918294726
0 0.49893981491405004 0.633834529572111 0.49313472187500007 0.5218791671874999 0.44747476789845003 0.5242467204278889 0.4532798609375 0.6362020828124999
0 0.46156625668235335 0.4556813789184032 0.4592449078125 0.41091249999999996 0.4420911511301465 0.4118019538940968 0.4444124999999999 0.4565708328125
0 0.46316081736098463 0.5122871840815306 0.460412846875 0.4592906250000001 0.44371256232651524 0.4601565659184696 0.44646053281249987 0.5131531250000001
0 0.5020631071073007 0.7285604847345133 0.5007976859374998 0.7095791671875 0.4622674491426991 0.7121478496404867 0.4635328703125 0.7311291671875
0 0.4825259603126676 0.7654101841098395 0.48126718750000014 0.7411338546875 0.45937542874983245 0.7422689830776605 0.4606342015624999 0.7665453125
0 0.506874634967618 0.7635798689681612 0.5056808453124999 0.7405567703125 0.48400800409488187 0.7416805466568387 0.48520179374999994 0.7647036453125
0 0.5111152526524251 0.8122944152325882 0.5080911453125001 0.7669328125 0.45931206141007497 0.7701847519549119 0.46233616874999994 0.8155463546874999
0 0.6299453526689942 0.8233910510798621 0.6270461234375 0.7799026046875 0.5406071942060059 0.7856651989201376 0.5435064234375001 0.8291536453124998
0 0.6281014743210913 0.7758312053299881 0.6252185818304624 0.7337938254976021 0.5376292028218711 0.739800640480114 0.5405120953125 0.7818380203124999
0 0.7119130776020165 0.7145156090925056 0.7062675921875 0.6298333328124999 0.5710329864604835 0.6388489737199944 0.576678471875 0.72353125
0 0.6330894126339367 0.8981088013859763 0.6275915400588702 0.8088662541564776 0.4617416071124335 0.8190835980830015 0.4672394796875 0.9083261453125001