0 0.5863074557130681 0.8498638153816449 0.5790735174911164 0.3982046923996201 0.4571559006180409 0.4001573696815589 0.4643898388399926 0.8518164926635837
0 0.5696203654535176 0.22454441091867566 0.5681951764775616 0.198404760942131 0.5174774813365439 0.20116999689845533 0.5189026703124999 0.22730964687499994
0 0.5694820899006949 0.2513171230123422 0.5687716390625 0.22771342343750006 0.546668617866232 0.22837870516105943 0.5473790687044269 0.2519824047359016
0 0.5427139440469833 0.25216687356744805 0.54200119375 0.22854177343750007 0.5189682405282112 0.2292366591378328 0.5196809908251945 0.25286175926778076
0 0.511590430373247 0.26153053169634866 0.5088627171875 0.21152651562500005 0.391765457126753 0.21791415736615144 0.39449317031250003 0.2679181734375
0 0.5779329084213347 0.39165614753281563 0.5713750093703657 0.2714205733525309 0.3923156462615309 0.28118684456971527 0.39887354531249997 0.40142241875
0 0.5684031362732517 0.20035229764637955 0.5622576599872451 -0.003620728530034073 0.38550008777649336 0.0017047769485863686 0.3916455640625 0.205677803125
0 0.5001888293976531 0.490055458053469 0.4953509483465851 0.40137184489127103 0.397855153323932 0.406690449337802 0.40269303437500004 0.4953740625
0 0.4830004089867021 0.5383974421917767 0.48066132494434005 0.49551787502375416 0.401190951895138 0.49985299064447747 0.40353003593750003 0.5427325578125
0 0.48550100027143894 0.6389164507300397 0.48433974375 0.6176261234375 0.45700475754106107 0.6191170789574603 0.4581660140625 0.6404074062499999
0 0.4848983249311476 0.6411684760525934 0.481937284375 0.542923403125 0.40376666881885237 0.5452794130099066 0.40672770937499997 0.6435244859375
0 0.5813690650692499 0.6367690711488911 0.5777662968749999 0.5171544234375001 0.5292758814064599 0.5186149446187983 0.5328786496007099 0.6382295923301894
0 0.5751155616639224 0.4449141012019585 0.57367475 0.39709253124999994 0.5554576508360776 0.39764139254804143 0.5568984625 0.4454629625
0 0.5778645160219151 0.5050059188760567 0.5761611531249999 0.44843367812500007 0.5584255902280848 0.4489676873739433 0.560128953125 0.5055399281249999
0 0.5792389327236697 0.7372745240353374 0.5781384515625 0.717080165625 0.5370244110263303 0.7193206540896625 0.5381248921874999 0.7395150125
0 0.5849008369683434 0.7749525849062898 0.5841173000000002 0.748892334375 0.5608684380138105 0.7495913431130863 0.5616519749821538 0.7756515936443761
0 0.5587919820629275 0.7761532486320337 0.5580474343749999 0.7514294328125 0.5350310882495726 0.7521225607429664 0.5357756359375001 0.7768463765625
0 0.5885182761487664 0.8263621596930113 0.5858847826672484 0.7781002819678202 0.533615084643482 0.7809524691498091 0.5362485781249999 0.829214346875
0 0.5039174836470123 0.8511817291499634 0.5013932078125001 0.8049143593750001 0.4091459960404878 0.8099472239750367 0.411670271875 0.8562145937500001
0 0.5031939641698718 0.8007461984838089 0.5008383040893566 0.7560099928029219 0.40718717116948466 0.7609413505691132 0.40954283125 0.8056775562500003
0 0.4607757123093381 0.743678199197468 0.4558620515625 0.6535845328125001 0.31137275487816185 0.6614649023650322 0.3162864156250001 0.75155856875
0 0.5920582617117508 0.9250821853572366 0.5868814328125 0.8301758328125002 0.4089604179757494 0.8398808380802638 0.4141372468750001 0.9347871906250003