0 0.5178956351999816 0.4450510574915558 0.3998005149535546 0.440254469616813 0.382073773741284 0.8766983938621559 0.500168893987711 0.8814949817368989
0 0.45298715624999997 0.2501912171874999 0.40405028824415945 0.24918224768026773 0.403526703125 0.27457708437500006 0.4524635711308405 0.27558605388223223
0 0.4251955203125 0.2780498328125001 0.40373953527642203 0.277378977535172 0.40303291411283243 0.2999788640152197 0.42448889914891036 0.3006497192925478
0 0.45211081249999996 0.27799187500000005 0.42975202603011775 0.2772944060343512 0.42904677343750014 0.29990271250000006 0.45140555990738235 0.30060018146564893
0 0.574574075 0.26228040625000004 0.4614536056749195 0.25994635852106357 0.46045125465527426 0.30852566406183507 0.5735717239803547 0.31085971179077154
0 0.572311946875 0.3235756875000001 0.39991937694040053 0.32001882592174313 0.397509285501473 0.4368301911640503 0.5699018554360725 0.4403870527423073
0 0.5820213859375001 0.05392641562500007 0.4104376321854771 0.04856905957770605 0.40424510005026004 0.2469015765152834 0.575828853802283 0.2522589325625775
0 0.5675501796875001 0.44538972500000007 0.47399813196432616 0.44345946559819327 0.4722204906243352 0.5296147187822253 0.5657725383475092 0.5315449781840321
0 0.5653007765625 0.5357963203125 0.48865065938378666 0.5342144039628292 0.48779091875 0.5758722453125 0.5644410359287134 0.5774541616621709
0 0.5114525078125001 0.6532069406250001 0.48517557567871944 0.6526646881749598 0.48474874528093503 0.6733483999671048 0.5110256774147156 0.6738906524171451
0 0.5633387114706168 0.5822717178504269 0.4875455563847401 0.5801951623565248 0.4849954627189795 0.6732722052095074 0.5607886178048561 0.6753487607034094
0 0.44178703750000003 0.5593481484375001 0.39471592083596807 0.5578791885300813 0.3911152937500001 0.6732571078125 0.43818641041403206 0.6747260677199188
0 0.4164862609375001 0.44226415781250006 0.3988007436394517 0.4417122325829079 0.39736075156250006 0.48785436093750006 0.41504626886054846 0.48840628616709225
0 0.4135516718750001 0.4920867390625 0.39633526631688765 0.4915490938678932 0.39462897182777523 0.5461878374497307 0.4118453773858876 0.5467254826443375
0 0.4336150546875001 0.752933309375 0.39393069899158795 0.7521150306741988 0.3935261638602713 0.7717339160575636 0.43321051955618345 0.7725521947583647
0 0.410873596875 0.783606953125 0.38830527167296247 0.7829021730475356 0.38752556718750014 0.8078697125 0.41009389238953764 0.8085744925774643
0 0.4359797484375001 0.7852069890625 0.41363713664319546 0.784508712157767 0.41289725156250007 0.8081826515625 0.4352398633568047 0.8088809284672331
0 0.4361991046875001 0.812530059375 0.38605408508945754 0.8114937954536954 0.38508518593683316 0.8583790203447759 0.43523020553487574 0.8594152842660805
0 0.5571798078125001 0.8365426156250001 0.4681578688947786 0.8347045911304894 0.4672298093427532 0.8796537531243344 0.5562517482604747 0.881491777618845
0 0.5592369781250002 0.789452090625 0.46922270307754654 0.7871024025163285 0.46808319174913027 0.830755977540694 0.5580974667965839 0.8331056656493654
0 0.6513092593750001 0.6894314937500001 0.5121068915627827 0.6865601892459622 0.5103014937500001 0.7740868343750001 0.6495038615622175 0.7769581388790381
0 0.555280739479507 0.8656514115123561 0.3841741346039256 0.8619680895330667 0.38218936718750013 0.95416931875 0.5532959720630815 0.9578526407292894