0 0.5633694357891892 0.14046284033654094 0.4462859375559517 0.13641602213521786 0.4313585831853134 0.5682977578924966 0.5484420814185509 0.5723445760938196
0 0.47088664062500013 0.7353200921875002 0.42223773252479735 0.7340061488857565 0.4215592000000002 0.7591288968750001 0.47020810810020297 0.7604428401767437
0 0.4453306468750002 0.7094811156249999 0.4240790465712851 0.7085460582610704 0.423089563993884 0.731034612496981 0.44434116429759907 0.7319696698609105
0 0.4719563609375001 0.7108051484375 0.44981054150231736 0.7098323472426562 0.4488220687500001 0.7323349296874999 0.4709678881851828 0.7333077308823437
0 0.5930853156250001 0.7061836703125 0.48069008640527133 0.7031511315175107 0.47939340937499997 0.7512099765625001 0.5917886385947287 0.7542425153574893
0 0.5983736484375 0.5780738734375002 0.42681826200021133 0.5734437956859698 0.4236994796875001 0.68900209375 0.5952548661247887 0.6936321715015303
0 0.5913923203125001 0.7659720984375001 0.4214431938406425 0.7584995030092043 0.41277025156249997 0.9557480999999999 0.5827193780343576 0.9632206954282955
0 0.6013885578125 0.48786087968750014 0.5081449364236417 0.4853452785663116 0.5058454303278911 0.5705790916567703 0.5990890517167494 0.5730946927779589
0 0.60395200625 0.44247202656250006 0.527736864490759 0.4404156789493405 0.5266249429737873 0.48162722095654786 0.6028400847330284 0.4836835685697074
0 0.5584970765624999 0.34472268281249996 0.5323286749412504 0.34401647844641925 0.53177646553959 0.3644785969148622 0.5579448671608397 0.3651848012809429
0 0.6080494500000001 0.3457613062500001 0.5330072816606715 0.3421737596209156 0.5285147057259687 0.43614679312409654 0.6035568740652975 0.43973433975318105
0 0.48668916093750003 0.34096535312500004 0.4400665160605974 0.33891558705532504 0.4350363625000001 0.4533281859375 0.4816590073769027 0.45537795200717507
0 0.4499535203125002 0.5235705000000002 0.4324381190707146 0.5228003543291735 0.4304264937500001 0.5685506921875001 0.4479418949917857 0.5693208378583268
0 0.45112554687500006 0.4658225765625 0.43407315460266893 0.46507245800131347 0.43169119531250005 0.5192213703124999 0.4487435875848312 0.5199714888736865
0 0.488858596875 0.2436222578125001 0.4494145507737176 0.24255583902671143 0.44888981250000015 0.2619645375000001 0.48833385860128253 0.26303095628578876
0 0.468863921875 0.20719904062500002 0.4465106644211928 0.20621481674263706 0.44541707500000005 0.23105193593750006 0.4677703324538072 0.23203615981986303
0 0.4937650453125001 0.20807877187500007 0.47163527769415686 0.2071054189151798 0.4705991609375001 0.2306621593750001 0.4927289285558434 0.23163551233482038
0 0.4970337000000001 0.15792417500000006 0.44704875800930266 0.1565763675912085 0.44579803261814155 0.2029609146085992 0.49578297460883897 0.20430872201739078
0 0.6184270140625 0.14182445781250005 0.5299332095302951 0.13943755629485613 0.52873380625 0.18390514687500006 0.6172276107822049 0.186292048392644
0 0.6168752109375001 0.19035615937500006 0.5270300265846495 0.18776262174729455 0.5257890817744243 0.2307513619357425 0.6156342661272749 0.23334489956344803
0 0.7024641218750001 0.24944089375000006 0.563980405179785 0.2457030234000383 0.5616432484375001 0.33229194218750013 0.7001269651327151 0.3360298125374619
0 0.6216459109375 0.06643539218750005 0.4510050247097401 0.06183078260216031 0.4485436749999999 0.15304522500000006 0.6191845612277598 0.15764983458533982