0 0.5659500865266276 0.16596713234298002 0.5192449671830928 0.16403908514625448 0.5164402418020902 0.2319809041370132 0.5631453611456251 0.23390895133373873
0 0.8516666187500002 0.7786408 0.8005428083664483 0.7765303208546988 0.7966392734375001 0.8710887437500002 0.8477630838210519 0.8731992228953015
0 0.6450231843750003 0.0968951296875001 0.5815156435529241 0.09427246204237712 0.5541641406249999 0.7565853906250002 0.617671681447076 0.7592080582701232
0 0.6493547500000001 0.050123592187500086 0.5735687256492963 0.04727805112259461 0.5725967171875 0.07316580156250008 0.6483827415382039 0.07601134262740555
0 0.43629789531250013 0.16344718593750004 0.41282036833227265 0.16247568059301404 0.4117970716503746 0.18720480390087546 0.435274598630602 0.1881763092453615
0 0.46340087812500014 0.16374783593750006 0.4387243212134466 0.16272947729713844 0.43718059062500003 0.20013668750000005 0.46185714753655355 0.20115504614036167
0 0.4856934234375001 0.16434426406250008 0.4667676971589591 0.16356311849223457 0.465185053125 0.20190768437500012 0.48411077940354097 0.2026888299452656
0 0.5106022843750001 0.16551850625000006 0.48856237362800037 0.1646081488240761 0.48698795000000006 0.20272521718750008 0.5090278607469998 0.20363557461342405
0 0.509764823482604 0.19400423025896443 0.41153300503747686 0.19030860173616587 0.41009321749237293 0.22857893866470147 0.5083250359375 0.23227456718750003
0 0.5157275091117697 0.24939128165935034 0.40854825625 0.24447976093750007 0.4061079010106182 0.2977332166565497 0.5132871538723879 0.3026447373784
0 0.46613393437500006 0.24866038906250004 0.44353033588222823 0.24781135402569038 0.4427126031250001 0.26958160156250005 0.465316201617772 0.27043063659930977
0 0.4902833203125 0.25076320312500006 0.4693599373746699 0.2499789619415324 0.46858870791843027 0.2705551948479509 0.48951209085626035 0.27133943603141847
0 0.513534428125 0.25139751093750007 0.49412950350387097 0.2505958935233977 0.4932865562499999 0.2710012984375001 0.512691480871129 0.2718029158516025
0 0.699602946875 0.8511905843750002 0.6360694572024925 0.8485661078793655 0.6298139447926336 0.9999999400165794 0.6933474344651412 1.0026244165122142
0 0.7790798578125002 0.8563914499999997 0.7044802353406604 0.8533114776026289 0.69842395 0.9999999999999998 0.7730235724718397 1.0030799723973707
0 0.7843505765625001 0.7825348484375001 0.6393023862737416 0.7770902590778003 0.636713346680476 0.8460643327460206 0.7817615369692344 0.8515089221057204
0 0.6245435062500003 0.7787517312500002 0.5427811776499962 0.775375428787196 0.5335055062500003 1.0000000000000002 0.6152678348500042 1.0033763024628044
0 0.45723019531250014 0.8503824671875 0.3848576416808238 0.8473934594693933 0.37880820156250017 0.9938679656250002 0.45118075519417655 0.996856973343107
0 0.5263157406250001 0.8524246765625 0.46388522918873026 0.8498469008738722 0.4577933984375001 0.9973834421874999 0.52022390987377 0.9999612178761277
0 0.4306460312500001 0.7703731593750001 0.38920117062739107 0.768660951391276 0.3861865968403394 0.8416302352800165 0.42763145746294845 0.8433424432637404
0 0.5283928328125 0.7751312765625001 0.4369594061154146 0.7716980817392467 0.4342869280686129 0.8428719702517131 0.5257203547656983 0.8463051650749664
0 0.5444506609375 0.654735065625 0.39266325400915814 0.6490384405534166 0.3888113515625001 0.7516729437500002 0.540598758490842 0.7573695688215836
0 0.5508172078125 0.540984740625 0.3967948967527991 0.5352027223055295 0.3928737734375 0.6396542203125 0.5468960844972008 0.6454362386319705
0 0.5550494234374999 0.4245530296875001 0.4026955524515852 0.418833687942723 0.3986980856822523 0.5253196374843148 0.5510519566681669 0.5310389792290918
0 0.5578497953125 0.316920021875 0.40717075327831403 0.3112645586194548 0.4033805421875001 0.4122475109375 0.554059584221686 0.4179029741930453
0 0.5616588390625 0.2511672078125001 0.5193984743682487 0.24942174905797368 0.5172163656276608 0.30225411243557476 0.5594767303219121 0.3039995711901012
0 0.5680031390625 0.09260302968750007 0.413533696360947 0.08680465751406112 0.4111494578125 0.15032110468750007 0.5656189005140531 0.15611947686093902
0 0.8114805312500002 0.10235292187500007 0.658829698164596 0.09662152402145122 0.6549564093749999 0.19978322656250008 0.8076072424604039 0.20551462441604898
0 0.8064471859375001 0.21145714375000008 0.6537908927790116 0.20572717027520895 0.6498774171874999 0.30998885312500013 0.8025337103459884 0.3157188265997912
0 0.8033546296875003 0.32554772656250014 0.650183320033221 0.3197986422857941 0.6466165937151158 0.4148259744708733 0.7997879033693949 0.42057505874757933
0 0.79241075 0.5513475109375 0.6413900905577034 0.5456775571553937 0.6375368203125 0.6483103890625002 0.7885574797547967 0.6539803428446065
0 0.797500553125 0.42809577812500005 0.6453442602175884 0.4223836419923749 0.6411652125 0.5337024890625 0.7933215054074115 0.5394146251951252
0 0.7878601734375 0.6615607140625 0.6352044313339531 0.6558307143338455 0.6313116280664335 0.7595408015603017 0.7839673701699803 0.7652708012889562
0 0.3704815421875001 0.7681367968750001 0.27316748653837924 0.7644844868569558 0.2708867844569306 0.8252527042800779 0.3682008401060515 0.8289050142981221
0 0.36822340000000003 0.8451725109374998 0.3050504989040629 0.8425643554311882 0.2988761781250001 0.9921143937500002 0.36204907922093726 0.9947225492563117
0 0.18659191875000014 0.7603245671875001 0.11134557617585225 0.7572171805062033 0.10710204375000014 0.8599756484375 0.18234838632414802 0.8630830351187969
0 0.2159686156250001 0.8032338734375 0.19219976319713122 0.8023410373368858 0.19146823125000015 0.8218156921875002 0.21523708367786903 0.8227085282881144
0 0.2176921468750001 0.7614788953125001 0.19447769003405732 0.7605203933281335 0.19299948281250007 0.7963218609375 0.21621393965344288 0.7972803629218665
0 0.2925342703125001 0.8307119046875 0.19017771556207758 0.8268696714946685 0.1884893453125001 0.87184761875 0.2908459000629227 0.8756898519428316
0 0.26502588906250013 0.7646572515625002 0.22370123183854682 0.7629511618913589 0.22126340781250012 0.8219997828125003 0.26258806503645343 0.8237058724836416
0 0.21479025937500018 0.8770396109374999 0.10658069521660685 0.8725707632722284 0.10198714531250012 0.9837998921875002 0.21019670947089347 0.9882687398527719
0 0.2890655968750001 0.8807502156250001 0.21939953932730605 0.8778718852486109 0.21488595952858658 0.9871169227825488 0.28455201707628064 0.989995253158938