0 0.5667287449558758 0.14440532121922406 0.5656770023628239 0.07341274183296162 0.5170915003429601 0.07413252751085721 0.518143242936012 0.14512510689711963
0 0.8992633183771384 0.783788019039991 0.8977841593750002 0.6839447078125 0.8446020472478619 0.6847325903350092 0.84608120625 0.7845759015625001
0 0.6539156670731574 0.6854107314136918 0.6437469342621978 -0.0009787576488309983 0.577680790625 0 0.5878495234359595 0.6863894890625228
0 0.4313967869951941 0.10723281283410058 0.4310059687500001 0.08085255156250001 0.40658309269230586 0.08121437154089946 0.4069739109374999 0.10759463281250004
0 0.45972880208743633 0.11847310825557182 0.4591418421875 0.078853265625 0.4334734885375636 0.07923353705692818 0.43406044843749997 0.11885337968750001
0 0.48290277938927895 0.11801301015600256 0.48230370312500004 0.077575375 0.462617703423221 0.07786701953149745 0.46321677968749997 0.1183046546875
0 0.5088112965404461 0.11695755883713625 0.508214478125 0.07667225937499998 0.48528719095955386 0.07701192241286373 0.485884009375 0.11729722187499998
0 0.5099694998467432 0.14614109945611306 0.5087153854076141 0.10725255241509632 0.4063397668108707 0.11055405764648325 0.40759388124999985 0.14944260468749998
0 0.51940429657053 0.21837530064689997 0.5172174293732275 0.16295925751975812 0.40585103436519737 0.1673540771853582 0.40803790156249997 0.22277012031250001
0 0.46793075829002795 0.18938529741132015 0.466924575 0.166746171875 0.44283868702247203 0.16781665571367982 0.44384487031250003 0.19045578124999998
0 0.49305441567324604 0.18826868994871152 0.49210349062500003 0.16687286093750003 0.46979766245175386 0.1678642303637885 0.47074858749999987 0.189260059375
0 0.516582804328495 0.1873207148390325 0.5162602859375001 0.16555075156250001 0.49607575504650503 0.1658497820359675 0.4963982734375 0.18761974531250003
0 0.746891479020854 0.9505070028483529 0.74424975 0.7721902765625 0.6781599475416461 0.7731693846516473 0.6808016765625 0.9514861109374999
0 0.8296129085939917 0.9466120965317304 0.827008521875 0.770815990625 0.7494069117185083 0.7719656440932694 0.7520112984375 0.94776175
0 0.8313595307403645 0.7654401485100585 0.8281719093750001 0.69371865625 0.6755195114471355 0.7005032061774414 0.6787071328125001 0.7722246984375
0 0.6659070684175634 0.9564142986935561 0.6621587468749999 0.703402590625 0.5771045440824364 0.7046626528689439 0.5808528656249999 0.9576743609374999
0 0.49503929377570605 0.9464694306951922 0.4927507390625001 0.7919919296875001 0.41746602497429414 0.7931072583673079 0.4197545796875001 0.947584759375
0 0.5668456053741202 0.943544611178566 0.5645446187500001 0.7882280781250001 0.4996022790008798 0.789190187258934 0.501903265625 0.9445067203124999
0 0.46165228442387657 0.788321340680789 0.46051002343749997 0.7112187312499999 0.41739651557612334 0.7118574499442107 0.41853877656249994 0.7889600593749999
0 0.565485024205133 0.7818425802105442 0.562195734375 0.7078335578125 0.465222221107367 0.7121434916644559 0.46851151093749993 0.7861525140625001
0 0.5765819086956491 0.6882374428850836 0.5718386765624999 0.5815147140625 0.41127488661685085 0.5886508821149163 0.41601811875 0.6953736109374999
0 0.5766432089099273 0.5715312385672306 0.5718159281249999 0.4629174171875 0.40887857546507267 0.4701590770577694 0.41370585625 0.5787728984375
0 0.574341596050634 0.45244868967270985 0.5694203703125 0.341721096875 0.40816536019936606 0.34888798532729026 0.4130865859375 0.45961557812500003
0 0.5707216614157234 0.33478373413504886 0.5660547546875 0.22977834062499997 0.4066870854592765 0.2368613486774512 0.41135399218749996 0.3418667421875
0 0.5670050816432429 0.2173674197351075 0.5661731609375 0.1612127625 0.522214688669257 0.16186399901489254 0.5230466093749999 0.21801865625000003
0 0.5663363798793405 0.06216398717698076 0.5634008286317878 -0.0038859142838586214 0.40121723937744724 0.00332224541416061 0.404152790625 0.069372146875
0 0.8183448477697208 0.09759417823665964 0.8168642485480015 -0.0023462498998704576 0.6584924109375001 0 0.6599730101592193 0.0999404281365301
0 0.8226369891768959 0.2075685902966336 0.81781863125 0.09915551874999998 0.6563078311356039 0.10633377532836638 0.6611261890625 0.214746846875
0 0.8256501523088249 0.3166365940312483 0.8212585593749999 0.21782575156249995 0.6594594461286751 0.22501682315625166 0.6638510390625 0.323827665625
0 0.827805456778068 0.5598208147864137 0.8230622249999998 0.4530980859374999 0.6632957322844317 0.46019881802608636 0.6680389640625 0.5669215468750001
0 0.8263052793280424 0.44050150019637657 0.8211607734375 0.3247501125 0.6599799816094576 0.33191370292862343 0.6651244875 0.44766509062500004
0 0.8295555408660779 0.6757112313325441 0.824762525 0.56786835625 0.6632686091339222 0.5750458624174558 0.6680616249999999 0.6828887374999999
0 0.4007697771399591 0.7772111369194233 0.39796138593749997 0.7140223343749998 0.2951562353600409 0.7185914521430766 0.2979646265625 0.7817802546875001
0 0.4024410894490707 0.9515961180552474 0.40010875781250005 0.7941638140625 0.3343941199259294 0.7951373647572526 0.33672645156250003 0.9525696687499998
0 0.2083430465678849 0.8306056350446133 0.206727778125 0.7215750375 0.12845188624461512 0.7227346805803869 0.13006715468750002 0.831765278125
0 0.2406045342559146 0.7838563082251627 0.2397045171875 0.7636059312499999 0.21446976574408536 0.764727476149837 0.21536978281249994 0.7849778531249999
0 0.23962194270720238 0.7580320866576542 0.2390603734375 0.7201262015625 0.21491295573029756 0.7204839414673457 0.21547452499999994 0.7583898265625
0 0.32282092494135983 0.8323717104378299 0.3207422796875 0.785602178125 0.21311756412114016 0.7903854973746701 0.215196209375 0.8371550296874999
0 0.2892813201956525 0.7819930157906418 0.2883539296875 0.71939410625 0.24536547667934747 0.7200309717093583 0.2462928671875 0.78262988125
0 0.244543737112016 0.9590435737856629 0.242784621875 0.8403033796875 0.130218350387984 0.8419710293393372 0.13197746562499998 0.9607112234375
0 0.3217703774942141 0.9534631293560375 0.32005728125 0.8378291296875 0.2475879912557859 0.8389027487689624 0.2493010875 0.9545367484374999