0 0.870257848528657 0.46700128553217884 0.8016986818494101 0.4667821538476294 0.8015485980736494 0.5137384788509146 0.8701077647528963 0.5139576105354641
0 0.2647530584166019 0.15291344032795168 0.169537521875 0.15260915000000003 0.16937326136080172 0.2040079345005612 0.26458879790240364 0.20431222482851288
0 0.9425615647662731 0.3907302894908441 0.275633646875 0.38860904062500007 0.27543056648372694 0.45245821207165615 0.9423584843749999 0.4545794609375002
0 0.9895517781249998 0.46455559218750003 0.9895104414044038 0.388374275239809 0.9634459703265461 0.3883884180743201 0.9634873070471421 0.4645697350220111
0 0.8677291323497192 0.5972267082822741 0.8428325953125 0.5971495874999999 0.842759478587781 0.620753513592726 0.8676560156250002 0.6208306343750001
0 0.868444732000507 0.5700138701153694 0.8307750296874999 0.5698929796875001 0.8306954112558715 0.5947022443326284 0.8683651135688786 0.5948231347604978
0 0.8686510794670683 0.547615272754199 0.8300394203125 0.5474915890625 0.8299784699906538 0.566519102068885 0.8685901291452222 0.566642785760584
0 0.8684079167453597 0.5225653514255516 0.8300273296875001 0.5224435859375001 0.8299570301296406 0.5446020673244485 0.8683376171875 0.5447238328124999
0 0.8399288899669048 0.6202578129512231 0.8389641114575488 0.5215003286249743 0.80112269375 0.5218700078125 0.8020874722593561 0.6206274921387488
0 0.7851389265625002 0.6214570203125002 0.7842579535835908 0.5133133610643145 0.7306269800446492 0.5137502561985171 0.7315079530235585 0.6218939154467027
0 0.7830907171875 0.5861202859374999 0.7830780472850656 0.5633991915280295 0.7611591743480159 0.5634114140898736 0.7611718442504505 0.5861325084993441
0 0.7818723437500001 0.5601038484374999 0.7818623094879997 0.539075408264423 0.7611456546875 0.5390852937500001 0.7611556889495004 0.5601137339230771
0 0.7821610927242253 0.5157885231387812 0.7616163390625 0.51572344375 0.7615545395892378 0.5352327688739051 0.7820992932509631 0.5352978482626863
0 0.18619676101626875 0.3022794100655032 0.01542120468750004 0.30173821093750003 0.015218779608731355 0.3656135086844968 0.1859943359375001 0.36615470781250004
0 0.18396772926718075 0.22228754025331635 0.015920878125000024 0.22175133124999996 0.01568156239336803 0.29675241269550356 0.18372841353554875 0.29728862169882
0 0.25821966875 0.3658413328125 0.25814210444761276 0.22003570267044292 0.1886972046875 0.2200726453125 0.1887747689898873 0.3658782754545571
0 0.256304788746235 0.3808404040409862 0.01377652031250005 0.380068325 0.013514833065710935 0.462270472015794 0.2560431014994459 0.4630425510567801
0 0.17802402145381713 0.545551071147244 0.03053316406250007 0.5450824500000001 0.03030197848818364 0.6178443361696184 0.1777928358795007 0.6183129573168622
0 0.17850445160113057 0.47612832267311467 0.029941092187500063 0.4756548171875001 0.029741041511575993 0.5384211448672571 0.17830440092520652 0.5388946503528718
0 0.2573664449241126 0.5758016553526646 0.18388913125000006 0.5755691234375 0.18375726601338754 0.6172369665223354 0.2572345796875001 0.6174694984375
0 0.25611284218749997 0.5691374968749998 0.25606283024632154 0.47722797558135105 0.18440307343750045 0.4772669687508501 0.18445308537867888 0.5691764900444989
0 0.37779083750000003 0.6189484640625 0.3777106079064946 0.4663711649631499 0.2743755265625 0.46642550156249996 0.2744557561560055 0.6190028006618501
0 0.49239880156250004 0.6198787218749998 0.4923158639796291 0.46505267147912244 0.38715135624999997 0.4651090062499999 0.38723429383287084 0.6199350566458772
0 0.60961966875 0.6191441906249999 0.6095376704447715 0.4659951388178972 0.502324825 0.4660525421875 0.5024068233052285 0.6192015939946027
0 0.7179397953125 0.6194766171874999 0.7178597128928007 0.468012293704348 0.6161874484375 0.46806605 0.6162675308571993 0.6195303734831519
0 0.7842691436880979 0.4675033686010721 0.73107119375 0.46733445937500023 0.7309362906869021 0.5098221704614282 0.784134240625 0.5099910796875001
0 0.9438561249999997 0.6232530734375 0.9437733785392151 0.46797864105333026 0.8798233593741678 0.46801272031333313 0.8799061058349524 0.6232871526975029
0 0.9431122234375 0.37649747031249997 0.9430291524802963 0.22304805754371465 0.8391632272673849 0.2231042861188039 0.8392462982245886 0.3765536988875892
0 0.8332262765625001 0.37667755937499997 0.8331448434673276 0.22322693653018638 0.728171459375 0.22328264375000004 0.7282528924701724 0.37673326659481365
0 0.7184007875 0.37524103125 0.7183192976255464 0.22127010831963764 0.62264330625 0.22132074531249996 0.6227247961244537 0.3752916682428623
0 0.49096736874999997 0.3739524328125 0.49088542523521095 0.22214296343683024 0.3875519843741566 0.2221987406250005 0.38763392788894563 0.3740082100006703
0 0.6150783109375001 0.3754546609375 0.6149962057181659 0.22250516994251684 0.5029174647623631 0.22256533522681435 0.5029995699816971 0.3755148262217975
0 0.3799855484375 0.3752367109375 0.3799040662554805 0.22178640866888602 0.27548604375 0.22184185468749998 0.2755675259320195 0.37529215695611395
0 0.25727167812499996 0.7338731781249999 0.2572201541151959 0.6360531157248287 0.1960371328125 0.6360853421875 0.19608865682230409 0.7339054045876712
0 0.17991926929627203 0.6351071964297642 0.029328540625000073 0.6346265781249999 0.02912583648373372 0.6981392742403789 0.17971656515500567 0.6986198925451432
0 0.2585137918760434 0.8211735144688499 0.1550433203125001 0.8208443359375 0.154802645623941 0.8964954527236211 0.2582731171874843 0.8968246312549709
0 0.21619705781249995 0.813597034375 0.21618370556526675 0.7897044745937467 0.19657609871536297 0.7897154322147262 0.19658945096259622 0.8136079919959794
0 0.25831619375897313 0.7899104303891553 0.22226662968750013 0.7897954859375 0.22219221197284683 0.813134813184821 0.2582417760443198 0.8132497576364763
0 0.19145986406249998 0.8144342781249998 0.19140499263243319 0.7115415009618898 0.1461200203262965 0.7115656508707511 0.1461748917563633 0.8144584280338611
0 0.25694860254385843 0.7422665163546256 0.19749208437500013 0.7420767015624999 0.19735944589364182 0.7836236336453744 0.2568159640625001 0.7838134484375
0 0.1423372066159278 0.7876642472252844 0.030337642187500097 0.7873081453124999 0.02999173975062954 0.8960998166666883 0.14199130417905725 0.8964559185794727
0 0.14122589038064753 0.7129583987447448 0.03122432812500009 0.7126106265625001 0.031002892431852676 0.7826515137552553 0.1410044546875001 0.7829992859375