0 0.22150413388207912 0.438339941722879 0.15538090191485657 0.43757161144716805 0.1548591712639024 0.48247224591134186 0.22098240323112495 0.4832405761870528
0 0.8175742373085952 0.1467420176737536 0.7246734375 0.14566250000000008 0.7241023251914045 0.19481110732624657 0.8170031249999999 0.19589062500000007
0 0.7232494417877173 0.37101799877800684 0.08302031250000005 0.36356875 0.08230993321228278 0.4246226262219932 0.7225390625000001 0.4320718750000001
0 0.06486406250000001 0.4338171875 0.06271575316086209 0.36001420648643034 0.03781250132281168 0.3607391079438491 0.03996081066194959 0.43454208895741875
0 0.18497228016950476 0.5624654766866473 0.1603171875 0.5621765624999999 0.16005270173779437 0.5847470047915948 0.18470779440729912 0.5850359189782421
0 0.19578003459590093 0.5365612117262044 0.15887031250000008 0.5361328125 0.15859496540409923 0.5598559757737956 0.19550468750000008 0.5602843750000001
0 0.19562378622907034 0.5151382921536032 0.15801562500000005 0.5147015625000001 0.1578043387709298 0.5328960828463971 0.19541250000000007 0.5333328125000001
0 0.19504826474182585 0.4911772460106631 0.15754843750000008 0.49074062500000004 0.1573017352581743 0.5119290039893369 0.19480156250000008 0.512365625
0 0.22341875 0.5854859375 0.22181194867334098 0.4905338743518878 0.18583719731786924 0.49114264762429194 0.18744399864452826 0.5860947107724042
0 0.2912359375 0.58686875 0.2887446740582586 0.48357882874184177 0.23748118646735178 0.48481525966342415 0.23997244990909317 0.5881051809215824
0 0.26185937500000006 0.5529937500000001 0.2612048522089558 0.5304817390653482 0.2402624546096485 0.5310906263196965 0.2409169774006928 0.5536026372543483
0 0.2611359375 0.528109375 0.2605296690060695 0.5072573146551356 0.24073593750000005 0.5078328125 0.24134220599393058 0.5286848728448643
0 0.2602016766466656 0.4857166774705132 0.23985625000000005 0.4854796875 0.23963894835333455 0.5041348850294868 0.25998437500000005 0.504371875
0 0.9697269820347204 0.29159930709948884 0.8041031250000001 0.28967031250000014 0.8033917497695601 0.3507491301885887 0.9690156068042803 0.3526781247880774
0 0.967413410134405 0.21507614693710372 0.804009375 0.21317656250000008 0.8031756523655951 0.28489416556289643 0.9665796875 0.2867937500000001
0 0.8032062499999999 0.350228125 0.7990760505077954 0.2082849712983738 0.7327250000000001 0.21021562500000002 0.7368551994922046 0.35215877870162615
0 0.9742331002673549 0.36656693287878783 0.7393249999999999 0.3638343750000001 0.738410649732645 0.44243775462121243 0.97331875 0.44517031250000005
0 0.9625128977185808 0.5241892428280147 0.8188484375 0.5225171875 0.8180386647814192 0.5920935696719855 0.961703125 0.5937656250000002
0 0.9607198102186828 0.45777372423429075 0.8163859375 0.4560953125000001 0.8156880022813171 0.5161137757657095 0.960021875 0.5177921875000001
0 0.815454833181802 0.5511673542261649 0.74369375 0.55033125 0.7432295234035547 0.5901748512643148 0.8149906065853566 0.5910109554904797
0 0.8131031249999999 0.5447703125000001 0.8104719799500776 0.45430857919660445 0.7420046875 0.4562999999999999 0.7446358325499223 0.5467617333033955
0 0.7284093750000002 0.59105 0.7240547755837005 0.4414280835512326 0.6253234375000001 0.4443015625 0.6296780369162998 0.5939234789487674
0 0.6205437500000002 0.5903359375000001 0.6161262103569468 0.4385000738326429 0.5156468750000001 0.4414234375000001 0.5200644146430533 0.5932593011673573
0 0.510340625 0.5879953125 0.5059676676065221 0.43769157590770985 0.40353125 0.44067187500000005 0.40790420739347777 0.5909756115922902
0 0.4014234375 0.5867156249999999 0.3971019991146033 0.43821835239928636 0.2999593749999999 0.4410453125 0.30428081338539664 0.5895425851007136
0 0.2889463752026971 0.4398677117540225 0.236553125 0.4392578125 0.23608018729730293 0.4798854132459775 0.28847343750000004 0.4804953125
0 0.14931875 0.5867078125 0.14493066330099355 0.43589870974240086 0.0838296875 0.4376765625000001 0.08821777419900642 0.5884856652575993
0 0.18121875 0.3510984375 0.17683854896137402 0.20062536552975377 0.07760004809091225 0.20351415206739043 0.08198024912953822 0.35398722403763666
0 0.2874078125 0.352840625 0.2830279379230213 0.20232519921819486 0.18273124999999998 0.20524374999999995 0.1871111245769787 0.3557591757818051
0 0.38832187500000004 0.35298906249999995 0.383938564814721 0.20230796861986775 0.29252500000000003 0.2049671875 0.296908310185279 0.3556482813801322
0 0.6131906250000001 0.35506562500000005 0.6088595604182919 0.2061810645627251 0.5101296875000001 0.20905312500000006 0.5144607520817083 0.357937685437275
0 0.5028656249999999 0.35484218749999996 0.49849176039914384 0.20455536301929653 0.3914062967579851 0.20767191911331703 0.39578016135884125 0.35795874359402047
0 0.7204375 0.3578796875 0.7160582587626757 0.20738442070284036 0.6162921875 0.21028750000000002 0.6206714287373243 0.3607827667971596
0 0.806640625 0.702234375 0.8038557289070857 0.6064887500058069 0.7453984374999999 0.6081890624999999 0.7481833335929143 0.7039346874941931
0 0.9658434732132161 0.6098662670980157 0.81954375 0.608165625 0.8188377767867839 0.6688977954019844 0.9651375 0.6705984375
0 0.8513275696286706 0.7862389847324782 0.7496703125 0.7850562500000001 0.7488286803713295 0.8573953902675218 0.8504859375000002 0.858578125
0 0.8084265625000002 0.7786218750000002 0.8077401690850751 0.7550696981297637 0.7890061603297522 0.7556156731500622 0.7896925537446773 0.7791678500202988
0 0.7840985571082654 0.7555590125383665 0.7487874999999999 0.7551484375000002 0.7485280053917347 0.7774659874616336 0.7838390625 0.7778765625000001
0 0.8566781250000002 0.7800593750000001 0.8537658708943086 0.6800247984170592 0.8104984388231538 0.6812844204497218 0.8134106929288454 0.7813189970326627
0 0.8071570884332283 0.710267262661649 0.7488093750000002 0.7095890625000001 0.7483475990667718 0.7493171123383513 0.8066953125000002 0.7499953125000002
0 0.9709698975095561 0.7559383851693516 0.8599812500000003 0.7546468749999999 0.8587707274904443 0.8586756773306486 0.9697593750000001 0.8599671875000002
0 0.9664961526951057 0.6844474476268553 0.8587890625 0.6831921875 0.8580085163851902 0.7501666328684543 0.9657156065802959 0.7514218929953096