0 0.159401753125 0.4768517890625 0.15094697375356575 0.33417737460976776 0.020262025000000003 0.3419216671875 0.028716804371434236 0.48459608164023227
0 0.22071864218749998 0.3984240124999999 0.21690191103722523 0.33401667633270415 0.157942715625 0.3375105546875 0.16175944677527473 0.4019178908547958
0 0.2238219515625 0.47379271718749993 0.2197254325313232 0.4046639772413182 0.16213111093749996 0.408076975 0.16622762996867677 0.47720571494618175
0 0.108097196875 0.6324335187500001 0.100204432863724 0.4992431092613514 0.029831901562500002 0.5034133328125001 0.037724665573775996 0.6366037423011488
0 0.21183680312500003 0.6272316671875 0.2039119483050432 0.49349975658639805 0.10904327187499996 0.4991216046875001 0.11696812669495679 0.6328535152886021
0 0.27463459490455494 0.5550629492561858 0.2717737004720801 0.4919198089323614 0.2121379765625 0.49462178906249993 0.21499887099497483 0.5577649293863244
0 0.27527709843750003 0.5558859265624999 0.2743996496504446 0.5321948032008357 0.243587665625 0.5333359875 0.2444651144120554 0.5570271108616642
0 0.27845906093750006 0.6236467296875 0.27469228244784993 0.5600823273114621 0.21421175312499993 0.5636663578125001 0.21797853161465008 0.627230760188538
0 0.3137000375 0.4707979625000001 0.30546215704349094 0.3317837497535153 0.23303898749999993 0.33607549375 0.241276867956509 0.4750897064964847
0 0.35215933437499997 0.6195123453125 0.3483524563460374 0.5552712797692235 0.29117924687499996 0.558659321875 0.2949861249039626 0.6229003874182765
0 0.44558832031250006 0.61462555625 0.4378377966159606 0.48383545796484784 0.349214246875 0.4890872234375001 0.3569647705715394 0.6198773217226523
0 0.5181785812500002 0.4598740125 0.5097508010129194 0.31765521561584514 0.3787179765625 0.3254201234375 0.38714575679958074 0.46763892032165477
0 0.5266929265625 0.611615 0.5188169140014095 0.4787073056397694 0.44210271562500003 0.48325333281250005 0.4499787281860906 0.6161610271727307
0 1.001719491060506 0.43757380733805995 0.9968175645153428 0.30522178094903174 0.863843949984742 0.3101467292755342 0.8687458765299052 0.44249875566456237
0 0.937066234375 0.58598648125 0.9296639941921585 0.46107366347212564 0.8379112234374999 0.46651086406250003 0.8453134636203414 0.5914236818403744
0 1.0046850203510276 0.5834820807277399 1 0.4569865312500001 0.9342596906142979 0.4594213575235447 0.9389447109653256 0.5859169070012844
0 0.8310863828125001 0.4996038890625 0.8298935518704331 0.46739743975693004 0.7747560875 0.4694395671875 0.775948918442067 0.5016460164930701
0 0.8337767156250004 0.525300740625 0.8330392584595364 0.5053893885826148 0.7781744203125001 0.5074214187500001 0.7789118774779641 0.5273327707923852
0 0.8406200374999999 0.5913140734375 0.8369392271423566 0.5292004134039247 0.7802503828124999 0.5325597531249999 0.7839311931701431 0.5946734131585754
0 0.863349975 0.37115024687500003 0.859639973342056 0.30854397188249383 0.8070424203124998 0.31166086406250004 0.8107524219704441 0.37426713905500625
0 0.8682329640625 0.443685309375 0.8629084450209756 0.3737264926352868 0.8098599884799264 0.37776397540214374 0.8151845075214508 0.447722792141857
0 0.8364811734375002 0.4026354937499999 0.8347861608193016 0.3740321657637586 0.8114102093749999 0.37541740781250005 0.8131052219931985 0.40402073579874137
0 0.658680025 0.4512277171875 0.6507044078463544 0.3166391815101401 0.5234416296875 0.32418067968750003 0.5314172468411456 0.45876921536485993
0 0.6086768265625001 0.6042474062500001 0.6010366851081589 0.475319999447234 0.5335054203124999 0.47932185156250007 0.5411455617668411 0.6082492583652661
0 0.70536349375 0.6006664187499999 0.6976629221469366 0.4707192582607824 0.6041358156250001 0.4762616046875 0.6118363872280634 0.6062087651767175
0 0.77129795 0.5953965437500001 0.7690774841102966 0.5354439737870863 0.705704790625 0.5377911109375 0.7079252565147034 0.5977436809004137
0 0.764795815625 0.5291651234375 0.7640344501328078 0.5086082412102314 0.7336202953125001 0.509734690625 0.7343816608046922 0.5302915728522686
0 0.7654208373316368 0.5292259411840508 0.760194757201076 0.466568258666872 0.7007234170171668 0.4715285760100444 0.7059494971477276 0.534186258527223
0 0.7705155671875 0.5967100000000001 0.7668088906225137 0.5341598319676656 0.7056925296875001 0.5377815421875 0.7093992062524864 0.6003317102198344
0 0.319193309375 0.555012715625 0.3183314904062943 0.5317436060245208 0.28935053124999993 0.5328169749999999 0.2902123502187056 0.5560860846004791
0 0.3494174703125 0.5515114203125001 0.3446610283929553 0.48774005092458816 0.2863965261515353 0.49208575846611413 0.29115296807107993 0.5558571278540261
0 0.38520979062500005 0.4673560484375 0.38059400000000004 0.39580660468750006 0.3248717496713306 0.39940135297890067 0.3294875402963306 0.47095079672890056
0 0.3516477171875 0.42053382656249993 0.3507867017379987 0.397286401967218 0.3259212234375001 0.3982073453125 0.32678223888700136 0.4214547699077819
0 0.3790220125 0.3883617281249999 0.3753732484940019 0.3267888387132492 0.319245334375 0.3301149375 0.32289409838099814 0.39168782691175075
0 0.7196641609375 0.37820574062500006 0.7158377200060755 0.3136345682638712 0.6543002468750001 0.317281234375 0.6581266878064246 0.38185240673612886
0 0.7202340125 0.4080600609375001 0.7192616085450921 0.3818051664558205 0.65864944375 0.38405006249999996 0.6596218477049078 0.41030495698167957
0 0.7250759499999999 0.449319815625 0.7237054414491 0.41231609220872334 0.6608649374999999 0.41464351875000005 0.6622354460508999 0.4516472421662767
0 0.7994377890625 0.44696320937499995 0.7913472514641124 0.3104353728031787 0.7298097781249999 0.3140820375 0.7379003157233874 0.45060987407182135