0 0.13643144120837755 0.6193329168561742 0.131696540625 0.48791826250000003 -0.0047349005833775635 0.4928339190813259 0 0.6242485734375001
0 0.18808039843750007 0.5574217203125 0.13296598688731923 0.5531098698820862 0.12781142656250005 0.6189958656249999 0.1829258381126809 0.6233077160554137
0 0.19236331250000005 0.486365409375 0.1385231603363258 0.4821534252001067 0.13302945468750005 0.5523773234374999 0.1868696068511743 0.5565893076123932
0 0.08613993750000007 0.34520409843750005 0.018992071550119543 0.3399498537984325 0.008666228685993593 0.47191141251696694 0.07581409463587412 0.4771656571560345
0 0.18383039843750004 0.3429591546875 0.09514686181728103 0.336019769179844 0.08462798737848024 0.4704482406154911 0.17331152399869923 0.47738762612314706
0 0.24140828746613616 0.4094857921727928 0.18555479564900867 0.40601208258913724 0.18172515781250004 0.467588515625 0.2375786496296275 0.4710622252086555
0 0.24314555526635734 0.427916924747423 0.2423435015625 0.4056600859375001 0.21126513692114268 0.40678003462757717 0.212067190625 0.4290368734375001
0 0.24656352187500002 0.34174898593749997 0.19002729418462289 0.337324206625095 0.18492285156250002 0.40254461875 0.24145907925287716 0.40696939806240495
0 0.2770279875 0.48299892812499995 0.20932787452410845 0.4777009249448426 0.19856916460141152 0.615180245449856 0.2662692775773031 0.6204782486300133
0 0.3159584906250001 0.34056846093750004 0.2625138202512858 0.3363859983814838 0.2573820750000001 0.40196086718750007 0.3108267453737144 0.40614332974351636
0 0.40393647812500016 0.33873775937500006 0.3210909207540173 0.33225455322421005 0.31083048356366383 0.4633674035847088 0.39367604093464664 0.4698506097354988
0 0.4695730609375001 0.47920800000000013 0.34708359730626126 0.46962426001571067 0.33569517812500005 0.6151792687500002 0.45818464175623885 0.6247630087342896
0 0.48033155156250007 0.3359897500000001 0.4086201136236422 0.33037844095083535 0.3982847636042718 0.46246220340209065 0.46999620154312965 0.46807351245125545
0 0.9259274625 0.46688469687500006 0.8035656815014194 0.45731045958828476 0.79269989375 0.5961786640625001 0.9150616747485806 0.6057529013492153
0 0.8666885734375 0.3318628468750001 0.7809195346216647 0.3251502433538032 0.7710714009939175 0.45098293296738295 0.8568404398097528 0.4576955364885798
0 0.9344825999999999 0.3294193687500001 0.871661879621578 0.3245032470345313 0.8617609015624998 0.45102301406249995 0.9245816219409217 0.45593913577796874
0 0.766325070834823 0.4506010297906321 0.7652346953125 0.42034656562499995 0.7105051166651768 0.42231902802186794 0.7115954921874998 0.45257349218750004
0 0.7689080782174073 0.41471139153846037 0.7682339624999999 0.3960068015625 0.7148269311575925 0.39793159752403967 0.7155010468749999 0.4166361875
0 0.7758725375 0.3334858609375001 0.7228821627356552 0.32933925392860197 0.7179112505650994 0.39286360004414833 0.7709016253294443 0.39701020705304646
0 0.7933334390625002 0.5388698468750002 0.7441644112242416 0.5350223664408994 0.7391847120484131 0.5986606283102398 0.7883537398866716 0.6025081087443407
0 0.7992418234375002 0.47035298125000014 0.7497455276480565 0.4656531679995684 0.7432668889957907 0.533883243953333 0.7927631847852343 0.5385830572037648
0 0.7685733749999999 0.5111227921875001 0.7467202707637817 0.5094129160158205 0.7444498074804259 0.5384306142664145 0.7663029117166442 0.5401404904380941
0 0.6018524109374999 0.47767283906250013 0.4828904213669028 0.46836414877992605 0.47208972812499994 0.60639344375 0.5910517176955971 0.6157021340325741
0 0.5574755765625001 0.3372770906250001 0.4943498445076992 0.3323373089094173 0.48436991562500004 0.4598713484375 0.547495647679801 0.4648111301530828
0 0.6485493718750001 0.3339959468750001 0.5611199733944061 0.32715442330753947 0.55088953250209 0.4578915733862968 0.638318930982684 0.4647330969537575
0 0.7126326687703112 0.3907329388154216 0.71060230625 0.334414128125 0.6457081062296887 0.3367536439970784 0.6477384687499999 0.3930724546875
0 0.7039782521462957 0.416427593448024 0.7032819703125 0.39711823906250004 0.6728503634787044 0.39821558155197606 0.6735466453125001 0.4175249359375
0 0.703567309637921 0.4000311254942634 0.6481184165596005 0.3943627028294963 0.6418534416954341 0.45564710978467005 0.6973023347737548 0.4613155324494372
0 0.7098901468750001 0.33323319375000005 0.6527593247479949 0.3287631678826207 0.6477267465517114 0.3930838985231995 0.7048575686787164 0.39755392439057885
0 0.2845113636782103 0.4253204784700325 0.28372421400630243 0.4034631718770238 0.25440656126559213 0.40451899184449136 0.2551937109375 0.4263762984375001
0 0.31214832343750004 0.40467452968749995 0.2564331305833635 0.40159782713827097 0.25293966008592694 0.4648601605554834 0.30865485294006356 0.4679368631047124
0 0.3443703359375 0.481316725 0.2923128778959139 0.4769726983167983 0.28650257022091635 0.5466016094764696 0.3385600282625024 0.5509456361596714
0 0.3126767025394269 0.5494747313899672 0.311891090625 0.52763609375 0.28645547714807307 0.5285511014225328 0.2872410890625 0.5503897390625
0 0.3371146750000001 0.555994653125 0.2846469934820364 0.5518893962412272 0.2797203359375001 0.614855078125 0.3321880174554638 0.6189603350087728
0 0.6580222234375002 0.5421179015625002 0.600496166859669 0.5376169886762242 0.5953117406250001 0.6038790125000001 0.6528377972028314 0.608379925386276
0 0.6599859121164705 0.5386796306942012 0.6590968534065805 0.51401758478043 0.59972446472761 0.5161579400237287 0.6006135234375 0.5408199859374999
0 0.6656575265515696 0.5096619601256426 0.6644046124979727 0.47490101400625473 0.602000440633903 0.47715029294311223 0.6032533546875001 0.5119112390625
0 0.7344559750000001 0.47200271406250005 0.6769300634102069 0.4675011429564613 0.6664289464338727 0.6016956969343591 0.723954858023666 0.6061972680403979