0 0.1654245190239891 0.49314254503341504 0.04200466931890983 0.49170624978841804 0.040462962794920815 0.624184017255003 0.16388281250000009 0.6256203124999999
0 0.2262918615622489 0.5666105028483199 0.17093750000000008 0.5659671875 0.17024251343775126 0.6257676221516804 0.22559687500000009 0.6264109375000002
0 0.22583858255367545 0.49598451381040487 0.17176406250000004 0.4953562500000001 0.17101766744632463 0.5595982986895953 0.2250921875000001 0.5602265625
0 0.11047320346375064 0.3487144341293866 0.043032812500000045 0.3479296875000001 0.041587734036249456 0.47211837837061355 0.10902812500000006 0.47290312500000004
0 0.20779175426928745 0.35199893063952603 0.11872187500000005 0.35096250000000007 0.11727387073071267 0.47540263186047416 0.2063437500000001 0.47643906250000007
0 0.269896875 0.47790156249999993 0.26962722999571814 0.41784693056810107 0.21370314390964543 0.41809802944169405 0.21397278891392726 0.4781526613735929
0 0.2705840072571214 0.41905750473599523 0.24193437500000003 0.4183921875000001 0.2414191177428787 0.4405799952640049 0.27006875 0.4412453125
0 0.2702951931522805 0.3548772506802626 0.2135125 0.35421562500000003 0.21282511934771958 0.41320868681973755 0.2696078125000001 0.4138703125000001
0 0.31008577380025987 0.4974714412097697 0.24209062499999998 0.4966796875 0.24058141369974012 0.6262894962902303 0.3085765625 0.62708125
0 0.33945102724540077 0.35783758309040803 0.28577343750000006 0.35721250000000004 0.2850786602545993 0.41687491690959194 0.33875625000000004 0.4175
0 0.4271081538727183 0.3608688453467986 0.34390156250000004 0.3599 0.34248403362728186 0.48164052965320153 0.4256906250000001 0.4826093750000001
0 0.5019416511771378 0.5044321469203547 0.3789187500000001 0.5030015624999999 0.37738334882286223 0.6350381655796453 0.50040625 0.63646875
0 0.503142587386759 0.36277242531625165 0.43111875000000016 0.3619343750000001 0.4296777251132413 0.4857791371837485 0.5017015625000001 0.4866171875000001
0 0.9564228821687293 0.5191202101191836 0.8335281249999997 0.5176906250000001 0.8320693053312705 0.6430985398808164 0.9549640625 0.6445281250000001
0 0.8883351187774468 0.3813349091474947 0.8021921875000002 0.3803312500000001 0.8008383187225535 0.4965322783525056 0.88698125 0.4975359375000002
0 0.9558069851022563 0.3831737157649213 0.8927125000000004 0.38243906250000015 0.8913242648977443 0.501665346735079 0.9544187500000001 0.5024000000000002
0 0.7933394676566847 0.4646269054455529 0.7419671875 0.4634312500000001 0.7412652198433154 0.4935918445544473 0.7926375000000001 0.49478750000000016
0 0.7945777360445602 0.44051750947491486 0.7433406250000001 0.4393250000000002 0.74290663895544 0.4579715530250853 0.7941437500000001 0.4591640625
0 0.7978321935742195 0.37796946195518283 0.7446109375 0.37735 0.7439396814257806 0.43502116304481736 0.7971609375 0.43564062500000017
0 0.828912926899973 0.5839559410184079 0.7795296875 0.5833812500000001 0.7788526981000271 0.6415549964815923 0.8282359375 0.6421296875000001
0 0.8302437500000002 0.5165203125000002 0.7803728475569983 0.5151016732235524 0.7785165975569983 0.5803563607235526 0.8283875000000002 0.5817750000000003
0 0.8023607860465243 0.5551271633547041 0.7804125000000002 0.554871875 0.780103276453476 0.581457211645296 0.8020515625 0.5817125000000001
0 0.6338130604184624 0.5107622169901721 0.5143328125000001 0.5093718750000001 0.5128791270815378 0.6342955955098282 0.6323593750000002 0.6356859375000001
0 0.5801929538551515 0.36872082136834716 0.516792169314374 0.36798281228831253 0.5153929654592225 0.4881854284199655 0.57879375 0.48892343750000017
0 0.6708415793638969 0.37054704846163433 0.5830312500000001 0.3695250000000001 0.5816240456361031 0.4904263890383659 0.669434375 0.49144843750000006
0 0.7334201971634333 0.37566987907470883 0.6746031250000001 0.3743015625000001 0.6732969903365668 0.4304457459252912 0.7321140625 0.4318140625000001
0 0.7298570131221559 0.43778642734270157 0.7015484375 0.437128125 0.7011007993778442 0.45637763515729846 0.7294093750000001 0.45703593750000004
0 0.7302595370703897 0.43660300784100103 0.6743136107182562 0.43460137407819105 0.6722196986478666 0.4931264912371902 0.7281656250000001 0.4951281250000002
0 0.7326449517795708 0.37444988428889797 0.67460625 0.37310000000000004 0.673272235720429 0.43045636571110213 0.7313109374999999 0.43180625000000006
0 0.311721800967733 0.41931218303045414 0.28477968750000004 0.41868437500000005 0.2842719490322671 0.440473754469546 0.31121406250000005 0.4411015625000001
0 0.33990625 0.4221953125000001 0.28513535282576674 0.42072025936794716 0.28356660282576673 0.4789702593679473 0.33833750000000007 0.4804453125000002
0 0.3771515625000001 0.500565625 0.32481524158698083 0.49968305223916276 0.3236839915869808 0.5667658647391628 0.37602031250000006 0.5676484375
0 0.34808164102208583 0.5448637122568453 0.32500000000000007 0.5443265625000001 0.3244933589779143 0.566097225243155 0.3475750000000001 0.5666343750000001
0 0.37488682489787906 0.5740285238633591 0.32219062500000006 0.5734156250000001 0.3215256751021211 0.6305871011366411 0.3742218750000001 0.6312000000000001
0 0.6941312506337479 0.5790984184313887 0.6363546693328939 0.5784265622887435 0.6356577936991459 0.6383547063573548 0.693434375 0.6390265625
0 0.6936126355378036 0.5518050933166939 0.6370484375000001 0.5504890625 0.6364764261168516 0.5750746305169894 0.6930406241546552 0.5763906613336832
0 0.6964236152863333 0.5130953229355459 0.6378750000000001 0.5117328125000002 0.637068572213667 0.5463859270644544 0.6956171875000001 0.5477484375000001
0 0.7657250006262631 0.5136647204304199 0.7079484375 0.5129921875 0.706465624373737 0.6403790295695801 0.7642421875000001 0.6410515625000002