0 0.7954391609375001 9.71445146547012e-17 0.6452034733209021 -0.0018166120801287738 0.6426878839628938 0.20622521539388844 0.7929235715794917 0.2080418274740173
0 0.6376399656249999 7.771561172376095e-17 0.519404598465954 -0.0017572953529600879 0.5160619992948348 0.22314140457080356 0.6342973664538807 0.22489869992376374
0 0.791830375 0.2094103125000001 0.6923550576409818 0.20760326951856758 0.6896593829070401 0.3559965852342567 0.7891347002660583 0.35780362821568923
0 0.7919341345427332 0.3995257017567765 0.7891535558392166 0.3617703085296704 0.6995727291089835 0.36836768489789395 0.7023533078125 0.4061230781250001
0 0.5969730525138283 0.29553875648012096 0.5932933296875001 0.23323762031250003 0.5169097787361719 0.2377490997698791 0.5205895015625001 0.3000502359375
0 0.6378815426751218 0.37568238590909275 0.6328688062332184 0.3016714938805321 0.5142192776205967 0.3097075923464393 0.5192320140625 0.38371848437499995
0 0.3177234679466546 0.43086016398458693 0.3151417801745554 0.39367676477528424 0.22548073254040074 0.3999020382906973 0.22806242031249999 0.43708543750000006
0 0.5020933483852253 0.30598837027637193 0.498245690625 0.23957412968750003 0.4244537125522748 0.24384921097362816 0.42830137031250015 0.31026345156250007
0 0.5039236135171313 0.3846700777741561 0.49946877865816675 0.3107754560382041 0.38085249326603543 0.317926395451548 0.385307328125 0.39182101718749995
0 0.5073432609374999 0.005774985937500061 0.38936549008448007 0.004717553265839078 0.38730432031249995 0.23468227968750005 0.5052820911655198 0.23573971235916105
0 0.38221797031250004 0.01411667187500005 0.23080510258424863 0.012907583465991607 0.2289986843750001 0.23912343281250004 0.3804115521032515 0.24033252122150847
0 0.32926565625000004 0.2410414234375 0.2300856746696268 0.23982234629928598 0.22827848281250004 0.386849346875 0.3274584643928733 0.38806842401321406