0 0.3547945556415649 0.25463484227329675 0.3542129303666561 0.04121536748929868 0.20449718410009118 0.041623383028501944 0.205078809375 0.2550428578125
0 0.48024168125 0.04095535781250005 0.3625936953125 0.040955357812500044 0.3625936953125 0.26022142812500004 0.48024168125 0.26022142812500004
0 0.30513660312500007 0.26264464218750005 0.20612959687500004 0.2623803578125 0.20575756216933017 0.4017531165292336 0.3047645684193302 0.40201740090423355
0 0.29246935156250004 0.4143607140624999 0.20648413310702823 0.41383034380076567 0.20625120810702824 0.45159284380076564 0.29223642656250004 0.4521232140624999
0 0.4746059546875001 0.33455535781250006 0.4741327869114048 0.27237681624665305 0.4025618587864047 0.272921458434153 0.40303502656249995 0.3351
0 0.4749646623819138 0.34392060125358415 0.3625311495134833 0.34355273804693287 0.3622889671875001 0.41757321406250003 0.4747224800559306 0.4179410772691513
0 0.7640402796874999 0.414303571875 0.6775831875 0.414166071875 0.6775240781329542 0.4513327918445797 0.7639811703204542 0.45147029184457976
0 0.56695796875 0.2731750000000001 0.4960477124704193 0.2724156805415127 0.49533867848582813 0.3386299477992555 0.5662489347654089 0.3393892672577429
0 0.6083167845389987 0.41686827554510797 0.6078457339393973 0.3431057350562422 0.49525558900013733 0.3438247403254663 0.4957266395997387 0.41758728081433205
0 0.608764162677955 0.04127702817118138 0.4915384184417568 0.04095016684975062 0.4909266198263018 0.2603659964910693 0.6081523640625 0.2606928578125
0 0.76555866875 0.2546125 0.7650015126836058 0.04056514487259113 0.6149314787571185 0.040955770721419524 0.6154886348235127 0.2550031258488284
0 0.7640980734375 0.40151249999999994 0.7635959838861343 0.26281558555572987 0.6649392416986343 0.26317272774322986 0.66544133125 0.40186964218749993