0 0.9821726585343311 0.2846527546860491 0.7302227125 0.2690363859375001 0.7199081819210096 0.4354480187946944 0.9718581279553407 0.4510643875432434
0 0.9819613405984737 0.4600394784709338 0.7270396531250001 0.44494521562499995 0.7192800596686333 0.575994255793134 0.9742017471421069 0.5910885186390679
0 0.729544533379055 0.2701456821341228 0.5660940359375 0.2610076484375001 0.5599252838084451 0.37134709755337736 0.72337578125 0.38048513125000005
0 0.5534135593749999 0.3562525906249999 0.5517614880415975 0.2573422053819504 0.5095638242974102 0.25804702065930496 0.5112158956308126 0.3569574059023545
0 0.713770075 0.5677992625000001 0.7134945661715707 0.4849863110056797 0.6439296156250001 0.4852177453124999 0.6442051244534295 0.5680306968068203
0 0.6348067950167401 0.43574421312156825 0.550976484375 0.4341594390625 0.54853422842076 0.5633482493784319 0.6323645390625001 0.5649330234375001
0 0.5612942624999999 0.8838881875000002 0.5599777305158995 0.784344606837363 0.5184323430281784 0.7848940730214737 0.5197488750122788 0.8844376536841111
0 0.717874186095574 0.5903013881915422 0.6424331101096964 0.5885253154904345 0.6404924412016226 0.6709578366738925 0.7159335171875001 0.6727339093750002
0 0.63803388125 0.7138281453124999 0.6366547315799861 0.5828550023389374 0.5531784296875 0.5837340093750001 0.554557579357514 0.7147071523485626
0 0.9844838583436019 0.6050439745249863 0.7315464976806242 0.5885754905775472 0.7230441254594403 0.7191623494447162 0.9759814861224182 0.7356308333921552
0 0.9893160395974656 0.7443621541674746 0.7418132577492116 0.7280057731643885 0.7307400873139567 0.8955636507956521 0.9782428691622107 0.9119200317987384
0 0.7373756209396624 0.7845122682987299 0.5735719750000001 0.7743921062500002 0.5667843414294809 0.8842558733319781 0.7305879873691431 0.8943760353807078