0 0.7617263428719179 0.15116064934106738 0.6568480296875002 0.1510902937500001 0.6567236907946437 0.3364409268439078 0.7616020039790613 0.3365112824349751
0 0.6508444717989665 0.29098399060488644 0.6506566609374999 0.15109029375000002 0.5697934266385333 0.15119885470761357 0.5699812375 0.29109255156249997
0 0.7615384609375 0.34251241562500007 0.6585365859375 0.34251241562500007 0.6585365859375 0.42674492031250005 0.7615384609375 0.4267449203125001
0 0.5645290812499999 0.3357313765625 0.5639175076696266 0.15085275526475278 0.45913337415128846 0.15119937840188077 0.45974494773166175 0.33607799969962804
0 0.5646660406249999 0.4109548531249999 0.564414634375 0.34322347656249996 0.5304569401687167 0.343349521196351 0.5307083464187167 0.4110808977588509
0 0.5216378984375 0.4083115125 0.521514071875 0.34788261875 0.4634143186378258 0.3480016726045223 0.46353814520032577 0.4084305663545223
0 0.5648669423387804 0.48467848456196083 0.5646660406250001 0.41725959375 0.4634142755902871 0.41756131412649616 0.4636151773040673 0.48498020493845706
0 0.761726078125 0.5207088031250001 0.675422944283777 0.5205693596859772 0.6752972411587771 0.5983684565609771 0.7616003750000001 0.5985079000000002
0 0.9252664484286498 0.35191759684400126 0.77879925 0.3517674937500001 0.7784239828213503 0.717944704718499 0.9248911812499999 0.7180948078125001
0 0.5649774859375002 0.799397290625 0.4615384609375002 0.799397290625 0.4615384609375002 0.8960451468749999 0.5649774859375002 0.8960451468749999
0 0.4502814265625001 0.8958961625 0.4501419595228553 0.7991264307721577 0.3452024329702526 0.799277672331359 0.3453419000098974 0.8960474040592015
0 0.4505462406478733 0.15154207047038112 0.34718130847632733 0.15149208243177364 0.34709193281250006 0.3363024828125 0.450456864984046 0.33635247085110753
0 0.3410266072393201 0.29098916591439106 0.3409005625 0.15109029375 0.25872386151067994 0.15116433252310899 0.25884990625 0.2910632046875
0 0.4487188720440284 0.40817780978404644 0.44859287031250006 0.347435665625 0.3884912592059716 0.34756033865345354 0.38861726093749993 0.4083024828125
0 0.44834333906249996 0.41800451406250005 0.3474052531250001 0.41800451406250005 0.3474052531250001 0.48542889375 0.44834333906249996 0.48542889375
0 0.25290806718750003 0.336525959375 0.2525328328125 0.15109029375000002 0.14996944277605476 0.15129783370423963 0.15034467715105473 0.3367334993292397
0 0.2535316403414526 0.42642157265281433 0.25340900624999996 0.34290293437499997 0.1500330877835474 0.34305472578468554 0.15015572187499998 0.4265733640625
0 0.23452157656249994 0.5978397296875 0.23439587187499997 0.5210158015625 0.15003024306630125 0.521153846508443 0.1501559477538012 0.5979777746334429
0 0.13564772824912008 0.3500441708602553 0.08818011250000005 0.34998645625 0.08793013268838004 0.5555833682022447 0.13539774843750008 0.5556410828125
0 0.25303377187500004 0.342681715625 0.15009380937500005 0.342681715625 0.15009380937500005 0.42673137656250004 0.2530337718750001 0.42673137656250004