0 0.7744132875367302 0.29443469096328173 0.76881165625 0.10099250625000003 0.6608036200643729 0.10412016527438728 0.666405251351103 0.297562349987669
0 0.659048315038747 0.2536798374264887 0.654513834375 0.10728640312499997 0.571237531836253 0.1098658547610113 0.5757720125 0.2562592890625
0 0.7799093091403545 0.3835071846548505 0.7744043564542309 0.29702374959840716 0.6655844504388762 0.3039504915060568 0.6710894031249999 0.3904339265625001
0 0.5716251520817077 0.3054396824720465 0.5648902890625 0.1131302515625 0.45703381153432626 0.116907490143317 0.463768674553534 0.3092169210528635
0 0.5739822213219555 0.3806631092104732 0.5716336359375 0.31023824531250005 0.5366626021155446 0.3114044876645269 0.5390111875000001 0.3818293515625001
0 0.5296505250935926 0.38130761474340147 0.5276336218750001 0.31764804374999994 0.467800096459878 0.3195437277470222 0.46981699967847057 0.3832032987404238
0 0.5784586777436177 0.45563180558501076 0.5741494640625 0.3864015578125001 0.46810941913138243 0.39300198503998923 0.47241863281250007 0.4622322328125
0 0.7843784092507422 0.5607754409836395 0.7800660671875 0.4808289031250001 0.6896325969992578 0.48570691370386065 0.6939449390625001 0.5656534515625
0 0.9540846090660103 0.677960159523926 0.9431940640625001 0.29721269687500007 0.7923560656216349 0.30152712617895666 0.803246610625145 0.6822745888278825
0 0.5891600680496044 0.8820367979805173 0.5860074984375 0.7800835109375 0.4794816882003955 0.7833774707694825 0.4826342578124999 0.8853307578124999
0 0.4734566115160545 0.8857245320505566 0.46771196874999993 0.7863630203124998 0.35732085098394545 0.7927453460744432 0.36306549374999997 0.8921068578125
0 0.45436280205599866 0.3128344933110677 0.4479676281250001 0.11999152500000002 0.34141567919400145 0.12352506450143233 0.34781085312500004 0.3163680328125
0 0.34026495300969717 0.27261615289430907 0.33579373281249997 0.1261735203125 0.2511647641778028 0.128757431480691 0.255635984375 0.2752000640625
0 0.4565898433042387 0.3838101618535047 0.45258617278478475 0.3215977449605032 0.3887292779180461 0.32570724560699854 0.3927329484375 0.3879196625
0 0.45806097273939084 0.4635460779456067 0.4539570205780389 0.394291894765501 0.3489618103386479 0.40051383400739426 0.35306576249999994 0.46976801718749994
0 0.25098556644356407 0.3247839696487145 0.2448687390625001 0.13156166875 0.139244722618936 0.13490540222628553 0.14536155 0.328127703125
0 0.25682715251159205 0.41464577936468877 0.2516180734374999 0.32887173281250004 0.14271853967590792 0.33548522844781137 0.14792761875 0.42125927500000004
0 0.24216093973218542 0.5922071227008352 0.23748486093750004 0.5132983015624999 0.1484729508928146 0.5185730819866646 0.1531490296875 0.5974819031249999
0 0.13671111997090357 0.5561465068216822 0.1306774140625 0.34377965000000005 0.08179329376859279 0.3451685315319809 0.08782699967699635 0.5575353883536631
0 0.25621629565711823 0.41500856837740707 0.25122523593749996 0.328666990625 0.14312988090538176 0.3349155488100929 0.148120940625 0.4212571265625