0 0.7815339886413921 0.5024457933620101 0.7812443178373973 0.452641798251389 0.7047941421304179 0.4530864490030685 0.7050838129344126 0.5028904441136895
0 0.78034375 0.5343343750000001 0.74293125 0.5343343750000001 0.74293125 0.5804156250000002 0.78034375 0.5804156250000002
0 0.6926702300082287 0.45609191149226425 0.5152506934257446 0.45533794308765196 0.5147257759175161 0.5788585315953878 0.6921453125000001 0.5796125000000001
0 0.6947750000000001 0.40677812500000005 0.3906965669984381 0.40624073447569337 0.39053281250000016 0.49890000000000007 0.6946112455015621 0.49943739052430675
0 0.78473125 0.22600937500000007 0.7039187499999999 0.22600937500000007 0.7039187499999999 0.4431421875 0.78473125 0.44314218750000006
0 0.69529375 0.3508734375000001 0.68170625 0.3508734375000001 0.68170625 0.3953031250000001 0.69529375 0.3953031250000001
0 0.6963640625 0.22461875000000003 0.58835625 0.22345937500000007 0.5865138310479472 0.39509981982567927 0.6945216435479472 0.39625919482567923
0 0.9589171875000002 0.6807234375000001 0.7877819328054616 0.6797283365229677 0.7869171875000001 0.8284453125000002 0.9580524421945386 0.8294404134770327
0 0.9589171875000002 0.5818578125000002 0.839890049937587 0.5816343989430739 0.8397366404414208 0.663365756049351 0.958763778003834 0.6635891696062772
0 0.9616389560285761 0.4436232686644851 0.844318349421795 0.44121083796780863 0.8415421875000002 0.5762203125 0.9588627941067813 0.5786327431966766
0 0.8379296875000002 0.4394531250000001 0.793238688228076 0.43873538813557245 0.7896265625 0.6636500000000001 0.8343175617719242 0.6643677368644277
0 0.9647875000000002 0.3502312500000001 0.7938674426493637 0.34986816968698753 0.7936832790168845 0.436563199676616 0.964603336367521 0.4369262799896285
0 0.9652465845725139 0.22545653843160146 0.7950490693719775 0.22480924629862226 0.7945899847994635 0.34551989536702093 0.9647874999999999 0.34616718750000014
0 0.73680625 0.5095703125000002 0.70339375 0.5095703125000001 0.70339375 0.5815390625 0.73680625 0.5815390625000001
0 0.2899892537924122 0.8278434741552905 0.28913748179059995 0.6816718751061098 0.11828572799818768 0.6826674634508193 0.11913749999999998 0.8288390625
0 0.24265026055267555 0.4406890978156389 0.24211875000000002 0.3492546875 0.12412473944732445 0.3499405896843609 0.12465625 0.44137499999999996
0 0.58260625 0.2221359375000001 0.50754375 0.2221359375000001 0.50754375 0.3945343750000001 0.58260625 0.3945343750000001
0 0.3819 0.2201156250000001 0.3063 0.22011562500000004 0.30630000000000007 0.43989218750000003 0.3819000000000001 0.43989218750000003
0 0.5032343750000001 0.22211562500000004 0.3943268780652982 0.22063815168807924 0.39197071656025756 0.3943155032974137 0.5008782134949594 0.39579297660933455
0 0.7803140625 0.5954109375 0.6734092045261664 0.5952162051679287 0.6732672956125808 0.6731218723507635 0.7801721535864145 0.6733166046828348
0 0.6696734375 0.5940578125000001 0.4155900038444611 0.5915151069082472 0.41480625 0.6698328124999999 0.6688896836555389 0.6723755180917528
0 0.41121093750000004 0.5911656250000001 0.3057140625000001 0.5893828125 0.3043639655709544 0.6692739995773936 0.4098608405709544 0.6710568120773936
0 0.51141875 0.45637500000000014 0.39230596518293226 0.45374598010167466 0.38958796776385923 0.5768900620150946 0.508700752580927 0.5795190819134202
0 0.3804165008032431 0.49673144511741424 0.38018125 0.45625781249999997 0.307633499196757 0.4566794923825858 0.30786875 0.4971531250000001
0 0.3793625000000001 0.5056375 0.3442875000000001 0.5056375 0.3442875000000001 0.5751906250000001 0.3793625000000001 0.5751906250000001
0 0.3394312500000001 0.5312375 0.3062437500000001 0.5312375 0.3062437500000001 0.5754171875 0.3394312500000001 0.5754171875
0 0.24085625000000008 0.44741093750000005 0.12311875000000005 0.44741093750000005 0.12311875000000008 0.575684375 0.24085625000000008 0.575684375
0 0.24037285601398328 0.6681080063412338 0.23986875 0.5814109375000001 0.12112714398601668 0.5821013686587662 0.12163124999999997 0.6687984375
0 0.29297735064595215 0.35129282575637727 0.24582196156136266 0.35091256501486 0.2432781250000001 0.66636875 0.2904335140845896 0.6667490107415173
0 0.29423281250000005 0.2205453125000001 0.12494843750000002 0.21858281250000008 0.12349829255756968 0.34367166867260446 0.29278266755756965 0.34563416867260444