0 0.7917391247883001 0.4864379866276086 0.7074451732371403 0.48229473194634265 0.7047680266116327 0.5367609150092031 0.7890619781627926 0.5409041696904691
0 0.7846780421874999 0.575639478125 0.7438181224579589 0.5728519521262508 0.74034666875 0.6237369734375 0.7812065884795409 0.6265244994362493
0 0.6938161769712667 0.4845363382205415 0.498432424542678 0.4737576735174553 0.49096557508584215 0.6091084897719261 0.6863493275144308 0.6198871544750123
0 0.7006490328124999 0.43112969375 0.3669578451234744 0.41219154682477194 0.3612085703125 0.513494084375 0.6948997580015256 0.5324322313002281
0 0.8124601828125 0.23903492656250008 0.7241995458055582 0.23301245976393442 0.7079324986052683 0.4714097803538186 0.7961931356122101 0.4774322471523842
0 0.7053854125000002 0.37008247968750013 0.6905442433599485 0.3690692782097505 0.6872168703905512 0.4178079606093627 0.702058039530603 0.4188211620871124
0 0.7159656187500001 0.23220409531250005 0.5979188375755677 0.22444069695060698 0.58558248125 0.4120218421875001 0.7036292624244322 0.4197852405493932
0 0.9497258781250002 0.7453673078125 0.7821177321076427 0.7329518905492258 0.7699386921875002 0.8973689421875 0.9375468382048577 0.909784359450774
0 0.9577356453125002 0.637235446875 0.845071533280702 0.6308284212898803 0.8399936610362249 0.7201200839864671 0.952657773068023 0.726527109571587
0 0.9697888551670794 0.48641491503271234 0.8602742439194522 0.4776346921010985 0.848453040625 0.6250790671875002 0.9579676518726272 0.633859290119114
0 0.8547018078124999 0.47543401562500004 0.8059554553712698 0.4713211336814508 0.7851858812500001 0.717484528125 0.8339322336912302 0.7215974100685492
0 0.9764766578125 0.3842317968750001 0.8137156954564005 0.3721754273961115 0.8067182617353581 0.46664076776695695 0.9694792240914575 0.4786971372458456
0 0.9864344609375 0.24980144062500012 0.8236273219687815 0.23832251655945483 0.8143420546875001 0.3700167234375001 0.9771491936562186 0.3814956475030453
0 0.7389324359375001 0.5459640500000001 0.7024428626345867 0.5434741766120982 0.6970445578125002 0.6225873718750001 0.7335341311154137 0.6250772452629022
0 0.23674472343750005 0.707094765625 0.04779870913837196 0.6978082449265258 0.039941917107124414 0.857664620385345 0.2288879314062525 0.8669511410838192
0 0.21012741875000004 0.34107474375 0.0797726794729964 0.33466768089788956 0.07485779375000005 0.4346633671875001 0.20521253302700374 0.4410704300396106
0 0.5917984453125001 0.22265210468750007 0.5098192496478083 0.21705921572094938 0.49689495624999996 0.40650034062500007 0.5788741519146917 0.4120932295915507
0 0.37255264843750013 0.20838384531250007 0.28998651650394497 0.20274997220903682 0.2735274924613492 0.4439619991116567 0.35609362439490433 0.44959587221512
0 0.5050392484375001 0.21786109218750008 0.38622503917863826 0.20813315649704373 0.3705721226670237 0.3993133777794503 0.48938633192588554 0.4090413134699066
0 0.7800937312500003 0.6423663250000001 0.6621323892379447 0.6356659605865952 0.6572943332372696 0.72084096650528 0.7752556752493251 0.727541330918685
0 0.6592492109375001 0.634237996875 0.38056249845432705 0.616116368791095 0.3749967125000001 0.7017108078125001 0.6536834249831732 0.7198324358964051
0 0.37693256250000007 0.6155455062499999 0.2607576520351585 0.6071865073039244 0.2544771843750001 0.69447360625 0.37065209483984163 0.7028326051960755
0 0.4965218687500001 0.47430022812500006 0.36696395974032703 0.4620215178685969 0.35401978618069446 0.5986010140229057 0.48357769519036753 0.6108797242793088
0 0.3530700921875001 0.46628191093750004 0.273150381837581 0.46235432346543953 0.2709750983608973 0.5066176343712352 0.3508948087108164 0.5105452218432958
0 0.34849431250000007 0.5201835046875002 0.3101873367173597 0.5175696382327597 0.3049674500072413 0.5940686014563774 0.34327442578988165 0.5966824679111179
0 0.302935090625 0.5457543796875 0.266689496550088 0.543281630074645 0.26336373281250003 0.5920307156250001 0.2996093268874121 0.594503465237855
0 0.20142921250000004 0.44824448281250007 0.07284277592327211 0.4394709719009522 0.06316470781250008 0.581314790625 0.191751144389228 0.5900883015365479
0 0.19036076250000009 0.5945894187500002 0.0592590043347091 0.5881445309236161 0.05459796555214058 0.6829592733571066 0.18569972371743154 0.6894041611834907
0 0.2655218085400228 0.34700345034138047 0.21405582620984637 0.3430748236745856 0.18775546718750008 0.687616040625 0.2392214495176765 0.691544667291795
0 0.2766879015625 0.2035843 0.09156955260185229 0.19125166220252643 0.08246252014341086 0.3279522481050063 0.26758086910405854 0.34028488590247985