0 0.523442669159524 0.3189080961103231 0.5162872793007511 0.23373191215126243 0.4656486178990569 0.23798591071534073 0.47280400775782977 0.32316209467440143
0 0.6021885901763382 0.24607881023961187 0.5497340843749999 0.2432749078125001 0.547689330136162 0.2815275131978884 0.6001438359375001 0.28433141562500014
0 0.6167378359375 0.519213421875 0.6026556618142735 0.32625350320866425 0.47684522909870486 0.33543512202496706 0.49092740322193124 0.5283950406913028
0 0.5446942125 0.64270591875 0.5172959623943912 0.31665030582042075 0.42309341986712773 0.324566086805009 0.4504916699727365 0.6506216997345882
0 0.4665129138956301 0.2343266194352386 0.23225541249999998 0.22180148906250005 0.2278374836659191 0.30443000782571106 0.4620949850615492 0.31695513819844956
0 0.4154244296357218 0.32330299822326136 0.36788906875 0.32075977187500004 0.3671457113535713 0.3346538407731393 0.4146810722392932 0.3371970671214007
0 0.42923683938268997 0.3256403577985477 0.23794490937500004 0.3127166859375 0.23050403533980646 0.42285405018197536 0.4217959653474964 0.4357777220430231
0 0.8517060015625001 0.2526791 0.8367699891133865 0.05599291020066194 0.6859128609375 0.0674487421875 0.7008488733866136 0.264134931986838
0 0.6771904609375 0.18918811406249997 0.6675355233236482 0.055973890470414164 0.5842240078125 0.06201204062499999 0.5938789454263518 0.19522626421708578
0 0.5967157862866757 0.0630590873618402 0.44236806093750003 0.05165049531250006 0.4335349105883243 0.17115487045065989 0.5878826359374999 0.18256346250000005
0 0.6851569318231374 0.19526636466344457 0.447503215625 0.17876053437500009 0.44433888848936265 0.2243210478365556 0.6819926046875 0.2408268781250001
0 0.44529592656249994 0.2240060265625 0.434114619865608 0.037910026682241055 0.3455136109375 0.04323348906250001 0.3566949176343919 0.22932948894275892
0 0.354208253125 0.21821109999999994 0.3426497952896412 0.02849330488365335 0.2191763125 0.036015862499999995 0.23073477033535877 0.22573365761634662
0 0.6063106453309421 0.2909420792104639 0.5277691328125 0.28674265781250013 0.525942623419058 0.32090374735203636 0.6044841359375001 0.3251031687500001
0 0.9059161843750001 0.9403007859375 0.889476813553973 0.7446726952718564 0.7408549843750001 0.7571619515625 0.7572943551960272 0.9527900422281437
0 0.5069495171875001 0.9133130656249999 0.49570368660317216 0.7794853233557162 0.4027355575317383 0.7872976335056965 0.4139813881160663 0.9211253757749803
0 0.43202566258867325 0.43973640746007625 0.24455498437500006 0.42971502968750014 0.24045236553632693 0.5064630331649239 0.42792304375000006 0.5164844109375
0 0.49492302280479405 0.6488993304889574 0.25865016093750015 0.6362665250000001 0.25451729959514213 0.7135639216798747 0.4907901614624361 0.726196727168832
0 0.4444478512131562 0.5244014513951439 0.25093044062500003 0.511439003125 0.24349011084912986 0.6225162720283354 0.437007521437286 0.6354787202984793
0 0.7002878890625001 0.3611166953124999 0.6920325670509432 0.24119179881367708 0.6125541265625001 0.246662890625 0.6208094485740568 0.3665877871238228
0 0.7185511265625 0.6271144703125 0.6986568676509347 0.35477399420468103 0.618847923028947 0.3606039752286549 0.6387421819405121 0.6329444513364739
0 0.7268646296875 0.7406475171875 0.718677434255498 0.6209653435516794 0.6371748013305537 0.6265407602048704 0.6453619967625557 0.7462229338406909
0 0.6249413718750001 0.6471426343750001 0.6145643717720112 0.5067752026147944 0.49121768593750004 0.515893903125 0.501594686040489 0.6562613348852058
0 0.549558521875 0.7277288312500001 0.5428215030757941 0.6475631436928332 0.5016690234484578 0.6510215438803896 0.5084060422476637 0.7311872314375565
0 0.6288067454772952 0.6586582500046807 0.5525237953125001 0.6545796234375 0.550606331085205 0.6904421437453194 0.6268892812500001 0.6945207703125001
0 0.6320024951955147 0.6997736126629764 0.5820727765625 0.6971046453125 0.5802589204294853 0.7310373670245237 0.6301886390625 0.7337063343750001
0 0.6516527413395833 0.8019006493952417 0.5037975343750001 0.793995890625 0.4973616195979168 0.9143769849797584 0.6452168265625 0.9222817437500002
0 0.7411080390625 0.9289330124999999 0.729852341134758 0.794974123468997 0.6417008562500001 0.802380921875 0.652956554177742 0.9363398109060028
0 0.731768281431525 0.7553991644011244 0.4018312984375 0.735108384375 0.39887062638097504 0.7832502105988758 0.728807609375 0.8035409906250003
0 0.4051136125 0.907568190625 0.3939977741753447 0.7190236708915209 0.2661558421875 0.7265607250000001 0.27727168051215534 0.9151052447334793