0 0.2648550868456373 0.47036454457013954 0.1856678930277004 0.46521047989293185 0.18229954167139914 0.5169619243165673 0.26148673548933604 0.522115988993775
0 0.2198859312500001 0.5526765499999999 0.18103491192616156 0.5500864820450774 0.1778542215638828 0.5977968374792588 0.21670524088772133 0.6003869054341814
0 0.4610920411066946 0.48445447387361773 0.27671629841211465 0.47414088551834344 0.2695295453125001 0.6026182781250001 0.45390528800708 0.6129318664802744
0 0.5940206526094524 0.4410105219067907 0.27825212628339957 0.42285850177892403 0.27271513304894746 0.5191788111221334 0.5884836593750002 0.53733083125
0 0.28175681875 0.23500217656250005 0.1978370577598279 0.22940752579098808 0.182821428125 0.4546419687500001 0.2667411891151722 0.4602366195215121
0 0.29621331093750003 0.36569118593750005 0.28210336781790435 0.36475052334993074 0.2790299781250001 0.4108513828125 0.29313992124459565 0.41179204540006936
0 0.40203095156249996 0.23897915000000003 0.28930848294073036 0.23351319309699387 0.2806527001909588 0.4120182959951467 0.3933751688127283 0.41748425289815294
0 0.16131002240897985 0.6999640489475007 8.326672684688674e-17 0.6921969890625 -0.007479936471479637 0.8475438948024993 0.1538300859375001 0.8553109546875002
0 0.11526497793905208 0.5955868206363761 6.661338147750939e-17 0.5889734843750001 -0.004872249657555161 0.6738927637063077 0.11039272828149685 0.6805060999676837
0 0.12061363593750012 0.4494398750000002 0.000047110901200766994 0.44423228740564247 -0.006019554723799234 0.5846882624056423 0.11454697031250012 0.5898958500000001
0 0.1732900663607767 0.45013692087250545 0.1268155722213637 0.44797799882254774 0.11595151406250008 0.6818454546875 0.1624260082019131 0.6840043767374577
0 0.1794733765625 0.35764382031249997 0.0021528140625000384 0.34751404531249996 -0.0029941959120698414 0.43761187116587213 0.17432636658793013 0.4477416461658721
0 0.18672954531250008 0.22763031562500005 0.009894115743135704 0.21717083353030117 0.0024343078125000444 0.3432916421875 0.1792697373818644 0.3537511242821989
0 0.2626808437500001 0.5293559296875001 0.22798362474485723 0.5270427819476942 0.22300865781250004 0.6016672921875001 0.2577058768176429 0.6039804399273062
0 0.857724675 0.7449621921875 0.6809317580336489 0.733454160216363 0.6710449183131051 0.8853414019408941 0.8478378352794562 0.8968494339120312
0 0.8750367968750001 0.3989341031250001 0.7528966900764483 0.3909830853873245 0.7467117968684066 0.4859927485387857 0.8688519036669584 0.49394376627646136
0 0.48605346250000003 0.24303254062500007 0.4081047917472452 0.2378359628474979 0.3961859312500001 0.41661887968750005 0.47413460200275503 0.4218154574650022
0 0.695277596875 0.25332694843750003 0.6167707581374446 0.24809315918832966 0.6015703453124999 0.47609935156250005 0.6800771840500552 0.48133314081167045
0 0.6037706371795957 0.2488362981302002 0.4905623375000001 0.24282383281250008 0.48101605188290464 0.42257019405730006 0.5942243515625002 0.42858265937500023
0 0.2873233277661832 0.6199494943010005 0.17683138593750009 0.613603859375 0.1721804134454472 0.6945878724850318 0.28267235527413026 0.7009335074110324
0 0.5554337399926539 0.6319819889596046 0.29187640625 0.6190099453124999 0.28786766625734617 0.7004568516653954 0.551425 0.7134288953125
0 0.670339828125 0.6365610750000001 0.5606617820467708 0.6308994499795577 0.5563731445467708 0.7139797281045576 0.666051190625 0.7196413531250001
0 0.5902222355873165 0.4926255903720215 0.46583333281250006 0.4857063015625001 0.45883265724407185 0.6115583040748043 0.5832215600188883 0.6184775928843258
0 0.67729285625 0.4985534140625001 0.6021263676103062 0.49366030852507625 0.5993886374999999 0.5357165359375 0.6745551261396938 0.5406096414749239
0 0.63605 0.5473891046875 0.5996263578826068 0.5449608614584078 0.5948191551092554 0.6170688905489504 0.6312427972266487 0.6194971337780426
0 0.6738035718750001 0.5763174234375 0.6393400028654311 0.5740198523273006 0.6362896093750001 0.6197757578125002 0.670753178384569 0.6220733289226996
0 0.8698353906250003 0.5010109062500001 0.7475708529321909 0.4928599372626323 0.7387208863592343 0.625609438986449 0.8609854240520434 0.6337604079738168
0 0.86209924375 0.6403265156250001 0.7391620959420359 0.6323234213994507 0.7332975109375 0.7224104968750003 0.8562346587454641 0.7304135911005496
0 0.7464727281250001 0.3923536671875001 0.6974612574216985 0.38987397242094185 0.6808645042966985 0.7179108302334419 0.7298759750000001 0.7203905250000002
0 0.8838313843750001 0.2624437109375001 0.7075367424988481 0.25404687982971985 0.7013402593750002 0.38414438437500004 0.8776349012511522 0.39254121548278026