0 0.3086087946371712 0.47101439554753055 0.3049432624504307 0.41732008879900817 0.2176515409687731 0.4232792050275796 0.22131707315551363 0.4769735117761019
0 0.26201378593750013 0.5087275578125001 0.22151753477674302 0.5078276417701153 0.22033043281250014 0.5612472687500001 0.26082668397325726 0.5621471847923849
0 0.5205253396919496 0.537295528758419 0.5099832613956132 0.40445290808478884 0.30547536076616383 0.4206821746388698 0.3160174390625 0.5535247953125
0 0.6531185176108721 0.44119230991320063 0.6463000000000001 0.3413062781249999 0.3086922542641279 0.36435238696179933 0.315510771875 0.46423841875000005
0 0.3117586828125 0.17141148750000001 0.22428515928597753 0.16946763125363032 0.2188862515979763 0.41241845621606615 0.30635977512449875 0.4143623124624359
0 0.33285314531250004 0.3046470171875001 0.3181456849979624 0.30432018499081903 0.31704696718750003 0.35376252500000005 0.33175442750203765 0.3540893571966811
0 0.43718741875000006 0.15884959218750005 0.3203089662388102 0.15600911441083712 0.31555706014973556 0.3515379915358827 0.43243551266092534 0.3543784693125457
0 0.21988074112087697 0.8300928840296189 0.20770094481653895 0.6706246643579853 0.014326758383161997 0.6853941162658664 0.026506554687499996 0.8448623359375
0 0.1608962197457176 0.6551802503224192 0.15387133782372536 0.56722912636086 0.02052600245300778 0.5778797604134409 0.027550884375 0.6658308843750002
0 0.1540523600831143 0.5708761033566994 0.15386704375000004 0.41566101718750004 0.026539843041885763 0.4158130372683007 0.02672515937500001 0.5710281234375001
0 0.20875092343750015 0.4099592578125 0.16026482177603454 0.40985898632792395 0.1597541234375001 0.656806278125 0.20824022509896567 0.6569065496095761
0 0.21923543788848004 0.4026492503519677 0.21064395517512105 0.30955308358069 0.017567275099140998 0.3273713785412223 0.0261587578125 0.42046754531249997
0 0.22269314043889182 0.3066842897073441 0.2124633140625 0.17695951093749998 0.015667461123608135 0.19247842279265587 0.025897287499999998 0.3222032015625
0 0.30549947187500004 0.4786608281250001 0.26933292539958453 0.47785712744705594 0.2675299437500001 0.5589913375 0.30369649022541567 0.5597950381779442
0 0.9458575649747265 0.7768554987217335 0.9351011671874998 0.6192657874999999 0.7364382162752733 0.6328256684657663 0.7471946140625 0.7904153796874999
0 0.9438650227962591 0.35736371487472807 0.9371352171875001 0.25878719375 0.8008007772037411 0.26809472731277195 0.8075305828125 0.3666712484375
0 0.5248698296875001 0.15139347187500005 0.4436202547581828 0.14958792621917985 0.4393114125000001 0.3434858765625 0.5205609874293174 0.3452914222183202
0 0.743216759375 0.1330350906250001 0.6613853829719785 0.13121661572518667 0.655933334375 0.37655882031250004 0.7377647107780215 0.3783772952123135
0 0.6477190953125 0.1412224109375001 0.5296457003427157 0.14019321535011145 0.5279311469310092 0.33689357498814776 0.6460045419007935 0.33792277057553644
0 0.3404443196674288 0.6520592986919291 0.33344747835170907 0.5682725035971601 0.2137195414967803 0.5782707064677309 0.2207163828125 0.6620575015625
0 0.6206544612107068 0.6286329530985693 0.6139725046875 0.54436158125 0.3332728450392933 0.5666185219014308 0.3399548015625 0.6508898937500001
0 0.74149024739169 0.6190978908734783 0.7349615812500001 0.53307275625 0.6142838010458102 0.5422312997515217 0.6208124671875 0.6282564343750001
0 0.6444790589798727 0.4028681098469584 0.5150429931091696 0.40232831845800227 0.5144840127593087 0.5363656870883947 0.6439200786300117 0.5369054784773508
0 0.7388021895942624 0.4329301387797141 0.7358232015625 0.3892950406249999 0.6534379994682377 0.3949195159077859 0.6564169875 0.4385546140625
0 0.6951330328124999 0.4455501578125 0.6571669535253132 0.44470646700395927 0.6554187953125001 0.523373571875 0.6933848745996869 0.5242172626835407
0 0.7357839921875 0.47025090937500014 0.699860991252505 0.46945262041305147 0.6987282859375001 0.52042435625 0.734651286872495 0.5212226452119487
0 0.9364368750000001 0.3651399250000001 0.808994785152248 0.362307878047376 0.8056625609375002 0.5122579406250001 0.9331046507852523 0.515089987577624
0 0.941201210413768 0.6038488851441829 0.9348202265625 0.5103797234374999 0.798108242711232 0.519712822668317 0.8044892265625 0.6131819843749999
0 0.8029535984375 0.2698044562500001 0.7518301461405564 0.269487227946801 0.7496886625000001 0.6146015687500002 0.8008121147969437 0.6149187970531993
0 0.9523947939498754 0.24918285791258699 0.9398525798215038 0.11491052043381891 0.7430342077466285 0.1332950828337319 0.7555764218750001 0.26756742031249997