0 0.7847663845115794 0.4933465212909983 0.7838986126312186 0.4435519189750107 0.7071710819068474 0.4448890517266612 0.7080388537872081 0.49468365404264886
0 0.7837478567656195 0.5715523310830323 0.783478125 0.5252546875 0.7460630807343805 0.5254726689169678 0.7463328125 0.5717703125
0 0.6959098864003306 0.5715554711833849 0.6951271328368918 0.44810327549409923 0.5173281839365612 0.4492306168107144 0.5181109374999999 0.5726828125000001
0 0.698740377635787 0.4890274918182066 0.6971239730459751 0.3963947452265234 0.3918335954101881 0.4017219409083167 0.39344999999999997 0.4943546875
0 0.7873382740972481 0.43448023656430373 0.7860734374999999 0.21687812499999995 0.7052539134555412 0.21734789751759523 0.7065187500527894 0.43495000908189907
0 0.697616552710519 0.3872918061442756 0.6973593750000001 0.3427828125 0.6837694029497908 0.34286133680737535 0.6840265806603097 0.387370330451651
0 0.69769375 0.21651562500000007 0.5896782987666763 0.2164187501558446 0.589524171618334 0.38827052055750527 0.6975396228516577 0.38836739540166076
0 0.9642903977582108 0.8176790925429669 0.9629109375000002 0.6695656249999999 0.7903830397417894 0.6711724699570328 0.7917624999999999 0.8192859374999999
0 0.9628129156909996 0.652440437919856 0.9623359375 0.5706984375 0.8431448968090004 0.5713939370801441 0.843621875 0.6531359375
0 0.9642437500000002 0.4329593750000001 0.8469130558968093 0.43123130669379767 0.8449218750000002 0.5664265625000002 0.962252569103191 0.5681546308062027
0 0.8405156250000001 0.4297015625000002 0.7958206272570215 0.4292438211300286 0.7935140625 0.6544625000000001 0.8382090602429786 0.6549202413699716
0 0.9668562500000002 0.33900312500000007 0.796203883966146 0.33892692106324546 0.7961651605103237 0.4256448734227153 0.9668175265441779 0.4257210773594699
0 0.9668358454839389 0.33582009978542726 0.9666342841109087 0.2152692113095044 0.7964265636269698 0.21555379902407715 0.796628125 0.3361046875
0 0.7402147587149062 0.5731589129791584 0.7397953124999999 0.5009953125 0.7063821162850936 0.5011895245208414 0.7068015624999999 0.5733531249999999
0 0.29566488925281675 0.8244546886948199 0.2931140625 0.6783093749999998 0.12141323574718324 0.68130624880518 0.1239640625 0.8274515625
0 0.24575485270331437 0.4378548641953981 0.24415937452423003 0.34643591023896203 0.12563264682091566 0.3485044835435639 0.127228125 0.43992343749999996
0 0.5849238388185433 0.38819090827003816 0.5839171875 0.2153546875 0.5088495986814567 0.21579190422996192 0.50985625 0.38862812500000005
0 0.3844738611587609 0.4358886446350831 0.38319374999999994 0.215671875 0.30758863889403487 0.21611136444735904 0.3088687500527959 0.4363281340824422
0 0.5045453124999999 0.21625937500000006 0.3956278795128916 0.21541430974301584 0.39427522547540866 0.38975304188787036 0.503192658462517 0.39059810714485454
0 0.7839745409013887 0.6642563339741561 0.7838046874999999 0.5863296874999999 0.6770317090986111 0.5865624160258438 0.6772015625 0.6644890625
0 0.6736458476606113 0.6633720718237299 0.6731438316182765 0.5850580523918216 0.41821360895766535 0.5866922305680917 0.4187156250000001 0.66500625
0 0.41466406250000015 0.5863812500000001 0.30883883833948234 0.5858249102458724 0.3084187500000001 0.6657328125000002 0.41424397416051784 0.6662891522541279
0 0.5147230546150516 0.5717365752021739 0.5140921875 0.45042499999999996 0.39313007038494846 0.4510540497978262 0.3937609375 0.5723656250000001
0 0.38355494488443337 0.49229959684601077 0.38284843749999997 0.45183281250000007 0.31006536761556663 0.4531035281539893 0.31077187500000003 0.4935703125
0 0.3827226876446709 0.5709804735312877 0.38231718750000004 0.5012218749999999 0.34723981235532914 0.5014257764687122 0.34764531249999997 0.5711843749999999
0 0.3427913131308024 0.5716613399899315 0.34253281250000006 0.5272875000000001 0.30934306186919763 0.5274808475100686 0.30960156250000004 0.5718546875
0 0.24421735210310516 0.573566618508524 0.24346718750000002 0.44460937500000003 0.12572171039689486 0.4452943189914761 0.12647187499999998 0.5742515625
0 0.24477143764526343 0.6653027401457375 0.243259375 0.5786203124999999 0.1240144998547366 0.5807003848542623 0.1255265625 0.6673828125
0 0.29503149624255265 0.34814416468355797 0.24787359433971573 0.3480381104913569 0.2471640625000001 0.6635375 0.29432196440283703 0.663643554192201
0 0.29552500000000004 0.21712187500000008 0.12622500072102966 0.21711406250003334 0.1262192276503513 0.3422188133284412 0.2955192269293217 0.3422266258284079