0 0.74151735625 0.09532893281250007 0.7412196118396176 0.0016645790831342623 0.501976628125 0.0024250953124999998 0.5022743725353824 0.09608944904186581
0 0.44477043281250006 0.11737763125 0.4444227521699379 0.007883673080876057 0.258145715562238 0.008475166172050295 0.2584933962048003 0.11796912434117424
0 0.45174329531249996 0.242681359375 0.45138786687379423 0.13054559941405094 0.2675580270334084 0.13112827128415497 0.26791345547211404 0.24326403124510404
0 0.46307831562499996 0.3732568265625 0.46271731554593715 0.2598025203740744 0.27747071250000005 0.26039195625 0.2778317125790629 0.3738462624384256
0 0.47025918593749994 0.5012066625 0.4698957960381577 0.3864307356426935 0.28323068696256304 0.38702173252727545 0.28359407686190524 0.501797659384582
0 0.58922513125 0.3228916515625 0.5891170928703244 0.2890228249269888 0.527665909375 0.28921884843749995 0.5277739477546757 0.32308767507301117
0 0.6705909062500001 0.37613663437500006 0.6633269934138125 0.2815037791021703 0.5918855391698722 0.2869875457604026 0.5991494520060597 0.38162040103323236
0 0.72283345625 0.376644321875 0.715826742212105 0.28534771592245767 0.6713423969888243 0.288761743014599 0.6783491110267192 0.3800583489671413
0 0.7656328453125 0.37786171562500004 0.7584710738033095 0.2845082631154443 0.7227500796874999 0.2872486609375 0.7299118511966906 0.38060211344705575
0 0.7728415 0.5072001453125 0.7724571321942506 0.3859721973345461 0.6015606171875 0.38651404531249994 0.6019449849932493 0.5077419932904539
0 0.782926121875 0.6385538812500001 0.7825465326745557 0.5193538266858391 0.609760846875 0.5199040578125002 0.6101404360754443 0.6391041123766612
0 0.6134827281249999 0.639093778125 0.5894897820804192 0.3264030887691787 0.526814840625 0.33121217500000005 0.5508077866695806 0.6439028643558214
0 0.5737394453125 0.1475248015625 0.5736215159776761 0.11027658570601877 0.5153024275826374 0.11046122626245396 0.5154203569174614 0.1477094421189352
0 0.5772220875 0.18408122499999996 0.5771272643624478 0.15427834206785426 0.5180025421825445 0.15446645781748713 0.5180973653200968 0.18426934074963283
0 0.5602574374999999 0.9925778046874999 0.5586057456116673 0.8810886180250727 0.32017664062499995 0.8846209015625002 0.32182833251333254 0.9961100882249274
0 0.549196796875 0.8755761890624999 0.5400686186319262 0.7566101463966479 0.489436353125 0.7604951234374999 0.49856453136807366 0.8794611661033519
0 0.48964965156249995 0.8716207921875 0.4892970580577588 0.7604998261450222 0.314852573379729 0.7610533489807747 0.3152051668844701 0.8721743150232525
0 0.5407587593750002 0.7520250578125001 0.5211594969152122 0.49659592748569104 0.29484562968750005 0.5139611546875 0.3144448921472879 0.769390285014309
0 0.8073740562499999 0.9889168171875001 0.8059246238690744 0.8910801770467598 0.6908531359374999 0.8927849406249999 0.6923025683184256 0.9906215807657401
0 0.6869282546875001 0.9907012000000002 0.6855965882206778 0.900813683859063 0.5710169531250001 0.9025111593750001 0.5723486195918224 0.9923986755159373
0 0.8025994859375001 0.8862043281249999 0.7831475200768852 0.6326921583786616 0.5547761640624999 0.6502150718749999 0.5742281299231147 0.9037272416213382
0 0.7576350656717403 0.11197557008353487 0.5191364530785352 0.11076148477956171 0.518285435844295 0.277937900633527 0.7567840484375001 0.2791519859375001
0 0.5232863218750001 0.5045583671875 0.5137671545510079 0.3804876514533512 0.4726751124999999 0.38364038593750005 0.4821942798239922 0.5077111016716488
0 0.5127636109375 0.37651435156250007 0.4840216434152277 0.0019454445337081128 0.4429313031250001 0.005098448437499997 0.4716732706472725 0.37966735546629193