0 0.9903250000000001 0.47776093750000015 0.9016373722275766 0.4772453630595351 0.90035625 0.6976203125000001 0.9890438777724235 0.6981358869404652
0 0.986675 0.2466609375000001 0.8829988226199454 0.24605768314394502 0.8820140625 0.41530000000000006 0.9856902398800547 0.4159032543560552
0 0.8705046875000001 0.24666093750000018 0.7643285867430333 0.2460438261731955 0.7633593750000001 0.4128000000000001 0.8695354757569669 0.41341711132680475
0 0.7480796875000001 0.2466546875000001 0.6406520705370387 0.246029956748876 0.639675 0.41404531250000004 0.7471026169629614 0.4146700432511242
0 0.6281765625000001 0.2429109375000001 0.5195005543970735 0.2422785909287482 0.5185156249999999 0.4115500000000001 0.6271916331029266 0.412182346571252
0 0.7186640625 0.4812453125 0.686594827881979 0.4810593908765319 0.6862703125 0.5370343750000001 0.7183395471180211 0.5372202966234683
0 0.7202296875 0.5421609375 0.6351859375 0.5421609375 0.6351859375 0.610140625 0.7202296875 0.610140625
0 0.717875 0.6171953125 0.6342578125 0.6171953125 0.6342578125 0.659525 0.717875 0.659525
0 0.7188703125 0.6659359375 0.6327421875 0.6659359375 0.6327421875 0.699925 0.7188703125 0.699925
0 0.6259500000000001 0.5440843750000001 0.511163264447268 0.5434162006552393 0.5102671875529421 0.6973546784049856 0.6250539231056742 0.6980228527497463
0 0.4996312500000002 0.5421609375 0.3867647594593276 0.5415041489980569 0.3858578125 0.6973593750000001 0.4987243030406726 0.6980161635019433
0 0.678928125 0.4773890625 0.38679062500000005 0.4773890625 0.38679062500000005 0.5370296875 0.678928125 0.5370296875
0 0.8879578125 0.482525 0.8526886959970575 0.4823196180154917 0.85238125 0.5351156250000001 0.8876503665029425 0.5353210069845084
0 0.8462875000000001 0.4818843750000001 0.8180681466360946 0.4817198569147216 0.8177531249999997 0.5357546875000001 0.8459724783639052 0.5359192055852786
0 0.1569031250000001 0.241740625 0.03792589741992296 0.2410488328559392 0.03664687500000006 0.4610203125 0.1556241025800772 0.46171210464406076
0 0.2729453125000001 0.4108703125 0.16351406250000006 0.4108703125 0.16351406250000006 0.45904999999999996 0.2729453125000001 0.45904999999999996
0 0.2739015625000001 0.24567500000000003 0.1686848258535369 0.2450616162376829 0.16776406255310075 0.4030046783913773 0.2729807991995639 0.40361806215369445
0 0.5079359375 0.24468593750000003 0.28052343750000003 0.24468593749999998 0.2805234375000001 0.4600359375 0.5079359375 0.4600359375
0 0.14602187500000008 0.5918046875 0.035292187500000086 0.5918046875 0.035292187500000086 0.6950546875 0.14602187500000008 0.6950546875
0 0.1378359375000001 0.47773437500000016 0.03458786161783265 0.47713438618131443 0.033984375000000074 0.580984375 0.13723245088216754 0.5815843638186857
0 0.37676406250000005 0.4806859375 0.15130000000000005 0.4806859375 0.15130000000000007 0.6979953125 0.37676406250000005 0.6979953125
0 0.8877107672086133 0.48107673699511844 0.7293376134929431 0.47884710715179074 0.7262421875 0.69871875 0.8846153412156703 0.7009483798433278
0 0.6297671874999999 0.4223703125 0.5148906249999999 0.4223703125 0.5148906249999999 0.46147031250000003 0.6297671874999999 0.46147031250000003
0 0.988296875 0.4217093750000001 0.6361687500000001 0.421709375 0.6361687500000001 0.4608093750000001 0.988296875 0.4608093750000002