0 0.07333605625000005 0.44798980781250003 5.511737184914749e-17 0.44798980781250003 6.980102464801362e-17 0.68779205625 0.07333605625000007 0.68779205625
0 0.09924998750000003 0.198828859375 2.469371146783753e-17 0.198828859375 3.6105639496957667e-17 0.3851997875 0.09924998750000004 0.3851997875
0 0.22661364687500005 0.1916127890625 0.11280557805961286 0.18956399846907074 0.10944355000000001 0.3763209671875 0.2232516188153872 0.3783697577809293
0 0.35935218750000014 0.184087309375 0.24420614025320778 0.18201302025696547 0.24081583437500004 0.37021259062500006 0.3559618816217924 0.3722868797430346
0 0.4894761375000001 0.17270401406250008 0.3729884610389444 0.17060739754882787 0.3695752546875001 0.3602445937500001 0.48606293114855575 0.3623412102636723
0 0.30404202031250005 0.4386552328125 0.26966821227274973 0.4380357326575515 0.26854311685946697 0.5004631807439883 0.3029169248992173 0.5010826808989368
0 0.3613493680492388 0.5735614542820353 0.35723680156250004 0.5009316421875001 0.26095801476326125 0.5063833004054649 0.26507058125 0.5790131125000001
0 0.3590344987821107 0.6266227254181418 0.35647319218750007 0.5813985828125 0.2636164465303893 0.5866576011443583 0.26617775312499997 0.63188174375
0 0.3589644602745432 0.6699270132997996 0.3569066593364312 0.633612263932865 0.261964384999388 0.6389922350080652 0.2640221859375 0.6753069843749999
0 0.49072557812500006 0.4954332593750001 0.3676897457156785 0.49321822823673384 0.36456373959292854 0.6668549590188608 0.48759957200225024 0.6690699901571271
0 0.6242881937500001 0.48580425000000016 0.5033107702719528 0.4836245973751785 0.5001477762058257 0.6591804947869142 0.621125199683873 0.6613601474117358
0 0.6291499535539243 0.48002911556351513 0.625540268671762 0.41631214236896935 0.30760781355533784 0.4343236064929541 0.3112174984375 0.49804057968749993
0 0.12574620937500008 0.45012788906249995 0.08794247898149762 0.4494474747838007 0.08687607500000007 0.5086967437500001 0.12467980539350251 0.5093771580286994
0 0.1629217984375001 0.4473373109375 0.13267451841558792 0.44679243054392853 0.13159264218750005 0.5068493046875 0.16183992220941223 0.5073941850810715
0 0.9935713218750001 0.14289379531250015 0.8789611727311183 0.13949793954869066 0.8716993151119592 0.3845856707954963 0.986309464255841 0.38798152655930573
0 0.8698646466255899 0.3828134258359174 0.8669484772629998 0.3313393690417101 0.7459527337624098 0.3381941635182928 0.7488689031249999 0.3896682203125001
0 0.8659265843749999 0.1543414750000001 0.7531485066364529 0.15231084021225155 0.7499574203124999 0.3295384656250001 0.8627354980510468 0.3315691004127486
0 0.7576036917635743 0.39022984520320037 0.7445694537933913 0.1601532861640645 0.48464298077981705 0.1748785737733641 0.49767721875 0.40495513281249995
0 0.982435575 0.5187252953125002 0.8816553189476333 0.5157392126520355 0.8781160900000581 0.6351881496446502 0.9788963460524249 0.6381742323051149
0 0.9860642171875001 0.39625860781250016 0.8933363457213238 0.39351111516970294 0.8898177315836332 0.5122643356211627 0.9825456030498095 0.5150118282639599
0 0.8903691641414113 0.6377548008201587 0.8772162419715814 0.4055865967333225 0.6192367497051702 0.4202017943506638 0.6323896718750002 0.6523699984375
0 0.2579970171875 0.441377890625 0.08808577327928754 0.4398703474517475 0.08589990000000007 0.6862344015625 0.2558111439082126 0.6877419447357525
0 0.4919550867973655 0.40681624183287896 0.4895881601595877 0.3650410863137657 0.3634167546122222 0.3721897960433867 0.36578368124999994 0.4139649515625
0 0.36180645034761116 0.41348190417641817 0.3594400202660326 0.3717083632422307 -0.0023664300815785743 0.3922043434408125 0 0.43397788437499996