0 0.9440501859375001 0.25622070781250006 0.8163106060165392 0.2561624959901866 0.8162251044540391 0.4437864741151866 0.9439646843749999 0.44384468593750015
0 0.9442379333684003 0.6131491406116728 0.81606505625 0.6130544953125 0.8158921093734776 0.8472668539426019 0.9440649864918779 0.8473614992417747
0 0.9443271375 0.45512806562500013 0.8739776955236069 0.4551253406250083 0.8739743271440432 0.5420844684755474 0.9443237691204363 0.5420871934755391
0 0.7695136854968105 0.49016615187532586 0.769455390625 0.373343325 0.5891368723156896 0.37343330437467415 0.5891951671875001 0.49025613125000006
0 0.7639498140625001 0.5096130796875002 0.6822676578125 0.5096130796875001 0.6822676578125 0.6400572203125001 0.7639498140625001 0.6400572203125001
0 0.7620594796875003 0.7493869203125001 0.6824220745757796 0.7492897770953698 0.6822992562500001 0.8499754765625 0.7619366613617207 0.8500726197796304
0 0.6748162241473957 0.8498586825318549 0.6745167281250001 0.6485885562500002 0.5832097977276044 0.6487244237181453 0.58350929375 0.8499945500000001
0 0.6746710031250001 0.50942506875 0.5858686906197953 0.5092571910980893 0.58562639375 0.63742506875 0.6744287062552049 0.6375929464019109
0 0.4051710031249999 0.8473351499999999 0.4050464687499999 0.7576049046875 0.35109675860528866 0.7576797801479526 0.35122129298028865 0.8474100254604526
0 0.45719888437500006 0.757787465625 0.41082156093750005 0.7576076296875 0.41047371120338355 0.8473135018898755 0.45685103464088356 0.8474933378273756
0 0.343834571875 0.8472588562500001 0.34377323437500007 0.6131416890624999 0.21551304700400914 0.6131752925753793 0.2155743845040091 0.8472924597628794
0 0.34750557656250003 0.38147683906249996 0.2175577899361114 0.38140329963249114 0.2174684015625 0.5393569484375 0.34741618818888864 0.5394304878675089
0 0.20819145 0.24796457812499995 0.1209181572129789 0.24782000275340774 0.1207285665879789 0.36226686837840777 0.20800185937500001 0.36241144375