0 0.752416313225923 0.9443802326279063 0.7434857234375001 0.8095016718750001 0.5304582633365771 0.8236066626845938 0.539388853125 0.9584852234374999
0 0.3734572063821107 0.9698474773233627 0.36453406406250005 0.8345049187500001 0.10157421861788936 0.8518418758016374 0.1104973609375 0.987184434375
0 0.5349409234728391 0.9591822754433954 0.5301460703124999 0.884880353125 0.43024167652716094 0.8913273854941046 0.4350365296875 0.9656293078125
0 0.6278107109375001 0.5766064656250001 0.504046502399945 0.5723384557944058 0.4970171546875001 0.7761762375 0.6207813632250552 0.7804442473305944
0 0.4855151002303789 0.7711021609585 0.4797257467681213 0.6848685837423905 0.3320895293502423 0.6947802477838905 0.33787888281249995 0.781013825
0 0.23032771837662627 0.7861896792104155 0.22482345685451413 0.7020906886988623 0.10930525097788786 0.7096513313634469 0.11480951250000002 0.793750321875
0 0.34214317708554676 0.6858713717837854 0.3355749223164148 0.5894933158289914 0.11194682648086804 0.6047337799827059 0.11851508124999999 0.7011118359374999
0 0.4896295659216606 0.6762347644730562 0.48355390802312304 0.5824467494631594 0.3383204717889624 0.5918550803026034 0.3443961296875 0.6856430953125001
0 0.2327865306612707 0.40739577575220337 0.22891122749764622 0.3504487701763609 0.12776854839887555 0.3573316350491575 0.13164385156250002 0.41427864062499997
0 0.22986878794198776 0.46292758780312626 0.2268127453125 0.4139264515625 0.12638642455801227 0.4201897168843738 0.12944246718750002 0.46919085312500003
0 0.3969740210130059 0.3314741137200339 0.3879111787216938 0.19606231937908516 0.12507723583368793 0.2136532728465513 0.134140078125 0.3490650671875
0 0.6432650657222262 0.31902444670129715 0.6341950109577666 0.18181170669723626 0.45250410461054036 0.1938218631209391 0.4615741593749999 0.33103460312499994
0 0.7859370211165733 0.16177811108821558 0.7799447073415864 0.06960861660437224 0.6489485659125134 0.0781252086411567 0.6549408796875001 0.17029470312500003