0 0.50316455625 0.7174721828124999 0.44335442968750005 0.7174721828124999 0.44335442968750016 0.7544878749999999 0.5031645562500001 0.7544878749999999
0 0.5553275312500001 0.717660484375 0.5113400011080743 0.7175385733277777 0.5112339886080742 0.7557896436402778 0.55522151875 0.7559115546875
0 0.5539034812499999 0.8771540656249999 0.5537974030200639 0.7617144897454293 0.4433544296874999 0.7618159765624999 0.4434605079174359 0.8772555524420703
0 0.4368670890625002 0.8016747499999999 0.3703053796875001 0.8016747499999999 0.3703053796875001 0.8772054203125 0.4368670890625002 0.8772054203125
0 0.28792246875000005 0.9171897296874999 0.28784110033580707 0.8431025674400455 0.20081599309105141 0.8431981453344699 0.20089736150524437 0.9172853075819243
0 0.2943891494040015 0.7304492738782173 0.1978700804490369 0.7303180164098098 0.1977325138575355 0.8314764456565925 0.2942515828125002 0.8316077031250002
0 0.7672436703125002 0.8831069906250001 0.7041487343750001 0.8831069906250001 0.7041487343750001 0.9215677609374999 0.7672436703125002 0.9215677609374999
0 0.9555696203125 0.7318944359375001 0.849928796875 0.7318944359375001 0.849928796875 0.8786233953125 0.9555696203125 0.8786233953125
0 0.6329320351559804 0.4391938974338564 0.6328670890625 0.40098002812500005 0.5362752445315196 0.40114419006614366 0.536340190625 0.43935805937500005
0 0.6344386279935371 0.3950769628057232 0.6343544296874998 0.29381027031249995 0.4954572557932505 0.29392575652486974 0.49554145409928785 0.39519244901809303
0 0.7467689875 0.2939229671875001 0.6409604437499999 0.2939229671875001 0.6409604437499999 0.4409272468750001 0.7467689875 0.4409272468750002