0 0.7888049640398012 0.46210323389169894 0.748364966111335 0.46120456716358527 0.7469026442590339 0.5270090426468865 0.7873426421875 0.5279077093750002
0 0.788505618879461 0.5361472886188028 0.7467149001001238 0.5353989794160947 0.7458433734081628 0.584071007984792 0.7876340921875 0.5848193171875
0 0.9247613459828108 0.46785556959128305 0.7967976218749999 0.46288249062500003 0.7921129533111005 0.5834250437820433 0.9200766774189114 0.5883981227483264
0 0.9254146563244376 0.387797011837274 0.842095875 0.38500283593750007 0.8396588889880622 0.4576706678502262 0.9229776703124998 0.4604648437500001
0 0.9722913960015758 0.20331035312255946 0.8913503141119359 0.2016006282048599 0.88932034467286 0.29770259226980056 0.9702614265625 0.29941231718750017
0 0.8803218125788813 0.1974960300450022 0.768633803125 0.1935926953125001 0.7649513842961186 0.298959530892498 0.87663939375 0.3028628656250001
0 0.9648583229583545 0.7538039841068707 0.9228392284207322 0.7529253700939438 0.921390672649878 0.8222015266120734 0.9634097671875003 0.8230801406250002
0 0.9145484275589698 0.9095270156838323 0.754267050700389 0.905965208002088 0.7521773890625002 1 0.912458765921081 1.0035618076817443
0 0.4423800452642751 0.5509061830470728 0.4006315546456382 0.5499074228227443 0.39809802031886315 0.6558099522756715 0.43984651093749993 0.6568087125
0 0.3951594188355575 0.5034729904972381 0.2845252725446728 0.5009223895720236 0.2809939052716154 0.6540979803247854 0.3916280515625 0.65664858125
0 0.44323648901174295 0.6657804138439033 0.2811366875000001 0.6597994875000001 0.27687526723825734 0.7752958736560969 0.43897506875000014 0.7812768000000001