0 0.3140271359374999 0.5617358281249999 0.3096742538508352 0.49644260013577285 0.2717087184385144 0.49897363595826577 0.27606160052517914 0.5642668639474928
0 0.3092270812499999 0.49160880625000003 0.30587968521135706 0.4425192734208874 0.2666567 0.4451938734375 0.2700040960386429 0.4942834062666126
0 0.27173235548546 0.44682147222356183 0.14159384375000003 0.442846175 0.13812168045204012 0.5565136918389382 0.2682601921875001 0.5604889890625
0 0.23432840521320047 0.5664026091957541 0.1495949484375001 0.5636563640625 0.14737521014378865 0.6321448236271755 0.23210866691948903 0.6348910687604297
0 0.20089099843749997 0.8080601656249999 0.19457712781745545 0.7112268335889373 0.1185707765625 0.7161827125 0.12488464718254451 0.8130160445360625
0 0.32033482027885557 0.7156405338083506 0.2064779609375001 0.7122669953125002 0.20353430062896555 0.8116154741011068 0.3173911599703211 0.8149890125969573
0 0.124832353125 0.28727386250000003 0.12053848006497499 0.2187907182242205 0.0810659734375 0.22126563281249995 0.08535984649752501 0.2897487770882795
0 0.27425626371273326 0.03297281189542024 0.11243557500000004 0.028178123437500018 0.10921371559811015 0.13691584684227937 0.27103440431084336 0.14171053530019959
0 0.6339711484375 0.47547537656250005 0.6274647716078253 0.37225845457881485 0.5882475906249999 0.37473054687499996 0.5947539674546746 0.4779474688586852
0 0.7473230890624999 0.5209523046875 0.7376026054261853 0.36794284261057036 0.6336853390624999 0.37454456562499994 0.6434058226988146 0.5275540277019295
0 0.740735814603234 0.2619048126390152 0.57862003125 0.25710138281250006 0.5753930580956661 0.36601174471410314 0.7375088414489 0.37081517454061824