0 0.8815314503441856 0.2722162667002163 0.8777406730073964 0.16843962511460786 0.7700599762898543 0.1723730106866374 0.7738507536266435 0.27614965227224586
0 0.5176913726383736 0.9899419174580576 0.516014634389735 0.9440608505850753 0.408739818683466 0.9479812430011523 0.41041655693210455 0.9938623098741346
0 0.5011859624999999 0.07007992656250002 0.5006353348716865 0.022179678668679318 0.3944388375 0.023400439062500004 0.39498946512831346 0.0713006869563207
0 0.5007688134361625 0.08091446784368364 0.39431794843750007 0.08075657812500005 0.3942970365638376 0.09485557746881647 0.5007479015625 0.09501346718750006
0 0.3997799379431249 0.99725653834355 0.38432903796351847 -0.0007757639521884178 0.3342194984375 0 0.3496703984171064 0.9980323022957384
0 0.5159519418098959 0.9343164931322387 0.5154395625 0.9202868046874999 0.407470980065104 0.9242299334302612 0.407983359375 0.9382596218750001
0 0.516444571517926 0.9145669522360829 0.5146437186799959 0.8612632242002951 0.39963977059956995 0.8651486032142122 0.40144062343750003 0.9184523312499999
0 0.45373188524853203 0.8650457163834417 0.4532987063964936 0.8531990676392122 0.4002623789604615 0.8551383684432702 0.4006955578125 0.8669850171874998
0 0.4532113465049135 0.8474324482233312 0.45189062343749986 0.811282465625 0.3994712613075863 0.8131975830266688 0.40079198437499997 0.849347565625
0 0.49184129724176795 0.8570349601627754 0.4911789952534205 0.8389031593200846 0.45802661363665254 0.8401141194698092 0.45868891562499997 0.8582459203124999
0 0.515062122345302 0.8560637633432007 0.5144694500000001 0.8089356375000001 0.45727574683231065 0.8096548922037767 0.4578684191776127 0.8567830180469773
0 0.515013783113125 0.7997532637230504 0.506833541697305 0.3376364936396359 0.3895753953124999 0.339712159375 0.39775563672831993 0.8018289294584144
0 0.34786812254925753 0.5084754488557017 0.34587762187500004 0.4539891734374999 0.2693718149507425 0.45678409489429816 0.271362315625 0.5112703703125
0 0.34809087916836284 0.5696568737801259 0.346110359375 0.5154310015625001 0.2706653223941371 0.5181865199698742 0.27264584218749993 0.5724123921875
0 0.34417825625000004 0.32976995625 0.34142017500000005 0.1562453125 0.26466550126882543 0.15746528691915404 0.2674235825188254 0.33098993066915405
0 0.34064878113747604 0.15348711735726114 0.33985752343750003 0.0990205515625 0.2636489366327638 0.10012766434322429 0.2644401943327398 0.15459423013798543
0 0.8932919090037943 0.9866134425299024 0.891743409372918 0.9442220155680003 0.7845679472441237 0.9481369855380981 0.786116446875 0.9905284125000001
0 0.8907873218749998 0.932904934375 0.8887694005303046 0.8136717800184201 0.7776148281250002 0.8155529781249997 0.7796327494696953 0.9347861324815797
0 0.3540108164867727 0.9163508652910777 0.35219799374999994 0.8667182468749999 0.2764875788257272 0.8694835565839222 0.2783004015625 0.9191161749999999
0 0.8772839812499997 0.06357991562500001 0.8760411071098503 0.018913340917636277 0.7655693218749999 0.021987284375 0.7668121960151495 0.06665385908236374
0 0.75782966875 0.206230134375 0.7532181111354173 -0.0026284530306981664 0.634174821875 0 0.6387863794895827 0.2088585874056982
0 0.6757571777933938 0.3915911782505958 0.6743072640625001 0.34265659218750005 0.6418548518941063 0.34361814518690426 0.643304765625 0.39255273125
0 0.731558216141424 0.3902175759126788 0.7297804203125 0.3415164968750001 0.6784235244835761 0.34339124127482135 0.6802013203125001 0.3920923203125001
0 0.7630202031249999 0.38949589531249995 0.7592004156249998 0.216433759375 0.7320633606070122 0.21703272218672653 0.735883148107012 0.39009485812422645
0 0.7266790821209113 0.20517509667036865 0.7256278281249998 0.1764026296875 0.6391663319415886 0.1795616564546314 0.6402175859374999 0.20833412343750007
0 0.7297212813388014 0.33504649536293224 0.7277261205579312 0.28044663482280036 0.6397796251566297 0.28366033164736815 0.6417747859375 0.33826019218750003
0 0.7282574167205833 0.2742080851621382 0.726215268693002 0.218300826564582 0.6385783910349188 0.22150197577744385 0.6406205390625 0.27740923437500004
0 0.8137939557036189 0.30444003085771 0.8130971499999997 0.28537491562499995 0.7706016021088808 0.28692807382978996 0.7712984078124999 0.30599318906249995
0 0.8818655281250001 0.38740725156250005 0.8794697389812779 0.28495032066263287 0.7711101811687779 0.2874841331626329 0.7735059703125 0.38994106406250006
0 0.8795794645854385 0.15813168626986607 0.8765461015625 0.07508965312500002 0.7638642791645615 0.07920569966763395 0.7668976421875 0.1622477328125
0 0.8860506464390439 0.5619402836452967 0.8812210828125 0.39894252812499986 0.771192114498456 0.40220264604220324 0.776021678125 0.5652004015625
0 0.7764418203125001 0.9944680578125 0.7731835321766934 0.8155900237677939 0.7303434957977833 0.8163703609568532 0.73360178393359 0.9952483950015594
0 0.6288383361109064 0.1891831238163167 0.626687140625 0.116580278125 0.6002342732640937 0.11736406680868332 0.6023854687500001 0.1899669125
0 0.49928469297358663 0.01199079086918863 0.4989042808932213 -0.0008480840969486092 0.47028151448213473 3.3862759818426014e-11 0.4706619265625 0.012838875
0 0.46599185084990563 0.012974763703163522 0.46558868788049856 -0.0006320097204281422 0.4442583229680929 1.3908335594337017e-11 0.4446614859375 0.0136067734375
0 0.4412704027441288 0.013118422710548356 0.4408409743159921 -0.0013747522341733861 0.39444319500936326 5.5278258359603425e-11 0.39487262343749996 0.014493175
0 0.5066084703125 0.3278043640625 0.5012965630127914 0.09596389422617997 0.38484535916109813 0.0986320133868959 0.39015726646080673 0.33047248322321593
0 0.33213499062499996 0.0943984078125 0.33039995464893246 -0.001261455963470807 0.26085055781249994 0 0.26258559378856744 0.09565986377597081
0 0.34661355781250003 0.44866962031249996 0.34422059062500004 0.3331462578125 0.267605527166723 0.33473327301839734 0.26999849435422296 0.4502566355183973
0 0.34695655312499996 0.9976494296875 0.34477406093749996 0.9239903390625 0.2779107327633953 0.9259714752689346 0.2800932249508953 0.9996305658939345
0 0.35253835155769064 0.8612581130512369 0.3509292798661369 0.8172307707628101 0.27447401580844627 0.8200249889615732 0.27608308749999994 0.8640523312499999
0 0.35164391406250006 0.8129623031250002 0.35066912656250004 0.69431236875 0.2733492690061258 0.6949476023979978 0.2743240565061258 0.813597536772998
0 0.3502373859375 0.6892427734374998 0.3482978853211881 0.5760712332391393 0.2715377109375 0.5773867265624999 0.2734772115538119 0.6905582667608605
0 0.7673158251688246 0.5637449591960437 0.7635526878809629 0.39881586256055346 0.6436948017746383 0.4015506236770097 0.6474579390625 0.5664797203124999
0 0.7955425281250001 0.8057205 0.7927336213365781 0.6986215544622282 0.700602364783584 0.7010379004930701 0.703411271572006 0.808136846030842
0 0.8877337631687074 0.8045339153732449 0.886672740625 0.6967786968749999 0.8035406509673381 0.6975972653161537 0.8046016735110456 0.8053524838143986
0 0.8865290442373371 0.6866891706499955 0.8857143234375 0.6643730906249999 0.8574995120126626 0.6654031637250044 0.8583142328124997 0.6877192437499999
0 0.7244132076188128 0.688663244190076 0.7224288992317635 0.5744852869681383 0.6457551671874999 0.5758178062499999 0.6477394755745493 0.6899957634719376
0 0.8852805527348441 0.6871853188577572 0.8833182887480293 0.5712003791823851 0.73140736875 0.5737704484375 0.7333696327368148 0.6897553881128722
0 0.6928858203125 0.8051449625 0.6911905828146983 0.6990493890005197 0.6476260046875 0.6997454812499999 0.6493212421853017 0.8058410547494802
0 0.7293577620766494 0.9179848886657485 0.7274235953125 0.8161380984374998 0.6504004347983506 0.8176008410217517 0.6523346015625 0.9194476312500003
0 0.7266016578124999 0.9948372437499998 0.7245140124999999 0.9243792015624999 0.6511077898743178 0.9265542003534829 0.6531954351868179 0.9970122425409829
0 0.875364298485638 0.007938211264925249 0.8750313273208621 -0.003299563709822123 0.763671069460224 2.5252624991090043e-11 0.7640040406249999 0.011237774999999997