0 0.7495971533583413 0.7370930316601007 0.6556133809526832 0.7322197996673572 0.650553331313976 0.8298064842975427 0.7445371037196341 0.8346797162902861
0 0.07834670838040571 0.34853274449565136 0.03679598776022416 0.34637826217731427 0.031756392381989795 0.4435704358227196 0.07330711300217134 0.44572491814105664
0 0.027906735231460467 0.3456374468507605 4.163336342344337e-17 0.34419043125000004 -0.0020614082789230962 0.3839461705893796 0.02584532695253733 0.38539318619014
0 0.9416979931035699 0.7053873669995474 0.9229012394112747 0.7044127200639585 0.9213564725214299 0.7342046392504527 0.9401532262137252 0.7351792861860414
0 0.9141031875 0.40996309218750016 0.8709228805030472 0.40567478099251203 0.8613185645957424 0.502383552934677 0.9044988715926952 0.506671864129665
0 0.8623373296875002 0.4052432734375001 0.8496129196511187 0.4040975237286363 0.8409600906250002 0.5001936812500001 0.8536845006613817 0.5013394309588639
0 0.9578732765625 0.3586940937500001 0.001510581746219844 0.2892482735366795 -0.0017793999133982718 0.33455576239955853 0.9545832949028819 0.40400158261287916
0 0.023503544557809692 0.39006918977922755 4.718447854656915e-17 0.3886763875 -0.0012734226828095968 0.4101654008457724 0.022230121875000047 0.4115582031249999
0 0.022012202188636636 0.41588336585817637 5.2735593669694933e-17 0.41474199218749985 -0.0013066943761365275 0.4399425216418235 0.020705507812500055 0.44108389531250003
0 0.09988679173933365 0.34930925441242605 0.08718097812500002 0.34865043437500004 0.08210939888566642 0.44645945183757385 0.09481521250000005 0.44711827187499986
0 0.15384792277081863 0.34697128793516857 0.10558542031250004 0.34433526718750007 0.09989565535418148 0.4485083073773315 0.14815815781250005 0.4511443281250001
0 0.16283141697550754 0.3483560257534837 0.15210420781250006 0.3477998 0.14961285177449254 0.3958473726840164 0.16034006093750003 0.39640359843750006
0 0.20075542046319067 0.3510021731208234 0.16801661875000007 0.3493046062500001 0.16555367328680942 0.39680428625417674 0.19829247500000005 0.3985018531250001
0 0.17177767677348993 0.40171640729764774 0.15535683281250004 0.40086495624999996 0.15379925603901015 0.4309039411398522 0.17022010000000004 0.4317553921875
0 0.1993024512371116 0.403491285339581 0.1567177291593444 0.4002839823298219 0.15282374042223285 0.4519861219902409 0.19540846250000005 0.45519342500000004
0 0.6289594000000001 0.3801447718750001 0.21101912812500007 0.35229412812500005 0.20395124923528596 0.45835814773125005 0.621891521110286 0.4862087914812501
0 0.5328898034988983 0.26217698839322745 0.4835465421875 0.25961844843750004 0.4799518386886018 0.3289448600442727 0.5292951000000001 0.33150340000000006
0 0.4773575293743472 0.2584086052119877 0.42824853593749984 0.2558622125 0.42470364093815266 0.32422803228801234 0.47381263437500004 0.32677442500000004
0 0.8028598123594008 0.28196581762943584 0.6459087174592488 0.2719377097226831 0.641471501974848 0.3413850905307474 0.7984225968750001 0.35141319843750013
0 0.8552467312500001 0.28570026875000015 0.8060410812500003 0.2824161625000001 0.8014404185993518 0.35134773137231556 0.8506460685993517 0.3546318376223156
0 0.04815807854777644 0.687858544968842 0.00976679687500009 0.6858678859375 0.004731819889723754 0.7829710144061581 0.043123101562500106 0.7849616734375
0 0.16839711718750014 0.6922573953125001 0.06104980409525992 0.6841326460307233 0.053414885937500114 0.7850081218750001 0.16076219902974032 0.7931328711567769
0 0.1597783109184081 0.23542828295097581 0.1148307203125 0.23309766718749997 0.11127347189409194 0.30170174517402415 0.15622106250000004 0.30403236093749997
0 0.885705590625 0.74517303125 0.8452979835214087 0.7425488102640002 0.838795776514926 0.8426694279352569 0.8792033836185172 0.8452936489212567
0 0.9363361468750002 0.6295473171875001 0.7267555509440382 0.6163419073533055 0.7199650792564845 0.7241122167036951 0.9295456751874465 0.7373176265378897
0 0.6052786469215452 0.6076166313046361 0.5609730890625001 0.6049911156250001 0.559232171828455 0.6343690811953642 0.6035377296875002 0.6369945968750002
0 0.6025430004034706 0.6406291811523029 0.5584390875000002 0.6383423125000002 0.5560256933465297 0.6848863610351973 0.6001296062500001 0.6871732296875
0 0.7123308220570174 0.6992482525950814 0.5558055719059543 0.6887794057956832 0.55416363125 0.7133289265625 0.710688881401063 0.7237977733618981
0 0.7535711823622507 0.6183634796138532 0.7275137359375001 0.617012353125 0.7234520129502494 0.6953456031986468 0.749509459375 0.6966967296875
0 0.6595532053588306 0.6105380542661007 0.6101070562500002 0.6079741796875002 0.6059750071411696 0.6876636926088995 0.6554211562500001 0.6902275671875001
0 0.7157605624759322 0.6144489080091025 0.6651288328125002 0.6118235593750001 0.6610112625240682 0.6912338529283979 0.7116429921875003 0.6938592015625001
0 0.6461435998362212 0.7284110314586045 0.6288790781250001 0.727515834375 0.626882653288779 0.7660183279163956 0.644147175 0.7669135250000001
0 0.6460964125496182 0.7293245025192491 0.5529222703125001 0.7227607484374999 0.5460181929498066 0.8207658653562403 0.6391923351869248 0.8273296194379893
0 0.8341930034927755 0.7389969465518618 0.7589869906250002 0.735097375 0.7536924402572248 0.8372065471981385 0.8288984531250001 0.8411061187500002
0 0.5420856489307515 0.7196886665793439 0.3945146515625 0.7109437187500001 0.38861212450674854 0.8105488646706561 0.5361831218750001 0.8192938125000001
0 0.17132361063707546 0.6485234790409331 7.771561172376095e-17 0.6379815171875001 -0.002385291907573034 0.6767462962400577 0.16893831872950232 0.6872882580934907
0 0.812840402108417 0.5882245669749215 0.74711925625 0.58432998125 0.7457001869540829 0.6082767799000786 0.8114213328125001 0.612171365625
0 0.946198799992454 0.481332599911688 0.917542265625 0.4796344359375002 0.9160067921950461 0.5055455657133124 0.9446633265625002 0.5072437296875002
0 0.9490593196232737 0.4578822891093514 0.9189293843750003 0.45609681250000006 0.9177851131892266 0.4754063999531488 0.9479150484375001 0.4771918765625002
0 0.9519442175588937 0.41261779925444786 0.9221100078125 0.41107084062500004 0.9199197402536063 0.4533117257455522 0.9497539500000001 0.454858684375
0 0.8469358874999999 0.3955981484375001 0.6374806726713083 0.3814248503023132 0.6303520984375 0.4867720343750001 0.8398073132661917 0.5009453325101869
0 0.9617463796875001 0.2922018156250001 0.8589291298087112 0.28570891077265176 0.8549459469962111 0.3487838998351518 0.957763196875 0.3552768046875001
0 0.643042334375 0.27040642343750015 0.5385491561588756 0.2635766039759705 0.5340186358463755 0.3328915352259704 0.6385118140625 0.3397213546875001
0 0.1087026737772687 0.23219648357296915 0.006320557812500027 0.2261293953125 0.002733660597731366 0.2866582867395309 0.10511577656250004 0.29272537500000007
0 0.20458708023680533 0.2375895164571072 0.1647142171875 0.23552203437500002 0.1611221557006947 0.30479749604289286 0.20099501874999998 0.306864978125
0 0.3166258671875001 0.24657002968750005 0.2093416263225659 0.23943442072413865 0.2046897622600659 0.3093754316616387 0.3119740031250001 0.31651104062500013
0 0.42384858125 0.2544619078125001 0.32173662131507896 0.24690668903005894 0.31658531406250007 0.3165287734375001 0.4186972739974212 0.3240839922199412
0 0.552804640625 0.6048578171875001 0.40364027187500007 0.5947598453125 0.39630024812705644 0.7031845886693963 0.5454646168770564 0.7132825605443962
0 0.27790423390225616 0.633236943611515 0.18221172098836605 0.6259167985189088 0.17583818593750009 0.7092347625000002 0.27153069885139025 0.7165549075926062
0 0.2718639896742613 0.7250641214101906 0.1744340959669386 0.7186253066654477 0.1694637062926774 0.793835505567757 0.26689360000000006 0.8002743203125
0 0.29754682567751345 0.7764452902229128 0.27733813906250004 0.7753974328125001 0.27601236338498664 0.8009659738395873 0.2962210500000001 0.8020138312500003
0 0.39534706875000014 0.5924717531250001 0.29215175653293096 0.5846870782425471 0.286922901845431 0.6540018923050469 0.39011821406250013 0.6617865671875
0 0.3903476671875001 0.66997235 0.2854632437500001 0.6627761249999999 0.27603653710391535 0.8001696461154515 0.38092096054141533 0.8073658711154514
0 0.2833287265625001 0.584198875 0.18712725328435562 0.5778389886360994 0.18452226204379038 0.6172428365792794 0.28072373532193484 0.6236027229431799
0 0.17697732850324932 0.5775817213355539 0.08462683906250008 0.57078919375 0.0795046651633859 0.6404297304465114 0.17185515460413514 0.6472222580320652
0 0.07834323544456158 0.5691122020265966 7.216449660063518e-17 0.5644696406249999 -0.003937891706629254 0.6309215731770481 0.07440534373793226 0.6355641345786448
0 0.9263375916252826 0.7462210532585124 0.8955346578125001 0.7446238640625001 0.8902933739997174 0.8457057639289877 0.9210963078125 0.847302953125