0 0.7802734375000001 0.6872843750000002 0.6875 0.6872843750000001 0.6875000000000001 0.7829875000000002 0.7802734375000002 0.7829875000000002
0 0.09960937500000004 0.343534375 0.05859375000000004 0.343534375 0.05859375000000004 0.43923750000000006 0.09960937500000004 0.43923750000000006
0 0.04980468750000004 0.343534375 0.019531250000000045 0.343534375 0.019531250000000045 0.382596875 0.04980468750000004 0.382596875
0 0.9677734375 0.6443156250000002 0.94921875 0.6443156250000002 0.94921875 0.6736125000000002 0.9677734375 0.6736125000000002
0 0.9255265625 0.3549578125000001 0.8828124786854221 0.3529424672318654 0.8782799150431215 0.4490075466866263 0.9209939988576993 0.45102289195476103
0 0.8743234375000002 0.35333125000000015 0.8617415950509004 0.35285327987050674 0.8581250000000002 0.44805468750000016 0.8707068424491 0.4485326576294935
0 0.966 0.30193124999999993 0.02023131834202447 0.2893476403077899 0.019635241338424342 0.334148057330461 0.9654039229963999 0.346731667022671
0 0.047581250000000054 0.38732968749999996 0.01865781250000005 0.38732968749999996 0.01865781250000005 0.408559375 0.04758125000000006 0.408559375
0 0.04758750000000005 0.41299062500000006 0.01842968750000005 0.41299062500000006 0.018429687500000052 0.43771562499999994 0.04758750000000005 0.43771562499999994
0 0.12085468750000003 0.3428390625 0.10831250000000003 0.3428390625 0.10831250000000003 0.4393328125 0.12085468750000003 0.4393328125
0 0.1738577565761989 0.33764858016585436 0.12621093750000006 0.33751718750000004 0.12592818092380126 0.44005298233414586 0.1735750000000001 0.4401843750000002
0 0.18277343750000002 0.33821406249999997 0.17218437500000003 0.33821406249999997 0.17218437500000003 0.3855828125 0.18277343750000002 0.3855828125
0 0.22024375000000002 0.3387671875 0.18792656250000003 0.3387671875 0.18792656250000003 0.385434375 0.22024375000000007 0.385434375
0 0.19430468750000005 0.390265625 0.17809531250000005 0.390265625 0.17809531250000005 0.419809375 0.19430468750000005 0.419809375
0 0.22111625713551888 0.39028140426999425 0.17915202002586422 0.3896102250611319 0.17833420039034542 0.44074288329113764 0.22029843750000005 0.4414140625
0 0.6432874999999999 0.3422375 0.23003673046858175 0.33919878790526925 0.22926585572849018 0.44403418185640825 0.6425166252599084 0.4470728939511389
0 0.5426875 0.23206562500000008 0.4939796875 0.23206562500000008 0.4939796875 0.3001656250000001 0.5426875 0.3001656250000001
0 0.48782500000000006 0.2315937500000001 0.43934843749999997 0.2315937500000001 0.43934843749999997 0.2987468750000001 0.48782500000000006 0.2987468750000001
0 0.8091265625000001 0.23543593750000008 0.6541098729862911 0.23436656480408558 0.653636435486291 0.30299625230408556 0.8086531250000002 0.3040656250000001
0 0.8612406249999998 0.23605781250000007 0.8126454312903386 0.2350268601323609 0.8111939161397765 0.30344579211037126 0.8597891098494378 0.30447674447801043
0 0.03854062500000009 0.7269281249999999 0.008612500000000089 0.7269281249999999 0.008612500000000089 0.7435140625 0.03854062500000009 0.7435140625
0 0.038114062500000094 0.7478171875 0.007535937500000092 0.7478171875 0.007535937500000094 0.774515625 0.0381140625000001 0.774515625
0 0.03919218750000008 0.6786921875 0.009690625000000083 0.6786921875 0.009690625000000086 0.7230515625 0.039192187500000086 0.7230515625
0 0.08721093750000009 0.6793375 0.049314062500000075 0.6793375 0.04931406250000009 0.774946875 0.08721093750000009 0.774946875
0 0.20580781250000016 0.6763734375000001 0.0997308535444783 0.6738564136606435 0.0973453125000001 0.7743921875 0.20342227145552197 0.7769092113393568
0 0.17400312500000004 0.2274671875 0.12963437500000002 0.2274671875 0.12963437500000002 0.29488593750000003 0.17400312500000004 0.29488593750000003
0 0.9146812500000001 0.6866203125000001 0.8747708506863802 0.6860998134807474 0.8734766353055378 0.7853366049763663 0.9133870346191577 0.7858571039956189
0 0.9586234375000002 0.5698359375000002 0.7506656798139084 0.5694043193035772 0.7504447022134461 0.6758734317549401 0.9584024598995379 0.676305049951363
0 0.6313718749999999 0.567559375 0.587834375 0.567559375 0.587834375 0.5965828125 0.6313718749999999 0.5965828125
0 0.630578125 0.600540625 0.5870421875 0.600540625 0.5870421875 0.6461812499999999 0.630578125 0.6461812499999999
0 0.741474929470476 0.6515217126972674 0.5868452875670658 0.650346960932003 0.5866609375000001 0.6746125000000001 0.7412905794034104 0.6757872517652646
0 0.778125 0.5696781250000001 0.7524031250000001 0.5696781250000001 0.7524031250000001 0.6468421875000001 0.778125 0.6468421875000001
0 0.6851671875 0.5676296875 0.6363578125 0.5676296875 0.6363578125 0.6459625 0.6851671875 0.6459625
0 0.7407015625 0.5682093750000001 0.690721875 0.568209375 0.690721875 0.6462578125000001 0.7407015625 0.6462578125000003
0 0.6779828125 0.6842203125 0.6609406250000001 0.6842203125 0.6609406250000001 0.722115625 0.6779828125 0.722115625
0 0.6772727215815264 0.6849885386119132 0.5857284345577904 0.6839681738029145 0.5846484375000001 0.7808625 0.676192724523736 0.7818828648089988
0 0.8636531250000001 0.6840937500000002 0.789415625 0.6840937500000002 0.7894156250000001 0.7843781250000001 0.8636531250000001 0.7843781250000001
0 0.5743687500000001 0.6815781249999999 0.42936874999999997 0.6815781249999999 0.4293687500000001 0.77998125 0.5743687500000002 0.77998125
0 0.20639651323794253 0.6331476291480029 0.011492755974796678 0.6327059786609155 0.0114059622232407 0.6710087288668123 0.20630971948638654 0.6714503793538997
0 0.8347609374999999 0.5363593750000002 0.7700359375 0.5363593750000002 0.7700359375 0.5600171875000002 0.8347609374999999 0.5600171875000002
0 0.960578125 0.4233468750000002 0.93246875 0.4233468750000002 0.93246875 0.44894531250000014 0.960578125 0.44894531250000014
0 0.9622453125 0.4000937500000002 0.9326328125 0.4000937500000002 0.9326328125 0.4191703125000002 0.9622453125 0.4191703125000002
0 0.9629156249999999 0.35558125000000007 0.933465625 0.35558125000000007 0.933465625 0.39707656250000006 0.9629156249999999 0.39707656250000006
0 0.85866875 0.3447343750000001 0.6509740783906308 0.3429941466494752 0.6501015625 0.44712812500000004 0.8577962341093691 0.448868353350525
0 0.9664187500000002 0.23624531250000014 0.8648747274633461 0.23510233766623312 0.864173164963346 0.29743046266623313 0.9657171875000001 0.29857343750000015
0 0.6515500000000001 0.23338125000000004 0.5478256840550204 0.23275294721841622 0.5474107125720398 0.30125914275097976 0.6511350285170194 0.30188744553256364
0 0.12311406250000005 0.22693750000000001 0.022453125000000025 0.22693750000000001 0.02245312500000003 0.2867359375 0.12311406250000005 0.2867359375
0 0.2182265625 0.22694375 0.17886718750000002 0.22694375 0.17886718750000002 0.2950625 0.2182265625 0.2950625
0 0.32898437500000005 0.22895781249999997 0.2230128813376452 0.2274104337132211 0.22200350633764515 0.29653699621322116 0.327975 0.29808437500000007
0 0.4349453125 0.23047187500000005 0.3326860844080241 0.23021409066140866 0.33251308764811427 0.2988393424026889 0.4347723157400901 0.2990971267412803
0 0.5797859375000001 0.5679046875 0.43208084439057526 0.5666627575557105 0.4311796875000001 0.6738390625 0.5788847806094248 0.6750809924442895
0 0.3105421875000002 0.6118796874999999 0.2154148547414257 0.6102464299389139 0.2140000000000001 0.692653125 0.30912733275857457 0.6942863825610861
0 0.3087948515543363 0.7026309282325999 0.21256303616242228 0.7019761602985685 0.21205724710808607 0.7763124195659687 0.3082890625000001 0.7769671875000002
0 0.3372500000000001 0.7518671875 0.3173015625000001 0.7518671875 0.3173015625000001 0.77696875 0.3372500000000001 0.77696875
0 0.424140625 0.564896875 0.32216766405372554 0.562502597855506 0.32054757894709013 0.6315024944165566 0.4225205398933646 0.6338967715610504
0 0.4231750000000002 0.6414859375 0.3195868689528437 0.6390307058320431 0.3163483527398224 0.77566622021181 0.4199364837869788 0.7781214518797669
0 0.3134390625000001 0.5632875000000002 0.2181240055888976 0.5626367451164576 0.21785810506027836 0.6015827824939487 0.31317316197138084 0.6022335373774913
0 0.20789617609072758 0.5629703536575563 0.11713750000000007 0.561678125 0.11615698922023283 0.6305435380551806 0.20691566531096037 0.631835766712737
0 0.1103812500000001 0.56039375 0.012871875000000066 0.56039375 0.01287187500000007 0.62604375 0.1103812500000001 0.62604375
0 0.9547359375 0.6855062500000002 0.9243296875 0.6855062500000002 0.9243296875 0.7851000000000001 0.9547359375 0.7851000000000001