0 0.3112935828643987 0.19586151930545131 0.19756461984794682 0.18582418494069697 0.18895539322749932 0.2833718385642783 0.30268435624395124 0.2934091729290326
0 0.6970957094997463 0.9511766885017815 0.5903372697831106 0.9417547140519368 0.5865310438613202 0.9848822711030023 0.6932894835779558 0.994304245552847
0 0.6509927104939826 0.07174505760320318 0.5474168203125 0.06747706406250006 0.5455475254435175 0.11284120958429697 0.649123415625 0.11710920312500009
0 0.6515177338146854 0.12620572459760732 0.5502034578125 0.12110102031250007 0.5495314171658238 0.13443917033241237 0.6508456931680091 0.13954387461751963
0 0.7505792312038896 0.9999912407796844 0.7020834959970071 0.03651318793072018 0.654755968666773 0.038895373208959534 0.7032517038736554 1.0023734260579238
0 0.6933648805015966 0.9283360297143377 0.589011996875 0.91912558125 0.5878480291916389 0.9323131458596059 0.6922009128182355 0.9415235943239436
0 0.7014468797756623 0.8728668198011439 0.5860298390625002 0.8629971828125 0.581743228036838 0.9131254661363564 0.69716026875 0.9229951031250001
0 0.6955912048617916 0.862918596800047 0.6437783312500001 0.8583457125 0.6427955295132085 0.8694813063249531 0.694608403125 0.8740541906250001
0 0.6963998859824498 0.8232869374718035 0.6424609328125002 0.8185245 0.6394607425483786 0.8525043943535762 0.6933996957183283 0.8572668318253797
0 0.6404829644484368 0.8458377710260236 0.6068981171875001 0.842873828125 0.6053939886765634 0.8599173164739764 0.6389788359375002 0.862881259375
0 0.6393923311270304 0.8572432978706098 0.6369080984163504 0.8103468085342577 0.5828813828125 0.8132087484375001 0.5853656155231799 0.8601052377738523
0 0.6912646125 0.8120551 0.671264631094996 0.36129380446256854 0.5603409015624999 0.36621541718749995 0.5803408829675039 0.8169767127249316
0 0.7994283846081969 0.4907017650478078 0.7205135968749999 0.4837369515625 0.7159934200793032 0.5349527943271923 0.7949082078125 0.5419176078125001
0 0.8020605575375177 0.549069448468353 0.7241837078125001 0.5421951031250002 0.7196844051285759 0.5931659958402085 0.7975612548535935 0.6000403411835613
0 0.7857149015625 0.36991109999999994 0.778538835574246 0.19759049322902641 0.70589055 0.20061583593750001 0.7130666159882539 0.37293644270847354
0 0.7819426978571948 0.15148346605068289 0.7037505218750002 0.14623626093750008 0.7003061630803055 0.19756299644931735 0.7784983390625002 0.20281020156250013
0 0.28692923124999997 0.9999999999999998 0.286092544460267 0.9774094636051458 0.26852245625000004 0.9780602078125 0.26935914303973296 1.000650744207354
0 0.2647703296875001 0.975602128125 0.23554528125000007 0.975602128125 0.23554528125000007 1 0.2647703296875001 1
0 0.33809741093750006 0.9792912015624999 0.2902744562500001 0.9792912015624999 0.2902744562500001 1 0.33809741093750006 1
0 0.33991606158852095 0.9327895589089996 0.23315319375000013 0.9233673187500001 0.22963654153647925 0.9632143051535007 0.3363994093750001 0.9726365453125002
0 0.33863092187500005 0.919082884375 0.33284643628059063 0.7948227345489384 0.22773151249999996 0.7997159828124999 0.2335159980944094 0.9239761326385615
0 0.81826630461419 0.8830406555490052 0.7406495015625001 0.8761891718750002 0.7365312614607685 0.9228425167714397 0.8141480645124585 0.9296940004454447
0 0.2993137724505636 0.0523167951315038 0.189558878125 0.044056268750000016 0.18639165411193634 0.08613813143099625 0.2961465484375 0.09439865781250004
0 0.42529559212133067 0.2248977561318692 0.417200843785053 0.017911324471628232 0.3044521778085664 0.02232065733953719 0.31254692614484414 0.22930708899977814
0 0.4341571296875001 0.41062207500000003 0.4322997874506428 0.3604738125964834 0.4015542015625 0.36161253750000005 0.4034115437993572 0.4117607999035167
0 0.40312779971513113 0.3625903898236718 0.3487993109375 0.3577951515625 0.34475879123813735 0.4035729246754839 0.39908728001576843 0.4083681629366557
0 0.34606890625 0.4034727203125 0.3386050884307819 0.23616899218084808 0.31293132603083545 0.23731435987484412 0.3203951438500535 0.404618088006496
0 0.42780983317330834 0.20842332333696026 0.34228626718750005 0.2008731140625001 0.3398986466758983 0.2279184333311693 0.42542221266170654 0.23546864260562944
0 0.4367008438008247 0.3077085191773208 0.3468827359375 0.2997823546875001 0.3423536655741755 0.35110510113517934 0.43217177343750013 0.35903126562500004
0 0.4340520532645821 0.24862921701677335 0.3443818140625 0.24071557812500002 0.3397439967233424 0.2932671534325558 0.4294142359254246 0.30118079232432915
0 0.3087026020547018 0.30402628867863946 0.26611818593750003 0.30026544843749997 0.2645355325661215 0.3181860101776216 0.30711994868332326 0.3219468504187611
0 0.31829225354452906 0.3061829814123003 0.20312557031249998 0.2965971953125 0.195104734434936 0.3929620687981238 0.31027141766696503 0.40254785489792405
0 0.30908486095295257 0.1073124724171474 0.1925434359375 0.09702730468750001 0.18565458904704749 0.17508495570785262 0.3021960140625001 0.18537012343750003
0 0.31905014062500003 0.56838076875 0.3128554043280934 0.4011228938195222 0.20861338749999997 0.4049837093749999 0.2148081237969066 0.5722415843054777
0 0.3868401640625 1 0.37919648654806054 0.8054926406850121 0.3386358892815453 0.8070865758779538 0.3462795667959847 1.0015939351929417
0 0.4601882 0.21985178906250002 0.457522947161815 0.14788995426142645 0.4324613640625 0.14881816093750003 0.435126616900685 0.22077999573857357
0 0.575471217801837 0.03410199878737709 0.5459717609375 0.03235388281250007 0.5445685884481631 0.05603241840012305 0.5740680453125001 0.05778053437500007
0 0.598809215625 0.059791990625 0.5978347438376245 0.03348124055271119 0.5776262453125001 0.034229703125 0.5786007170998755 0.06054045319728881
0 0.6476140321064754 0.03837712752447976 0.6011146171874999 0.03562160625000007 0.5996502710185243 0.060332444350520376 0.6461496859374999 0.06308796562500008
0 0.6705450359375 0.36186630937500003 0.6601690699672077 0.13327643733892133 0.5500057754260841 0.1382768802069832 0.5603817413963763 0.36686675224306187
0 0.7760577093750001 0.145997859375 0.77185661393139 0.03923799736164046 0.7059237125000001 0.041832515625 0.7101248079436101 0.14859237763835953
0 0.7919486890625002 0.48210430781250013 0.7869341514855439 0.3656982120009026 0.71443423125 0.36882136093750006 0.7194487688269563 0.4852274567490976
0 0.817314084375 1 0.8146737243171651 0.9287102696434413 0.7513270570868498 0.9310564422143759 0.7539674171446846 1.0023461725709346
0 0.8164189498282305 0.8360166308010297 0.7387203765625001 0.8291597749999999 0.7350681923592701 0.8705445598239704 0.8127667656250004 0.8774014156250003
0 0.8090844703125001 0.8284150609374998 0.8043845242953657 0.7093100600639867 0.7311829078125 0.7121986343749999 0.7358828538296344 0.8313036352485133
0 0.8031518999999999 0.7116004062500001 0.7986238493866187 0.5971163937513707 0.7259563187500001 0.5999905265625 0.7304843693633815 0.7144745390611293
0 0.441227759375 0.5759308734374999 0.4335607001751744 0.4071289483003735 0.3201794834930804 0.4122787740487688 0.327846542692906 0.5810806991858952
0 0.40330527812500006 0.8009644140625 0.3974595636294799 0.6911255173180333 0.31039242324487754 0.6957593006107938 0.3162381377403978 0.8055981973552606
0 0.305810878125 0.795427303125 0.3009584140781917 0.6846966233857648 0.22229807968749998 0.6881436937500001 0.22715054373430835 0.7988743734892353
0 0.2505083122563169 0.6599445769630851 0.22115602343750002 0.657352896875 0.21930389724658106 0.6783293063997253 0.24865618606539797 0.6809209864878104
0 0.4481381203125 0.6934134249999999 0.44309517105882995 0.5770291933203627 0.37055063281249995 0.5801725609374999 0.37559358206617 0.6965567926171372
0 0.37414798088083134 0.5795216244618847 0.21756029375000008 0.5693976000000001 0.21048300193166894 0.6788616536631153 0.3670706890625002 0.6889856781250001
0 0.4539056843750001 0.8030430546874999 0.4493283615548515 0.6986460708500546 0.4081170171875 0.700452996875 0.41269434000764854 0.8048499807124454
0 0.4589500421875 0.9115839546875 0.4535343591350539 0.8058625519273541 0.3807506230540959 0.8095909705417158 0.386166306106542 0.9153123733018618
0 0.4635871625 0.9999999999999998 0.4602592325070109 0.9101458624950132 0.3907137921875 0.9127216187500002 0.3940417221804891 1.0025757562549868
0 0.2968156986821779 0.017589078180685832 0.18859800624999998 0.011176178125000021 0.18716282788032207 0.035394814006814226 0.2953805203125 0.041807714062500036