0 0.18815312500000006 0.3378625 0.12253750000000005 0.3378625 0.12253750000000005 0.4046609375 0.18815312500000006 0.4046609375
0 0.18648906250000002 0.40937343750000005 0.14588125000000005 0.40937343750000005 0.14588125000000005 0.45518125 0.18648906250000002 0.45518125
0 0.256015625 0.3369203125 0.20143125 0.3369203125 0.20143125000000003 0.49222031250000003 0.2560156250000001 0.49222031250000003
0 0.18742214355292036 0.4593905520942977 0.12043593750000006 0.45892499999999997 0.12018615990796266 0.4948643791856055 0.18717236596088296 0.4953299312799032
0 0.22406093750000008 0.5041078125 0.18350781250000003 0.5041078125 0.18350781250000003 0.5377234375 0.22406093750000008 0.5377234375
0 0.25090000000000007 0.5425703125 0.20737656250000008 0.5425703125 0.20737656250000008 0.591215625 0.25090000000000007 0.591215625
0 0.30637656250000006 0.5414359375 0.2628531250000001 0.5414359375 0.2628531250000001 0.5920734375000001 0.30637656250000006 0.5920734375000001
0 0.3228921875000001 0.49985468749999995 0.2276734375000001 0.49985468749999995 0.2276734375000001 0.53790625 0.3228921875000001 0.53790625
0 0.966315625 0.5447468750000002 0.8989 0.5447468750000002 0.8989 0.6620234375000001 0.966315625 0.6620234375000001
0 0.9660500000000001 0.5084234375000002 0.9346265624999999 0.5084234375000002 0.9346265624999999 0.5417468750000002 0.9660500000000001 0.5417468750000002
0 0.9295656250000001 0.5088468750000001 0.8981421875000001 0.5088468750000001 0.8981421875000001 0.5406921875000001 0.9295656250000001 0.5406921875000001
0 0.81593125 0.5071781250000001 0.7617609375 0.5071781250000001 0.7617609375 0.5443312500000002 0.81593125 0.5443312500000002
0 0.7586335326816213 0.5032346498007476 0.6638865138453225 0.5024073094336826 0.6635281250000001 0.5434500000000002 0.7582751438362989 0.5442773403670652
0 0.7222529626076668 0.462442280137891 0.6536878897754792 0.46185371172366896 0.6533755792115772 0.49823622230829556 0.7219406520437647 0.4988247907225176
0 0.7981734375 0.3399437500000001 0.73538125 0.3399437500000001 0.73538125 0.49390468750000016 0.7981734375 0.49390468750000016
0 0.562503125 0.33767343750000006 0.505003125 0.33767343750000006 0.505003125 0.45644999999999997 0.562503125 0.45644999999999997
0 0.7217578125 0.40500468749999996 0.6782578125 0.40500468749999996 0.6782578125 0.45871874999999995 0.7217578125 0.45871874999999995
0 0.722515625 0.3403187500000001 0.6536703125 0.3403187500000001 0.6536703125 0.4016046875 0.722515625 0.4016046875
0 0.3241812500000001 0.5964203125 0.2632812500000001 0.5964203125 0.2632812500000001 0.6592125 0.3241812500000001 0.6592125
0 0.2504187500000001 0.593765625 0.1827031250000001 0.593765625 0.1827031250000001 0.6595890625 0.2504187500000001 0.6595890625
0 0.06544687500000007 0.503734375 0.03215312500000007 0.503734375 0.03215312500000007 0.536265625 0.06544687500000007 0.536265625
0 0.09419218750000007 0.50373125 0.06847031250000006 0.50373125 0.06847031250000006 0.5370234375 0.09419218750000007 0.5370234375
0 0.09230000000000008 0.5385390625 0.03177656250000006 0.5385390625 0.03177656250000007 0.6569390625 0.09230000000000009 0.6569390625
0 0.2036671875000001 0.50431875 0.09640000000000007 0.50431875 0.09640000000000008 0.6581312500000001 0.2036671875000001 0.6581312500000001
0 0.14409515538474107 0.3378247551765534 0.033282890802525056 0.33750677691742387 0.03284218750000005 0.4910874999999999 0.14365445208221608 0.4914054782591295
0 0.3400953125 0.3390625 0.271796875 0.3390625 0.27179687500000005 0.40595468749999997 0.3400953125000001 0.40595468749999997
0 0.31466562500000006 0.41065781250000005 0.27179687500000005 0.41065781250000005 0.27179687500000005 0.45588125 0.31466562500000006 0.45588125
0 0.33907568237131114 0.49596432997611106 0.3388636965372752 0.46025729237188584 0.2705047004963908 0.46066312662087067 0.2707166863304267 0.49637016422509594
0 0.498384375 0.3382734375000001 0.4313234375 0.3382734375000001 0.4313234375 0.4552515625 0.498384375 0.4552515625
0 0.5654421875 0.5436515625 0.5025734374999999 0.5436515625 0.5025734374999999 0.6602421875 0.5654421875 0.6602421875
0 0.49761875 0.5436515625 0.42979687499999997 0.5436515625 0.42979687499999997 0.6602421875 0.49761875 0.6602421875
0 0.81273125 0.5958468750000001 0.7426234375 0.5958468750000001 0.7426234375 0.6629078125000002 0.81273125 0.6629078125000002
0 0.784153125 0.5467015625000002 0.743384375 0.5467015625000002 0.743384375 0.5924234375000001 0.784153125 0.5924234375000001
0 0.7304265625 0.5486046875000001 0.688896875 0.5486046875 0.688896875 0.5916578125 0.7304265625 0.5916578125000002
0 0.729284375 0.5950937500000001 0.663746875 0.59509375 0.663746875 0.6617703125000001 0.729284375 0.6617703125000002
0 0.8782687499999999 0.3405609375000001 0.809684375 0.3405609375000001 0.809684375 0.4026703125000002 0.8782687499999999 0.4026703125000002
0 0.85388125 0.4064781250000002 0.8104421875 0.4064781250000002 0.8104421875 0.45524687500000016 0.85388125 0.45524687500000016
0 0.9661078125 0.3397843750000001 0.8570671875 0.3397843750000001 0.8570671875 0.4948015625000002 0.9661078125 0.4948015625000002
0 0.8780888589457646 0.46001461394340515 0.8108468749999999 0.4598781250000001 0.8107658389566123 0.49980095092687354 0.878007822902377 0.4999374398702786
0 0.8933515625000001 0.6624859374999998 0.8928789941908102 0.5085757595023218 0.7879675309918498 0.5088978813621207 0.7884400993010396 0.6628080593597987
0 0.4269296875000001 0.33802031250000003 0.31915850189476663 0.3370150662633666 0.31772165974780264 0.49105710697219296 0.4254928453530361 0.4920623532088264
0 0.4264531250000001 0.5048828125000001 0.31066489965515454 0.5041683451077772 0.30970955531234773 0.6589936418966147 0.4254977806571933 0.6597081092888375
0 0.6762105552271012 0.3400518673300347 0.568263848228363 0.33857535824325413 0.5661390625000001 0.4939171875 0.6740857694987383 0.49539369658678056
0 0.6856357055643175 0.5078453333897145 0.5715644637847058 0.5063117071302374 0.5694781250000001 0.66149375 0.6835493667796118 0.663027376259477
0 0.4982031250000002 0.4588750000000001 0.43050468750000015 0.4583984375000001 0.4302397221958989 0.4960382792403064 0.497938159695899 0.4965148417403064
0 0.4978859375 0.4997484375 0.43039375 0.4997484375 0.43039375 0.53978125 0.4978859375 0.53978125
0 0.5675058001776392 0.5007446040666512 0.5028564998690387 0.5003209846921346 0.5025928871913996 0.5405513806254836 0.5672421875000001 0.5409750000000002
0 0.56194375 0.4609640625 0.503066732960317 0.4608311184332597 0.5029843748027643 0.49730512411461963 0.5618613918424473 0.49743806818135994