0 0.4301981973679617 0.08165556321999043 0.3564483640624999 0.07958850781250004 0.3544259963820383 0.15174394146750964 0.4281758296875001 0.15381099687500005
0 0.4850132684885825 0.1088815147050168 0.43446293750000003 0.10746479531250004 0.43321143594511086 0.1521199459136249 0.4837617669336933 0.15353666530614163
0 0.5243484457551668 0.17112114196264155 0.3533471421875 0.16632413125000003 0.3516632529470266 0.22635052527611582 0.5226645565146935 0.2311475359887573
0 0.529421651957019 0.08192751922782078 0.48960905 0.08100882031250006 0.4879105295645152 0.15461565372234337 0.5277231315215343 0.15553435263766408
0 0.5745978001709003 0.15264799885944477 0.5376348078133852 0.15176796402532028 0.5365692217049849 0.19652443235337555 0.5735322140625 0.19740446718750004
0 0.6329844583015724 0.18071151521906503 0.5792965125000001 0.17920607031250008 0.5779544495109278 0.22706740665593514 0.6316423953125 0.22857285156250007
0 0.6324733863561125 0.24175063148980036 0.5765956843750001 0.24018449843750003 0.5752542323938877 0.2880458560101998 0.6311319343750001 0.2896119890625001
0 0.5733492171875001 0.20137552500000008 0.531541744212251 0.20049564650560553 0.5293429533826568 0.30497130851134513 0.5711504263579059 0.30585118700573966
0 0.6925372038224596 0.9428780416643839 0.5635825233789522 0.9398077499614041 0.5621494015625002 1 0.6911040820060077 1.0030702917029797
0 0.5593522711602888 0.9788525804487926 0.5227105638372185 0.9779801828071362 0.5221862968750001 1 0.5588280041980704 1.0008723976416565
0 0.5592910879258808 0.9388535660471978 0.5241311703125 0.9378685000000001 0.5231630414633697 0.9724238789732069 0.5583229590767506 0.9734089450204048
0 0.5667216517836755 0.7887990148377803 0.5258672015625001 0.7878255062500001 0.5244435263413247 0.84757173672472 0.5652979765625001 0.8485452453125001
0 0.5683204906250001 0.6809058421875002 0.5232296680025572 0.6800630022305196 0.5212815601900571 0.7842841928555195 0.5663723828125 0.7851270328125002
0 0.5188892207396383 0.6683284699973179 0.4788641718750001 0.6676940437500001 0.477668597329278 0.7431211399903501 0.5176936461939162 0.7437555662376679
0 0.5122561123569347 0.7584110776083794 0.3426897546875001 0.7536543328125002 0.34075272045556576 0.8227048817666208 0.5103190781250003 0.8274616265625001
0 0.47708551587787296 0.5038868002867029 0.34622731406250007 0.500217334375 0.3444542215758913 0.5634482513621306 0.47531242339126417 0.5671177172738334
0 0.4749783948571279 0.6944994179919636 0.41571729687500003 0.69283745625 0.4143757613928723 0.7406730132580366 0.47363685937500016 0.7423349750000001
0 0.41263070404430835 0.6654046132166156 0.3452420765625 0.6637996562499999 0.34343197720569174 0.7398017633458842 0.4108206046875001 0.7414067203124999
0 0.7063609262979178 0.24429227958110272 0.6370387546875002 0.2423478046875001 0.6351602643270824 0.30931757198139753 0.7044824359375002 0.31126204687500014
0 0.7086079431391705 0.1553695458846473 0.6362282172308747 0.15364772473916674 0.6344492662792043 0.22842900072951963 0.7068289921875002 0.2301508218750002
0 0.5763226187499999 0.01280716875000007 0.5405519894913933 0.011955577532963103 0.5403113113663933 0.022065132220463104 0.576081940625 0.02291672343750007
0 0.5769557454129995 0.026267212973258004 0.5402319078125 0.025237228125000066 0.539438590269502 0.05352275549364477 0.5761624278700015 0.0545527403419027
0 0.7090161281250001 0.01575591406250009 0.5788268570109294 0.012655110819565923 0.5778642866984294 0.05306926081956592 0.7080535578125 0.056170064062500094
0 0.7087394546875001 0.06070030625000008 0.5392438468121808 0.05829884118222216 0.5375865786936973 0.1752689653467511 0.7070821865690166 0.17767043041452898
0 0.5265686406250001 0.011701525000000042 0.3579241416342062 0.00795386908426456 0.3558003479737469 0.10352457404790456 0.5244448469645407 0.10727222996364003
0 0.4274130380557833 0.24552996143888556 0.35385989531249995 0.24377823593750003 0.3520635431942167 0.31920520418611453 0.4256166859375 0.3209569296875
0 0.4824977348650507 0.24738593523112562 0.43257659375000007 0.24598484218750008 0.4312534703210639 0.29312791502556773 0.48117461143611456 0.29452900806919324
0 0.5265026680997231 0.2473735528139133 0.48704790090365 0.24650075353475417 0.48538463272682203 0.3216885547490368 0.5248393999228951 0.32256135402819586
0 0.47773919855525077 0.4228173038637581 0.34881515781250005 0.41920259687500006 0.3467475389447492 0.4929473789487421 0.47567157968749985 0.49656208593750006
0 0.701237116805891 0.5074977860904791 0.5727554531250002 0.5038947296875002 0.5708166344361116 0.573031213512188 0.6992982981170025 0.5766342699151671
0 0.7031649899112893 0.4274588437010598 0.5746593359375 0.4238551359375 0.5725677835262106 0.49843840629894026 0.7010734375 0.5020421140625
0 0.6975958532885576 0.7712659610155377 0.6238553998158538 0.769511873396673 0.6220138559022964 0.8469289201936354 0.6957543093750002 0.8486830078125001
0 0.6202648131237203 0.7702481726637881 0.5698021640625002 0.7688316531250001 0.5685436508937239 0.813665421128808 0.619006299954944 0.8150819406675959
0 0.6208517983561587 0.7102973670235269 0.5733228453125001 0.7089649484375001 0.5720425235188416 0.7546355470389734 0.6195714765625 0.7559679656250001
0 0.6987072035673638 0.6848040345173717 0.6250939156249999 0.6827400156250001 0.623073182370136 0.7548095201701284 0.6966864703125 0.7568735390624999
0 0.40971733664335497 0.8370196152175261 0.34142497375417474 0.8353930888095427 0.33962161211081987 0.9111101673420166 0.40791397500000015 0.91273669375
0 0.46769715942486273 0.8397683500564579 0.4138757406250001 0.8382599468750002 0.41253697495013747 0.8860285202560425 0.4663583937500001 0.8875369234375002
0 0.5084321359375001 0.8895621625000001 0.33727188906250005 0.8895621625000001 0.33727188906250005 1 0.5084321359375001 1
0 0.5161410105150985 0.8409839175952353 0.4720444527779336 0.84034241640527 0.47096223078917837 0.9147339610478571 0.5150587885263433 0.9153754622378223
0 0.6964200514240325 0.8217305611336009 0.5271035876650856 0.8169813706063618 0.5238609190535533 0.9325878469727611 0.6931773828125001 0.9373370375000002
0 0.5200215614105479 0.2994288082352219 0.35148498656807103 0.295415496157605 0.34865257812500017 0.4143607484375001 0.517189152967477 0.41837406051511694
0 0.7046992049845389 0.29530271614784154 0.5348398381167115 0.2916773234327147 0.5321208284446728 0.4190702150973734 0.7019801953125001 0.4226956078125002
0 0.5164102453125002 0.5722709046875001 0.34592557042977157 0.5698532605882393 0.3442415640218336 0.688604107764428 0.5147262389045622 0.6910217518636889
0 0.700568703125 0.5811087046875001 0.5298941578125 0.5786845359375 0.5281123359321713 0.7041343996291201 0.6987868812446713 0.7065585683791201
0 0.5219379353586086 0.4223628422783194 0.4803114485660244 0.4220004376966223 0.4796612689088068 0.4966813227650114 0.521287755701391 0.4970437273467085
0 0.5703914609375001 0.4243930125000001 0.5263729739103227 0.4233448057389239 0.5246091698066343 0.49741415058552063 0.5686276568338118 0.49846235734659683
0 0.5689396618449555 0.5037732000021284 0.5248611648941988 0.5032663430939113 0.5240428608617432 0.5744296462167828 0.5681213578125 0.574936503125
0 0.5218923634429047 0.5029118362676991 0.48168271562499987 0.5019482624999999 0.4801325420409994 0.5666365468418586 0.5203421898589042 0.5676001206095578