0 0.1905078125 0.4057578125 0.19011588399933962 0.33819439612809143 0.12450468750000002 0.33857499999999996 0.1248966160006604 0.40613841637190856
0 0.1891359375 0.456265625 0.1888675880985175 0.40998798145140203 0.1482625 0.4102234375 0.14853084940148248 0.456501081048598
0 0.2588796875 0.4937093749999999 0.25797287205808606 0.3377747722271453 0.203390625 0.3380921875 0.20429744044191392 0.4940267902728547
0 0.19045189138095264 0.4604838464338069 0.12310625000000004 0.4596265625000001 0.12264883314028227 0.49555985202213215 0.18999447452123489 0.49641713595593895
0 0.22738462449374158 0.5054147741022021 0.18644062500000008 0.5051765625000001 0.18624506300625854 0.5387899133977979 0.2271890625000001 0.539028125
0 0.254340625 0.5926765625000001 0.25405475878664874 0.5435234552598838 0.21053426545200904 0.5437765631371126 0.21082013166536026 0.5929296703772289
0 0.309821875 0.5938562499999999 0.3095244225808038 0.542710959032648 0.2660039292461641 0.542964066909877 0.26630138166536027 0.5941093578772288
0 0.32585953789477246 0.5017338864920725 0.23098455956708702 0.5011835240601125 0.2307638480915387 0.5392311727427197 0.32563882641922415 0.5397815351746797
0 0.9701671875000001 0.6676453125 0.969479806455919 0.5495840790318194 0.90206875 0.5499765625 0.9027561310440809 0.6680377959681807
0 0.9692015624999998 0.5473671875000001 0.9690056873822526 0.513678246885502 0.9375843749999999 0.5138609375000001 0.9377802501177472 0.5475498781144982
0 0.9327109374999999 0.5461015624999999 0.9325244509598957 0.5138899636829916 0.901103125 0.514071875 0.9012896115401043 0.5462834738170084
0 0.8193124837200157 0.5119262427300713 0.7647125000000001 0.5116093750000001 0.7644968895239747 0.5487615598507849 0.8190968732439903 0.549078427580856
0 0.7620334329451686 0.5076532702258032 0.6672852577161635 0.5062766552182846 0.6666890624999999 0.5473109375 0.7614372377290051 0.5486875525075186
0 0.7253189906884668 0.46664985869268943 0.6564890625000002 0.4656593750000001 0.6559656385171724 0.5020327503680836 0.7247955667056392 0.503023234060773
0 0.8010468749999999 0.4985468749999999 0.8001457393615171 0.3438561101876661 0.7373578033981207 0.34422187505302204 0.7382589390366037 0.4989126398653559
0 0.565159375 0.4597234375 0.5644648619355914 0.340278189497408 0.5069687500000001 0.3406125 0.5076632630644087 0.46005774800259197
0 0.7244265624999999 0.46291874999999993 0.7241111177289756 0.4086969483086336 0.6806140625 0.40895000000000004 0.6809295072710243 0.46317180169136635
0 0.7252089910000664 0.34452760016566475 0.6556484375000002 0.3441218750000001 0.6552909999398201 0.4054036406679119 0.7248515534398863 0.4058093658335766
0 0.328015625 0.6610984375 0.3276458700740216 0.597596979336357 0.26675 0.5979515625 0.2671197549259784 0.661453020663643
0 0.2546389805882846 0.5952263264481114 0.18615781250000007 0.594828125 0.1857750819117155 0.6606486735518887 0.25425625 0.661046875
0 0.068756496216588 0.504117836094047 0.03508437500000007 0.5039218750000001 0.034895066230494064 0.536450922998901 0.06856718744708198 0.5366468840929478
0 0.097315625 0.537571875 0.09712014015483314 0.5039800114450348 0.0714 0.5041296875 0.07159548484516688 0.5377215510549653
0 0.09612187500000001 0.657475 0.09542870757692666 0.5383712324639865 0.03491092840677449 0.5387234375529213 0.03560409582984784 0.6578272050889348
0 0.2076071682406782 0.5055090118903832 0.10111600069933406 0.5048901921533497 0.10022225156444613 0.6586932840190695 0.20671341910579027 0.6593121037561029
0 0.1464807114280018 0.3385093051496302 0.036150943313165707 0.33818432483611494 0.0356999948893179 0.49127986006010493 0.146029763004154 0.4916048403736202
0 0.3428464807775024 0.34104514420794035 0.27376875000000006 0.34064375 0.2733800817224977 0.4075314182920599 0.34245781250000007 0.4079328125000002
0 0.31731718749999993 0.4577109374999999 0.31705179191739086 0.41199022945314345 0.27418437500000004 0.4122390625 0.2744497705826091 0.45795977054685644
0 0.3419248823218066 0.46226428341531606 0.27355312500000006 0.46223749999999997 0.27353914520412437 0.4979246295070735 0.3419109025259309 0.49795141292238954
0 0.5010328125000001 0.45815 0.5003485913693174 0.3403931840263053 0.43329218750000004 0.3407828125 0.4339764086306827 0.4585396284736947
0 0.5692828125000001 0.6635328125 0.568602020633049 0.5462102048512918 0.5057359375 0.546575 0.5064167293669511 0.6638976076487083
0 0.5014609375 0.6631374999999999 0.5007766407511475 0.5457546514882033 0.4329578034446359 0.5461500091615619 0.4336421001934885 0.6635328576733583
0 0.8169775803956332 0.6005795414127724 0.7460906250000001 0.6001671875000002 0.7457005446043671 0.6672251460872282 0.8165875000000001 0.6676375000000003
0 0.7876015624999999 0.5969859375000001 0.7873315950600273 0.5507867726115652 0.7465640624999998 0.5510249999999999 0.7468340299399726 0.5972241648884348
0 0.7338687500000001 0.5959078124999999 0.7336159433860192 0.5523713534898105 0.6920875000000001 0.5526125000000001 0.6923403066139809 0.5961489590101895
0 0.733134375 0.6660125000000001 0.7327424459253736 0.5985738330583276 0.6672093750000001 0.5989546875000001 0.6676013040746265 0.6663933544416726
0 0.8809717172099347 0.34567605860749595 0.8116656250000001 0.34527343750000006 0.8113048452900653 0.40737706639250415 0.8806109375 0.40777968750000004
0 0.8565296874999998 0.46021406249999997 0.8562425558888067 0.41093908766801607 0.8128064432724559 0.41119219547866487 0.8130935748836489 0.46046717031064877
0 0.9689859375 0.5004203125 0.9672525829593897 0.34398625243905234 0.8584399373890751 0.345191941872681 0.8601732919296854 0.5016260019336286
0 0.8811584506489989 0.4651255231625465 0.8135218750000002 0.4645953125000002 0.8132089505500705 0.5045136689669131 0.8808455261990693 0.5050438796294594
0 0.8972062500000002 0.6676828125000001 0.8958294348067015 0.5129130497424679 0.7909305379739816 0.5138462190666712 0.7923073531672802 0.6686159818242032
0 0.4288953125000002 0.34050468750000007 0.3211142938476607 0.3401267012586257 0.32057679384766075 0.49339232625862567 0.4283578125000001 0.49377031250000003
0 0.42949219780800635 0.5073626037825786 0.31365503082815555 0.5072442465162668 0.31349720802014924 0.6617066427336881 0.429334375 0.6618249999999999
0 0.6781967800375671 0.34312942254736534 0.5702321770781371 0.3422794856885792 0.5690082193636764 0.4977546922463977 0.6769728223231064 0.4986046291051839
0 0.6887190198135805 0.5108371982291855 0.5745687500000001 0.5096375 0.5729379814554503 0.6648037450066571 0.6870882512690307 0.6660034432358426
0 0.5010388618502548 0.46177715054150764 0.4331718750000001 0.460903125 0.43268723710403095 0.49853464965331995 0.5005542239542856 0.49940867519482757
0 0.5008461075913624 0.5025165512188627 0.4335456321689047 0.5023135981265718 0.43342452457754244 0.5424736094077091 0.5007250000000001 0.5426765625
0 0.5708867746718828 0.5040512278521045 0.5061386969177614 0.5032526083300064 0.5056425472458786 0.5434779429779019 0.5703906250000002 0.5442765625
0 0.5649424727572447 0.4642338053672684 0.50580625 0.4637578125000002 0.5055126784799897 0.5002304405504048 0.5646489012372344 0.500706433417673