0 0.40697059687500003 0.11520827031250006 0.33246248372133946 0.1125672746104136 0.3299447577552249 0.18359768599085385 0.4044528709088854 0.1862386816929403
0 0.45983965156249995 0.14238320781250008 0.4089002225445144 0.1405777238763696 0.4073421546875 0.18453662343750005 0.45828158370548555 0.18634210737363052
0 0.495765703125 0.20386885625000004 0.3260138802098368 0.19784770008220195 0.32391791875000003 0.25693822499999996 0.4936697416651632 0.26295938116779805
0 0.5042683903752128 0.11630271842956208 0.4652790973052087 0.11419746238179221 0.4613356484375001 0.1872300437500001 0.5003249415075042 0.18933529979776997
0 0.5462609484375001 0.1862318937500001 0.5100162801272805 0.18375840112757008 0.5069429421947431 0.22879274364386265 0.5431876105049627 0.23126623626629264
0 0.6023042421875 0.21409170468750008 0.5481946593546704 0.21217305955613613 0.5465240275226797 0.2592881774164152 0.6006336103555093 0.26120682254777916
0 0.5991366359375 0.2741092218750001 0.5428736093538704 0.2721149391000769 0.541203580617944 0.31923005855372094 0.5974666072015736 0.32122434132864414
0 0.5429150406250001 0.23398417187500006 0.5019108543552576 0.23129930814180755 0.4950992659828411 0.33532828918929786 0.5361034522525835 0.3380131529224904
0 0.6277910406250001 0.9645258140624998 0.4997518040661782 0.9599846244843337 0.4983325718750001 1 0.6263718084338221 1.004541189578166
0 0.496734296875 0.95905640625 0.4612083036119638 0.9577975583379894 0.460002940625 0.9918141515624999 0.49552893388803615 0.9930729994745106
0 0.5107316687500001 0.81173205625 0.4706712321971686 0.8089973518840207 0.46658340141836235 0.8688796146946981 0.5066438379711938 0.8716143190606773
0 0.5170277156250002 0.7054811187500001 0.47279481824262426 0.7026891115890908 0.4663055948546086 0.8054958508525832 0.5105384922369846 0.8082878580134926
0 0.4691034743609489 0.692984188660681 0.4296780086039213 0.6902936473150685 0.42455064583935487 0.7654267298926415 0.4639761115963824 0.768117271238254
0 0.4581852484375001 0.7812756890624999 0.28959073619235387 0.7752955932521514 0.2871796794451189 0.8432695771458574 0.4557741916902652 0.8492496729562058
0 0.4347121484375 0.5307408156250001 0.30432441451803943 0.5261173456369008 0.3021172421875001 0.5883624125 0.43250497610696065 0.5929858824880992
0 0.424379128125 0.7181616484375 0.36479329700894386 0.7160485814223709 0.36312337338412193 0.7631383265051968 0.42270920450017807 0.7652513935203258
0 0.36447441093750005 0.6893866875000001 0.2983954296936595 0.6848766526605619 0.29316718274433395 0.7614785514045821 0.3592461639881745 0.7659885862440203
0 0.6716556546874999 0.27714331875000003 0.6016462886372133 0.2746602474959748 0.5993080578125001 0.3405858859375 0.6693174238627867 0.34306895719152525
0 0.6780084453125002 0.1900322562500001 0.6070352010262325 0.1851901478962089 0.60188163125 0.2607286406250001 0.6728548755362675 0.2655707489787913
0 0.5558533531250001 0.02252183437500007 0.5207778630674106 0.020128180292736417 0.5182429809439301 0.05727316017020595 0.5533184710015194 0.0596668142524696
0 0.5539921171875 0.061818068750000066 0.5171042377122853 0.06050985411355862 0.5161167421874999 0.08835437968750007 0.5530046216627145 0.0896625943239415
0 0.68628159375 0.026740190625000076 0.5561954507173332 0.0221267242515854 0.5538719340776475 0.08764303963446736 0.6839580771103141 0.09225650600788203
0 0.6822922296875001 0.09664018906250008 0.5124038933550736 0.09297633956945349 0.509921637915643 0.20807556724169082 0.6798099742480695 0.21173941673473742
0 0.5069813562500001 0.021535935937500063 0.3371293081926821 0.017612920947412583 0.33437845038132824 0.13671489592164035 0.5042304984386463 0.14063791091172784
0 0.3973535421875001 0.2766457328125001 0.32522984333552934 0.2717231759551775 0.3200284031250001 0.34793298281250007 0.3921521019769708 0.3528555396698227
0 0.45130492968749997 0.27855917187500007 0.4009198326805796 0.2767713047389563 0.39927308593750005 0.3231793921875 0.4496581829444204 0.32496725932354387
0 0.49419826156368896 0.2789516955542771 0.4550597270267617 0.27688193030591335 0.45113744999999994 0.3510508125 0.4902759845369272 0.3531205777483638
0 0.4388512265625001 0.45102645156250015 0.3100704399906066 0.44646048442020386 0.30749655937500003 0.5190554812500002 0.43627734594689366 0.5236214483922965
0 0.6551108609375002 0.5359219093750001 0.5268936066416843 0.531375172404295 0.52448016875 0.599433734375 0.6526974230458159 0.6039804713457052
0 0.6604827328125 0.4572310312500001 0.5320894275928484 0.4526780714726876 0.5294858631093488 0.526098498126739 0.6578791683290004 0.5306514579040515
0 0.640278278125 0.7955824453125002 0.5679707428526606 0.7906494045039305 0.5626378875000001 0.8688173421875003 0.6349454227723397 0.87375038299607
0 0.5640558671875001 0.7937049046875001 0.5132046684507405 0.7919002697867338 0.5116383890625001 0.8360350609375 0.5624895877992597 0.8378396958382665
0 0.5672491234375002 0.7347580578125001 0.5192550799063986 0.7330565887104564 0.5176612250000001 0.7780151140625 0.5656552685311017 0.7797165831645437
0 0.64486886875 0.7102525765625001 0.5704965372432067 0.7076155917180968 0.5679810437499999 0.7785614359375002 0.6423533752567934 0.7811984207819034
0 0.3541137390625001 0.8581205078125 0.28714858959067974 0.8535499428824862 0.2819374375000001 0.9299005874999999 0.3489025869718204 0.9344711524300138
0 0.410871434375 0.8609550796875002 0.35663292544194236 0.8590326558300518 0.3549662197349083 0.9060564336662956 0.40920472866796587 0.9079788575237441
0 0.4476534656250002 0.90953174375 0.2767952734375001 0.90953174375 0.2767952734375001 1 0.4476534656250002 1
0 0.45863070219761176 0.863502093671503 0.415358593472551 0.8609503152597453 0.41105148906250005 0.9339885890624998 0.4543235977875608 0.9365403674742575
0 0.6354903543806658 0.8448382837249415 0.4666786289746618 0.8388510306625351 0.46264233556589873 0.9526550819488353 0.6314540609719028 0.9586423350112417
0 0.4852522263741405 0.33035078692222863 0.3166602267040378 0.3243712296953905 0.31249593281250004 0.4417823703125 0.48108793248260273 0.44776192753933824
0 0.6678950517885359 0.32999726945693475 0.5013033694336777 0.31903957972601316 0.49284309375000007 0.4476626375000001 0.6594347761048582 0.45862032723092183
0 0.47068750000000004 0.5982800312500001 0.2997691008034514 0.5945917906836766 0.2972475672212146 0.711443301762268 0.4681659664177632 0.7151315423285916
0 0.6515279656249999 0.6083106593750001 0.4804965890870081 0.6046161399923996 0.4778300358120121 0.7280596058413911 0.6488614123500039 0.7317541252239914
0 0.48261696093807444 0.45196520766559145 0.44174935297568363 0.44979425733990874 0.43783508437499996 0.5234794046875001 0.4787026923373908 0.5256503550131828
0 0.5302663281250001 0.45326103593750017 0.48710329474723046 0.45031521817262776 0.4820403613940926 0.5244988842217652 0.5252033947718623 0.5274447019866375
0 0.5253693078125001 0.5313463828125002 0.4821042179251749 0.5289270829166435 0.47816697274800807 0.5993380587490703 0.5214320626353334 0.6017573586449271
0 0.47857155834265497 0.5301985993296324 0.43896873780779144 0.5279976872262204 0.43538513593750006 0.5924803812500002 0.4749879564723636 0.5946812933534122