0 0.195859375 0.664328125 0.1950634488313776 0.5959999411426827 0.129465625 0.5967640624999999 0.13026155116862237 0.6650922463573172
0 0.1933609375 0.5927953125000001 0.19281714343910453 0.5460449703028982 0.15222031249999998 0.5465171875 0.15276410656089548 0.593267529697102
0 0.26373125000000003 0.6660593749999999 0.2619086400980812 0.5094882052752638 0.20733748202545405 0.51012345589795 0.2091600919273729 0.6666946256226862
0 0.19359482577468864 0.5068013273021109 0.12622822374019602 0.5066209028160249 0.1261318354655074 0.542610200513914 0.19349843750000004 0.542790625
0 0.23022332101998125 0.4648928363044992 0.18888750000000004 0.4644125 0.188496980479747 0.49801904783489526 0.22983280149972823 0.4984993841393945
0 0.256221875 0.46035000000000004 0.25564448158194486 0.4106909760283721 0.21213281271120715 0.41119689316498176 0.21271020612926234 0.46085591713660967
0 0.3117125 0.46212968749999994 0.31111167882937923 0.4104797847980136 0.26760000000000006 0.4109859375 0.26820082117062083 0.46263584020198634
0 0.3289452019577354 0.46585598352615853 0.23305312500000008 0.4650046875 0.23271566211155797 0.5030173367718331 0.3286077390692933 0.5038686327979918
0 0.9716125 0.466496875 0.9702301965283148 0.3476520277213422 0.9028328125 0.3484359375 0.9042151159716851 0.46728078477865786
0 0.9717703125 0.5028171875 0.9713740911532502 0.4687641639765621 0.9399591609048736 0.4691296899910875 0.9403553822516233 0.5031827135145254
0 0.9352812499999998 0.50196875 0.9349022279279673 0.46939228883451944 0.9034857347567113 0.46975781485888657 0.9038647568287439 0.5023342760243671
0 0.8220974147964869 0.46517255061513463 0.7670640625000001 0.46453281250000006 0.7666322727035134 0.5016774493848655 0.8216656250000002 0.5023171875000001
0 0.763584375 0.4648875000000001 0.668840625 0.4642718750000001 0.6685742328620173 0.5052692193622211 0.7633179828620174 0.5058848443622211
0 0.7281328125000001 0.5459609375000001 0.7280200031863875 0.509286124528235 0.6592897419077752 0.5094975342934387 0.6594025512213879 0.5461723472652038
0 0.805853125 0.66934375 0.8040454855118628 0.5139214556508759 0.7412702761595933 0.5146515629226572 0.7430779156477303 0.6700738572717813
0 0.5702109375 0.6688718749999999 0.5688125482353703 0.548755767521333 0.511328125 0.549425 0.5127265142646297 0.6695411074786668
0 0.7286812500000001 0.6033937500000001 0.7280444715979345 0.548667422180479 0.6845562318217009 0.549173437711517 0.6851930102237664 0.6038997655310381
0 0.7309039626020734 0.6068197259552637 0.6606328125 0.6060015625000001 0.6599194748979268 0.6672693365447367 0.7301906250000001 0.6680875000000002
0 0.3288765625 0.4073515625 0.32812881266986343 0.34314254022713825 0.26724531249999994 0.3438515625 0.2679930623301366 0.4080605847728617
0 0.2559105822669657 0.34334278539532403 0.18666562500000003 0.3425375 0.18590033727566435 0.40834313372472053 0.2551452945426301 0.4091484191200445
0 0.07159885315972814 0.46450411960957017 0.037550000000000056 0.4641078125 0.03717145934027198 0.4966302553904298 0.07122031250000006 0.4970265625
0 0.09996718749999998 0.49736406249999987 0.09957271126456017 0.46347410011177076 0.07385623181509875 0.4637734377116707 0.07425070805053857 0.4976634000998998
0 0.09766875 0.4625343749999999 0.09627583381085127 0.3427277721067704 0.035768749999999995 0.34343124999999997 0.03716166618914872 0.46323785289322944
0 0.2094296569189143 0.49746308373762654 0.20761927243965322 0.34221046440958836 0.10038281250000003 0.34346093750000006 0.10219319697926103 0.4987135568280382
0 0.1517899461076481 0.6632207166204084 0.14953488118498187 0.5076892140117791 0.038762500000000005 0.5092953125000002 0.04101756492266624 0.6648268151086294
0 0.34856313428878416 0.5980212006209811 0.27870937500000004 0.597209375 0.27793217821121596 0.6640834868790191 0.3477859375000001 0.6648953125000001
0 0.32152187500000007 0.593003125 0.320985312576481 0.5467837017145529 0.27812656249999995 0.54728125 0.278663124923519 0.5935006732854472
0 0.34558851148566366 0.5079926887549551 0.2766847632883213 0.5067829388746415 0.2760581485834129 0.5424730451903166 0.3449618967807552 0.5436827950706301
0 0.506084375 0.667525 0.5047052915217758 0.5489887375462101 0.4376609374999999 0.5497687499999999 0.4390400209782241 0.6683050124537897
0 0.5707515625 0.4629281249999999 0.5693783197831603 0.3448751315808067 0.5065265625 0.34560625 0.5078998052168398 0.46365924341919323
0 0.5029296875 0.46213906250000003 0.5015550836453218 0.34396905670249345 0.4337484375 0.34475781250000004 0.43512304135467816 0.46292781829750645
0 0.8182143599296718 0.34656660070027845 0.7465453125000001 0.3457328125000001 0.745765327570328 0.41277714929972176 0.817434375 0.4136109375000001
0 0.7894281249999999 0.462425 0.788885872469497 0.4157530057275277 0.7481265625000001 0.4162265624999999 0.748668815030503 0.46289855677247216
0 0.7356796874999999 0.45989531249999993 0.7351679405336754 0.4158751365617981 0.6936479146798562 0.41635781857793175 0.6941596616461807 0.4603779945161336
0 0.7339953125 0.41339375000000017 0.7332025979963627 0.34519313303684546 0.6676828125000001 0.3459546875 0.6684755270036375 0.41415530446315474
0 0.8866650309047381 0.6075668371427148 0.8166343749999999 0.6067515625000001 0.8159115315952619 0.6688425378572853 0.8859421875000001 0.6696578125000001
0 0.8607875 0.6034593750000001 0.8602073382788529 0.5536782762049082 0.8167800741116373 0.5541843887041052 0.8173602358327845 0.6039654874991971
0 0.9729687500000003 0.6708375000000001 0.9719802144952292 0.5155415582377751 0.8631602218754425 0.5162342513314445 0.8641487573802136 0.6715301930936695
0 0.8842745375176282 0.5101529236149231 0.8170105163365756 0.5098597662525798 0.8168359788189475 0.5499068426376568 0.8841000000000001 0.5502000000000002
0 0.8985953124999998 0.5015890625 0.8972662428582895 0.34633889075365587 0.7923721353292507 0.34723687091266603 0.793701204970961 0.5024870426590102
0 0.4346312499999999 0.666946875 0.43136258307079717 0.5109761367916482 0.3236571432722459 0.5132333115233243 0.3269258102014487 0.6692040497316761
0 0.4322140625000001 0.5000796875000001 0.4294160021158316 0.3429910799240793 0.3136837405612645 0.34505250157153744 0.316481800945433 0.5021411091474582
0 0.6838773101512137 0.6671955051805849 0.6798912399823471 0.5099363307262226 0.5720296874999999 0.5126703125 0.5760157576688665 0.6699294869543623
0 0.6914621824109272 0.49946859943528005 0.6870581408413533 0.3419553878335425 0.5730279512338889 0.34514365179001266 0.5774319928034628 0.5026568633917502
0 0.5046323409014596 0.509253151035725 0.43661957312344635 0.5090141929977791 0.4364872322219869 0.5466813544620541 0.5045000000000001 0.5469203125
0 0.5040366065865632 0.46602055587922153 0.43574999999999997 0.4652265625 0.435284653152099 0.5052482528068707 0.5035712597386623 0.5060422461860922
0 0.5727440331918253 0.5056220679206327 0.5725835134785889 0.4654091743664964 0.507946875 0.46566718749999997 0.5081073947132364 0.5058800810541362
0 0.5682482533317612 0.5089279453769092 0.5088940290696412 0.5088750999479772 0.50886140073788 0.545522154571068 0.568215625 0.545575