0 0.15720823873129217 0.6255355498832967 0.08623048115292195 0.621108546868945 0.08161921429662986 0.6950405907356484 0.15259697187500007 0.6994675937500001
0 0.15878019818635056 0.5713502906168778 0.11485391709039605 0.5686097968689419 0.11169802984154553 0.619194254689564 0.15562431093750004 0.6219347484375
0 0.23640117624507617 0.5373623160834272 0.17735446055984339 0.5336790106314275 0.16678661712726728 0.7030910929855004 0.22583333281250004 0.7067743984375001
0 0.16256521652087272 0.5288307160812107 0.0899042555041197 0.5236440571974673 0.08711637960824706 0.5626999786162565 0.15977734062500007 0.5678866375
0 0.20571848526390193 0.4866144893098318 0.16106906875000004 0.4827842843750001 0.15795510424166662 0.5190843520496287 0.2026045207555685 0.5229145569844604
0 0.2375408021494493 0.43005286572254453 0.19046064721846453 0.4271153851629606 0.18710815756901528 0.4808470538154161 0.23418831250000008 0.48378453437499996
0 0.29752225177372627 0.4342663661721217 0.25044206718750006 0.4313291406250001 0.24695547635127385 0.48721498851537837 0.2940356609375 0.4901522140625
0 0.3123672072147574 0.4955606393965019 0.20876826875000004 0.4869612734375002 0.20535938764918327 0.5280290062309294 0.30895832611394064 0.5366283721899311
0 0.9745997249914369 0.41697778997561913 0.9421892515625 0.4145770140625002 0.9327710015710631 0.5417233834618812 0.965181475 0.5441241593750001
0 0.9648842597815254 0.5481365743249903 0.9331798671874999 0.5457881 0.9306027120934743 0.5805796819250099 0.9623071046874998 0.5829281562500002
0 0.8455594626122529 0.5343134623113043 0.786115178125 0.5292147781250001 0.7826738327002472 0.5693365642511957 0.8421181171875001 0.5744352484374999
0 0.7823249499999999 0.52931956875 0.6799485734375 0.5210669421875 0.6763775117861436 0.5653670628313234 0.7787538883486435 0.5736196893938235
0 0.7408399902140428 0.5752697918324163 0.6661001312600578 0.5688582186577744 0.6627127187218037 0.6083453661069191 0.7374525776757888 0.614756939281561
0 0.8221400472847435 0.5855693809699958 0.7542164873902494 0.5813316426735826 0.7437244635430061 0.7495005007660869 0.8116480234375002 0.7537382390625
0 0.5650446357093795 0.6043906238278518 0.5028457203125001 0.6005107609375 0.49473858460312065 0.7304779949221483 0.5569375000000001 0.7343578578125001
0 0.7371943303532762 0.6170464206835203 0.6901394959755373 0.6141109222116756 0.686445415622261 0.6733255124656555 0.73350025 0.6762610109375002
0 0.7356288305727212 0.6801427640918136 0.6597255375 0.6736309437500001 0.654048033489779 0.7398092515331864 0.7299513265625002 0.746321071875
0 0.3213115272344597 0.3628320805372711 0.25543474687500006 0.358723034375 0.25110126026554036 0.428198074150229 0.31697804062500007 0.4323071203125
0 0.24322172884269594 0.3572653200148807 0.16842680156250006 0.3508495984375001 0.16232974205295053 0.42192954122173293 0.2371246693331464 0.4283452627991136
0 0.03349450899191521 0.47264145432077287 5.551115123125783e-17 0.4705514984375 -0.0022449480544151023 0.5065299769292271 0.031249560937500052 0.5086199328124998
0 0.06458768750039079 0.47461746185463677 0.03676211638401263 0.4728816924327769 0.0344746663836219 0.5095510805781401 0.06230023750000006 0.5112868500000001
0 0.07069287057076064 0.3438168776809401 0.005223473437500037 0.3397319828125 -0.0028647924457605558 0.4693641785690598 0.06260460468750004 0.4734490734374999
0 0.1914279098130961 0.3527542362174687 0.07507413750000005 0.344938375 0.06382217652468651 0.5124449451616293 0.18017594883778257 0.520260806379098
0 0.11354634107452719 0.5244979720697972 6.106226635438361e-17 0.5197117828125 -0.0071569817466442835 0.6895022041230771 0.10638935932788285 0.6942883933803743
0 0.3229919805337597 0.6400129602906449 0.2475394140625001 0.6335414171875 0.2413439179037405 0.7057755162718552 0.3167964843750001 0.7122470593750001
0 0.2972812227346135 0.5824126366182611 0.25090759531250006 0.57951839375 0.24778640695288662 0.6295283040067388 0.29416003437500005 0.6324225468749999
0 0.32634859849254283 0.5418604850875492 0.25244657163123624 0.5363862601245761 0.2495515512636935 0.5754690297245268 0.3234535781250001 0.5809432546875
0 0.49572083668802297 0.5995087686565892 0.4231779905278999 0.5949831078064425 0.41517649758987696 0.7232408563373535 0.4877193437500001 0.7277665171875002
0 0.5819830577357523 0.3840244331596757 0.513976663965397 0.379781657806442 0.5060075577921446 0.5075164840217664 0.5740139515625 0.5117592593750001
0 0.5087331987755119 0.3776136025410172 0.435365553125 0.3730363500000001 0.4273885480994883 0.500897784958983 0.5007561937500002 0.5054750375000001
0 0.8508595404913951 0.40577985656946736 0.7734462578125002 0.3991392015625001 0.7672341157586052 0.47155710436803294 0.8446473984375003 0.47819775937500014
0 0.8136126143164157 0.4782273419446284 0.7695105718749999 0.4754752875000001 0.7663592950585842 0.5259749221178719 0.8104613374999999 0.5287269765625002
0 0.7555282924558785 0.4740564646149492 0.710603082327702 0.4712544605428321 0.7076322836218235 0.518885995927883 0.7525574937500001 0.5216880000000002
0 0.7590649205476612 0.39748727903541736 0.6881717343750002 0.3930637515625001 0.6835672122648391 0.4668576287770828 0.7544603984375 0.47128115625000006
0 0.9039593457071529 0.6934238096739096 0.828315815625 0.6869343718750001 0.8225621136678474 0.7540018653260906 0.8982056437500002 0.7604913031250001
0 0.8796714504135934 0.6330467928273481 0.8326825121306074 0.6301166379090186 0.8293236242170142 0.6839808810191707 0.8763125625000002 0.6869110359375001
0 0.9611751748325406 0.5982092085008511 0.8861397021835584 0.592651025601824 0.873760252351018 0.759773606163473 0.9487957250000001 0.7653317890625002
0 0.9090959821646167 0.5878610877963059 0.8364622062540471 0.5823041675350623 0.8331465037769306 0.6256432797387566 0.9057802796875002 0.6312002000000001
0 0.936339270325895 0.41186416587825925 0.8228683235846705 0.4044350266918061 0.8118727095087754 0.572379482688547 0.9253436562499999 0.5798086218750002
0 0.419475474579449 0.5525407742769699 0.3028564065835986 0.5463559025789364 0.29389995075414976 0.7152346736144666 0.4105190187500002 0.7214195453125001
0 0.4308233187426233 0.3707794249532844 0.3055422811731322 0.36374014057717063 0.29598754368050895 0.5337897312488862 0.4212685812500001 0.5408290156250001
0 0.6882383703825079 0.5713188548787084 0.5714123500000001 0.5656369500000002 0.5631282890322747 0.7359660730889879 0.6799543094147825 0.7416479779676962
0 0.7094383004646121 0.3902917635631973 0.5859071043035078 0.38460698737928145 0.5780545579249816 0.555244214891325 0.7015857540860859 0.5609289910752409
0 0.4985523337115942 0.556319160164883 0.4252650957043449 0.5511493059954505 0.42237730105525084 0.5920863395805677 0.4956645390625002 0.5972561937500002
0 0.5016420317351177 0.5097598881806267 0.4278822562500001 0.5034331203125001 0.42417423852320074 0.5466625481537568 0.49793401400831827 0.5529893160218834
0 0.5759051655492733 0.5148308049650868 0.5058976484375 0.5096910046875 0.5027160612804449 0.553026349508468 0.5727235783922182 0.5581661497860548
0 0.5675563861613512 0.5612430116492733 0.5034487204455897 0.5565516842729363 0.5005463624092387 0.5962128257486633 0.5646540281250001 0.6009041531250002