0 0.15227730312500004 0.32395317187500006 0.07963926853301431 0.3234151132461013 0.07907544531250002 0.3995313734375 0.15171347990448578 0.4000694320663987
0 0.14984821093750006 0.4031757781249999 0.1048944117610899 0.402842787379018 0.10450882968750004 0.45489642343750003 0.14946262886391018 0.45522941418348184
0 0.22742690000000007 0.3212401 0.1670007175884926 0.32079249840477597 0.1657136859375 0.49454167656250003 0.2261398683490075 0.49498927815772403
0 0.15072503751437213 0.49840352381039 0.1502338328125 0.4585387156249999 0.0754507425262787 0.4594601751087203 0.07594194722815084 0.49932498329411035
0 0.19149987865116147 0.5443444384978091 0.1906732796875 0.5071474812499999 0.14466785103633856 0.5081698240021908 0.14549445 0.5453667812499999
0 0.22007580468750007 0.5490753171875001 0.17189433904673967 0.548718417504132 0.17148477500000006 0.6040095734375001 0.21966624064076043 0.6043664731208682
0 0.2815124453125001 0.5464542093750001 0.2333309796957758 0.5460973090428859 0.23290507500000004 0.6035943484375001 0.28108654061672433 0.6039512487696144
0 0.30080667064328803 0.5421226597893053 0.29998846034684457 0.5000452644073097 0.19358000845355655 0.5021144155555043 0.19439821875000002 0.5441918109375
0 0.9958780218750002 0.5342449062500001 0.9375794005520479 0.5338130642832137 0.9366047031250002 0.6653971171875002 0.9949033244479525 0.6658289591542865
0 0.9961759453125001 0.4940251828125001 0.9774274655784769 0.4938863047790525 0.9771500312500002 0.5313398296875003 0.9958985109840235 0.5314787077209477
0 0.9718160703125 0.49503529375000016 0.9370295892542646 0.49477761677478965 0.936760759375 0.53106974375 0.9715472404332353 0.5313274207252106
0 0.8469198136848657 0.5370949560047573 0.8460062281249998 0.4959836218749999 0.7848069441276341 0.4973436064952425 0.7857205296875 0.538454940625
0 0.7820915722969622 0.5380990893121856 0.7813157842070039 0.4927160812015119 0.6761820744100417 0.4945132622018263 0.6769578625 0.5398962703125
0 0.7430125334097658 0.4887200342663417 0.7422226007239241 0.4483144500441809 0.6654763434001237 0.4498148460499104 0.6662662760859656 0.4902204302720712
0 0.8277152500000003 0.31124755781250013 0.7582028277594971 0.31073265127841065 0.7569247859375 0.48326839687500006 0.8264372081780031 0.48378330340908954
0 0.5667840453124999 0.31453260312500003 0.5031301979834237 0.3140610927134456 0.502142021875 0.44746474531249997 0.5657958692040762 0.44793625572405443
0 0.7425691656250001 0.38516762812500016 0.6944136458311906 0.38481092088959057 0.6939625140625001 0.4457137640625001 0.7421180338563096 0.44607047129790967
0 0.7454458225821126 0.381339615697954 0.74393881875 0.3135244140624999 0.6656990461678876 0.3152630749270459 0.6672060500000001 0.3830782765625
0 0.30077599687500006 0.6068984624999999 0.23335826951772698 0.6063990715005153 0.23282845000000005 0.6779246453125001 0.30024617735727316 0.6784240363119847
0 0.22074160945880913 0.6786101279675186 0.21912302968749997 0.6057740109374998 0.14198532960369087 0.6074881814074813 0.143603909375 0.6803242984375
0 0.015048314062500063 0.5106368328124999 6.25554527602409e-17 0.5106368328124999 6.478120172370752e-17 0.5469860718749999 0.015048314062500064 0.5469860718749999
0 0.04687705937500007 0.5099260671875 0.01840234122119292 0.5097151438946809 0.018123029687500052 0.5474222984375 0.04659774784130721 0.5476332217303191
0 0.04449641093750007 0.5485141484375 6.723415663322955e-17 0.5485141484375 7.532096328297469e-17 0.6805817234375 0.04449641093750008 0.6805817234375
0 0.16948043307710794 0.5091578824583126 0.051757111390926556 0.5065418070251646 0.047895647937783704 0.6803075549519254 0.1656189696239651 0.6829236303850734
0 0.10268262343750005 0.325577046875 3.9984525588667874e-17 0.325577046875 5.0475662929477035e-17 0.496910321875 0.10268262343750005 0.496910321875
0 0.3221528068688434 0.39556194280627777 0.32050794531250004 0.32154321406249997 0.2426898681311566 0.3232725056312223 0.24433472968749995 0.397291234375
0 0.2917632828125 0.40144402187500006 0.24430657210094392 0.4010924917595089 0.24392523437500002 0.4525732421875001 0.2913819450865561 0.45292477230299133
0 0.3184824582763673 0.49574784030098673 0.3179496078125 0.455811534375 0.24193161046551478 0.4568258050795482 0.2424644609293821 0.4967621110055349
0 0.495782584375 0.3167746625000001 0.42154455417108433 0.31622475112535403 0.42056880625000004 0.44795071093749994 0.4948068364539157 0.44850062231214605
0 0.5683489421875 0.5425329484375 0.49875176355948625 0.5420174136686821 0.49778021250000004 0.673176778125 0.5673773911280138 0.673692312893818
0 0.4932503265625 0.54420180625 0.4181699218995484 0.5436456549831856 0.41719716718749994 0.6749675125 0.4922775718504515 0.6755236637668143
0 0.8433847272874795 0.6684477496048957 0.8417357171875002 0.5942422906250001 0.7619086477125209 0.5960162253951043 0.7635576578125001 0.6702216843750001
0 0.8104952078125001 0.5405285265625002 0.7653632461948575 0.5401942159523802 0.7649783296875 0.5921579781250002 0.8101102913051426 0.59249228873512
0 0.750989978125 0.5439577859375 0.7050156420434113 0.5436172355677484 0.7046524296875 0.5926509421875001 0.7506267657690888 0.5929914925572517
0 0.7493439703125001 0.5954616687500002 0.6767924230318244 0.5949242496082818 0.6762296171875001 0.6709030000000001 0.7487811644681758 0.6714404191417185
0 0.9179242926713153 0.3786864968344496 0.9163970390625 0.3099601296875 0.8384191901411849 0.3116929719155504 0.8399464437500003 0.38041933906250003
0 0.8888529281249999 0.38354809687500013 0.8407648685419353 0.38319188902623674 0.8403543125 0.43861695468750017 0.8884423720830646 0.4389731625362637
0 0.9975549406250002 0.3078607390625002 0.89294641608054 0.30708586111707536 0.8916673245172859 0.4797632253127057 0.996275849061746 0.48053810325813046
0 0.9154902192988548 0.48662839424344073 0.9149172875 0.44223767656249996 0.8402694224274215 0.443201124279748 0.8408423542262764 0.4875918419606887
0 0.931195334375 0.4958878125000001 0.8150426800684872 0.495384025361543 0.8142947349985379 0.667829485990356 0.9304473893050507 0.668333273128813
0 0.4166652828125 0.31825259531250005 0.2974012432820964 0.316257124189974 0.2945017063362573 0.4895547906030392 0.41376574586666093 0.4915502617255652
0 0.41476900000000005 0.5030255671875 0.28661800186599173 0.501285786727452 0.2842472130493701 0.6759164140921379 0.4123982111833785 0.677656194552186
0 0.6926505501234671 0.31524160154455305 0.5732114913880588 0.3127239297710929 0.5695284890625001 0.4874465984375001 0.6889675477979085 0.48996427021096023
0 0.7018348517382964 0.500841461958622 0.575574900664214 0.4978517515536815 0.571429781163186 0.6729063603650091 0.6976897322372684 0.6758960707699495
0 0.4948894103833298 0.4922307088863501 0.49459272187499986 0.45031718593749986 0.41930270102212785 0.4508501328817648 0.4195993895304578 0.49276365583061504
0 0.4946993436664804 0.539884845165197 0.49371494848402675 0.49558702846255276 0.4178616891925463 0.4972726551723559 0.418846084375 0.5415704718750001
0 0.5707391399614574 0.5395212596611118 0.5702978409532735 0.4951466877381601 0.49834787286681614 0.4958622202645483 0.4987891718750001 0.5402367921875
0 0.5656186612132051 0.49163177390534774 0.5651534421875001 0.4510619374999999 0.4991994002076778 0.4518182401590643 0.4996646192333829 0.4923880765644121