0 0.40013310222646953 0.8959374284358885 0.3932981890624999 0.7934137375 0.13323981183603034 0.8107509637516113 0.14007472499999998 0.9132746546874999
0 0.41402550000000005 0.50580543125 0.1710155986693005 0.48780469695541767 0.14794160312500004 0.7993036218749999 0.3909515044556996 0.8173043561695824
0 0.4292553819869201 0.49314661103761975 0.421107503125 0.370928434375 0.1600159477005799 0.3883345389623802 0.1681638265625 0.510552715625
0 0.28450253830783656 0.37025648603759465 0.27859371718750003 0.281624175 0.17000971012966343 0.2888631092749053 0.17591853125 0.3774954203125
0 0.3468871734375001 0.2770776359375001 0.2865322883418924 0.27260690362914497 0.27935421718750003 0.3695108625000001 0.3397091022831077 0.37398159480835524
0 0.4284022000000001 0.2705401484375 0.3572056326002809 0.2652663289041689 0.3497778953125 0.3655407875 0.4209744627122192 0.3708146070333312
0 0.43525825312500005 0.17306932812500003 0.3604541149999866 0.16752828120661853 0.35325967343750003 0.26465324843750004 0.4280638115625135 0.2701942953558816
0 0.3625617112249694 0.2647579504643539 0.35677316249999996 0.17792971250000003 0.24881333252503063 0.18512703391064617 0.25460188125000005 0.271955271875
0 0.25477795625000005 0.18618860625000003 0.19045347934808723 0.1814238297080576 0.1833958109375 0.27670234374999997 0.24772028783941283 0.28146712029194243
0 0.4517571790681262 0.1624257102125267 0.4435428343750001 0.03921054375 0.18144605061937388 0.05668366322497331 0.1896603953125 0.17989882968749998
0 0.7700032149543695 0.094799057128042 0.764831321875 0.0172206609375 0.5734529444206307 0.029979219434457964 0.5786248375000002 0.10755761562499996
0 0.764866588282892 0.19162274504182278 0.7591709859375 0.10618871093750001 0.4990920554671078 0.1235273065206773 0.5047876578124999 0.20896134062500007
0 0.5488403734375 0.4076961671875 0.4943758532955592 0.403661758138791 0.48755034843750006 0.49580607031250007 0.5420148685794408 0.49984047936120907
0 0.553999940625 0.3381063890625001 0.498681745732971 0.33400874449665835 0.4938317953125001 0.39948306718750004 0.549149990204529 0.40358071175334176
0 0.56134599375 0.2153512250000001 0.5074663999062017 0.21136014460111544 0.49879245156250007 0.3284584656250001 0.5526720454062986 0.3324495460238847
0 0.7522701453125002 0.20261182031250008 0.5785249742694619 0.18974180840555124 0.55717950625 0.47790564375000005 0.7309246772930383 0.4907756556569489
0 0.7272370115917528 0.5736487950908249 0.7211372609375 0.48531065000000007 0.4870046759082472 0.5014775095966751 0.49310442656250003 0.5898156546875
0 0.7266861520242943 0.7817313959356735 0.7202505625000001 0.68519755 0.4610393839132058 0.7024782946893265 0.4674749734375001 0.799012140625
0 0.7174342605641593 0.6672818553373895 0.7124577562499999 0.5926342906250001 0.4866600472483407 0.6076874712251106 0.4916365515625 0.6823350359375
0 0.7197471052113811 0.8726826233115222 0.7144274046875 0.7928871140624999 0.5238488604136189 0.8055923501259776 0.5291685609375 0.885387859375
0 0.574774306881503 0.02904345812172988 0.4563024842801576 0.02049564961071571 0.39320558311262543 0.8950127696634679 0.5116774057139708 0.903560578174482