0 0.68733125 0.5515062499999999 0.685808041735427 0.4642836374911761 0.6093562227216689 0.46561875047637385 0.6108794309862419 0.5528413629851976
0 0.6076320255636406 0.46448334018173554 0.5023890625 0.46264687500000007 0.5008976619363594 0.5481150973182647 0.606140625 0.5499515625000002
0 0.49315812524566854 0.46248931938355275 0.30964375000000005 0.45928593749999996 0.30811528451206915 0.5468482074068016 0.4916296597577377 0.5500515892903544
0 0.301053356660394 0.48606530147957 0.26697031250000003 0.485471875 0.26666539333960604 0.50298469852043 0.3007484375000001 0.503578125
0 0.29991093750000003 0.5459140624999999 0.2992199011360601 0.5063707118695234 0.267859375 0.50691875 0.2685504113639399 0.5464621006304765
0 0.3012057051462859 0.4589051346595405 0.2330765625000001 0.4584359375 0.2324774079865572 0.5454353629728453 0.30060655063284303 0.5459045601323859
0 0.2318998546608802 0.4580982805986803 0.04895625000000005 0.4549046874999999 0.046812645339119933 0.5777001569013196 0.22975625000000005 0.58089375
0 0.13611249999999994 0.7165718749999999 0.13386777775491832 0.5879560053378966 0.05023437547579938 0.5894156522618805 0.05247909772088102 0.7180315219239838
0 0.25312932111571473 0.6908110884999943 0.1996765625000001 0.689878125 0.19918005388428545 0.7183248490000057 0.2526328125 0.7192578125000001
0 0.25188234995867403 0.7175289538028852 0.2507091999360156 0.590358065024494 0.1382703125 0.5913953125 0.13944346252265843 0.7185662012783912
0 0.3303015625 0.733671875 0.32784614272628043 0.593002257126713 0.2626296457976524 0.5941406257279238 0.265085065571372 0.7348102436012108
0 0.49874087284517454 0.5982566096216001 0.3405453125000001 0.595496875 0.33838256465482575 0.7194715153784002 0.4965781250000002 0.7222312500000001
0 0.5739453125 0.7247156250000001 0.5717406944990727 0.598340872415436 0.5051171875 0.5995031250000001 0.5073218055009272 0.7258778775845642
0 0.6484890625 0.7260078125 0.6462645615370315 0.5986423845135284 0.5754218477184774 0.5998796879764855 0.5776463486814458 0.7272451159629572
0 0.7261124999999999 0.7428328124999999 0.7236382534030711 0.6010321201766493 0.6581390625 0.6021750000000001 0.6606133090969288 0.7439756923233507
0 0.7784859375000001 0.7305296875 0.7762774679393462 0.6038849452139997 0.7341078125000001 0.6046203125 0.736316282060654 0.7312650547860003
0 0.8071078125 0.6790109375 0.8058015237415754 0.6042286702946142 0.7827530709060964 0.6046312782384918 0.784059359664521 0.6794135454438776
0 0.8705290173953422 0.606160509033769 0.8128546875000001 0.6051531250000001 0.8122850451046582 0.6377660534662313 0.8699593750000002 0.6387734375000002
0 0.8705200726342275 0.644123108570015 0.8123890625000003 0.6431078125 0.8120158527640271 0.664476021818226 0.8701468628982543 0.6654913178882408
0 0.9598866789580219 0.6075251560056407 0.784197016037957 0.6045361401571825 0.7820504611673249 0.7307072683080474 0.9577401240873898 0.7336962841565057
0 0.9562954777151118 0.4712784106234462 0.6640279644364753 0.46644135806310816 0.6619559242213634 0.591639509939662 0.9542234374999998 0.5964765625
0 0.3205881335418962 0.5510445260573024 0.23281093750000004 0.5495124999999998 0.23222592895810396 0.5830304739426976 0.32000312500000005 0.5845625
0 0.6566814530407845 0.556218090414564 0.32646875 0.5516046875 0.32597792195921554 0.5867365970854359 0.656190625 0.59135