0 0.3985875000000001 0.45512031249999996 0.3220890625000001 0.45512031249999996 0.3220890625000001 0.5396734375000001 0.3985875000000001 0.5396734375000001
0 0.505534375 0.454015625 0.40327812500000004 0.454015625 0.40327812500000004 0.5395359375 0.505534375 0.5395359375
0 0.69828125 0.45401875 0.517825 0.45401875 0.517825 0.541634375 0.69828125 0.541634375
0 0.741425 0.4809578125000001 0.7079515625 0.48095781249999997 0.7079515625 0.49847968750000005 0.741425 0.49847968750000016
0 0.740909375 0.5023968750000001 0.7095296875 0.502396875 0.7095296875 0.5408421875000001 0.740909375 0.5408421875000002
0 0.7757750000000001 0.54141875 0.7748468036610088 0.45361263918357764 0.7070161370179322 0.45432967557049925 0.7079443333569235 0.5421357863869216
0 0.9589718749999999 0.45418906250000013 0.780315625 0.45418906250000013 0.780315625 0.5770578125000002 0.9589718749999999 0.5770578125000002
0 0.9600421875 0.5887171875000001 0.8763578125 0.5887171875000001 0.8763578125 0.7144125000000001 0.9600421875 0.7144125000000001
0 0.8123078125 0.6866015625000002 0.7598484375 0.6866015625000002 0.7598484375 0.7150656250000001 0.8123078125 0.7150656250000001
0 0.8724734375000001 0.71530625 0.8720140625000001 0.5891609374999999 0.7599779017190821 0.589568932139981 0.7604372767190821 0.7157142446399811
0 0.7476640625000001 0.5897375000000001 0.6824078124999999 0.5897375 0.6824078125 0.7281281250000001 0.7476640625000002 0.7281281250000002
0 0.6697484375 0.5897328125 0.51588125 0.5897328125 0.51588125 0.71378125 0.6697484375 0.71378125
0 0.505196875 0.590865625 0.4385328125 0.590865625 0.4385328125 0.7149156249999999 0.505196875 0.7149156249999999
0 0.43487656250000006 0.590015625 0.36398906250000007 0.590015625 0.36398906250000007 0.7149062500000001 0.43487656250000006 0.7149062500000001
0 0.35217656250000007 0.590865625 0.2866359375000001 0.590865625 0.2866359375000001 0.73038125 0.35217656250000007 0.73038125
0 0.27622500000000005 0.5919859375 0.23403125000000008 0.5919859375 0.23403125000000008 0.717159375 0.27622500000000005 0.717159375
0 0.22756406250000008 0.5911500000000001 0.2045015625000001 0.5911500000000001 0.2045015625000001 0.665125 0.22756406250000008 0.665125
0 0.1974625000000001 0.59114375 0.1409281250000001 0.59114375 0.1409281250000001 0.6237765625 0.1974625000000001 0.6237765625
0 0.1985921875000001 0.6291203125 0.1412062500000001 0.6291203125 0.1412062500000001 0.6505 0.1985921875000001 0.6505
0 0.2288765625 0.7172734375 0.22882599273708512 0.5909501697386961 0.054724537576492316 0.5910198660778316 0.05477510733940718 0.7173431338391356
0 0.3474515625000001 0.45472812500000004 0.05524531250000007 0.45472812500000004 0.05524531250000007 0.5799984375 0.3474515625000001 0.5799984375
0 0.7767140625 0.5456140625000001 0.6898765625000001 0.5456140625 0.6898765625000001 0.5791546875 0.7767140625 0.5791546875000001
0 0.6830625 0.544925 0.3539343750000001 0.544925 0.3539343750000001 0.5800734375000001 0.6830625 0.5800734375000001