0 0.8544921875 0.5391000000000001 0.625 0.5391 0.625 0.6787484375000001 0.8544921875 0.6787484375000001
0 0.6123046875000001 0.585975 0.4140625 0.585975 0.4140625000000001 0.7959359375 0.6123046875000002 0.7959359375
0 0.853515625 0.3125375000000001 0.68359375 0.3125375000000001 0.68359375 0.3974984375000001 0.853515625 0.3974984375000001
0 0.22363281250000006 0.32425625 0.05859375000000004 0.32425625 0.05859375000000004 0.3974984375 0.22363281250000008 0.3974984375
0 0.224609375 0.18753750000000002 0.05468750000000002 0.1875375 0.054687500000000035 0.3076546875 0.224609375 0.3076546875
0 0.22460937500000008 0.41019375 0.05859375000000004 0.41019375 0.058593750000000056 0.517615625 0.22460937500000008 0.517615625
0 0.8525390625 0.18363125000000008 0.68359375 0.18363125000000008 0.68359375 0.2998421875000001 0.8525390625 0.2998421875000001
0 0.3964843750000001 0.54300625 0.2695312500000001 0.54300625 0.2695312500000001 0.6006234375 0.3964843750000001 0.6006234375
0 0.8544921875 0.4101937500000001 0.72265625 0.41019375 0.72265625 0.5303109375000001 0.8544921875 0.5303109375000001
0 0.4677734375 0.19144375000000005 0.328125 0.19144375000000005 0.328125 0.3467171875 0.4677734375 0.3467171875000001
0 0.6103515625 0.5391 0.4140625 0.5391 0.4140625 0.5771859375 0.6103515625 0.5771859375
0 0.3974609375000001 0.61331875 0.2695312500000001 0.61331875 0.2695312500000001 0.798865625 0.3974609375000001 0.798865625
0 0.5888671875 0.18753750000000008 0.48046875 0.18753750000000005 0.48046875 0.3467171875000001 0.5888671875 0.3467171875000001
0 0.7919921875 0.6914437500000001 0.75390625 0.6914437500000001 0.75390625 0.7178109375000001 0.7919921875 0.7178109375000001
0 0.20214843750000008 0.54300625 0.17187500000000006 0.54300625 0.17187500000000008 0.5771859375 0.20214843750000008 0.5771859375
0 0.5909898981919873 0.5146931862480059 0.5891773462654097 0.18549951272950507 0.25167500000000004 0.1873578125 0.2534875519265776 0.5165514860185008
0 0.7124166322866834 0.47394812485615967 0.7103055526301612 0.1835480073049567 0.6021328125000001 0.184334375 0.6042438921565222 0.474734492551203
0 0.7913875000000001 0.7222859375000001 0.7547843750000001 0.7222859375000001 0.7547843750000001 0.7478843750000002 0.7913875000000001 0.7478843750000002
0 0.6562203125000001 0.6907078125 0.6320578125 0.6907078125 0.6320578125 0.733290625 0.6562203125000001 0.733290625
0 0.722728125 0.6902296875 0.6311000000000001 0.6902296875 0.6311000000000002 0.7966875 0.7227281250000002 0.7966875
0 0.849521875 0.6899906250000002 0.7545453125000001 0.6899906250000002 0.7545453125000001 0.7964500000000002 0.849521875 0.7964500000000002
0 0.582546875 0.48793125000000004 0.524771875 0.48793125000000004 0.524771875 0.5331953125 0.582546875 0.5331953125
0 0.6473078125 0.48646093749999997 0.59651875 0.48646093749999997 0.59651875 0.5309828125 0.6473078125 0.5309828125
0 0.7106109375 0.4853484375 0.660921875 0.4853484375 0.660921875 0.5317125 0.7106109375 0.5317125
0 0.508515625 0.4885296875 0.3536843750000001 0.4885296875 0.3536843750000001 0.5311609374999999 0.508515625 0.5311609374999999
0 0.20321187258848314 0.5422576852853274 0.052421875000000076 0.54186875 0.05220687396728472 0.6252245328968487 0.2029968715557678 0.625613468182176
0 0.2543281250000001 0.5422921875 0.05196250000000008 0.5422921875 0.05196250000000009 0.79985 0.2543281250000001 0.79985
0 0.59014375 0.36258437500000007 0.3283734375 0.362584375 0.32837343750000003 0.4276328125 0.59014375 0.4276328125