0 0.4915135140625 0.09501400156250006 0.3405422296875 0.09501400156250005 0.3405422296875 0.3496827328125 0.4915135140625 0.34968273281250006
0 0.4408378375 0.36056861875000007 0.21385304062500005 0.36056861875 0.2138530406250001 0.583353903125 0.4408378375 0.583353903125
0 0.7364459453125 0.08518385781250008 0.644596284375 0.08518385781250008 0.644596284375 0.2728246250000001 0.7364459453125 0.2728246250000001
0 0.7237770265625001 0.7667013140625001 0.6445962843750002 0.7667013140625001 0.6445962843750002 0.9484533781250001 0.7237770265625001 0.9484533781250001
0 0.8715810812499999 0.7611879875000002 0.7417246625000001 0.7611879875000002 0.7417246625000001 0.9484064562500001 0.8715810812499999 0.9484064562500001
0 0.6308716218750001 0.769915465625 0.5147398656250002 0.769915465625 0.5147398656250002 0.9542716953125 0.6308716218750001 0.9542716953125
0 0.8758040546875 0.08004590781250011 0.7501706078125 0.0800459078125001 0.7501706078125 0.2681324328125001 0.8758040546875 0.2681324328125001
0 0.4872905406250001 0.5903452703125 0.4250016890625 0.5903452703125 0.4250016890625001 0.7301725968749999 0.4872905406250002 0.7301725968749999
0 0.630871621875 0.08882030781250007 0.5010152031249999 0.08882030781250007 0.5010152031249999 0.2369762765625001 0.630871621875 0.2369762765625001
0 0.873867397445925 0.6469722591585823 0.867170790117514 0.4962986020813287 0.6928451549284584 0.5040464084914327 0.6995417622568697 0.6547200655686862
0 0.4915135140625 0.35970056406250006 0.4503395265625 0.35970056406250006 0.4503395265625 0.5728433921875 0.4915135140625 0.5728433921875
0 0.4172243631386266 0.730612098910348 0.41108970885589535 0.5925823862418286 0.20459798603345347 0.6017597967230297 0.21073264031618474 0.7397895093915491
0 0.8766854881455866 0.4821510655180542 0.871487422418624 0.36519459042434244 0.6943436965289485 0.373067645161635 0.699541762255911 0.4900241202553467
0 0.3268175671875 0.16985446718750002 0.2983125 0.16985446718750002 0.2983125 0.2121545796875 0.3268175671875 0.2121545796875
0 0.4886954232154751 0.8330099325768598 0.48724371117898385 0.8003464124882619 0.448934643972025 0.8020490377356401 0.45038635600851623 0.834712557824238
0 0.8739498905683126 0.7296347987607681 0.8607253860986255 0.3660328634818527 0.5037079283428127 0.37901788503358447 0.5169324328125 0.7426198203124998
0 0.8770418152797923 0.3506227134646426 0.8728054016111464 0.23403076908935644 0.5585524378938541 0.24544927281221388 0.5627888515624999 0.36204121718750004
0 0.2934746625 0.17194316718750005 0.26580067500000004 0.17194316718750005 0.26580067500000004 0.21274406875000001 0.2934746625 0.21274406875000001
0 0.3287718477461713 0.34262271434828134 0.327613175 0.3165525890625 0.2804190303788287 0.31865010752671863 0.281577703125 0.34472023281249997
0 0.33366121268782395 0.3419530387380061 0.32804930046674297 0.24320814172072575 0.207945520591419 0.25003393110771965 0.2135574328125 0.348778828125
0 0.32838851406249997 0.10780360312500004 0.213297296875 0.10780360312500004 0.213297296875 0.2153359984375 0.32838851406249997 0.2153359984375
0 0.54683108125 0.38645653125000007 0.49789695937499995 0.38645653125000007 0.49789695937499995 0.45109084218750006 0.54683108125 0.45109084218750006
0 0.5484206078125 0.3163740609375001 0.5002888515625 0.3163740609375001 0.5002888515625 0.3734203453125001 0.5484206078125 0.3734203453125001
0 0.5496233109374999 0.24788479687500006 0.4995 0.24788479687500006 0.4995 0.3038304046875001 0.5496233109374999 0.3038304046875001
0 0.546184121875 0.46651906875 0.500096284375 0.46651906875 0.500096284375 0.635952553125 0.546184121875 0.635952553125
0 0.4885284075813715 0.9653106817099502 0.4881053253632851 0.8013008746726846 0.3979806334069136 0.8015333617127345 0.39840371562499993 0.96554316875
0 0.49802743045740216 0.9617803307730235 0.4879836731897269 0.7434682566189665 0.19989880991982478 0.7567220102209432 0.20994256718750007 0.9750340843749999
0 0.6823412156249999 0.3722210203125001 0.61201858125 0.3722210203125001 0.61201858125 0.658341403125 0.6823412156249999 0.658341403125