0 0.7121504939187551 0.3667997354213963 0.7052026767880497 0.10403046385388323 0.554023923093755 0.10802774378106086 0.5609717402244604 0.3707970153485739
0 0.85837280853503 0.3902121542427763 0.6122308284819411 0.37515833801315435 0.5991431935374721 0.5891516756696007 0.8452851735905611 0.6042054918992227
0 0.40525192395225307 0.283035692729676 0.400159365401742 0.09040110538516695 0.3081840270618078 0.09283259913795554 0.31327658561231886 0.28546718648246455
0 0.42319309130840954 0.9611830823550276 0.41713485593316013 0.7747035402236218 0.3378989139893454 0.7772777099206761 0.34395714936459487 0.963757252052082
0 0.3257979887570427 0.9590878752913674 0.32066775182408636 0.7650438949571922 0.19063192927265765 0.768481850508876 0.195762166205614 0.9625258308430512
0 0.5535367813036431 0.9699112762834922 0.5485049214634297 0.7795571183042262 0.43221370954570365 0.7826311834322509 0.43724556938591713 0.9729853414115169
0 0.2992740748272494 0.2760309195951231 0.2941261123842489 0.0813195027176175 0.16832080388185391 0.08464566105843965 0.17346876632485436 0.2793570779359452
0 0.6375624605068468 0.7468559820942176 0.6338402696665314 0.6037183567009887 0.5714054961199706 0.6053419280126808 0.575127686960286 0.7484795534059097
0 0.5482608355044369 0.2501719113793085 0.5441671456458657 0.09534126945537644 0.41413310503768896 0.09877934235032866 0.41822679489626013 0.2536099842742607
0 0.36915639558325636 0.5143306422624115 0.18813045353267824 0.5036527684445989 0.17922911046915133 0.6545605278996957 0.36025505251972945 0.6652384017175083
0 0.6079843265302285 0.5884248278488394 0.6022865048924639 0.372940237844858 0.5610562042267906 0.3740304452664656 0.5667540258645551 0.589515035270447
0 0.8617288798309772 0.6232817672875239 0.6480656707530087 0.6091572987213618 0.6389440229984127 0.7471419968497525 0.8526072320763813 0.7612664654159147
0 0.3636048156944558 0.3829989966195225 0.1803149577793838 0.3708817070943612 0.17258532404704424 0.48780253048429445 0.3558751819621162 0.4999198200094558
0 0.750839045559936 0.22961133968179398 0.7496851848033366 0.18592909385235104 0.7211397836582866 0.18668311685499758 0.722293644414886 0.23036536268444055
0 0.6169972669932233 0.8186884513612128 0.5770732234057199 0.8160494948586553 0.5749148735357428 0.8487025735291596 0.6148389171232462 0.8513415300317169
0 0.5647168958573038 0.39320667780998236 0.2034737272183274 0.3743693842120844 0.18447983292352377 0.738615687652102 0.5457230015625001 0.7574529812499999
0 0.4918597182519284 0.25457300939446964 0.1756322538893534 0.2487312198841943 0.17341819813742507 0.3685823776772247 0.4896456625000001 0.37442416718750005
0 0.7834551921875 0.23101274374999997 0.782338092314031 0.18872156844239824 0.7546244812500001 0.189453609375 0.7557415811234692 0.23174478468260173
0 0.7728637956631126 0.3370899169587259 0.7242344640625001 0.33387526718750016 0.7225116450300638 0.3599370605331075 0.7711409766306763 0.36315171030433324
0 0.8459808239931051 0.269873282373121 0.7218061140625 0.26166560000000005 0.7152737510068949 0.36049426450187916 0.8394484609375 0.3687019468750001
0 0.8427100156740448 0.13227945392688018 0.7179145890624998 0.12430866250000006 0.7113693562009551 0.22678470076062002 0.8361647828125 0.23475549218750008
0 0.5570714875 0.465222096875 0.5552941857724637 0.39798305503102255 0.50629306875 0.39927828124999987 0.5080703704775363 0.4665173230939773
0 0.5526124046875001 0.3872047703125 0.5510355905593076 0.32761864172619065 0.5028364348607004 0.3288941249884137 0.5044132489888927 0.38848025357472304
0 0.5515557437499999 0.31736666718749995 0.5500070596518213 0.2587893335386423 0.499815172380194 0.26011632083617114 0.5013638564783727 0.3186936544850288
0 0.559774225 0.6507441296875001 0.5552169047044094 0.47843840768187096 0.5090660580115257 0.47965905310121054 0.5136233783071165 0.6519647751068396
0 0.670480915625 0.9838061515624998 0.6664693466837822 0.8171502577117163 0.576207298459478 0.8193229527233402 0.5802188674006958 0.9859788465741237
0 0.8731276672185773 0.7790047977898794 0.574739259375 0.760653609375 0.5613058421564228 0.9790795709601205 0.8596942500000001 0.997430759375
0 0.4481495421875 0.6707864406249999 0.4404668298706661 0.38018059192867515 0.3700479734375 0.38204224687500005 0.37773068575433394 0.6726480955713249