0 0.4553848849753006 0.6171589749222459 0.31486191763299964 0.6169350069314695 0.31448867385818347 0.8511172335853295 0.45501164120048443 0.851341201576106
0 0.40887280086013594 0.6097276060272505 0.40854849178884933 0.4059673439856112 0.196634554170315 0.4063046306165427 0.19695886324160164 0.6100648926581821
0 0.6832767312653998 0.6710472198969465 0.5977846674462178 0.6709119952480729 0.5975110978934051 0.8438688183041062 0.6830031617125869 0.84400404295298
0 0.6724842184204626 0.04245976168869113 0.5987847231225668 0.042343336393707263 0.5985198875808504 0.20998942880125077 0.6722193828787462 0.2101058540962346
0 0.8100699545329155 0.03547214506088667 0.6892017646104324 0.03527940868695132 0.688924958332905 0.2088692352504664 0.8097931482553882 0.2090619716244017
0 0.5862724961076832 0.21352410479636036 0.5860031834245211 0.0443783856162095 0.4777394456671734 0.04455076241561008 0.4780087583503355 0.21369648159576093
0 0.8129952982266104 0.668164635067323 0.6960563426513526 0.6679781642473671 0.6957809539419142 0.8406790086291152 0.812719909517172 0.840865479449071
0 0.4522174451202816 0.3883966875933592 0.4520189579031402 0.25958510673797625 0.39402438833091236 0.2596744712240517 0.39422287554805385 0.3884860520794347
0 0.5849446885905931 0.7125341284209352 0.4640766210681332 0.7123420165304456 0.4638613228188101 0.8477978869106131 0.58472939034127 0.8479899988011029
0 0.8087989592323174 0.45109255938753046 0.8056782109468544 0.31065829786683874 0.6461769609790136 0.314202755230564 0.6492977092644765 0.45463701675125573
0 0.45572031678068764 0.4049456380786499 0.41739629323891114 0.40488481004373333 0.417082229409431 0.6027572156069294 0.4554062529512075 0.602818043641846
0 0.38410277889171585 0.3897871688882954 0.38124389990387164 0.26113761284962134 0.19151322416771804 0.2653538500362349 0.1943721031555623 0.39400340607490897
0 0.8117873775437575 0.5728614257168178 0.8093649686674166 0.4638530228150124 0.6466589740805031 0.4674687114686315 0.6490813829568439 0.5764771143704369
0 0.30187686743150977 0.750265912591272 0.2753438912518483 0.7502231142000177 0.2752811724969779 0.7891057726417804 0.30181414867663936 0.7891485710330347
0 0.45283232084579417 0.1917513181771779 0.45215579214417484 0.16130753100481887 0.41708224951066547 0.16208694317600178 0.4177587782122848 0.19253073034836082
0 0.8221212332290608 0.570333831898892 0.8098639390644801 0.23169879278991984 0.47584699085354654 0.24378892971417204 0.48810428501812736 0.5824239688231441
0 0.8148703726612674 0.6966215820674957 0.8124164328125 0.5861943046875 0.5183499492137326 0.5927291163700044 0.5208038890625001 0.7031563937499999
0 0.27083831718750007 0.7518157218749999 0.24507986599509982 0.7517744553164775 0.24501988125000004 0.7892167374999999 0.27077833244240035 0.7892580040585223
0 0.30335126229017473 0.6519255790089694 0.30281129687499997 0.6276271140625 0.2593805330223253 0.6285922413035305 0.2599204984375 0.65289070625
0 0.3034083207215288 0.7204925990205371 0.3027776472504427 0.6281227507495354 0.1953884155914139 0.6288559720414981 0.19601908906249998 0.7212258203124999
0 0.3031927094587896 0.8484748777175882 0.30290675524396593 0.7528183046554311 0.1957722926601763 0.7531385706878426 0.196058246875 0.8487951437499998
0 0.5070339625000002 0.5151459125 0.4614869483640932 0.5150733543506311 0.46139261562500006 0.5742889578125 0.506939629760907 0.5743615159618689
0 0.5084001046875001 0.5873017812499999 0.4635999172085069 0.5872304008542641 0.46351679375000404 0.6394008390600106 0.5083169812289972 0.6394722194557463
0 0.5094169109375001 0.652075121875 0.4627630168692297 0.652000925592861 0.46268173749999997 0.7031085953124999 0.5093356315682703 0.7031827915946389
0 0.506705475 0.34301802968750006 0.4638077326348011 0.3429496143415623 0.46355764999751203 0.4997562546850041 0.5064553923627109 0.49982467003094183
0 0.45351398750000005 0.04109116093750005 0.3696424076861512 0.040741753401713536 0.3690058637880766 0.19353737709143032 0.4528774436019254 0.19388678462721684
0 0.4539886348502919 0.2430259989331279 0.448529456849156 0.03956892903701642 0.1881283954363641 0.046556033228888606 0.1935875734375 0.2500131031250001
0 0.6334837640625002 0.3147348000000001 0.5680286919462058 0.3146308662781273 0.5676080015625 0.5795720125000001 0.6330630736787944 0.5796759462218729