0 0.36723854306178166 0.4564697387193912 0.36561360671408766 0.3168869363404595 0.1305524873408471 0.31962337199219765 0.13217742368854116 0.45920617437112937
0 0.579982966681275 0.19726898141967011 0.37931005546124713 0.194933148733069 0.37681349209253184 0.40941453779795706 0.5774864033125598 0.4117503704845582
0 0.2998233925269796 0.6837410394349333 0.29883551513084583 0.5988203490310425 0.12557232908583704 0.6008359094823521 0.1265602064819708 0.6857565998862428
0 0.9246478972599279 0.6647564051500663 0.9237960235037264 0.5915485042265021 0.7559317770187216 0.5935018336401457 0.756783650774923 0.66670973456371
0 0.9265257700836926 0.8014055419939368 0.9251276597512138 0.6813442380361514 0.7523840081588664 0.6833558327481855 0.7537821184913451 0.8034171367059706
0 0.9285799641673051 0.5788022544687184 0.9273308249183737 0.47143112941701626 0.7571795113252018 0.4734106437786675 0.7584286505741333 0.5807817688303697
0 0.29734640688246794 0.8126324666334895 0.29599488771036775 0.6964765967618434 0.12243525446438067 0.6984960312690607 0.12378677363648087 0.8146519011407067
0 0.7194384896920394 0.44846692250336384 0.7187678857910822 0.39087689284101057 0.5896271436051199 0.3923806650389093 0.5902977475060771 0.44997069470126255
0 0.26503412249963904 0.5865228105783609 0.2636370746026535 0.4664625516729367 0.12702880310924386 0.46805215592783866 0.1284258510062294 0.5881124148332628
0 0.6528501588557349 0.6454877361094308 0.5115528866679205 0.6438450282543553 0.5097108784831438 0.8022850887023653 0.6510081506709582 0.8039277965574408
0 0.5740380185806762 0.4540643569479915 0.5735948773451917 0.4159964738155571 0.3765098198826716 0.41829070477018204 0.3769529611181562 0.45635858790261646
0 0.7246147728354744 0.19267365812935744 0.5968371831865185 0.18895560213778484 0.5912924125967403 0.37951147938228313 0.7190700022456962 0.38322953537385573
0 0.5005225375044283 0.6472784354267127 0.39225061129545813 0.6441279241229625 0.38749389399268963 0.8075994673576208 0.49576582020165977 0.810749978661371
0 0.23810990970972265 0.30568011402717304 0.2378021886934531 0.279324378837417 0.19876149354603984 0.2797802053321111 0.19906921456230936 0.3061359405218671
0 0.8158210151904506 0.41321744657826776 0.7855833944868145 0.41233780670325304 0.7845555473095497 0.4476700534217325 0.8147931680131858 0.44854969329674726
0 0.7315796875000001 0.4757359375000001 0.3950343518808678 0.4686604534317006 0.38809683372431125 0.7986434417084703 0.7246421693434437 0.8057189257767698
0 0.3801968750000001 0.5222265625 0.27228079002705896 0.5199612576941971 0.2661845137589359 0.8103796888404153 0.3741005987318771 0.8126449936462183
0 0.23817786275901462 0.27484877698782506 0.23787966929353815 0.249260937712173 0.20023305653452353 0.24969966072434796 0.20053125 0.2752875
0 0.36018281250000006 0.2624265625 0.33604888081485107 0.2617243717890727 0.33478125 0.3052921875 0.3589151816851489 0.3059943782109273
0 0.3629687500000002 0.19949687500000007 0.2689497303554999 0.19889394227748788 0.2682593750000001 0.30654531250000006 0.36227839464450035 0.3071482452225122
0 0.23953125000000006 0.2006953125 0.142961036943624 0.19957207051804987 0.14169687500000006 0.30825781250000006 0.23826708805637611 0.3093810544819502
0 0.4621698841703525 0.5065176443789687 0.46164375 0.46127499999999994 0.40202699082964755 0.46196829312103116 0.402553125 0.5072109375
0 0.39035052375476703 0.508824302781709 0.38983437499999996 0.464321875 0.3372338512452328 0.464931947218291 0.3377499999999999 0.5094343749999999
0 0.32599229163860366 0.5106842886915512 0.32545312499999995 0.46434218749999995 0.2738748958613963 0.46494227380844866 0.2744140625 0.511284375
0 0.6331692349953114 0.5039282516807315 0.6326734375 0.4613171875 0.4761042025046887 0.46313893581926846 0.4766000000000001 0.50575
0 0.9368556263650424 0.4470810936958001 0.9361015625 0.36375468750000006 0.7845320707451806 0.3651263184390158 0.7852861346102229 0.4484527246348158
0 0.9422046875000001 0.18941406250000012 0.7400999867392152 0.183217732517267 0.7319523794840039 0.4489669309653059 0.934057080244789 0.45516326094803905
0 0.6557298217121408 0.62956916958701 0.6549734372885615 0.5645515443250709 0.39055299057642073 0.5676276872380609 0.391309375 0.6326453125