0 0.37580618566949686 0.4587146354709871 0.374994316903919 0.3190693555080172 0.14470729175909472 0.3204081966266178 0.14551916052467256 0.46005347658958773
0 0.5871527541029475 0.41060912908578506 0.585931824578794 0.20065529156986056 0.38751340744046703 0.20180913998952382 0.38873433696462045 0.4117629775054484
0 0.31689551064569443 0.6856180227868031 0.31640055501846587 0.6006599688400571 0.14600080606960114 0.601652697730404 0.1464957616968297 0.6866107516771498
0 0.9418216940549845 0.6702637625545257 0.9413948652170696 0.5970246212733775 0.7759517401890197 0.5979888037523289 0.7763785690269345 0.671227945033477
0 0.9460050374157202 0.806959047492561 0.945306816860049 0.6868457800776135 0.7752770882815867 0.6878341659081193 0.7759753088372578 0.8079474333230667
0 0.9420259144548344 0.5843250822666918 0.9414005572803236 0.4769065278701463 0.7747936922997799 0.4778764608479607 0.7754190494742909 0.5852950152445062
0 0.31707609016493543 0.8145248044320826 0.31640056766619085 0.6983162312563593 0.1467967672542868 0.6993021411588722 0.14747228975303142 0.8155107143345954
0 0.7307924774867527 0.45274243767855316 0.7304573888051722 0.39512620694828227 0.6031918941957731 0.3958663669042329 0.6035269828773536 0.4534825976345037
0 0.27803691165958544 0.5881887227412533 0.27733807167982144 0.46807560121931735 0.144820329160593 0.46884661353942925 0.14551916914035706 0.5889597350613652
0 0.6727730254099272 0.8046422143550054 0.6718693138116116 0.6493730403416413 0.5321299299827011 0.6501863640596949 0.5330336415810166 0.805455538073059
0 0.5861534727926564 0.45748893746550073 0.5859318046006127 0.4194042901648551 0.3895290678214322 0.42054743425729235 0.389750736013476 0.458632081557938
0 0.73046875 0.1968906250000001 0.6025390625 0.1968906250000001 0.6025390625 0.3831531250000001 0.73046875 0.3831531250000001
0 0.5195312500000001 0.6502671875 0.4111328125 0.6502671875 0.4111328125000001 0.810059375 0.5195312500000002 0.810059375
0 0.2462352182703266 0.30712477146494166 0.2460824306101698 0.2807574980237076 0.20786068000788327 0.28097897757314355 0.20801346766804008 0.3073462510143776
0 0.828125 0.41800312500000014 0.7978515625 0.41800312500000014 0.7978515625 0.4523468750000002 0.828125 0.4523468750000002
0 0.7483250000000001 0.8082874999999999 0.7456695354427182 0.47939819395965444 0.40889896266948894 0.4821172921592935 0.4115544272267709 0.811006598199639
0 0.3978671875 0.81335 0.39551667872655205 0.5235020048453924 0.2875303019132459 0.5243777153224551 0.28988081068669386 0.8142257104770627
0 0.2453642321103579 0.27628663725915614 0.24521562499999994 0.2506890625 0.208463892889642 0.2509024252408439 0.2086125 0.2765
0 0.3679421875 0.26456875000000013 0.3437796875 0.2645687500000001 0.3437796875 0.3072921875 0.3679421875 0.30729218750000004
0 0.3688984375 0.2016453125000001 0.277271875 0.20164531250000003 0.277271875 0.3081578125 0.3688984375 0.3081578125000001
0 0.24545468750000002 0.2021234375 0.15047986046854517 0.2019087641693647 0.15023750245871217 0.3091317247274209 0.245212329490167 0.3093463980580562
0 0.4754912986395869 0.5093015947551788 0.4752281159150222 0.4640390625528254 0.4171899422754353 0.46437653029764664 0.41745312500000004 0.5096390625
0 0.4037401052857219 0.511190682434812 0.4034812499999999 0.46667031249999996 0.3524317697142781 0.46696713006518786 0.35269062500000004 0.5114874999999999
0 0.33934938944679316 0.5126781185779149 0.33907968750000006 0.466315625 0.28911936055320697 0.46660625642208525 0.28938906250000007 0.5129687500000001
0 0.6465634227065081 0.5077079346064372 0.646315625 0.46507812499999995 0.4912365772934919 0.4659795653935629 0.4914843750000001 0.508609375
0 0.9475796874999999 0.45261874999999996 0.9473094717959011 0.3692630795399851 0.7967790033827697 0.36975105709791356 0.7970492190868685 0.45310672755792847
0 0.949522648693214 0.4521909625605236 0.9480358431789311 0.19464425293772972 0.7453710069857173 0.1958142278772062 0.7468578125000002 0.4533609375000001
0 0.6720051152541293 0.6335056094180086 0.6716265625 0.568459375 0.4094776972458706 0.5699850155819914 0.40985625 0.63503125