0 0.6174347902915293 0.33204068847175644 0.38849032803590466 0.3242853114397756 0.3829421713327755 0.4880709981536304 0.6118866335884002 0.49582637518561123
0 0.5479872525271439 0.5590564714010609 0.4636366840386389 0.5555747606472755 0.4585116486899117 0.6797377585984479 0.5428622171784167 0.6832194693522332
0 0.8306586774708542 0.3392696933906601 0.7151779363632792 0.3345029286255162 0.7083846139764285 0.4990795214443418 0.8238653550840036 0.5038462862094856
0 0.25869642220811057 0.5492668405198685 0.17535025306127 0.5458273982811004 0.1702267782339519 0.6699818308701995 0.25357294738079245 0.6734212731089675
0 0.38466979248769523 0.32418609063124904 0.2973065441094127 0.32058011718130547 0.2905230149651856 0.4849271790038774 0.37788626334346814 0.488533152453821
0 0.7101199807218104 0.3351944311117475 0.6227571452338198 0.3315889409285296 0.6159736028525407 0.4959575751408586 0.7033364383405313 0.49956306532407646
0 0.16628613910991547 0.5461275705746383 0.10704010238773179 0.5436820913458541 0.10192239309138282 0.6676676027892201 0.1611684298135665 0.6701130820180043
0 0.1034175018245187 0.31463857390492317 0.01605469877856323 0.31103244935659796 0.009269745047823732 0.47540629959696334 0.09663254809377919 0.47901242414528855
0 0.2876636765625001 0.42632961718750007 0.23215319589061378 0.4240374276105422 0.22969849567401873 0.4834834657124252 0.28520897634590503 0.48577565528938305
0 0.22562972500000003 0.43625112499999996 0.1617471322870532 0.4340873820909271 0.16013692963463785 0.4816271890607095 0.2240195223475847 0.48379093196978235
0 0.2906216265625 0.32112350937500006 0.11776814900863533 0.314791782921935 0.11174819715132962 0.47913394472496595 0.2846016747051943 0.48546567117803097
0 0.0934236625000001 0.495165809375 0.007145368944972888 0.49160435923429063 0.000015898437500078133 0.6643201140625 0.08629419199252729 0.6678815642032093
0 0.8213239375000001 0.5235053234375001 0.1101053423280884 0.49941671668277293 0.10877562187500008 0.53867685 0.8199942170469118 0.5627654567547271
0 0.6350987375000001 0.5626993562500001 0.5544759425569336 0.5593715083536359 0.549399821875 0.6823491953125 0.6300226168180667 0.6856770432088642
0 0.4583229409421154 0.5560603023580631 0.26304491258183316 0.5484266196321571 0.2582073539390735 0.672176708253144 0.45348538229935575 0.67981039097905
0 0.8192919484375002 0.569823471875 0.7344901948402963 0.5663229668783762 0.7294590481236946 0.6882053994371524 0.8142608017208983 0.6917059044337761
0 0.7295805750000002 0.5667697046875002 0.6398961360202241 0.5630675483294021 0.6348182812500001 0.6860781703125001 0.7245027202297761 0.6897803266705982
0 0.9174277953124997 0.5268572 0.836435423092 0.5235144657768213 0.8294758843106218 0.692139764059843 0.9104682565311215 0.6954824982830219
0 0.9260085971260464 0.34249378720099083 0.8406132781250001 0.33845984218750014 0.8327562633398902 0.5047864236670508 0.9181515823409365 0.5088203686805416