0 0.7079879470757808 0.6235650707170561 0.695583212915823 0.38433091592957114 0.536261412713219 0.3925920464489772 0.5486661468731768 0.6318262012364622
0 0.48376660847938985 0.448471102675553 0.3546613864055569 0.44177675889731266 0.35040411746269484 0.523881244490479 0.4795093395365278 0.5305755882687194
0 0.6971141837402888 0.19295662789098827 0.5255500411899383 0.18406070881105052 0.5197216359609297 0.29646565950422243 0.6912857785112801 0.30536157858416024
0 0.49844166186659455 0.7314899718978009 0.3693364378950952 0.7247956275593596 0.3651298504528897 0.8059226784585801 0.4942350744243891 0.8126170227970213
0 0.7160113238177295 0.6290841354772038 0.5481740802495372 0.6203814635009051 0.5437647652214015 0.7054182524734862 0.7116020087895938 0.7141209244497848
0 0.7003829580179008 0.31073359474746415 0.531664645884053 0.30198523685328105 0.5272553304772357 0.3870220245684538 0.6959736426110835 0.39577038246263685
0 0.5005886048789074 0.8217670248344625 0.3740243020359532 0.8152044322530323 0.3710340773897508 0.872873058332505 0.49759838023270503 0.8794356509139354
0 0.7311598047124166 0.9042870537952442 0.5624414911941282 0.8955386962302491 0.5580321759684556 0.9805754843495066 0.7267504894867439 0.9893238419145017
0 0.6155533784275259 0.7142839913948095 0.5521833218750001 0.7109981359375 0.5493816325099743 0.7650307054801907 0.6127516890625 0.7683165609375
0 0.604534125 0.8357421390625002 0.6010619832836712 0.7687794090881572 0.5548176093749999 0.771177265625 0.5582897510913288 0.8381399955993427
0 0.7313587413677138 0.7217227261586425 0.5662124759542764 0.7123961144863628 0.5567194542105172 0.880489002188547 0.7218657196239546 0.8898156138608269
0 0.5546918724688934 0.897614462760909 0.37762590156250014 0.8884332640625001 0.37327132284360676 0.9724144231765909 0.5503372937500001 0.9815956218749997
0 0.5414899250000001 0.8802218140625001 0.5052200726825453 0.18073179273613654 0.4670297578124997 0.18271203125000002 0.5032996101299545 0.8822020525763635
0 0.47848819171214474 0.3631750442025252 0.35061099375000004 0.356544375 0.34654185516285535 0.4350206229849748 0.474419053125 0.4416512921875001
0 0.49076500059236833 0.7265130750689632 0.4792812354115483 0.5224624532357238 0.35902121983100155 0.5292305667908856 0.3705049850118216 0.7332811886241251
0 0.4687006587095269 0.18291627853275372 0.34150128125000007 0.17632075625000004 0.3372213069154733 0.2588631308422464 0.4644206843750001 0.26545865312500005
0 0.4737616416234925 0.27071002319839443 0.3449987187500001 0.26403342656250006 0.3404722271265078 0.35133004242660576 0.4692351500000001 0.35800663906250013
0 0.5086538863214821 0.09109795866118468 0.336085196875 0.08214995312500004 0.331997407428518 0.16098589758881543 0.5045660968750001 0.1699339031250001
0 0.689769573420358 0.09926339124369968 0.5192335890625001 0.09205110625000007 0.5157038234546419 0.17551315094380046 0.6862398078124999 0.18272543593750007