0 0.25746485 0.7366875187499999 0.25429187605126014 0.522483977754538 0.0611212265625 0.52534539375 0.06429420051123985 0.7395489347454618
0 0.25740696606759345 0.3100456642208169 0.05976407656250003 0.30802725 0.05757800736990667 0.5220868951541829 0.2552208968750001 0.5241053093749999
0 0.38370990312500003 0.45808772812499987 0.3811656804087905 0.31678511507165763 0.2648346144432757 0.3188797128588804 0.2673788371594852 0.46018232591222263
0 0.5455431029990531 0.33648020451742167 0.38694620312500005 0.3275873765625001 0.38047338108158135 0.44302529065758894 0.5390702809556344 0.4519181186125105
0 0.6546184484375 0.4579258437500001 0.6523845785569201 0.33383129705420456 0.5420965312499999 0.33581663125 0.5443304011305797 0.4599111779457955
0 0.7436203125 0.4633842468749999 0.7414445921454691 0.3425785641986863 0.6693166490135716 0.34387759443075744 0.6714923693681025 0.46468327710707114
0 0.8789123787533052 0.4428855908628063 0.840440753125 0.4407292546875001 0.8388398134341948 0.4692919403871939 0.8773114390625001 0.4714482765625001
0 0.8774278484375 0.4382582984375 0.8769623256582145 0.4124554033001394 0.8545099265625 0.4128604781250001 0.8549754493417854 0.4386633732623607
0 0.8761890890625003 0.4093030578125001 0.8751631701015702 0.3523142472611304 0.8543736171875003 0.35268850312500005 0.8553995361484302 0.4096773136763696
0 0.7866934323788559 0.4355604693088857 0.7480617437500001 0.43339518281250006 0.7463406804455099 0.4641013188368091 0.7849723690743657 0.46626660533319475
0 0.757493284375 0.4267603734375 0.7568147689650556 0.38903001457109343 0.7475011953124999 0.389197503125 0.7481797107224444 0.42692786199140664
0 0.7847710031250001 0.42853368437500006 0.7843675845435677 0.4060106225675676 0.7642970812500002 0.40637011250000005 0.7647004998314325 0.42889317430743257
0 0.7840728546875002 0.402944584375 0.7830997596206062 0.34887906049426076 0.7630294187218866 0.349240295313006 0.7640025137887806 0.4033058191937453
0 0.75699800625 0.3856722578125 0.7563123406553498 0.3476123290303466 0.745803753369975 0.34780164564182015 0.7464894189646252 0.3858615744239735
0 0.8522240483685198 0.46820200415183566 0.8484524740022309 0.3485152619598423 0.7873673376822159 0.35044017970834507 0.791138912048505 0.47012692190033845
0 0.9554185531249999 0.47591680781250006 0.953215598942555 0.35347527024785 0.8822461906249999 0.35475214374999997 0.8844491448074446 0.47719368131464995
0 0.9568067171875001 0.5237272500000001 0.9559905171172302 0.47839697817945065 0.9386437750000001 0.4787093171875 0.9394599750702699 0.5240395890080494
0 0.9630072636095125 0.5292275781239636 0.8765817388966944 0.526150358491883 0.8733071159121819 0.6181200725554195 0.959732640625 0.6211972921875001
0 0.8702091759351689 0.5609024574675485 0.8233631859375 0.558631821875 0.8216497787523311 0.5939815081574518 0.8684957687499999 0.5962521437500002
0 0.8178995671875002 0.5926808015625 0.8172452661974988 0.5563126308275562 0.7845054769203921 0.5569016534840041 0.7851597779103934 0.5932698242189479
0 0.8357689640625002 0.5547807656250001 0.8351467688434611 0.520259590743603 0.8047496878807558 0.5208074550185797 0.8053718830997951 0.5553286298999768
0 0.8764313897743197 0.5263110320919995 0.8397741796875 0.524255590625 0.8380436709663815 0.5551178763021084 0.8747008810532012 0.5571733177691078
0 0.802228167657212 0.5216321892182283 0.7664848109375001 0.5199379750000002 0.764997266717788 0.551321151406772 0.8007406234375001 0.5530153656250001
0 0.7726381859375 0.7680397328125 0.7702583568174021 0.6358010582190047 0.6721907690878787 0.6375659284563532 0.6745705982079766 0.7698046030498485
0 0.8421642515625001 0.7726483468749998 0.8407518976941377 0.6941681068005917 0.7770490734375 0.695314521875 0.7784614273058624 0.7737947619494081
0 0.9648700198307216 0.7051236136405162 0.8469188359375 0.6985099156250001 0.8428200345630895 0.771609484658946 0.9607712184563111 0.7782231826744621
0 0.6606758040508254 0.5138773986025503 0.5767921953125 0.5091748250000001 0.5748732818866747 0.5434040357724499 0.6587568906250001 0.5481066093750001
0 0.71218619375 0.572204184375 0.7110532106803645 0.5092714243001478 0.6688181062505063 0.5100317859656207 0.6699510893201418 0.5729645460404729
0 0.7140234296875001 0.6349042203125 0.7129354035808471 0.5744263811751577 0.6699904937500001 0.57519898125 0.6710785198566531 0.6356768203873424
0 0.35795689218750004 0.742645534375 0.3556513868384814 0.6145609595576541 0.27010944531300607 0.6161007031531157 0.2724149506620247 0.7441852779704616
0 0.5753399600582709 0.553361966194073 0.2678136781250001 0.5378185296875001 0.2576739055667294 0.7384335322434274 0.5652001875000002 0.7539769687500002
0 0.5644591910678063 0.50398167982326 0.4596665375000001 0.4986139593750001 0.45645235268219386 0.5613636795517403 0.5612450062500001 0.5667314000000002
0 0.6618380796875001 0.760839803125 0.6585912527535294 0.5535630557156994 0.5735642999999999 0.5548949359375001 0.5768111269339706 0.7621716833468006
0 0.638521579291501 0.7422038844214335 0.6017779312500001 0.7401436015625001 0.5998911393662645 0.7737931640985073 0.6366347874077654 0.7758534469574406
0 0.9352220829943683 0.4790168356728663 0.26840118721701856 0.44347269010626666 0.25674386128383925 0.6621682979825655 0.9235647570611889 0.6977124435491652
0 0.9648340388917713 0.6284176243622246 0.8872424875 0.6240671593750001 0.8832549673582285 0.6951855053252757 0.9608465187499998 0.6995359703125