0 0.24671875000000001 0.47606093750000006 0.24608750000000001 0.277928125 0.05520037511108409 0.2785362902809836 0.055831625111084096 0.4766691027809837
0 0.24796875 0.6909140625000001 0.24765244682920212 0.48761411411286437 0.056775855311693435 0.4879110884682789 0.05709215848249131 0.6912110368554146
0 0.3757937500000001 0.560465625 0.2608031250000001 0.560465625 0.2608031250000001 0.691553125 0.3757937500000001 0.691553125
0 0.5294234375 0.57518125 0.3813140625000001 0.57518125 0.3813140625000001 0.689709375 0.5294234375 0.689709375
0 0.6434968750000001 0.5756453125000001 0.5344796875 0.5756453125000001 0.5344796875 0.6901734375 0.6434968750000001 0.6901734375
0 0.7313468750000001 0.5751812500000001 0.6600515625 0.57518125 0.6600515625 0.6892562500000001 0.7313468750000001 0.6892562500000002
0 0.8633124999999999 0.5746203125000002 0.8274250000000001 0.5746203125000002 0.8274250000000001 0.6029562500000002 0.8633124999999999 0.6029562500000002
0 0.8640171875 0.6074515625000002 0.841825 0.6074515625000002 0.841825 0.6312984375000001 0.8640171875 0.6312984375000001
0 0.8633078125000001 0.6360187500000002 0.842759375 0.6360187500000002 0.842759375 0.6908015625000001 0.8633078125000001 0.6908015625000001
0 0.772159375 0.5746250000000002 0.736271875 0.5746250000000002 0.736271875 0.6050875000000001 0.772159375 0.6050875000000001
0 0.7457078125 0.6121718750000003 0.736503125 0.6121718750000003 0.736503125 0.6487687500000001 0.7457078125 0.6487687500000001
0 0.7726328125 0.6119296875000002 0.75279375 0.6119296875000002 0.75279375 0.6327156250000001 0.7726328125 0.6327156250000001
0 0.772396875 0.6372000000000002 0.7525578125 0.6372000000000002 0.7525578125 0.6891484375000002 0.772396875 0.6891484375000002
0 0.74595 0.6527812500000001 0.7355625 0.6527812500000001 0.7355625 0.6896140625000002 0.74595 0.6896140625000002
0 0.8382201565594057 0.5750390441779696 0.7781287339211864 0.5749215047371796 0.7779027223995023 0.6904687098230102 0.8379941450377218 0.6905862492638002
0 0.940415625 0.5745296875000002 0.870265625 0.5745296875000002 0.870265625 0.6903062500000001 0.940415625 0.6903062500000001
0 0.9409359374999999 0.5273234375000002 0.923790625 0.5273234375000002 0.923790625 0.5708390625000002 0.9409359374999999 0.5708390625000002
0 0.94269190338425 0.43108947566279976 0.858401545413394 0.4303707023437776 0.857625267029144 0.521404664180978 0.941915625 0.5221234375000001
0 0.8524388835013708 0.45069901934285 0.8088063513826425 0.45025852421008566 0.8084515625000002 0.48540156250000005 0.8520840946187285 0.4858420576327644
0 0.8024484375000001 0.45142500000000013 0.7700843749999999 0.45142500000000013 0.7700843749999999 0.4849609375000002 0.8024484375000001 0.4849609375000002
0 0.8207796875 0.48989843750000023 0.7907328125 0.48989843750000023 0.7907328125 0.5217796875000003 0.8207796875 0.5217796875000003
0 0.8603976485148823 0.4900979908549215 0.8255218749999997 0.489690625 0.8251642307342921 0.5203095889092928 0.8600400042491747 0.5207169547642143
0 0.786196875 0.48970312500000024 0.7529343749999999 0.48970312500000024 0.7529343749999999 0.5208046875000002 0.786196875 0.5208046875000002
0 0.754603125 0.2754843750000001 0.657665625 0.2754843750000001 0.657665625 0.39895312500000013 0.754603125 0.39895312500000013
0 0.8232234375 0.2747796875000001 0.7602546875 0.2747796875000001 0.7602546875 0.34765468750000006 0.8232234375 0.34765468750000006
0 0.940325 0.27584375000000005 0.8292390624999999 0.27584375000000005 0.8292390624999999 0.3483671875000001 0.940325 0.3483671875000001
0 0.6459828125 0.486684375 0.56568125 0.486684375 0.56568125 0.5206453125 0.6459828125 0.5206453125
0 0.6983515625 0.465815625 0.656603125 0.465815625 0.656603125 0.5248984375 0.6983515625 0.5248984375
0 0.69905 0.40390625 0.656603125 0.40390625 0.656603125 0.4605125 0.69905 0.4605125
0 0.34528437500000003 0.27760625 0.26072812500000003 0.27760625 0.2607281250000001 0.3978890625 0.3452843750000001 0.3978890625
0 0.549871875 0.27789218750000005 0.25985 0.2778921875 0.2598500000000001 0.475578125 0.549871875 0.475578125
0 0.5501876385010934 0.46286329664338205 0.4502377798046825 0.4625995097757876 0.4500735788035891 0.5248159006324056 0.5500234375 0.5250796875000001
0 0.6457078125 0.47548124999999997 0.6452421875 0.2764609375 0.5612135046290984 0.2766575297722675 0.5616791296290984 0.4756778422722675
0 0.620071875 0.2602156250000001 0.5862609375 0.2602156250000001 0.5862609375 0.2936000000000001 0.620071875 0.2936000000000001
0 0.91799628543063 0.3536724130922499 0.25997079532932454 0.35089809835984676 0.259054030915108 0.5683407503872063 0.9170795210164135 0.5711150651196093
0 0.9418015625 0.3536703125000001 0.8704109375 0.3536703125000001 0.8704109375 0.4242265625000002 0.9418015625 0.4242265625000002