0 0.7424011421875002 0.7891902562500002 0.5251860546875002 0.78919025625 0.5251860546875002 1 0.7424011421875002 1
0 0.5303871668963702 0.7885494642092222 0.2943356328125001 0.7732027953125 0.28109586747863 0.9768474389157781 0.5171474015625 0.9921941078125002
0 0.4419125299512624 0.6456096224141892 0.2901643046875001 0.6359799906249999 0.2823772403612378 0.7586921791483107 0.43412546562500004 0.7683218109375
0 0.41502883437500004 0.6379898828125001 0.41071123186583736 0.4681141742675094 0.2879527553452787 0.47123423369675843 0.2922703578544415 0.6411099422417491
0 0.4177361182759928 0.3572458880001087 0.28434520156250004 0.3487806234375 0.2769621773982356 0.465118199670985 0.41035309411172827 0.4735834642335937
0 0.4122541160312843 0.26277058795882946 0.2829322640625 0.25456467812500005 0.27810444646871574 0.33064914954117064 0.40742629843749995 0.33885505937500005
0 0.4034645171875 0.1592716265625 0.4024182777822999 0.11805515860758434 0.372044246875 0.11882617343749997 0.3730904862802001 0.16004264139241564
0 0.3693032407522201 0.11789622143317642 0.3415786109375 0.11613787031250004 0.34007651237277997 0.1398220629418237 0.36780114218750004 0.14158041406250005
0 0.33847785088736904 0.11669974854791294 0.27767319218750003 0.11284100156250006 0.27628149016312653 0.13477090961914173 0.3370861488629956 0.13862965660455462
0 0.40594717812500003 0.2570949296875 0.40489210662934505 0.21567247288693245 0.3722390246204342 0.2165041796164187 0.37329409611608916 0.2579266364169862
0 0.3662270159777909 0.24446355888095148 0.32603585625000003 0.24191221718750003 0.32541220161044954 0.2517366179322087 0.36560336133824045 0.2542879596256602
0 0.3667626144443271 0.21565101377580867 0.34254797500000006 0.21411212968750007 0.34120252305567295 0.23528307684919145 0.36541716250000006 0.23682196093750005
0 0.3396208505699066 0.21417984400848883 0.2819305859375001 0.21051853125000006 0.28058695402509554 0.23168975744897682 0.33827721865750204 0.23535107020746557
0 0.32270462858629945 0.2414427828952918 0.28215001250000005 0.23886967343750007 0.2814466886012007 0.2499547171047083 0.32200130468750005 0.25252782656250006
0 0.4073834993834862 0.147485029401848 0.2786225453125001 0.14105080781250004 0.27539204124151395 0.20569930966065209 0.4041529953125001 0.21213353125000006
0 0.4071431263732436 0.0384422722229132 0.27610340468749994 0.030124981250000026 0.27135179592303305 0.10498703574383186 0.4023915176087767 0.11330432671674504
0 0.45280815462450785 0.040781696380267976 0.404429965625 0.03771172031250005 0.4032687970133025 0.05600998496243943 0.4516469860128104 0.059079961030207365
0 0.5630654058140838 0.04652204389945059 0.45673906249999996 0.03998194218750006 0.45123275531354173 0.12950126988088473 0.5575590986276255 0.13604137159283525
0 0.5366262734375 0.18758143124999999 0.5359044702769531 0.14045388493048955 0.49841410342212294 0.1410280855286368 0.4991359065826698 0.18815563184814726
0 0.5395678927000918 0.19467084090074563 0.500465821875 0.19218893906250006 0.49827376823740854 0.22672448566175457 0.5373758390625002 0.2292063875000001
0 0.4975139801096963 0.17236022367724713 0.4604110109374999 0.17000641250000006 0.4583768339528037 0.20207100913525294 0.495479803125 0.2044248203125
0 0.49475397656249986 0.16710321874999998 0.4932715100921416 0.12707663247590095 0.46049706757176095 0.12829050097291517 0.4619795340421192 0.16831708724701416
0 0.4966689662172333 0.24290678159997836 0.4957391465004526 0.20633658231076782 0.46240088125000006 0.20718422812499998 0.46333070096678075 0.24375442741421055
0 0.7360172864121683 0.2584009389310883 0.5941668531250001 0.24939812343750015 0.5876014073378316 0.35284479856891193 0.729451840625 0.3618476140625001
0 0.7316752673089069 0.18460197370801332 0.6474061031249999 0.17925365468750004 0.6431413066496804 0.24645062498998643 0.7274104708335873 0.2517989440104997
0 0.7243863421875 0.17769382343749998 0.7211799188931323 0.051557131542073364 0.643444736563964 0.05353317749402222 0.6466511598583317 0.17966986938944884
0 0.5050711531250001 0.44616434375000014 0.5027984058944475 0.35674431920571625 0.4663985843750001 0.35766947656250003 0.4686713316055526 0.44708950110678386
0 0.5278390211987537 0.3054610091034364 0.4603995156249999 0.3011812703125 0.4575722397387464 0.3457330752715638 0.5250117453125 0.3500128140625001
0 0.5943955005080864 0.3089346877709812 0.5295507703125 0.3048188046875001 0.5266754222325372 0.35011920965087123 0.5915201524281237 0.3542350927343524
0 0.7437275699553771 0.6974530880498833 0.6064733406250002 0.6887424437500002 0.6007467644196232 0.7789765041376171 0.7380009937500002 0.7876871484375002
0 0.747886165810953 0.47843375592997167 0.5364492296875001 0.46593764687500006 0.5182005330412242 0.7747096406341168 0.729637469164677 0.7872057496890885
0 0.5339874359185686 0.5678480765665672 0.5309215352077329 0.45848132683910325 0.4642516171875001 0.4603502984374999 0.46731751789833575 0.5697170481649639
0 0.7361353921494549 0.3755988226968978 0.5149254281250001 0.36104476718750006 0.5090277598497697 0.4506845920562098 0.7302377238742244 0.4652386475656075
0 0.747803690625 0.4395156734375 0.7468010352724652 0.40004985698628276 0.7110175234374999 0.40095896093750005 0.7120201787900347 0.44042477738871727
0 0.6592629234947331 0.77058406355446 0.637607012314945 0.056309965925008545 0.40438876633293364 0.06338085598983703 0.42604467751272174 0.7776549536192884
0 0.6396557921875 0.12820259687500002 0.6375381036422829 0.04485668877368842 0.56190970625 0.046778287500000015 0.564027394795217 0.1301241956013116