0 0.22995925937500009 0.26495787343750005 0.032940586048874156 0.2582892148843754 0.025989126562500055 0.46366295156250004 0.22300779988862596 0.4703316101156247
0 0.22354205468750005 0.481905759375 0.02653423463857363 0.4752630475478369 0.019445715601620308 0.6854925019003503 0.21645353565054673 0.6921352137275134
0 0.3530476703125001 0.5605766062499999 0.23438019087408826 0.556181515027951 0.22933596250000005 0.6923757 0.3480034419384119 0.696770791222049
0 0.5110705500000001 0.5804657593750001 0.35730849801888886 0.5759098472824429 0.35380483906250015 0.6941583515625002 0.5075668910436114 0.6987142636550574
0 0.6288060328125 0.5844337750000002 0.5163029936726418 0.5802669958276686 0.5118935484375 0.6993220187500001 0.6243965875773583 0.7034887979223317
0 0.7195076468750001 0.5866416734375 0.6459326474625382 0.5839166732423109 0.64155119375 0.7022159140625 0.715126193162462 0.704940914257689
0 0.855751671875 0.5900988656250001 0.8184900348210009 0.5889948171429799 0.817623178125 0.6182512312500001 0.854884815178999 0.6193552797320204
0 0.8552238953125002 0.6240107406250001 0.8323221058296347 0.6231625268457901 0.8314041218750001 0.6479481125000002 0.8543059113578655 0.6487963262792101
0 0.8533994609375002 0.6534777546875 0.832193983169095 0.6526923668824107 0.8300937281249998 0.7093992718750001 0.8512992058934051 0.7101846596800894
0 0.7616579453125 0.587315746875 0.7243800612012186 0.5862112169987002 0.7234481484375 0.6176632734375002 0.7607260325487814 0.6187678033138
0 0.7329176218750002 0.6252647796875002 0.7234186125451879 0.6249129644252776 0.7220168453125001 0.6627606687500002 0.7315158546423123 0.6631124840122229
0 0.7607204296875001 0.6258382921875001 0.7402470091790707 0.625080016415131 0.7394467140625001 0.6466879578125002 0.7599201345709294 0.6474462335848692
0 0.7595107515625003 0.6519165593750003 0.739037331013395 0.6511582845177536 0.7370456390625001 0.7049339656250001 0.7575190596116054 0.7056922404822468
0 0.731615053125 0.6671915406250001 0.7208954111287839 0.6667945167331506 0.7194842890625 0.7048948015625001 0.7302039310587161 0.7052918254543497
0 0.8302076411979453 0.5900954820868982 0.7678558644719634 0.5869419999116982 0.7618366277860276 0.7059564991385728 0.8241884045120095 0.7091099813137729
0 0.9353454609374999 0.5923635484374999 0.8629523970082662 0.589682323111383 0.8585062125 0.709729271875 0.9308992764292338 0.712410497201117
0 0.9376873359375001 0.5436504296875001 0.919993797301059 0.5429951134872958 0.9183252687499998 0.5880453874999999 0.9360188073864408 0.5887007037002043
0 0.9425618874999999 0.4443422937500001 0.8560248393363595 0.44096770590781553 0.8523603830863596 0.5349380637203155 0.93889743125 0.5383126515625001
0 0.8492055562499999 0.46184517343750003 0.8038712054894784 0.4601661225190322 0.8025316976420289 0.4963328152231261 0.8478660484025504 0.4980118661415939
0 0.7976342296875 0.46106795781250004 0.7642353185322353 0.45983096065638296 0.7629440265625 0.49469583124999994 0.7963429377177648 0.495932828406117
0 0.8150859015625 0.5013431421875001 0.7840782709719325 0.5001947118065663 0.7828508968749999 0.5333338234375 0.8138585274655675 0.5344822538184338
0 0.8558706445477906 0.502756583188341 0.8198745249556275 0.5012689373435959 0.8185683390625001 0.5328743250000001 0.8545644586546632 0.5343619708447452
0 0.7793949828125002 0.5000838000000002 0.7450689059361415 0.4988124631387775 0.7438798371861415 0.5309173022012775 0.7782059140625002 0.5321886390625001
0 0.75497204375 0.27798845781250014 0.6549349415269863 0.27428338027034666 0.650187096875 0.4024751968750001 0.7502241990980136 0.4061802744171536
0 0.8258328546875001 0.2793598203125002 0.7608506629276145 0.27695307276948194 0.7580467140625 0.35265970156250015 0.8230289058223856 0.3550664491055183
0 0.9466712078125001 0.2840398093750002 0.8314477983477693 0.28062578199758714 0.8292291515625001 0.3555051015625001 0.944452561027231 0.3589191289399132
0 0.6347732984375001 0.49267916406250006 0.5516219126418198 0.4902154188453819 0.5505829750000001 0.5252795578125001 0.6337343607956804 0.5277433030296182
0 0.6896292109375001 0.4727389500000001 0.6465458568754702 0.47114327054696903 0.6442752093750002 0.532450765625 0.68735856343703 0.5340464450780311
0 0.6927170843750001 0.4088538593750001 0.6489129607080455 0.40723148433760636 0.6467367984375001 0.4659878625000001 0.6905409221044546 0.46761023753739384
0 0.33236833906249996 0.26765959375000004 0.24510838220160255 0.26442774312985834 0.24048584218750002 0.389236309375 0.32774579904839746 0.39246815999514173
0 0.5435445046875 0.27421215000000004 0.24265984202475935 0.2652970505370058 0.23661220903679303 0.46940470172423765 0.5374968716995338 0.4783198011872319
0 0.5363234863868823 0.4651443929395144 0.43322014222042327 0.4618170427009985 0.43114719333354107 0.5260507263239841 0.5342505375000001 0.5293780765625
0 0.6420459968750001 0.27565167187500006 0.555321463727981 0.27264275991310505 0.5481863203125001 0.4782958296875002 0.6349108534595193 0.48130474164939513
0 0.6166848265624999 0.258112471875 0.5815281695205607 0.25707079312451414 0.5805068703125 0.29153964062500004 0.6156635273544392 0.2925813193754859
0 0.9194502910794938 0.3637699124034236 0.240585323004011 0.3403115508624149 0.2328188332664443 0.565067137416696 0.9116838013419273 0.5885254989577046
0 0.9452199531250003 0.36442206562500007 0.8709873801048358 0.3622225820265931 0.8688289140625001 0.4350708125000001 0.9430614870826645 0.4372702960984071