0 0.7071488263674853 0.41410326513866924 0.5362738635657507 0.41030604340779453 0.5309291018593165 0.6508202989608154 0.701804064661051 0.6546175206916901
0 0.46609029519527106 0.4993395036967133 0.33584707616813014 0.4983747389407762 0.3351945063153341 0.5864716534945014 0.46543772534247496 0.5874364182504385
0 0.6995681108176754 0.7538370805336715 0.5268970039152856 0.7525580351175671 0.5260036047394988 0.8731669068952741 0.6986747116418887 0.8744459523113782
0 0.47279393588057195 0.1983748543149175 0.3425507165920421 0.19741008995331807 0.34190591568871426 0.2844582322689636 0.4721491349772441 0.28542299663056303
0 0.70895167216267 0.3175931688007611 0.5370262356838442 0.31631964619637076 0.5363503594250464 0.4075628800415432 0.708275795903872 0.40883640264593346
0 0.701712032684848 0.6573605695766864 0.5294759006077867 0.6560847468513598 0.5288000250579965 0.7473279800611506 0.7010361571350578 0.7486038027864773
0 0.4743630405041862 0.12706601425660083 0.344508190009299 0.12610412670020715 0.3440498375685873 0.18798172067359492 0.47390468806347447 0.18894360822998857
0 0.7157873498722622 0.023971308650759977 0.543551217795201 0.02269548592543327 0.5428753422502759 0.11393871847843147 0.715111474327337 0.11521454120375818
0 0.6007710671875002 0.25330822812500003 0.5382847841647778 0.2528453668983651 0.5378553312500001 0.3108215265625001 0.6003416142727225 0.31128438778913503
0 0.5898508578125 0.18061471406250007 0.5402530898748004 0.17951254151955748 0.5387628640625 0.2465727078125001 0.5883606320001996 0.24767488035544272
0 0.7136181953125 0.13113731093750008 0.5415157160319694 0.12969204226432704 0.5400031607089752 0.30980701048317016 0.7121056399895058 0.31125227915634324
0 0.5273035046874999 0.02105642656250006 0.34633788139283056 0.019715939519554904 0.3456703953125 0.10982649687500005 0.5266360186071692 0.11116698391794522
0 0.5210617078125002 0.12900615156250006 0.4801020371377465 0.12809593663178964 0.463595265625 0.8709006328125002 0.5045549362997537 0.8718108477432105
0 0.46328337031250005 0.5942000984375 0.33428443333936503 0.5932445516678093 0.33366070156250005 0.6774484218750001 0.46265963853563513 0.6784039686446908
0 0.4723208770275319 0.2900467480881765 0.34274294209302714 0.2855262123549903 0.3355019103288258 0.4930852270780144 0.46507984526333057 0.4976057628112006
0 0.45818344531250005 0.7821630625 0.3302943802325159 0.7812157354605225 0.32963832968750006 0.8697825 0.45752739476748416 0.8707298270394774
0 0.46039485468750013 0.683404796875 0.3312892864311015 0.6824484601279469 0.33059545 0.7761164562500001 0.45970101825639864 0.7770727929970532
0 0.5041176359375001 0.8869584265625002 0.3274619751226027 0.8856498671378137 0.32683538437500015 0.9702396843750002 0.5034910451898976 0.9715482437996867
0 0.6978773296875002 0.8847857078125001 0.5232947080272481 0.8827501530052876 0.5222556162889151 0.971869521926673 0.6968382379491673 0.9739050767338855