0 0.5933984375 0.3251953125000001 0.3695875 0.3251953125000001 0.36958750000000007 0.484375 0.5933984375 0.484375
0 0.5155648847794285 0.6679346792310357 0.5134446562121159 0.546437509969729 0.43143794291650395 0.547868596613952 0.4335581714838165 0.6693657658752588
0 0.27700848579227466 0.4843409353271567 0.2741976590116989 0.3232533278763393 0.1619270071038627 0.3252123448364217 0.1647378338844385 0.4862999522872391
0 0.7958386230677622 0.6679517122155445 0.793718237668484 0.5464712987152409 0.7126882368622834 0.5478856405474947 0.7148086222615616 0.6693660540477981
0 0.6832584839920132 0.4843409372236128 0.6804570264062455 0.3237814847601473 0.5955205324915108 0.32526346530713546 0.5983219900772785 0.48582291777060105
0 0.36685268128501464 0.48435796672720144 0.3640500244874302 0.3237472619945693 0.27911494992997066 0.325229379045597 0.28191760672755506 0.4858400837782291
0 0.8622448730677622 0.6679517122155445 0.8601313285595369 0.5468632247651426 0.8025316894322376 0.5478686002844555 0.8046452339404627 0.6689570877348574
0 0.9566964407070042 0.48435795680150573 0.9538918663619264 0.32372941470082084 0.868956821446265 0.3252123805850483 0.8717613957913428 0.4858409226857331
0 0.7423796874999999 0.4849609375 0.7413600751428757 0.42662704049505235 0.6873906259544332 0.42757036710488033 0.6884102383115576 0.485904264109828
0 0.8099968750000001 0.4392421875000002 0.747425 0.4392421875000002 0.747425 0.48544531250000017 0.8099968750000001 0.48544531250000017
0 0.8570593750000001 0.4844124999999999 0.855836898413159 0.32405625187362885 0.6869515624999999 0.32534375 0.6881740390868409 0.4856999981263711
0 0.9613171875000003 0.6680625000000001 0.9583729005239601 0.4993176586430154 0.8744906250000002 0.50078125 0.8774349119760403 0.6695260913569847
0 0.858571875 0.5043593750000002 0.16673437500000005 0.504359375 0.16673437500000005 0.5425156250000001 0.858571875 0.5425156250000002
0 0.42721406249999994 0.6675 0.4251136195445606 0.5471631101375792 0.34673125000000005 0.54853125 0.34883169295543937 0.6688681398624208
0 0.7100578125000001 0.6672015625000001 0.7084851207163045 0.5463418960724054 0.518621875 0.5488125 0.5201945667836956 0.6696721664275948
0 0.2521625 0.667265625 0.25007956138959037 0.547951358660358 0.1676359375 0.549390625 0.1697188761104097 0.668704891339642
0 0.34415000000000007 0.6683125000000002 0.3420468590349185 0.5478526879142158 0.25485468749999995 0.5493750000000002 0.25695782846508153 0.6698348120857845
0 0.1549140625 0.667796875 0.15203850254791268 0.5030784983472839 0.073296875 0.504453125 0.07617243495208728 0.669171501652716
0 0.15578437500000003 0.4858140625 0.1522609805437466 0.3234429940226826 0.06931810911508188 0.3252428248430256 0.07284150357133531 0.487613893320343