0 0.7434986151599366 0.6092969618039075 0.7271520235194304 0.3640980853908694 0.5553196864219212 0.37555357444635445 0.5716662780624275 0.6207524508593926
0 0.4983257844737916 0.5536740238312446 0.49593246632682497 0.4648962675351923 0.3625317457458247 0.468492555374685 0.3649250638927914 0.5572703116707374
0 0.7584594600262466 0.8343389966239165 0.7551824666376367 0.7127984891476478 0.5782047198364968 0.7175701896962214 0.5814817132251068 0.8391106971724902
0 0.4780136214034661 0.24962094196288823 0.4756487008132906 0.1619005176530602 0.3422899783402873 0.1654958352901703 0.3446548989304628 0.25321625959999833
0 0.7270838010616594 0.3655936343090985 0.7246053179098082 0.2736441840876778 0.5489254180658565 0.27837960850656895 0.5514039012177077 0.37032905872798966
0 0.7499716251386475 0.7076507771520982 0.7474924256834035 0.6157028581684114 0.5716876108471267 0.6204430981432683 0.5741668103023707 0.7123910171269552
0 0.4715802891612915 0.1524915910187445 0.46989927679834376 0.09013610933003932 0.3375039436523433 0.09370529339834767 0.3391849560152911 0.15606077508705282
0 0.7075022538172093 0.06998088876818384 0.7054880518103497 -0.004723910736243062 0.5302827828125001 0 0.5322969848193597 0.0747047995044269
0 0.6099541671875001 0.27118430937500004 0.6083773385160807 0.21275867974953977 0.5439472968750001 0.21449755937499995 0.5455241255464194 0.27292318900046025
0 0.5930093468750001 0.20684647187499997 0.5884259906388275 0.1380961283324115 0.5385503375 0.141421171875 0.5431336937361726 0.2101715154175885
0 0.7205012390625 0.2667505640625 0.708364344070502 0.07934801461831835 0.5360190455556 0.09050974532392404 0.548155940547598 0.27791229476810564
0 0.5173227484375001 0.07243505937500001 0.5152364352235766 -0.004963144913482351 0.33111331250000003 0 0.3331996257139235 0.07739820428848236
0 0.5644639640625 0.8377488750000002 0.514540961131084 0.08890383102876105 0.4733518013550883 0.09164977501382743 0.5232748042865043 0.8404948189850664
0 0.5037378375 0.6452800296875 0.5014503052536744 0.5604258446440833 0.3693224109375 0.5639878 0.3716099431838257 0.6488419850434168
0 0.49104527031249995 0.4594658406249999 0.4798020009119594 0.251150761496213 0.349259909375 0.25819643437499995 0.3605031787755405 0.46651151350378683
0 0.5157165546875 0.8389378750000003 0.5133107563685559 0.7496871046048097 0.38219211718750007 0.7532214718749999 0.3845979155064442 0.8424722422701905
0 0.509447409375 0.7446465843750001 0.50690320358282 0.6502551872501593 0.37443063125 0.6538258249999999 0.37697483704218004 0.7482172221248407
0 0.5710968453125 0.9387668906250001 0.568799062672939 0.8535237804429171 0.38862668906250003 0.8583804421875 0.3909244717020611 0.943623552369583
0 0.7649593754022719 0.9347674202088241 0.7633941879727772 0.8446668568016034 0.5852859022184694 0.847760875744543 0.5868510896479641 0.9378614391517637