0 0.24062343750000012 0.5268109375000001 0.04974183043368033 0.5239808316539063 0.04680433043368032 0.7221058316539064 0.23768593750000014 0.7249359375000001
0 0.24437187500000007 0.31197031250000007 0.05349974749162054 0.3094519506599155 0.05081746037524195 0.5127483318004058 0.24168958788362152 0.5152666936404904
0 0.3722046875000001 0.3128203125000001 0.257214047091188 0.3114825745263302 0.255689047091188 0.44257007452633035 0.3706796875000001 0.44390781250000017
0 0.5258151174052669 0.31645159298439096 0.37770312500000003 0.3147265625000001 0.3763692391871583 0.4292546749993421 0.5244812315924251 0.430979705483733
0 0.6398922063016339 0.3173140094040384 0.530875 0.31604531250000006 0.5295421686983661 0.4305734905959618 0.638559375 0.43184218750000003
0 0.7277312499999999 0.319253125 0.6564343681871347 0.31842402335827413 0.6551078056871347 0.4324990233582742 0.7264046874999999 0.4333281250000002
0 0.8586921875000002 0.40708906250000004 0.8228046732685541 0.40667153572988335 0.8224749857685542 0.4350090357298833 0.8583625000000001 0.4354265625
0 0.8597265855120539 0.378754265762884 0.8375328124999999 0.37849687500000007 0.8372562269879458 0.4023457342371162 0.8594499999999998 0.40260312500000006
0 0.8597109374999998 0.3192437500000001 0.8391609375000002 0.3190046875000001 0.8385236374187706 0.37378750232569746 0.8590736374187703 0.37402656482569746
0 0.7675640625000001 0.40389687500000016 0.7316750000000002 0.4034796875000001 0.731320874805904 0.4339437383733805 0.7672099373059039 0.4343609258733806
0 0.7416218750000001 0.35990781250000003 0.7324156372993512 0.35980050727874324 0.7319890627122454 0.3963984192904297 0.7411953004128943 0.39650572451168653
0 0.768359375 0.3762750000000001 0.7485203290780402 0.37604233640326085 0.7482765625000001 0.3968281250000001 0.7681156084219598 0.3970607885967393
0 0.7687796911479936 0.3198403116119015 0.7489406250000001 0.3196093750000001 0.7483359338520066 0.3715565633880986 0.768175 0.37178750000000005
0 0.7423375134162338 0.31906447076320577 0.7319500002110729 0.31894373184078545 0.731521861794839 0.3557776985775797 0.7419093749999999 0.3558984375
0 0.8342099456971648 0.31916045645400776 0.7740439032011079 0.3187120178802889 0.7731829035459825 0.43423049660920165 0.8333489460420394 0.4346789351829205
0 0.9368125014972646 0.3206373714469019 0.8666609375000001 0.31982031250000015 0.8653124985027354 0.4355954410530982 0.9354640625 0.43641250000000004
0 0.9359421875000002 0.44010937500000014 0.918795324571825 0.43990989980741346 0.9182890745718248 0.48342708730741346 0.9354359375000001 0.48362656250000013
0 0.9363546875000003 0.4888375000000001 0.851992533356866 0.48865892876353156 0.8517998258758646 0.5796994487167015 0.9361619800189989 0.57987801995317
0 0.8461744969729951 0.5241809105417343 0.8024640625000001 0.5240046875000001 0.8023227968857747 0.5590442675294915 0.8460332313587695 0.5592204905712258
0 0.7964546875 0.5243765625 0.7640921920928168 0.5239996056975122 0.7637015625000001 0.5575359375000001 0.7960640579071834 0.5579128943024878
0 0.8152140625000002 0.4877703125000001 0.7851671759507295 0.4874213068093426 0.7847968634507295 0.5193025568093426 0.8148437500000002 0.5196515625
0 0.8544640625 0.48929218750000014 0.819584375 0.48929218750000014 0.819584375 0.5199140625000002 0.8544640625 0.5199140625000002
0 0.7806218750000001 0.48834218749999997 0.7473562500000002 0.48824375 0.7472642092627753 0.5193476753256719 0.7805298342627752 0.519446112825672
0 0.7476093750000001 0.6098265625000001 0.6506718622520479 0.6086979699520937 0.6492343622520479 0.7321682824520936 0.7461718750000002 0.7332968750000001
0 0.8156328124999999 0.6619250000000001 0.7526640625000001 0.6611921875000001 0.7518159820003465 0.7340656291546692 0.8147847320003463 0.7347984416546691
0 0.9327437654655775 0.6625736707049902 0.821656268387793 0.6612812320351492 0.8208125000000003 0.7338046874999999 0.9318999970777847 0.735097126169841
0 0.6404062500000001 0.4868718750000001 0.5601029502099704 0.48593749796621327 0.5597078122884864 0.5198968931781631 0.6400111120785161 0.52083127021195
0 0.692821876823921 0.4832264057505826 0.6510734375 0.4827406250000001 0.6503859356760792 0.5418251567494176 0.6921343750000001 0.5423109375000001
0 0.6927734472350594 0.5476210392612951 0.6503234375 0.5471265625 0.6496640445137494 0.6037343565897869 0.6921140542488088 0.604228833351082
0 0.3382781250000001 0.6061265625000001 0.25372189065053363 0.6051424053466768 0.2523218750000001 0.7254281249999999 0.3368781093494665 0.7264122821533231
0 0.5429119303329953 0.5298575743342757 0.25374591010915815 0.5277568030630657 0.2523027297761629 0.7264070412287903 0.5414687500000002 0.7285078125000002
0 0.5444968750000001 0.4813203125 0.4444937158698778 0.48064147663447293 0.44407136095152433 0.5428609736504335 0.5440745200816466 0.5435398095159606
0 0.6396046875000002 0.5320328125000001 0.5555778699771976 0.5308585257018735 0.5527966199771976 0.7298725882018735 0.6368234375000003 0.7310468750000001
0 0.6118513181647746 0.7136156403522913 0.5780421875000001 0.7132218750000001 0.5776533693352258 0.746606234647709 0.6114625000000002 0.7470000000000001
0 0.9121476061095866 0.4403364985785898 0.2541536707222595 0.4344978170859748 0.2522290084456428 0.6513988601184436 0.9102229438329698 0.6572375416110586
0 0.9351015625000001 0.5867312500000001 0.8637109374999999 0.5859000000000002 0.8628893844633534 0.6564578162488404 0.9342800094633535 0.6572890662488403