0 0.681124587603786 0.8721467387656135 0.675622878125 0.605531971875 0.5724648623962139 0.6076606815468866 0.577966571875 0.8742754484375
0 0.5850289288149224 0.8705077536182898 0.565783059375 0.6328342765625001 0.27512953056007755 0.6563702635692105 0.29437539999999995 0.894043740625
0 0.6758455052205288 0.594301040042658 0.6691995937499999 0.27230738281249994 0.5771812599393515 0.2742066304729407 0.5838271714098804 0.5962002877030989
0 0.5658275433101538 0.4244687614329877 0.562324858658448 0.38121058693181253 0.4896530137857941 0.3870949442488249 0.49315569843749996 0.43035311875
0 0.5649247250643076 0.37522448187582513 0.5606719703125 0.3227013625 0.4852212358731924 0.32881054781167485 0.48947399062499997 0.3813336671875
0 0.5624674924370949 0.31723081920927637 0.5587109328125 0.27084864999999997 0.4831845153754052 0.27696564485322367 0.4869410750000001 0.3233478140625
0 0.5669659148933194 0.6274134366604007 0.5581191470083292 0.2748046000112563 0.4125754453459532 0.2784562139582162 0.4214222132309434 0.6310650506073607
0 0.5106311363786503 0.6288083438469132 0.5001372800730937 0.508422417948614 0.2779276374444434 0.5277920912892007 0.28842149375 0.6481780171875
0 0.42015418680097827 0.5104475480793396 0.4106465 0.39304299843749996 0.2771819788240217 0.4038512581706605 0.286689665625 0.5212558078125
0 0.41711813060042946 0.3865326103421079 0.40874161237429174 0.28309439532268 0.2747266848988622 0.29394704279307204 0.283103203125 0.39738525781249995
0 0.4159031295303439 0.27557591869566167 0.4060853640625 0.15435255625000002 0.2725304907821561 0.1651690391168384 0.28234825625000004 0.2863924015625
0 0.40613397358333414 0.15666819925418168 0.4032561281249999 0.017311696874999997 0.27531015922916574 0.019953903870818315 0.27818800468749993 0.15931040624999998
0 0.6675285468872405 0.26870216704547 0.6619661717833991 -0.0007305164182357909 0.4099274217711586 0.004472764973794126 0.41548979687500004 0.2739054484375