0 0.36360638727427047 0.6486171843056379 0.3612828125 0.5487640625 0.10894517522572951 0.5546359406943621 0.11126874999999999 0.6544890624999999
0 0.3433140484115468 0.5422109014554213 0.3370796866537633 0.27439371364716325 0.105640625 0.27978125000000004 0.11187498675778344 0.547598437808258
0 0.6864890625 0.6415421875 0.6844159076856444 0.5524718684203547 0.3777625 0.559609375 0.37983565481435566 0.6486796940796452
0 0.5870500306816224 0.5382185063848888 0.5854703068523681 0.47031225723002745 0.5433468386707457 0.47129218834513864 0.5449265625 0.5391984375
0 0.6437718960944342 0.5364680943381954 0.6421421875000001 0.46640781249999996 0.5909968539055659 0.4675975306618046 0.5926265625 0.5376578125
0 0.6940703195087414 0.5344346761289057 0.6924296875 0.46394531250000004 0.6472624929912586 0.4649965738710943 0.648903125 0.5354859375000001
0 0.6951021240391279 0.5337358318851237 0.6911978734614314 0.39289377592432595 0.34634887442230344 0.4024532565392023 0.35025312499999994 0.5432953125
0 0.4671477587282249 0.47982182169405113 0.4612639322725264 0.27009152643232814 0.3439453125 0.27338281250000007 0.3498291389556985 0.483113107761723
0 0.5840640625 0.3912171875 0.5812124908722848 0.2687214828983645 0.46688906250000006 0.2713828125 0.4697406341277152 0.3938785171016356
0 0.6905906250000001 0.38908906249999997 0.68770693598379 0.26524220790907843 0.5869819359837899 0.2675875204090784 0.5898656250000001 0.39143437499999995
0 0.8153453125000001 0.3861859375 0.8124968486391916 0.2638269926420432 0.6944531249999999 0.266575 0.6973015888608084 0.38893394485795685
0 0.9481444470987361 0.38309373376934003 0.9452609375 0.25924843750000004 0.8176868029012636 0.26221876623066 0.8205703124999998 0.38606406249999997
0 0.9532297320178647 0.6337878502123776 0.9475515624999999 0.38982500000000003 0.6991062426751802 0.39560749778873033 0.7047844121930448 0.6395703480011078