0 0.36742968750000005 0.6546984375 0.36684902431701155 0.5548317906417424 0.11218593750000001 0.5563125 0.11276660068298847 0.6561791468582576
0 0.3465140625 0.5479812500000001 0.3385653240217922 0.27478181745162494 0.10728285924405974 0.2815109816009246 0.11523159772226761 0.5547104141492997
0 0.690315625 0.653259375 0.6897972687578601 0.5641769952047601 0.38107031244709716 0.565973428408368 0.38158866868923724 0.6550558082036079
0 0.5902609375 0.5482421875 0.5882574644454419 0.47935695098805703 0.5461625 0.48058125 0.548165973054558 0.549466486511943
0 0.64698125 0.5474812499999999 0.6449092003118948 0.47623388503430775 0.5937984375 0.47772031249999997 0.5958704871881052 0.5489676774656922
0 0.6972734375 0.5463265625 0.695191281857545 0.47478635876955744 0.65005625 0.4761 0.652138405642455 0.5476402037304425
0 0.6962660935795573 0.5456683271397554 0.6948204193401001 0.40478225003686863 0.35201682576054283 0.4082998603971132 0.3534625 0.5491859375
0 0.4699833311607948 0.48719390092057624 0.4628058127207799 0.27530267262943875 0.34558281249999995 0.2792734375 0.35276033094001485 0.49116466579113754
0 0.5864203124999999 0.4012468750000001 0.5827788529094479 0.2760930538422056 0.4685312045761541 0.27941718882164646 0.4721726641667062 0.40457100997944095
0 0.6929468750000001 0.4009796875 0.6892755945530589 0.274793352623778 0.5886187500000001 0.277721875 0.5922900304469414 0.40390820987622195
0 0.8177031250000001 0.40025468749999993 0.8140622389320438 0.2751497523988159 0.6960983920655791 0.2785828138222624 0.6997392781335356 0.4036877489234465
0 0.9505015625000001 0.3994812500000001 0.9497794491915755 0.2756175789784785 0.8193234374999999 0.27637812500000003 0.8200455508084245 0.4002417960215216
0 0.957046875 0.6501609375 0.9556259049732618 0.40616381104050037 0.7015031249999999 0.40764374999999997 0.702924095026738 0.6516408764594996