0 0.348321875 0.343275 0.09598281250000004 0.343275 0.09598281250000004 0.44312968750000004 0.34832187500000006 0.44312968750000004
0 0.3305140625000001 0.450096875 0.09907500000000005 0.450096875 0.09907500000000007 0.7179140625 0.3305140625000001 0.7179140625
0 0.67119375 0.3428359375000001 0.3645390625 0.3428359375000001 0.36453906250000007 0.43190625000000005 0.67119375 0.43190625000000005
0 0.5742125 0.44841875 0.5320890625 0.44841875 0.5320890625 0.5163234375 0.5742125 0.5163234375
0 0.6309453125 0.4488484375 0.5798 0.4488484375 0.5798 0.5189078125 0.6309453125 0.5189078125
0 0.6812625 0.449709375 0.6360953125 0.449709375 0.6360953125 0.5201984375 0.6812625 0.5201984375
0 0.6823106183322979 0.45038520253751396 0.33742500000000014 0.44885 0.3367979994740522 0.5897066353964011 0.68168361780635 0.591241837933915
0 0.45573239885141303 0.5095725204312382 0.33839912363226576 0.509013616027961 0.3374000000000001 0.7187640625 0.45473327521914736 0.7193229669032772
0 0.574646875 0.595409375 0.460321875 0.595409375 0.460321875 0.7179046875 0.574646875 0.7179046875
0 0.6811640625 0.5950562500000001 0.580440625 0.5950562500000001 0.580440625 0.718903125 0.6811640625 0.718903125
0 0.80591875 0.5950562500000001 0.6878765625 0.5950562500000001 0.6878765625 0.7174156250000001 0.80591875 0.7174156250000002
0 0.9387171875 0.5950562500000002 0.8111453125000001 0.5950562500000002 0.8111453125000001 0.7189031250000002 0.9387171875 0.7189031250000002
0 0.9379703125000001 0.3443812500000001 0.6895249999999999 0.3443812500000001 0.6895249999999999 0.5883453125000001 0.9379703125000001 0.5883453125000002