0 0.6720285546875002 0.1246244843750001 0.5630794739498255 0.11736121257290126 0.54459943125 0.3945618625000001 0.6535485119876747 0.4018251343020989
0 0.5551378843750001 0.12195229375000005 0.25890665362619303 0.10659215494501657 0.24579021562500009 0.35955201562500005 0.5420214463738071 0.3749121544299835
0 0.65295449375 0.41795310312500006 0.5557719879770466 0.4114742694068031 0.5333488046875001 0.74782201875 0.6305313104604535 0.7543008524681969
0 0.5254428890625001 0.5949637078125001 0.45060104331523465 0.5910830203671451 0.4482137656250001 0.6371233859375003 0.5230556113722655 0.6410040733828553
0 0.5214997734375002 0.6470468843750001 0.44415909985966745 0.6430366278114656 0.44126052187500003 0.6989377828125002 0.5186011954528328 0.7029480393760346
0 0.5164606375 0.7084810640624999 0.4387471500817184 0.704451475206763 0.436187371875 0.7538186187500001 0.5139008592932817 0.757848207605737
0 0.5391453937499999 0.3823368984375001 0.3855156986606183 0.3714085379162405 0.35856925270315854 0.7502187234087245 0.5121989477925403 0.7611470839299839
0 0.47239635937499996 0.3802611562500001 0.2432596358124258 0.36696045623875373 0.23581729218750008 0.49517282343749996 0.46495401575007433 0.5084735234487463
0 0.3701324234375001 0.5082590828125001 0.23450432818116823 0.5012265146052443 0.22802514218750014 0.6261822390625001 0.363653237443832 0.633214807269756
0 0.361772240625 0.6394667921875001 0.22488751937109347 0.6323690671184284 0.21917918125000008 0.7424584640625 0.3560639025039066 0.7495561891315717
0 0.3539498296875001 0.7568029703124999 0.2184102154674163 0.7497749903159029 0.2117203640625001 0.878793553125 0.3472599782825839 0.885821533121597
0 0.34497462968750015 0.89143095625 0.20800750044488509 0.8843289581748397 0.20200974375000014 1 0.33897687299261514 1.0071019980751603
0 0.6276045500000001 0.7727990390625 0.35759811551957654 0.7587987049184376 0.3450913812500001 1 0.6150978157304237 1.0140003341440624