0 0.8807262686874928 0.6300467464771591 0.8805542421875001 0.5220870749999998 0.5997157750625073 0.5225345722728408 0.5998878015625 0.6304942437500001
0 0.89905690625 0.22496505312500012 0.6502909873786419 0.20667629577230265 0.6276268390624999 0.5149568187500001 0.8763927579338583 0.5332455761026976
0 0.5895572629957407 0.6309860407472545 0.5894042421719025 0.5346845495589057 0.25073804480116174 0.5352226822491513 0.250891065625 0.6315241734375001
0 0.4150291296875001 0.443690740625 0.3697520539417217 0.4403622642854871 0.36410411660614733 0.5171908370214526 0.4093811923519257 0.5205193133609656
0 0.36366828125000006 0.44097930312500006 0.30869385690167006 0.4369380727322393 0.30282147054938574 0.5168224217775526 0.3577958948977157 0.5208636521703133
0 0.302926878125 0.43967812812500007 0.25438001598419924 0.4361083169536986 0.24850701875000003 0.5159768515625001 0.29705388089080087 0.5195466627338015
0 0.6236854770859142 0.3645476765027938 0.25462018433117994 0.36181645782637273 0.2534898860145074 0.5145518952134603 0.6225551787692416 0.5172831138898814
0 0.6415444812500001 0.2244544296875001 0.51554562008669 0.2144129906671286 0.49686814883752356 0.4487758247222005 0.6228670100008336 0.4588172637425719
0 0.5086203453125 0.22559440625000002 0.3857364227807 0.21655947630138178 0.37531903125 0.35824623437500003 0.4982029537818001 0.3672811643236183
0 0.378877478125 0.22472329843750005 0.27061171066490863 0.21676330506195568 0.26016801875000006 0.3588104484375 0.3684337862100914 0.36677044181304436
0 0.262641853125 0.22651474062500004 0.1357608957480024 0.217185074360221 0.12533123125000006 0.3590257124999999 0.2522121886269977 0.368355378764779
0 0.12953156875000005 0.2251180796875 2.758162552047016e-17 0.2251180796875 3.579326328871834e-17 0.35922430156249996 0.12953156875000005 0.35922430156249996
0 0.2505978234375001 0.3660833578125 4.485668481165615e-17 0.3660833578125 6.103231112432256e-17 0.6302513828125 0.2505978234375001 0.6302513828125