0 0.5856092973739145 0.6331030768726725 0.4902911021725534 0.6288667117185784 0.4817911932203181 0.8201146214791413 0.5771093884216792 0.8243509866332352
0 0.715287159191904 0.05234466408760315 0.6242324365664931 0.048624946809105826 0.6141781367495891 0.2947435124090028 0.7052328593750001 0.29846322968750016
0 0.4478247565003978 0.027400645400174763 0.317927759375 0.020665246875000036 0.3135781216246022 0.10455113428732532 0.44347511875 0.11128653281250005
0 0.4423777273389865 0.1259219277158116 0.399276684375 0.12400632656250003 0.39732744609851356 0.16786420509668848 0.4404284890625 0.16977980625000005
0 0.444276123182723 0.12464958723829042 0.312178796875 0.11781579843750005 0.3073627830672771 0.21090947838670973 0.43946010937500013 0.2177432671875001
0 0.49977865222107 0.23017590080304764 0.4545277234375 0.22816474843750006 0.42358069309143004 0.9244729398219527 0.46883162187500005 0.9264840921875
0 0.613296065625 0.034181420312500065 0.46124269531250006 0.027020146875000057 0.45223693556120875 0.21823699320262033 0.6042903058737088 0.22539826664012033
0 0.6071853428333371 0.13488729798716173 0.583046265625 0.13381445000000008 0.5793545477916628 0.21687809263783836 0.603493625 0.21795094062500003
0 0.6452936722034409 0.14107486521265641 0.6218548265625 0.14003313906250006 0.6183731762340592 0.21837029572484373 0.6418120218750001 0.21941202187500006
0 0.6038086826592479 0.2310938952602894 0.5077911486990304 0.22657642639455214 0.4987586785397825 0.4185590467592629 0.5947762125 0.42307651562500015
0 0.5900915144961026 0.5336556224845271 0.49385719531250005 0.5286656953125 0.4893952261288973 0.6147179665779731 0.5856295453125 0.61970789375
0 0.5948696129846536 0.4371382676160801 0.49910207656250005 0.43217254375 0.49459107920284656 0.5191703542589202 0.590358615625 0.5241360781250003
0 0.5362824720499514 0.21567865858718793 0.5083487078124999 0.21443715781250003 0.5062131935750485 0.26248622266281213 0.5341469578125 0.26372772343750006
0 0.57688537238312 0.8375929403202445 0.48020829585530966 0.8329701087139965 0.4756927234721897 0.9274040777687519 0.5723698 0.932026909375
0 0.4092719118263418 0.9389430327742018 0.3544914015625001 0.9361025625000001 0.35243129286115826 0.9758332391007987 0.40721180312500005 0.9786737093750002
0 0.4985422762325077 0.9432908920781387 0.41843337031250005 0.9391370968749999 0.41607051126749256 0.9847065204218615 0.49617941718750014 0.9888603156250001
0 0.41128404717126854 0.838470213829636 0.28167908906250017 0.8317499578125 0.2772850965787318 0.916491254920364 0.40689005468750006 0.9232115109375
0 0.3251085025806363 0.8036287398915831 0.2824652468750001 0.8014176078125 0.28164417710686385 0.8172525226084166 0.32428743281250005 0.8194636546874999
0 0.36725784868801425 0.791591395748906 0.3325746078125001 0.78979300625 0.3310474341244859 0.819245654251094 0.3657306750000001 0.82104404375
0 0.3693541244481541 0.7568921914201879 0.33439839687500006 0.7550796718750001 0.3329147271143462 0.7836932976423123 0.3678704546875001 0.7855058171875001
0 0.413968965886698 0.7940134531672871 0.37232050937500016 0.7918539046875 0.3707498309883023 0.822145574957713 0.4123982875000001 0.8243051234375001
0 0.4157643242235759 0.7595697617212609 0.37413227656250003 0.7574110625000001 0.37267673202642426 0.7854822726537394 0.41430877968750013 0.7876409718750002
0 0.42126298808366414 0.6248825307260554 0.2916954453125 0.6188408984375001 0.28329722247351696 0.7989473737939978 0.412864765244681 0.8049890060825533
0 0.426895533577743 0.5240467093467738 0.2942932968750001 0.5171710375 0.28973437579725714 0.6050930828407264 0.4223366125 0.6119687546875001
0 0.429959063189491 0.42996264265052087 0.30013289531250004 0.42323091562500004 0.2956591149355091 0.5095109682869793 0.42548528281250003 0.5162426953125001
0 0.43411952334845205 0.3249396821931337 0.3036977781250001 0.31817707343750007 0.29896747196404816 0.4094044099943665 0.4293892171875001 0.4161670187500001
0 0.4398824625551522 0.23156739326893927 0.30785136562500004 0.22472133593750004 0.30337749994484786 0.31100302548106085 0.43540859687500005 0.3178490828125001