0 0.582229101945248 0.7914263718197168 0.5821221009780705 0.5929768588027724 0.48520989271354675 0.5930291123954267 0.48531689368072434 0.791478625412371
0 0.6882461456474335 0.2454498640144068 0.6872350658778249 -0.00037587297760846675 0.5946557483553915 0.000004905195484741776 0.595666828125 0.2458306421875
0 0.4140947802140927 0.08357564543511761 0.4140495271434109 -0.00007113021954284924 0.2825691797418183 9.078395500194264e-10 0.2826144328125 0.08364677656250001
0 0.413671877056849 0.1390671105016295 0.413645728125 0.09266137031250002 0.36982445575565115 0.09268606293587049 0.36985060468750003 0.139091803125
0 0.41701356268387285 0.18563649435160073 0.41273618916087235 0.09130379077422697 0.2781405155394995 0.09740682767262629 0.2824178890625 0.19173953125000004
0 0.4770247518838427 0.9035473627535504 0.47664842031250004 0.1925879015625 0.43063808775454826 0.19261225617298725 0.43101441932589085 0.9035717173640376
0 0.5825602890625 6.189941272290571e-17 0.42833383593749996 5.245576611473669e-17 0.42833383593749996 0.18427213593750005 0.5825602890625 0.18427213593750008
0 0.5813226912348299 0.17053425087647825 0.58127695 0.0849665921875 0.5567345556401699 0.08497971162352176 0.5567802968749999 0.1705473703125
0 0.6202703079238109 0.16811263763655696 0.620226803125 0.08738674062500001 0.5963946670753474 0.0873995842392856 0.5964381718741583 0.16812548125084253
0 0.5822405921875 0.18347391406250008 0.48461973734166863 0.1832726426124888 0.48420873015274674 0.3826197091144157 0.5818295849985782 0.382820980564427
0 0.5856497567119365 0.5783405491914971 0.58148454375 0.490865753125 0.48014236672556354 0.49569127737100305 0.48430757968750004 0.5831660734375002
0 0.5861333708090204 0.48095507721534075 0.5819213852976788 0.39251920278394187 0.4810111879261584 0.39732530994360105 0.4852231734375 0.485761184375
0 0.5130514708480142 0.22413299592376737 0.5130245687499999 0.1740736046875 0.48462235571364654 0.17408886813957275 0.48464925781166074 0.2241482593758401
0 0.5871240987662708 0.8963186455046468 0.582570158744308 0.8006190137844312 0.48110813378504014 0.8054471616870507 0.48566207380700305 0.9011467934072662
0 0.4187830367105002 0.9604323038232133 0.41686174062500003 0.9200429874999998 0.3595452836019998 0.9227694977392865 0.36146657968749996 0.9631588140625
0 0.5097974794351475 0.9617621816895134 0.5075929389847766 0.9154393452418385 0.424283632987129 0.9194041010523252 0.4264881734374999 0.9657269375000002
0 0.41807842242214016 0.9041269794774258 0.4139780359375 0.8179846906249999 0.2787510947653598 0.8244215142725745 0.28285148125 0.9105638031250003
0 0.3262365172533393 0.8074320572729488 0.32546959967823275 0.7913337486423605 0.2814600824248935 0.7934303460569119 0.28222700000000006 0.8095286546875
0 0.36900963617438715 0.8048180998816168 0.3675833285334632 0.7748769654572671 0.33112093923407604 0.7766139265131503 0.332547246875 0.8065550609374998
0 0.36951672171040356 0.7685708003114262 0.3681324328125 0.7394824437499998 0.3314282673520964 0.7412291621885736 0.33281255624999995 0.77031751875
0 0.41654914686420996 0.8034105609380214 0.4150830849541342 0.7726164496572496 0.37150372871492426 0.7746911980942283 0.372969790625 0.8054853093750001
0 0.4167087680087952 0.7660477560744963 0.415350259375 0.7375124687500001 0.3718764913662047 0.7395821689255038 0.37323499999999993 0.7681174562499999
0 0.4149923468750002 0.6010711609374999 0.2832625375740694 0.6008554173596697 0.2829514526530452 0.7907992281328753 0.41468126195397603 0.7910149717107055
0 0.41969897425120406 0.5869803252957558 0.41544445625000004 0.4976030625000001 0.277039914811296 0.5041913668917444 0.2812944328125 0.5935686296875
0 0.4184498611906384 0.4896059111209382 0.41427335440083796 0.4018996127365592 0.27875669008519954 0.4083528125531209 0.282933196875 0.4960591109374999
0 0.4180800822520528 0.38773035477185797 0.4136653703125 0.29499651875 0.2773425958729473 0.30148633741564207 0.2817573078125 0.39422017343750004
0 0.4194617681264763 0.2874450628598638 0.4152856739611585 0.19973870771301944 0.27752863395968214 0.20629794016565567 0.28170472812499997 0.29400429531250005