0 0.3886718750000001 0.5115624999999999 0.20703125000000008 0.5115624999999999 0.20703125000000008 0.6023828124999999 0.3886718750000001 0.6023828124999999
0 0.9473599753936158 0.7011551052155227 0.9470489542091938 0.6144086053507315 0.7128125 0.6152484375 0.713123521184422 0.7019949373647913
0 0.9585250000000001 0.3219515625000001 0.878540625 0.3219515625000001 0.878540625 0.4451687500000002 0.9585250000000001 0.4451687500000002
0 0.864265625 0.40367656250000017 0.8227671875 0.40367656250000017 0.8227671875 0.4447437500000002 0.864265625 0.4447437500000002
0 0.8661419819907547 0.44601514462225333 0.8658578124999998 0.32059062499999996 0.7768260366908651 0.32079234085642805 0.77711020618162 0.4462168604786815
0 0.7679421875 0.4606187500000001 0.10459218750000003 0.46061874999999997 0.10459218750000003 0.5037343750000001 0.7679421875 0.5037343750000002
0 0.9602359375 0.6033984375 0.9595484375 0.4585031250000001 0.7772762615117681 0.45936797092793114 0.7779637615117682 0.6042632834279311
0 0.8640000000000001 0.5788437500000001 0.7849999999999999 0.5788437500000001 0.7849999999999999 0.6018437500000002 0.8640000000000001 0.6018437500000002
0 0.86 0.6160109375000002 0.7855000000000001 0.6160109375000002 0.7855000000000001 0.6383437500000002 0.86 0.6383437500000002
0 0.7722390625 0.5110953125000001 0.589509375 0.5110953125 0.589509375 0.6026968750000001 0.7722390625 0.6026968750000001
0 0.48412499999999997 0.51071875 0.40207499999999996 0.51071875 0.40207499999999996 0.6018359375 0.48412499999999997 0.6018359375
0 0.5761421875 0.511628125 0.493190625 0.511628125 0.493190625 0.6022937500000001 0.5761421875 0.6022937500000001
0 0.78365 0.5112187500000002 0.73805 0.5112187500000002 0.73805 0.5378343750000002 0.78365 0.5378343750000002
0 0.19419062500000003 0.51056875 0.10442656250000004 0.51056875 0.10442656250000007 0.6027265625 0.19419062500000006 0.6027265625
0 0.08980781250000004 0.3954109375 0.05192500000000004 0.3954109375 0.05192500000000004 0.44734375000000004 0.08980781250000004 0.44734375000000004
0 0.09007500000000007 0.45634375 0.046625000000000055 0.45634375 0.04662500000000006 0.5323765625 0.09007500000000007 0.5323765625
0 0.18545000000000006 0.3217609375 0.10465000000000005 0.3217609375 0.10465000000000005 0.44469375 0.18545000000000006 0.44469375
0 0.2143328125 0.32122656250000003 0.19923437500000005 0.32122656250000003 0.19923437500000005 0.361759375 0.2143328125 0.361759375
0 0.2278578125000001 0.3683859375 0.19977500000000004 0.3683859375 0.19977500000000004 0.4012359375 0.2278578125000001 0.4012359375
0 0.2609578125000001 0.36865312499999997 0.23367500000000008 0.36865312499999997 0.23367500000000008 0.40176875 0.2609578125000001 0.40176875
0 0.2278578125000001 0.40626875 0.19897500000000004 0.40626875 0.19897500000000004 0.44575156250000003 0.2278578125000001 0.44575156250000003
0 0.2607000000000001 0.4065359375 0.23393437500000008 0.4065359375 0.23393437500000008 0.44601875 0.2607000000000001 0.44601875
0 0.3885961475873136 0.3222877920783445 0.21672343749999995 0.3220234375 0.21653353991268637 0.4454872079216556 0.38840625 0.4457515625000001
0 0.48521562500000004 0.3204609375000001 0.40138281249999996 0.3204609375000001 0.40138281249999996 0.44622812500000003 0.48521562500000004 0.44622812500000003
0 0.574834375 0.3220437500000001 0.4925671875 0.3220437500000001 0.4925671875 0.44517656250000004 0.574834375 0.44517656250000004
0 0.674909375 0.3209937500000001 0.587925 0.3209937500000001 0.587925 0.44465937499999997 0.674909375 0.44465937499999997
0 0.7639843749999999 0.3209937500000001 0.681715625 0.3209937500000001 0.681715625 0.4462281250000001 0.7639843749999999 0.4462281250000002