0 0.8015449820802478 0.5792647928974677 0.7989043659010137 0.4884892890932567 0.6157476570376288 0.4938172305366121 0.618388273216863 0.584592734340823
0 0.2965590623248185 0.6936091832723026 0.294346875 0.6068921875 0.060081232928778504 0.6128684033434454 0.062293420253596986 0.699585399115748
0 0.12665530491392415 0.4430296478972154 0.1252046875 0.31841718750000003 0.04520407008607584 0.3193484771027845 0.0466546875 0.4439609374999999
0 0.18312427088374866 0.43956672142907827 0.18193125000000002 0.3985203125000001 0.13971479161625133 0.3997473410709219 0.14090781249999998 0.4407937500000001
0 0.22809016997852577 0.44022922566944284 0.22635312500000007 0.31523593750000006 0.13787037533041302 0.31646559165384025 0.13960742030893875 0.44145887982328313
0 0.90202119000952 0.47765939992344125 0.9007670979633126 0.43456254807325784 0.2366646579537925 0.45388752314981645 0.23791875 0.4969843749999999
0 0.2303742655824017 0.5986413421516209 0.2275203125 0.4530687500000001 0.043930421917598286 0.45666803284837937 0.046784375 0.6022406250000002
0 0.2224047628739687 0.5955758146892285 0.22173593750000004 0.5725875 0.14233429962603136 0.5748976228107716 0.143003125 0.5978859375000001
0 0.22231812170158233 0.632091780087561 0.22166875 0.60976875 0.14677875329841766 0.611947282412439 0.14742812500000002 0.6342703125
0 0.419089659152552 0.5902292532957727 0.41619146670813156 0.49878998818836723 0.23234712005557964 0.5046169848925947 0.23524531249999997 0.5960562500000001
0 0.604944789966996 0.5858708346392355 0.60386875 0.493321875 0.5218020850330041 0.49427604036076456 0.522878125 0.586825
0 0.5138324717742278 0.58899727228207 0.5127625 0.4968796874999999 0.42979409114732403 0.49784338901079145 0.4308640629215518 0.5899609737928615
0 0.2686723737942764 0.5302005932710958 0.2678984375000001 0.503596875 0.2218354387057237 0.5049369067289042 0.22260937500000005 0.5315406250000001
0 0.9026059884492339 0.5782228561212331 0.9015256023672811 0.4855421170979698 0.8117428462345522 0.4865887211836453 0.8128232323165051 0.5792694602069087
0 0.953288963727006 0.42041860852635293 0.9526749999999999 0.36782343749999996 0.9147829112729939 0.368265766473647 0.9153968749999999 0.4208609374999999
0 0.9595791410005166 0.5053936159191181 0.958684375 0.428603125 0.9152255464994834 0.42910950908088186 0.9161203125 0.5059
0 0.9005414236650571 0.42005126721837416 0.8990937499999999 0.295709375 0.8182773263349429 0.29665029528162584 0.819725 0.4209921875
0 0.8049780794834109 0.33872477326965006 0.8045046875 0.2979265625 0.7894016263545716 0.2981018071476532 0.7898750183379823 0.3389000179173033
0 0.804899450741145 0.3784427607862045 0.8045125000000001 0.34510156249999996 0.7764224244692863 0.3454275698453906 0.7768093752104313 0.3787687681315951
0 0.7710055257076207 0.3799460344049407 0.7706140625 0.34635468750000004 0.7433241617923793 0.34667271559505936 0.743715625 0.38026406250000006
0 0.8062183514204806 0.42294825602225483 0.8057531250000002 0.3829609375 0.7768628804033095 0.38329705668921354 0.7773281068237899 0.42328437521146833
0 0.7712616975477702 0.4241963361721262 0.770796875 0.3842453125 0.7440258024522298 0.38455678882787386 0.7444906249999999 0.4245078125000001
0 0.7908784359953505 0.4225121555265887 0.7870200285022017 0.2991237958533101 0.6129228425068513 0.3045678903267214 0.6167812500000001 0.42795625
0 0.603826405206887 0.4302723188447608 0.6023453125 0.3030421875 0.518493907293113 0.30401830615523917 0.519975 0.43124843749999997
0 0.5126292069982938 0.43184983078661965 0.51118125 0.3072796875 0.42889737387225013 0.30823612466176664 0.43034533087054394 0.4328062679483862
0 0.4172661118551714 0.4341891748113496 0.415809375 0.309003125 0.3288088881448286 0.3100155126886504 0.330265625 0.43520156249999997
0 0.323491709263306 0.4384025678591324 0.32201875 0.31173281249999996 0.23973485344794412 0.3126896378076959 0.2412078127112501 0.4393593931668283