0 0.5900847761996854 0.6066516045433096 0.4967220775935906 0.6046294819097332 0.49257863019131715 0.7959351053102663 0.5859413287974119 0.7979572279438427
0 0.7041215706640929 0.032598787800805926 0.6149259971063529 0.030985602744028652 0.6105617125000001 0.27229385625 0.69975728605774 0.27390704130677734
0 0.4431171981310184 0.10593217352497868 0.4410275578124999 0.023642848437500003 0.31035975811898153 0.02696100303752136 0.31244939843749997 0.10925032812500005
0 0.4384870906250001 0.12074425312500003 0.39627079477585714 0.11983092580660822 0.39530297812500004 0.1645658562500001 0.43751927397414303 0.16547918356839192
0 0.4391995883488944 0.21228706888245702 0.4383821294310441 0.12120629361294737 0.3091295567071497 0.12236634816799033 0.309947015625 0.21344712343749994
0 0.49704320625000015 0.21842122187500007 0.4527180587523465 0.21746075675323456 0.4378670389325124 0.9028304064024336 0.48219218643016604 0.9037908715241993
0 0.603888675 0.017744432812500075 0.4550427232287819 0.013255760618188419 0.4491302454626121 0.20931560690123385 0.5979761972338301 0.2138042790955455
0 0.6001413250000001 0.11691360000000006 0.5764978220856575 0.1164014012192256 0.5747108609375001 0.1988889484375001 0.5983543638518427 0.19940114721827457
0 0.63761235 0.1200800875000001 0.6146530889659848 0.11958281248640615 0.6129675828125 0.19740288125000008 0.6359268438465151 0.19790015626359403
0 0.5989617359375001 0.2118949015625001 0.5049217652492212 0.2096135492586833 0.5002600954957577 0.4017729479805344 0.5943000661840366 0.4040543002843512
0 0.59380042559057 0.5926176857841967 0.5916556140624999 0.5082032875 0.49391909159692976 0.5106865892158032 0.4960639031249999 0.5951009875
0 0.5963502899425424 0.4987488055155313 0.5941809354456226 0.4134069311695727 0.49686092987808017 0.41588076471654134 0.499030284375 0.5012226390624999
0 0.5324827921875 0.20135191250000012 0.5051208415686275 0.20075923739947266 0.5040755625 0.24901649375000004 0.5314375131188726 0.24960916885052745
0 0.586953108161848 0.9005253862334408 0.5860887109374999 0.8074416453125 0.4895693878258731 0.8083379461505217 0.49043378505022106 0.9014216870714625
0 0.4248689143253343 0.9573820122403461 0.4238804203125001 0.9184058 0.3686037059871658 0.9198076986971542 0.36959220000000004 0.9587839109375003
0 0.512520600294781 0.9606115909750292 0.511385934375 0.91590943125 0.4310419215802191 0.917948787149971 0.4321765875 0.9626509468750001
0 0.4253970906966952 0.9030887627364992 0.4232862796875 0.8199602828125002 0.29287204055330485 0.8232717810135013 0.29498285156250004 0.9064002609375003
0 0.338985980030126 0.8079100139633237 0.3385908970194449 0.7923749129472916 0.29614818261431897 0.7934543005464678 0.29654326562500005 0.8089894015624999
0 0.38024856048800815 0.8063054393907727 0.37951382163312136 0.7774118132213441 0.3443487798951132 0.7783060285180716 0.34508351875 0.8071996546875002
0 0.3815126685173517 0.7713740330094303 0.38080020312499996 0.7433033812499998 0.34540207679514817 0.7442018263655694 0.34611454218749993 0.7722724781249999
0 0.4260764815091426 0.8059658600799462 0.4253216620681407 0.7762491189354876 0.3832931383714981 0.7773166635430413 0.3840479578125 0.8070334046874998
0 0.4270296650413921 0.7699516760955538 0.4263302249603379 0.7424147296885074 0.38440363179394593 0.7434796676554536 0.38510307187500004 0.7710166140624999
0 0.4289050859375002 0.6108781718750002 0.3020061372131465 0.607853481710168 0.29764195870601007 0.7909498103986834 0.42454090743036366 0.7939745005635156
0 0.43374493163475225 0.5973952704980221 0.43155470937499996 0.5111449921874999 0.2980758964902476 0.5145345263769778 0.30026611875 0.6007848046875
0 0.43462518697812486 0.5034999785167014 0.43247443779779726 0.41886217395286396 0.3017806664446724 0.4221832610611626 0.30393141562500003 0.5068210656250001
0 0.4364491905180394 0.40528440957843614 0.4341763140624999 0.3157949859375 0.3027049485444605 0.31913413104656385 0.30497782500000004 0.4086235546875
0 0.43992599259576526 0.30863934331414894 0.43777564042039724 0.22400148825945393 0.3049213040746319 0.22737685275780498 0.30707165625000005 0.3120147078125