0 0.3474343750000001 0.58095 0.21581093750000008 0.58095 0.21581093750000008 0.7279484375 0.3474343750000001 0.7279484375
0 0.46086250000000006 0.5806671875 0.3556906250000001 0.5806671875 0.3556906250000001 0.72555625 0.4608625000000002 0.72555625
0 0.5249484375 0.5820265625000001 0.4707921875 0.5820265625000001 0.4707921875 0.6763671875 0.5249484375 0.6763671875
0 0.578215625 0.5815796875 0.5321703125 0.5815796875 0.5321703125 0.6763671875 0.578215625 0.6763671875
0 0.5787937500000001 0.6850484375 0.534228125 0.6850484375 0.534228125 0.726690625 0.5787937500000002 0.726690625
0 0.524846875 0.6856375 0.47089218749999995 0.6856375 0.47089218750000006 0.7261031250000001 0.5248468750000002 0.7261031250000001
0 0.33208906250000003 0.3109609375 0.22872187500000002 0.3109609375 0.22872187500000005 0.49315156250000003 0.3320890625000001 0.49315156250000003
0 0.469696875 0.31162031250000005 0.338540625 0.3116203125 0.33854062500000004 0.4970359375 0.469696875 0.4970359375
0 0.67061875 0.5215890625 0.2138437500000001 0.5215890625 0.2138437500000001 0.574571875 0.67061875 0.574571875
0 0.6714911162495021 0.5823569986867629 0.5905765625000001 0.582090625 0.59009158509328 0.7294089690910036 0.671006138842782 0.7296753427777666
0 0.728459375 0.3101812500000001 0.64099375 0.3101812500000001 0.64099375 0.49502812500000004 0.728459375 0.49502812500000015
0 0.7870984375 0.5233656250000001 0.6991484375 0.5233656250000001 0.6991484375 0.7042375000000001 0.7870984375 0.7042375000000002
0 0.633308941570445 0.5100969853553698 0.6318592907374303 0.269473413964571 0.4780578125 0.27040000000000003 0.4795074633330147 0.511023571390799
0 0.44220156250000003 0.25901406250000003 0.362425 0.25901406250000003 0.362425 0.27848750000000005 0.44220156250000003 0.2784875000000001