0 0.3729707703125001 0.6647077953125 0.21729409032872976 0.6610015763550032 0.2141083015625001 0.7948180140625001 0.36978498154627043 0.798524233019997
0 0.3814277953125001 0.5495258921875 0.22915968782907964 0.5459005800934249 0.22661392017171728 0.652826332475569 0.37888202765513773 0.6564516445696441
0 0.3846631625000001 0.484410628125 0.2862013629760702 0.48206644578572366 0.2848904890253211 0.537126585936615 0.38335228854925096 0.5394707682758914
0 0.38895238125000003 0.4303300046875 0.29042505548290604 0.42798481059550336 0.289310840586945 0.4747956969112856 0.387838166354039 0.4771408910032823
0 0.28384630156250007 0.42723801406249995 0.2416674831558486 0.42424801198984674 0.23831881250000003 0.47148643124999995 0.2804976309066515 0.47447643332265316
0 0.2793635984375001 0.48200777187500005 0.23837664111127968 0.47910076703524657 0.23435370937500005 0.5358215984375 0.2753406667012205 0.5387286032772535
0 0.6462352609375002 0.6868211531250001 0.45614581708871216 0.6822957356234473 0.45364393906250006 0.7873867250000001 0.643733382911288 0.791912142501553
0 0.6554744156250001 0.5470637515625001 0.46078041879089177 0.5424287118016298 0.4576059859375001 0.6757701828125 0.6522999827716085 0.6804052225733702
0 0.45656944062500016 0.33794263281250003 0.40290765191699984 0.33413706669672927 0.3698324577069483 0.800526042523618 0.42349424641494854 0.8043316086393888
0 0.3948330390625 0.3362994468750001 0.2423850627461653 0.3311929890174411 0.2395957328125001 0.41446552656250013 0.3920437091288348 0.41957198442005916
0 0.6755746734374999 0.28431837812500005 0.4835471902720358 0.2797470094448028 0.48143030901441586 0.3686699138304926 0.67345779217988 0.3732412825106898
0 0.46315554375 0.21961098125 0.2751438320499088 0.2151348682925506 0.27301502656250004 0.3045518171875 0.4610267382625913 0.30902793014494945
0 0.7093073358405387 0.38319566426216445 0.4579452020296249 0.37688528183995706 0.4540148501473162 0.5334434061603027 0.70537698395823 0.5397537885825101
0 0.7069550968749999 0.5762582359375001 0.6872331007118622 0.5748595915407293 0.6814219564902546 0.6568013376390166 0.7011439526533924 0.6581999820357873