0 0.41049523641334124 0.30987407342240114 0.4094304015625001 0.16612151406249998 0.24888603077415894 0.16731073282759884 0.24995086562500002 0.3110632921875
0 0.41172174247518684 0.4337523312478691 0.4108709015625 0.31888885000000006 0.2526302872123131 0.3200610031271311 0.253481128125 0.4349244843750001
0 0.41075555619244203 0.5037547968638523 0.4103174312500001 0.4446080390624999 0.30728330005755805 0.4453712562611476 0.307721425 0.5045180140625
0 0.4116745421875 0.56192695 0.4113020354318051 0.5116385546796718 0.30777985 0.5124053859375 0.30815235675569486 0.5626937812578283
0 0.29867580625 0.5633954125 0.298315270305459 0.5147230568619597 0.2528357484375 0.5150599421875002 0.25319628438204106 0.5637322978255405
0 0.29759603125 0.5044820890625 0.2971595374887267 0.4455554656655947 0.25296499843750003 0.4458828328125001 0.2534014921987734 0.5048094562094054
0 0.7052396921875 0.29093047656250004 0.7044034518051224 0.1780379859357028 0.5054239296875 0.17951190781249998 0.5062601700698777 0.2924043984392973
0 0.705632803125 0.44122420781250005 0.7045717489871036 0.2979818859334289 0.5020700421875001 0.2994818984375 0.5031310963253964 0.4427242203165712
0 0.47794085469002995 0.662359714404049 0.4742455453125 0.16349282031249998 0.41638035780997 0.1639214512209511 0.42007566718749995 0.6627883453125
0 0.41158020077431506 0.6638040828456495 0.411216521875 0.5754310828124999 0.2503188420489534 0.576093220468566 0.25068252094826843 0.6644662205017156
0 0.7092978640625 0.7238200734375 0.7085902672895761 0.6282944765617438 0.506709721875 0.6297898874999999 0.5074173186479238 0.7253154843757561
0 0.47694290156249997 0.7895873984375 0.4762313862248284 0.6935327906228717 0.2786921375 0.69499604375 0.27940365283767166 0.7910506515646284
0 0.7525191677624011 0.6181111622316322 0.7507192125000001 0.4500221328125 0.4880473982576368 0.45283491313471275 0.48984735352003794 0.6209239425538449
0 0.762864290625 0.41076961250000005 0.7622188984300713 0.3236416255596221 0.7409509796875 0.323799165625 0.7415963718824288 0.410927152565378