0 0.84337985 0.7298514375 0.8340031153312577 0.5716190535371978 0.6999069218749999 0.5795654953125 0.7092836565437421 0.7377978792753022
0 0.7002269328125001 0.7274057515624999 0.6910726274134811 0.57292686404513 0.5839249312499999 0.5792763578125001 0.5930792366490188 0.7337552453298699
0 0.5795711171875 0.6771166140624999 0.5736617816568198 0.5773965838480055 0.5184881203124999 0.580666134375 0.5243974558431802 0.6803861645894944
0 0.5168203171875001 0.6771166140625 0.5109129261893081 0.577429393178078 0.46400257968750014 0.5802092656250001 0.46990997068569207 0.6798964865094221
0 0.5177653062500001 0.6859920125000001 0.4696801328125 0.6859920125000001 0.4696801328125001 0.7285654953125 0.5177653062500002 0.7285654953125
0 0.5824821078125001 0.6865942484375 0.5248691765625 0.6865942484375 0.5248691765625001 0.7279648562500001 0.5824821078125002 0.7279648562500001
0 0.8159551062500002 0.4898035140625 0.8045473605874284 0.2972977997490613 0.69923825625 0.30353833906250005 0.7106460019125718 0.4960440533759387
0 0.703915678125 0.4937747609375 0.6922131274426198 0.2962942234625775 0.5585929000000001 0.30421245937499997 0.5702954506823803 0.5016929968499226
0 0.8360987812499999 0.5188769968750001 0.3658984265625001 0.518876996875 0.3658984265625001 0.5730447281250001 0.8360987812499999 0.5730447281250002
0 0.4605897640624999 0.7313450484375 0.45110820913313676 0.5760143894190122 0.36877412829184886 0.581040152619839 0.378255683221212 0.736370811638327
0 0.39457678437500004 0.4917220453125 0.3830650005034229 0.29746069227886573 0.29395619531249995 0.3027412140625 0.30546797918407714 0.49700256709613433
0 0.3477963671875 0.7056102234375 0.3365236738275449 0.5153835258011482 0.24692139374999997 0.5206932906249999 0.2581940871099551 0.7109199882613517
0 0.5605912078125 0.5075734828125 0.5470932392230674 0.25351721670225996 0.39029314573484597 0.26184798047017954 0.40379111432427867 0.5159042465804197
0 0.666256490625 0.25042971250000007 0.5835159984375 0.25042971250000007 0.5835159984375 0.2703386578125001 0.666256490625 0.2703386578125001