0 0.78260625 0.2629265625 0.6509961975008904 0.2621599400296083 0.6501265534518325 0.4114562408458046 0.7817366059509421 0.41222286331619634
0 0.6427140624999998 0.2669468750000001 0.537551289505852 0.26633560199324013 0.5366984375 0.413059375 0.641861210494148 0.41367064800676
0 0.527325 0.31747500000000006 0.47317268728911105 0.31716019225940706 0.47261875 0.4124468750000002 0.526771062710889 0.4127616827405931
0 0.46594687500000004 0.3181890625 0.41990780247092757 0.3179211640329889 0.4193515624999999 0.41351250000000006 0.46539063502907235 0.41378039846701115
0 0.4646628689356115 0.3095244126707389 0.4641796874999999 0.2678890625 0.4188902560643884 0.26841464982926116 0.4193734375 0.31005000000000005
0 0.5279850606566745 0.30819803848578176 0.5275140625000001 0.2677390625 0.4728524393433256 0.26837539901421825 0.47332343750000005 0.308834375
0 0.7683296875000001 0.4978734375000001 0.66497142781325 0.4972724452351366 0.6639015625000001 0.6812671875000001 0.7672598221867502 0.6818681797648637
0 0.6585343750000001 0.4952671875 0.5273914262723178 0.4945046385422353 0.5263 0.6822078125 0.6574429487276824 0.6829703614577647
0 0.7842975039789797 0.46925173131285175 0.7836812497885475 0.41628123182447074 0.3259821833095679 0.42160606301161907 0.32659843750000006 0.4745765625000001
0 0.40811093750000005 0.26582343750000004 0.32728937773012895 0.26520882813747537 0.32615932997789393 0.41381089559525436 0.40698088974776503 0.414425504957779
0 0.35606718750000016 0.5007953125000002 0.26861041880788517 0.500287436047434 0.2675281250000001 0.6866593750000001 0.35498489369211506 0.6871672514525663
0 0.29913125 0.29226250000000004 0.21118861873797173 0.29175045475500094 0.21012655345563425 0.47415780334969587 0.2980691847176625 0.47466984859469497
0 0.5176975540113085 0.7257004454960334 0.517621875 0.48341093749999997 0.36381929610118013 0.4834589776615572 0.3638949751124886 0.7257484856575906
0 0.6336046202255505 0.7335632253547286 0.633378124788534 0.7140952943238916 0.5532625670629834 0.7150273814691629 0.5534890625 0.7344953124999999