0 0.3161020734375001 0.2628786671875 0.17603088084205698 0.254650073354566 0.1665913241857187 0.41533487385274553 0.3066625167811618 0.42356346768567954
0 0.4368579625000001 0.2691443328125001 0.3249342850093443 0.26257014473419255 0.31567452375059835 0.42021493986624153 0.42759820124125414 0.42678912794454904
0 0.5020895671875001 0.3236977281250001 0.4444541530132858 0.3203120918505446 0.4384494561585308 0.4225331109321269 0.49608487033274506 0.42591874720658235
0 0.5588670734375002 0.32544025937500015 0.509868208756601 0.3225614063352427 0.5038485296875 0.4250179875000001 0.5528473943683994 0.4278968405397575
0 0.5626354812500001 0.2717913953125001 0.5138887944663635 0.2702943996720485 0.5125237906250001 0.3147430359375001 0.5612704774086367 0.3162400315779517
0 0.5050965671875002 0.2706533578125001 0.44637421029384966 0.26885157855570135 0.44504892389757467 0.3120444061202899 0.5037712807912251 0.31384618537708864
0 0.2850376421875001 0.5127717765625002 0.17503617616390715 0.5063101771339 0.16344218593750007 0.7036848265625 0.273443651961093 0.7101464259911001
0 0.4319591234375001 0.5131349250000001 0.29238504259178555 0.50493623574941 0.28054056718750003 0.706576 0.42011464803321463 0.7147746892505901
0 0.6509868390625 0.4370236296875 0.16251320478718242 0.4220242674974715 0.16077670312500006 0.47857569062499994 0.6492503374003176 0.4935750528150285
0 0.6594862718749999 0.27158193750000004 0.572310577996201 0.2681808461146745 0.5661383828125001 0.4263845921875 0.6533140766912989 0.4297856835728255
0 0.7076570125000001 0.5237440125 0.6145776686010606 0.5182768042947168 0.6028458999999999 0.71801043125 0.6959252438989395 0.7234776394552832
0 0.7832692343749998 0.3025554437500001 0.6896727795029156 0.29705782539102954 0.6781891484375 0.4925656046875 0.7717856033095842 0.4980632230464705
0 0.6059995236453826 0.5072951578180638 0.44214616777441307 0.4974571456416901 0.42667685312500003 0.7551005671875 0.5905302089959694 0.7649385793638737
0 0.38896044375000016 0.7453040984375001 0.3033433503534495 0.7426759382051359 0.3027053703125001 0.763459296875 0.38832246370905077 0.7660874571073643