0 0.4632954300158823 0.7190716735399301 0.46034108593750006 0.6692171203125001 0.32359553560911775 0.6773205608350701 0.32654987968750004 0.7271751140625
0 0.46210251776040795 0.6667279141141416 0.45893206544638776 0.6132265272634854 0.3212194523734799 0.6213872740868438 0.3243899046875 0.6748886609375
0 0.4607328653935718 0.6105031359195555 0.45801873214276156 0.5658784956269932 0.32019239530925614 0.5742612868648542 0.3229065285600664 0.6188859271574165
0 0.4592975327785277 0.563668857731414 0.456674495949615 0.5190658622547023 0.31864895692108736 0.5271829420232884 0.32127199375000004 0.5717859375
0 0.45751756342207983 0.5170830035444729 0.45493139687500006 0.4720803109375001 0.3181259908344501 0.479942097512175 0.3207121573815298 0.5249447901191479
0 0.45597183932822266 0.4698830086416206 0.4533616989674066 0.4253839505872616 0.31615886745168387 0.4334317310081409 0.3187690078125 0.47793078906249986
0 0.45486173806084995 0.423187444047837 0.45220565265295354 0.37836600532301873 0.31478972038444064 0.38650917213994607 0.31744580579233705 0.4313306108647644
0 0.4536257576141266 0.37608482255194753 0.45117691718749997 0.3345694515625 0.3136446720733732 0.34268197744805245 0.31609351249999995 0.3841973484375
0 0.7763837055040603 0.45095021852662515 0.7734792621425725 0.40193773764424245 0.6358186269510121 0.4100954050551172 0.6387230703125 0.4591078859374999
0 0.7773950891955643 0.4980584419338105 0.7747409116256874 0.45326920322115577 0.637382996313437 0.4614089329496684 0.6400371738833139 0.5061981716623232
0 0.7788153540828804 0.544798441814131 0.776261111813242 0.5004289560720857 0.6386355671053614 0.5083517205079549 0.6411898093749999 0.5527212062500001
0 0.7802006025657082 0.5918122147672408 0.7774015574143 0.5469592520895309 0.6398211892337091 0.5555449427439463 0.6426202343851174 0.6003979054216562
0 0.7815998954670483 0.6418252183917814 0.7787807820034655 0.5938786570540071 0.641119763098917 0.6019727105372257 0.6439388765625 0.6499192718749999
0 0.7837592304133856 0.7003672124481553 0.78034824375 0.6428068109374999 0.6422473523991143 0.6509905672393447 0.6456583390625 0.70855096875
0 0.784410610098931 0.7483692464145375 0.7817369644148879 0.7022395194272272 0.6437906433784569 0.7102347886376896 0.6464642890625 0.756364515625
0 0.7861395841893961 0.7975612742871312 0.7833391404615109 0.7503037813967055 0.6474464490069447 0.7583566807820319 0.6502468927348299 0.8056141736724577
0 0.7733702231308832 0.31433828565207217 0.7673496480368858 0.2142637972668798 0.5120633561560025 0.22962206005230765 0.51808393125 0.3296965484375
0 0.6190542791826348 0.8075415317082377 0.6131932285253379 0.712027517748489 0.32376288079903215 0.7297879055644363 0.32962393145632907 0.825301919524185
0 0.613690455475498 0.6866843576966821 0.6082110265625001 0.5942190078125 0.490372889837002 0.601202009490818 0.49585231875 0.6936673593750001
0 0.6092863577056222 0.5907008428220799 0.6080873125 0.570466953125 0.49013884073187786 0.57745649155292 0.49133788593750005 0.59769038125
0 0.4445843319827657 0.26413113821922357 0.44205256875 0.22140763437499994 0.27594858364223424 0.23125083365577642 0.278480346875 0.2739743375
0 0.39043672353784054 0.334142457255482 0.3891799531250001 0.31293446718749995 0.3407075061496595 0.3158069099320181 0.3419642765625 0.33701490000000006
0 0.33816053195084267 0.3357247457075862 0.33700537656249996 0.31623149375 0.27907236023665727 0.31966456054241377 0.280227515625 0.3391578125
0 0.7846272359218853 0.8450307127523512 0.7821231421875 0.8027741328125 0.6183281281406147 0.812480504435149 0.620832221875 0.8547370843750002
0 0.7182692955222798 0.7122308308984782 0.7041318839550958 0.2242396431367975 0.44933136726115946 0.2316213743286167 0.46346877882834336 0.7196125620902973
0 0.4481967855781859 0.3312060016848043 0.44456412187499994 0.2687097140625 0.32962568676497417 0.2753906337972614 0.33325835046816005 0.33788692141956567
0 0.32815704046361727 0.3131818324677786 0.3259577890625001 0.2760694625 0.2769858970363829 0.2789715003447214 0.27918514843750003 0.3160838703125