0 0.3782473555324515 0.5508534305863271 0.33492165000000007 0.54956970625 0.3314974710300487 0.6651357709761732 0.3748231765625001 0.6664194953125001
0 0.3304264404314803 0.605383884590099 0.29532649687500007 0.6043438859375001 0.29362906894351987 0.6616320607224011 0.3287290125000001 0.6626720593750001
0 0.3323586095380396 0.5483596489784489 0.2966984265625 0.5473030515625001 0.29509289202446054 0.6014898728965513 0.3307530750000001 0.6025464703125001
0 0.39350300173757746 0.5531082552006376 0.3806159218750001 0.552726415625 0.3796043013874227 0.5868685916743626 0.39249138125000005 0.58725043125
0 0.21136865344994676 0.6888456140663569 0.1753071750000001 0.6877771250000001 0.17368423561255342 0.7425512874961433 0.2097457140625001 0.7436197765625001
0 0.2008083686573919 0.7462877631063961 0.17375635937500006 0.7454862218749999 0.17153838134260826 0.8203429603311037 0.1985903906250001 0.8211445015624997
0 0.24096765273293425 0.6917710137409476 0.21398016562500013 0.690971384375 0.21239192070456606 0.7445746425090525 0.23937940781250017 0.745374271875
0 0.2278337871550936 0.7484639977913392 0.2024313062500001 0.7469586656249999 0.20139496753240657 0.7644468818961606 0.22679744843750008 0.7659522140624999
0 0.22741316267327621 0.7687577030976842 0.20167152343750003 0.7672322734375 0.20075582170172387 0.7826847484648158 0.22649746093750006 0.784210178125
0 0.22688521060757383 0.7867895241040802 0.2016121000000001 0.785291859375 0.20068374876742645 0.8009577977709199 0.22595685937500018 0.8024554625
0 0.22665448736498348 0.805062621361339 0.20059637812500006 0.8035184375 0.19952860169751663 0.8215371692636608 0.22558671093750005 0.823081353125
0 0.2673460749740123 0.7408713868266494 0.24190595156250008 0.7393638234375 0.24082254846348777 0.7576462444233505 0.266262671875 0.7591538078125001
0 0.2668956110630091 0.7616153774903125 0.2412900296875001 0.7600980093749999 0.24035395768699108 0.7758942209471875 0.2659595390625001 0.7774115890625001
0 0.2950699408711227 0.6955514652843251 0.24297267656250013 0.6924642203125001 0.24035532162887754 0.7366320894031749 0.2924525859375001 0.7397193343749999
0 0.29191827890341016 0.7421421755868384 0.2418046324444906 0.7405051441252113 0.23907076916608055 0.8241955685383731 0.2891844156250001 0.8258326
0 0.23903529097260307 0.7488548749856963 0.22982438906250008 0.748581959375 0.22764543402739706 0.8221216922018041 0.23685633593750008 0.8223946078125003
0 0.7196885344605587 0.37107074309243354 0.6837860015625 0.37000696406250017 0.6823342249144413 0.41900441315756665 0.7182367578125 0.4200681921875001
0 0.6799868419736851 0.36984907930095023 0.65939804375 0.369239040625 0.657699403338815 0.4265681347615498 0.6782882015625 0.4271781734375001
0 0.6781571185362034 0.4316022226978048 0.6575683203125001 0.4309921843750001 0.6562179220887968 0.4765681351146953 0.6768067203125001 0.4771781734375001