0 0.3945406250000001 0.5301765625 0.3515234375000001 0.5301765625 0.3515234375000001 0.6437468749999999 0.3945406250000001 0.6437468749999999
0 0.34870468750000005 0.586840625 0.31385468750000006 0.586840625 0.31385468750000006 0.6427390625 0.34870468750000005 0.6427390625
0 0.34894531250000005 0.5301750000000001 0.3135390625000001 0.5301750000000001 0.3135390625000001 0.582975 0.34894531250000005 0.582975
0 0.40974062499999997 0.530621875 0.3969453125000001 0.530621875 0.3969453125000001 0.564171875 0.40974062499999997 0.564171875
0 0.2330515625000001 0.6766625000000001 0.1972468750000001 0.6766625000000001 0.1972468750000001 0.730034375 0.2330515625000001 0.730034375
0 0.22426406250000008 0.7340015625 0.1974046875000001 0.7340015625 0.1974046875000001 0.8075953124999999 0.22426406250000008 0.8075953124999999
0 0.26250000000000007 0.6775578125 0.2357046875000001 0.6775578125 0.2357046875000001 0.7300328125 0.26250000000000007 0.7300328125
0 0.2506234375000001 0.7337765625 0.2258937500000001 0.7337765625 0.2258937500000001 0.7511859375000001 0.2506234375000001 0.7511859375000001
0 0.2508625000000001 0.7539328125 0.2257359375000001 0.7539328125 0.2257359375000001 0.7693156250000001 0.2508625000000001 0.7693156250000001
0 0.2508625000000001 0.7718515625 0.22620781250000008 0.7718515625 0.22620781250000008 0.787446875 0.2508625000000001 0.787446875
0 0.2511015625000001 0.7899921875 0.2257359375000001 0.7899921875 0.2257359375000001 0.8079296875 0.2511015625000001 0.8079296875
0 0.2895734375000001 0.723921875 0.26482968750000013 0.723921875 0.26482968750000013 0.742121875 0.2895734375000001 0.742121875
0 0.2898093750000001 0.7445265625 0.2648281250000001 0.7445265625 0.2648281250000001 0.7602515624999999 0.2898093750000001 0.7602515624999999
0 0.3149828125000001 0.677334375 0.2645093750000001 0.677334375 0.2645093750000001 0.721303125 0.3149828125000001 0.721303125
0 0.3145234375000001 0.7239203125000001 0.26476663674548273 0.7237695059314482 0.26451093750000015 0.8081343750000002 0.3142677382545175 0.8082851815685522
0 0.2622609375000001 0.7337765625 0.25311562500000007 0.7337765625 0.25311562500000007 0.8065859375000001 0.2622609375000001 0.8065859375000001
0 0.7279687499999999 0.3315406250000001 0.692321875 0.3315406250000001 0.692321875 0.3791765625000001 0.7279687499999999 0.3791765625000001
0 0.6885484374999999 0.33221250000000013 0.66810625 0.33221250000000013 0.66810625 0.3885781250000001 0.6885484374999999 0.3885781250000001
0 0.6885484374999999 0.39357968750000005 0.66810625 0.39357968750000005 0.66810625 0.438265625 0.6885484374999999 0.438265625