0 0.26742805156250016 0.5080011187500001 0.1147556364811431 0.5025911896238668 0.10463140781250009 0.7883048109375 0.2573038228938571 0.7937147400636333
0 0.2727610609375001 0.21951963750000006 0.12148583149780093 0.21415985116654607 0.11404230625000007 0.42424676875000006 0.26531753568969924 0.429606555083454
0 0.17644199687500006 0.4288810593750001 0.11846776207993626 0.4268268019498144 0.11603181718750004 0.49557283124999996 0.17400605198256386 0.4976270886751856
0 0.4034571585561964 0.4208159072413392 0.4015703543352724 0.38617471930857483 0.341717098904076 0.38943475112973563 0.343603903125 0.42407593906249996
0 0.4065929902712952 0.380517176460438 0.4030132092870014 0.31480024313796523 0.3252873080782062 0.31903418542752726 0.3288670890625 0.38475111875
0 0.4023882914632724 0.4779907794617391 0.3942733448502717 0.34490351716535017 0.1723638877619993 0.3584343642661111 0.180478834375 0.49152162656250004
0 0.413674725937633 0.337619465533427 0.40602851093750003 0.2090177734375 0.2664412928123671 0.21731715009157299 0.2740875078125001 0.34591884218749996
0 0.53900984375 0.2021198734375001 0.429525714330863 0.19823992419438044 0.4196772062500001 0.47614441875 0.5291613356691371 0.48002436799311965
0 0.634665470472242 0.36382853443204477 0.6311240699342587 0.2988197310336331 0.5503034416495167 0.3032224919140883 0.5538448421875 0.3682312953125
0 0.6138631815862952 0.4083107047218372 0.6119395199090494 0.3730082732246268 0.5510476289477542 0.3763263278777896 0.5529712906250001 0.411628759375
0 0.683161509375 0.32725503437500003 0.555656204898035 0.3239790997834247 0.5519751546875 0.4672522375 0.679480459164465 0.4705281720915754
0 0.7088604406250001 0.4213012046875001 0.6910338303290426 0.42067034020888805 0.689627928125 0.46039752656250005 0.7074545384209574 0.46102839104111215
0 0.8396569468750001 0.1830840796875001 0.6953618100304927 0.17924392193981392 0.6879717942598326 0.45692609204154355 0.83226693110434 0.46076624978922964
0 0.6874278015625002 0.19243120781250012 0.5585957369736552 0.18815374099058246 0.554240121579548 0.3193395449113741 0.683072186168393 0.32361701173329177
0 0.8369173375000003 0.4749388515625001 0.7150586119974691 0.47062006220311947 0.7050717073550004 0.7524100200308073 0.8269304328575314 0.7567288093901878
0 0.7037631125000001 0.4821850609375001 0.5527305925853276 0.4768332815988037 0.5426931390624999 0.7601001734375001 0.6937256589771724 0.7654519527761965
0 0.5206214375088343 0.6594387330873267 0.5171437164021678 0.5956090745712641 0.42858739295583365 0.6004340133589374 0.43206511406250014 0.664263671875
0 0.5199877188591333 0.5893772401352364 0.5183946687499998 0.5601301875 0.4670131530158665 0.5629288739272635 0.46860620312499995 0.5921759265625
0 0.514264656783417 0.6513159712222595 0.3886038908206098 0.6476230344566882 0.38496648128059974 0.7713943573721993 0.510627247243407 0.7750872941377706
0 0.5186708671875001 0.49633600468750005 0.3928788710319169 0.49252438730282516 0.38824980635451817 0.6452939933090573 0.5140418025101015 0.6491056106937323
0 0.3865358187500002 0.5054433890625002 0.35519012801686517 0.5043322856278528 0.3538440761935164 0.5423061797314696 0.3851897669266514 0.5434172831661169
0 0.38698878718399293 0.5066866322542495 0.2732005400061522 0.5031672477531824 0.2646932176969722 0.7782248021195823 0.37848146487481293 0.7817441866206495
0 0.7023554611813201 0.8320866575291641 0.7002236890625 0.7929446921874999 0.5382877903811799 0.801764137783336 0.5404195625 0.8409061031250001
0 0.8465749267794187 0.14050418982893778 0.844620084375 0.1046121046875 0.6876095747830815 0.11316359454606224 0.6895644171875001 0.1490556796875
0 0.2791336992285788 0.17655163275387628 0.2770856527555997 0.13894945690338462 0.11820376915202091 0.1476031444620083 0.12025181562499998 0.18520532031249998