0 0.23984560312499997 0.484341046875 0.2312516718443561 0.19429586696707085 0.07483254374999998 0.19893050781249996 0.08342647503064383 0.4889756877204291
0 0.2435895640625 0.7797487218749999 0.23728912164915075 0.5671088197438797 0.08230327031249998 0.5717009937499999 0.08860371272584924 0.7843408958811201
0 0.14621885 0.5663102703125 0.14416131909474564 0.496868611853145 0.0847643640625 0.498628521875 0.08682189496775436 0.568070180334355
0 0.37804086853399277 0.5722120586835592 0.31733912500000006 0.569514203125 0.3157603658410074 0.6050362803789409 0.37646210937500013 0.6077341359375001
0 0.3805091915965604 0.6134307864091546 0.3020141031250001 0.6099421156250001 0.2990189365284398 0.6773333604658455 0.3775140250000001 0.6808220312500001
0 0.37704592095692574 0.5136479261213516 0.15072410625000005 0.50211431875 0.14376793855575326 0.6386138930183345 0.37008975326267896 0.6501475003896862
0 0.3864918482237035 0.6572359636973786 0.2456974406250001 0.6502778546875 0.23917899240129673 0.7821759113026217 0.3799734000000001 0.7891340203125001
0 0.5160849046875 0.7948299359375001 0.5077070916725515 0.5120787442681796 0.3955360828125 0.5154023296875 0.4039138958274486 0.7981535213568205
0 0.6139337223950524 0.6281774510424045 0.5322606593750001 0.6245475375 0.5292978416674478 0.6912109427075956 0.6109709046875001 0.6948408562500001
0 0.5933790277738606 0.5828516811617928 0.53162341875 0.5801069875 0.5300144425386394 0.6163089532132074 0.5917700515625001 0.6190536468750001
0 0.6644174234375001 0.6651828953125001 0.6615435896566466 0.5205527614529837 0.5309344281249999 0.5231479953125 0.5338082619058534 0.6677781291720165
0 0.691289615625 0.5685972140625 0.6900929574942556 0.5282100219547337 0.6718306859374998 0.5287511265625 0.6730273440682444 0.5691383186702663
0 0.8237877953124999 0.8112322640625 0.8179156994961554 0.5288379395035802 0.670107485126973 0.5319114573533963 0.6759795809433174 0.8143057819123163
0 0.6679825250000001 0.8032265359374999 0.6643241535495401 0.6696549608369583 0.5323384396714883 0.6732698973768365 0.5359968111219483 0.8068414724773783
0 0.8227187593749999 0.5123416953125 0.8142290856251618 0.22581520665913554 0.68938146875 0.22951439531250006 0.6978711424998381 0.5160408839658646
0 0.6864320234375 0.5062913703125 0.6779115352541862 0.21872489087075203 0.5231742781250001 0.22330969843749998 0.5316947663083138 0.510876177879248
0 0.4989463602047352 0.32658670821052166 0.4093373296875 0.3226040843750001 0.40642832417026475 0.3880567042894786 0.4960373546875 0.39203932812500014
0 0.49843985831080373 0.3983750058176617 0.44632181562500006 0.39605864843750005 0.44498882918919647 0.42605084418233846 0.4971068718750001 0.4283672015625001
0 0.493453537168119 0.33646361921033824 0.49048189242342416 0.21032490273403143 0.36175523190347525 0.21335751567732295 0.3647268766481701 0.3394962321536298
0 0.4989255056142287 0.34411954240492915 0.366035521875 0.3424172203125 0.3641193584482715 0.49200050290757086 0.4970093421875001 0.49370282500000007
0 0.36177771406250003 0.48573463125 0.36064087992948674 0.4473664784278387 0.32852760625000005 0.4483179828125 0.32966444038301335 0.4866861356346613
0 0.3622624459359619 0.48508480901706197 0.35522097174876965 0.2046717214760195 0.23865237840906822 0.20759888421380962 0.24569385259626048 0.48801197175485206
0 0.6864431185609304 0.14790876017825302 0.521326753125 0.14057025625000005 0.5195427908140695 0.18070941482174713 0.68465915625 0.1880479187500001
0 0.8300376383701245 0.8547451209462682 0.6699141656250002 0.8476285218750002 0.6682783210048759 0.8844350243662321 0.8284017937500001 0.8915516234375002
0 0.24925019928207623 0.8236626629113697 0.08723548437500009 0.8164620093750001 0.08552169915542399 0.8550221792761306 0.24753641406250013 0.8622228328125002