0 0.3099229671875 0.7948216890625 0.29751581932935545 0.5253990424430482 0.15239222992828455 0.5320821103068532 0.16479937778642909 0.8015047569263049
0 0.2893038921875 0.448068334375 0.2802090432606016 0.25059053177658275 0.13641370541010261 0.25721303241682986 0.14550855433700105 0.4546908350152471
0 0.20775667968749997 0.5138922265625001 0.2047871734527525 0.44941032857323987 0.14967946281392958 0.4519481367865139 0.15264896904867706 0.5164300347757742
0 0.41906202776299384 0.4302326719181604 0.36270806875000006 0.42870887343749997 0.36181408613305766 0.46177063350151054 0.41816804514605155 0.46329443198217096
0 0.41706533388559713 0.3622834532280764 0.3442090875 0.36031593906250003 0.34251528256820885 0.423036844252816 0.4153715289538059 0.42500435841839235
0 0.425828896337586 0.39385076457661194 0.2128886854311159 0.3842969685310744 0.20710349509854944 0.51324044227481 0.42004370600501967 0.5227942383203474
0 0.41424202924631653 0.37821837673200104 0.40653407454487506 0.25143654042440045 0.28429993684586746 0.25886800871507726 0.2920078915473089 0.38564984502267785
0 0.5453428828125 0.5202578625 0.5332467536001215 0.2575685939871844 0.4291759311782032 0.26236077344080605 0.4412720603905817 0.5250500419536216
0 0.6336121009370521 0.3647478917537854 0.55780124375 0.36269914843750006 0.5561245153741396 0.4247441173867081 0.6319353725611918 0.42679286070299344
0 0.6189780424154698 0.43400577367084586 0.5616462203125001 0.432456903125 0.5607359722635193 0.46614995730160996 0.6180677943664892 0.46769882784745576
0 0.688007146875 0.521890521875 0.6807745473817217 0.39223435116190136 0.5598615874484418 0.3989792288482811 0.5670941869417201 0.5286353995613797
0 0.7144909953125 0.5238325875000001 0.7127614491544374 0.48631271748968913 0.695816458360329 0.4870938274380525 0.6975460045183917 0.5246136974483635
0 0.8332154296875001 0.5254053249999999 0.8186531954196348 0.25998048980807237 0.6817877445270002 0.2674894584305239 0.6963499787948655 0.5329142936224515
0 0.6836833833436062 0.2677074678304864 0.5517362203125 0.26414224375000006 0.5484729402571427 0.38491460917777437 0.6804201032882489 0.38847983325826074
0 0.8511388703125 0.8064013484375 0.8388824518171415 0.5402166947047736 0.7230488109375 0.5455502312500001 0.7353052294328586 0.8117348849827266
0 0.7244969234374999 0.8018836703125001 0.7121956460960412 0.5347615265507241 0.5686308785605645 0.5413728467394798 0.5809321559020233 0.8084949905012557
0 0.5477319919679005 0.6391445030979932 0.4645514250000001 0.6368958109375 0.46290453277199467 0.6978154119692687 0.546085099739895 0.7000641041297619
0 0.5437561047658944 0.6053128599454134 0.49537154062500005 0.6040060703125001 0.49461763742160586 0.6319197275545868 0.5430022015625002 0.6332265171875001
0 0.551678040686886 0.6835751415155801 0.42474754531250003 0.6821778140625 0.4234804983756141 0.7972738819219198 0.55041099375 0.7986712093749999
0 0.5436445281747594 0.6737515003831994 0.5366601495429615 0.5372880505853961 0.4172377000000001 0.5434002484375 0.42422207863179795 0.6798636982353033
0 0.4130884390625 0.5762752578125 0.41144811104692847 0.5406461185745638 0.38165220624999996 0.542017890625 0.38329253426557147 0.5776470298629363
0 0.4248158796875 0.7960233234374999 0.41147823424599783 0.5321918778013172 0.30343514374999997 0.5376538515625 0.3167727891915021 0.8014852971986827
0 0.7361668483770962 0.841645725542486 0.5828303156250001 0.8375033359374997 0.5818211047479038 0.8748607338325136 0.7351576375000001 0.8790031234375
0 0.8203739807727095 0.19592434813320014 0.6716682875 0.1919073125000001 0.6707429269998918 0.22616301428130553 0.8194486202726013 0.2301800499145056
0 0.28119010058774985 0.18462422056526687 0.13073370156250003 0.18055850312500005 0.12976392124409003 0.21644630317436944 0.2802203202693398 0.22051202061463626