0 0.49672205660181845 0.8297087944928769 0.4939356046875 0.7670136296875001 0.3416793246481816 0.7737805758196232 0.34446577656250005 0.836475740625
0 0.7109671693190703 0.8192492408869884 0.7097923093750002 0.6606431484375 0.5790397822434298 0.6616116856755117 0.5802146421875001 0.8202177781250001
0 0.7094288582702692 0.5523436535114363 0.7073538281250001 0.50565548125 0.578113537042231 0.5113994949260636 0.5801885671875 0.5580876671875
0 0.7132211855601358 0.6457442331292675 0.7097243468750001 0.5670653703124999 0.5773846050648642 0.5729471371832324 0.58088144375 0.651626
0 0.7776226429457138 0.3842310215045888 0.7314837890624999 0.3841634078125001 0.7314027878479029 0.43943776259475553 0.7775416417311168 0.4395053762868443
0 0.7054793371235857 0.18189493465832846 0.70279348125 0.007947629687499997 0.5715817378764143 0.009973621591671557 0.5742675937499999 0.1839209265625
0 0.489506354769878 0.10454391668650279 0.485021740625 0.022567999999999998 0.3364454596503255 0.03069608588405952 0.34093007379520357 0.11267200257056231
0 0.48687378772921164 0.20382824901662908 0.48412514948477287 0.06296218882472054 0.33554862760755666 0.06586127686410385 0.33829726585199543 0.2067273370560124
0 0.7074617842882246 0.35591290187547653 0.7046474642339973 0.18584022602025446 0.5734119268207728 0.1880118788322779 0.5762262468750001 0.35808455468749995
0 0.8496600866556123 0.1318351063105469 0.5134716778248742 -0.003105680421645096 0.22612113653483967 0.7127929266071654 0.5623095453655779 0.8477337133393575
0 0.48999689912377276 0.3512516113812259 0.4873351992470023 0.19840754271298394 0.33610196731072944 0.20104119070675802 0.33876366718749995 0.353885259375
0 0.38013355677328653 0.4294573053668027 0.3797377531250001 0.376023740625 0.3415589494767136 0.37630654619569737 0.34195475312500007 0.42974011093750014
0 0.49016701587844674 0.42239598297215364 0.48785881406250003 0.37046144375 0.3867726138090533 0.3749541639028464 0.389080815625 0.42688870312500005
0 0.4927390340818456 0.4932516955747279 0.49009693750000005 0.43380451875000003 0.3386092502931545 0.4405373044252722 0.3412513468750001 0.4999844812500001
0 0.49813878178398213 0.6479076856118035 0.49229033281250006 0.51631755625 0.33416489790351794 0.5233453518881964 0.340013346875 0.6549354812499999