0 0.20026865829638613 0.7200527231966045 0.19646655156249998 0.560420415625 0.13121809014111382 0.5619744971158954 0.13502019687499997 0.7216068046874999
0 0.3028589307318744 0.46212856634955274 0.29149214375000004 0.32706862812500004 0.12382008958062558 0.3411800852129473 0.1351868765625 0.4762400234375
0 0.45560800190458073 0.4502126249696463 0.4523863375 0.3148705890625 0.4037985199704194 0.31602716721785373 0.407020184375 0.45136920312500006
0 0.39185312183128124 0.4575892623142672 0.3885369203124999 0.31825178750000005 0.3066521435479523 0.3202006273324544 0.3099683450667336 0.4595381021467217
0 0.5766645531249999 0.2783740484375 0.5723840007759791 0.23088253358785188 0.5150587273384791 0.2360494320253519 0.5193392796875 0.283540946875
0 0.9804346172059646 0.4058859859016574 0.9686713827872442 0.27045252853184987 0.7836839780812795 0.2865198301301923 0.7954472124999998 0.4219532874999999
0 0.9704199503721677 0.6541723051004833 0.9690900687499997 0.49893056562499993 0.8837611878925863 0.49966153727525214 0.8850910695147542 0.6549032767507355
0 0.936592557409698 0.6555384813882854 0.9233365776173074 0.5021744899294034 0.7758256645553253 0.5149245602953731 0.7890816443477159 0.6682885517542552
0 0.7945708272434248 0.4221656599828744 0.7837856955551945 0.28654662389819147 0.6039166886242696 0.30085074360281705 0.6147018203124999 0.4364697796875
0 0.9880698065899646 0.4730293791034538 0.8862756749203518 0.17274778867656265 0.09595125556619284 0.4406642729707757 0.19774538723580556 0.7409458633976669
0 0.7957706220789815 0.6721327387901819 0.78629875625 0.5132592843749999 0.6263978638585186 0.5227924049598179 0.6358697296875 0.6816658593749999
0 0.6133325088364086 0.6808262751975056 0.6100118295568582 0.6413899640735006 0.5536629925954498 0.646134738875995 0.5569836718750001 0.68557105
0 0.6106523534718715 0.6352718700124055 0.6081235421875001 0.5290415234375 0.5540756871531285 0.5303281315500944 0.5566044984374999 0.6365584781249999
0 0.5460586398595038 0.6914977628173758 0.542279559375 0.532739446875 0.48040966406491864 0.5342121969010803 0.48418874454942246 0.6929705128434562
0 0.46054345450258083 0.7057079894488644 0.456559040625 0.5383102640625 0.31960816788629226 0.5415699795492397 0.32359258176387307 0.708967704935604