0 0.6806985167190354 0.8103355442396841 0.6772315437499998 0.7473193499999999 0.5239273223434645 0.7557537151353159 0.5273942953124999 0.818769909375
0 0.4409453763305208 0.8226572175883294 0.43815771875 0.6630998890625001 0.3064774424194792 0.6654005011616706 0.3092651 0.8249578296875001
0 0.4360875119354528 0.5542281990951204 0.43350503281249997 0.507302684375 0.30337725212704714 0.5144640821548795 0.3059597312500001 0.561389596875
0 0.43893800672489913 0.6482182704896262 0.4345854772107075 0.5691366740481003 0.3013236454858084 0.5764712004334742 0.305676175 0.6555527968750001
0 0.279134228125 0.4502534671875 0.2778338921875 0.3947059281250001 0.2314870677189022 0.39579088062627493 0.23278740365640221 0.4513384196887748
0 0.4309667049577115 0.18011490481460934 0.42752349062500006 0.0093574953125 0.2954225575422885 0.01202122643539067 0.2988657718750001 0.18277863593750002
0 0.6686216104982285 0.08261543133998114 0.6649250225673115 0.00007284910187052573 0.5139242167565828 0.006835270886889419 0.5176208046874999 0.08937785312500005
0 0.6689762924572932 0.17868012500771946 0.6661644296875 0.0363524609375 0.5165808885579961 0.03930767272309053 0.5193927513277893 0.18163533679330998
0 0.43337860825611363 0.35853401471624824 0.4311923206862162 0.18840030746892583 0.2990670686801026 0.1900981708776777 0.30125335625 0.36023187812500007
0 0.70549520973139 0.7649560798880206 0.49406706942776246 -0.006266578849538629 0.19009968535481397 0.0770650738183216 0.40152782565844153 0.8482877325558809
0 0.6721329876036167 0.330988993598727 0.6686209334881646 0.17831187002187857 0.516315127134548 0.18181538267315156 0.5198271812499999 0.33449250625000004
0 0.6707080899167147 0.40296878257643864 0.6697701343750001 0.3492161078125 0.6313187539713809 0.3498870639183039 0.6322567095130955 0.40363973868224245
0 0.6251816173997474 0.4032668423326742 0.6223087249999999 0.3510664421875001 0.5205214029127524 0.35666839204232587 0.5233942953124999 0.40886879218750005
0 0.6753923728100589 0.47191268663607894 0.6721039355075988 0.4121595314076581 0.5195706236350399 0.4205540041465792 0.5228590609375 0.480307159375
0 0.683231594059562 0.627334484589096 0.6759530203125 0.49506901562500005 0.5167096809404381 0.5038321825984042 0.5239882546875 0.6360976515625001