0 0.7459680234844867 0.15108400906542208 0.7450031140624999 0.08595264531249998 0.5854990655780131 0.08831566905957791 0.5864639749999999 0.1534470328125
0 0.4999700890625001 0.09557708593750007 0.3646347204723256 0.08956218104954572 0.3571839296875 0.25720498437500006 0.49251929827767454 0.2632198892629544
0 0.4866110194253027 0.4161279409785756 0.48589246562499994 0.3676255671875 0.35065130401219724 0.3696291402714243 0.35136985781249996 0.41813151406249993
0 0.49141886541075674 0.35226310469849026 0.490207959375 0.27052695156250006 0.35100820177674324 0.2725891703015098 0.3522191078125 0.3543253234375
0 0.32273225781250015 0.48610988125 0.275134643749573 0.48371183546018826 0.272244331249573 0.5410802057726883 0.3198419453125001 0.5434782515625001
0 0.47189157968750006 0.7561307828125001 0.3351532894076246 0.7517674231417545 0.3293123421875001 0.9348101234374999 0.46605063246737555 0.9391734831082454
0 0.7106992082581082 0.9216752309406283 0.7081423826371329 0.836547378567178 0.5530820431290246 0.8412046351265495 0.55563886875 0.9263324874999999
0 0.717414021366818 0.7399369210620209 0.5628440848910039 0.7360788648342762 0.5591781804548899 0.8829503934920606 0.7137481169307038 0.8868084497198054
0 0.47923440937499995 0.5753175312500001 0.34336252730696387 0.5699053516605168 0.33619949515864533 0.74973210042493 0.47207137722668147 0.7551442800144132
0 0.7668017260724971 0.14775238928888287 0.4628844557625138 0.05782401611901106 0.22660895141723372 0.8563284679463417 0.5305262217272169 0.9462568411162134
0 0.7249415234375001 0.586977034375 0.5638789914817093 0.5857873476115933 0.5627108962137215 0.7439267732272483 0.7237734281695124 0.745116459990655
0 0.7257181859375 0.5081541328125001 0.6862012243069248 0.5063978234066967 0.683697078125 0.5627411125000001 0.7232140397555754 0.5644974219058035
0 0.6775569680982936 0.5636170264354243 0.6767576703125 0.5096644234374998 0.5706206569017065 0.5112368235645756 0.5714199546875001 0.5651894265624999
0 0.731141295748867 0.49703089361777486 0.730226375 0.43527372812499987 0.571595421438633 0.43762381575722503 0.5725103421875 0.49938098125
0 0.7418713332878528 0.41120173035485036 0.7398460968749999 0.2744982953125 0.572653310462147 0.2769752258951496 0.5746785468749999 0.4136786609375