0 0.21521250000000003 0.5385453124999999 0.156359000019104 0.5378603533012362 0.15470312500000008 0.6801375000000001 0.21355662498089614 0.6808224591987638
0 0.3104124644662394 0.4564096796216018 0.30827499999999997 0.33392499999999997 0.1605562855337606 0.3365028203783983 0.16269375 0.4589875
0 0.4536140625000001 0.33259843750000007 0.40978825677318487 0.3320886086356382 0.4083828125 0.4529031250000001 0.45220861822681524 0.45341295386436187
0 0.3959843750000001 0.3318093750000001 0.32212657786244026 0.3309495791257826 0.32068904452475583 0.4544359191013184 0.3945468416623157 0.4552957149755358
0 0.5667437500000001 0.3071703125 0.5657365327754105 0.2640770109091036 0.5139271577754103 0.26528794840910364 0.5149343749999999 0.30838125
0 0.9226837868373785 0.44644032362890396 0.9202098394714918 0.32358634648203854 0.7567854276341135 0.3268772728531345 0.759259375 0.44973124999999997
0 0.9132359375 0.5295468750000001 0.8362741456038554 0.5274792967436419 0.8325336726112443 0.6667115135486025 0.9094954645073889 0.6687790918049606
0 0.8771026937710584 0.5318604839528975 0.7456387226743184 0.5311547306404801 0.7448873064424005 0.6711245473688099 0.8763512775391403 0.6718303006812273
0 0.7549349795179386 0.4501044792356369 0.7535041172074115 0.3271627900568969 0.5945316376894729 0.32901299832126 0.5959625 0.45195468749999995
0 0.929817585450232 0.5077048324697677 0.8547890935044326 0.2290228392093434 0.1309628998404351 0.42389580931447773 0.20599139178623455 0.7025778025749021
0 0.749284093547603 0.6736343328382307 0.7486853194958457 0.5314772221001035 0.6065981009482428 0.5320757017618728 0.6071968750000001 0.6742328125
0 0.5858124396856983 0.6721428285294431 0.5851890625 0.6363765625 0.5353813103143017 0.6372446714705567 0.5360046875 0.6730109375
0 0.5870781250000001 0.5349984375000001 0.5383258562443983 0.5344314077341484 0.5372281250000001 0.6288125000000001 0.5859803937556018 0.6293795297658518
0 0.5276406250000002 0.534375 0.47183454424984905 0.5337251937814276 0.47018595590310913 0.67530779452053 0.5259920366532602 0.6759576007391024
0 0.4502359375000002 0.53424375 0.32670744299604804 0.5328063099321468 0.3249937500000001 0.6800750000000001 0.44852224450395217 0.6815124400678532