0 0.6393778968750001 0.779985171875 0.49257050751918835 0.779363605666888 0.49231402287861376 0.8399425753747145 0.6391214122344255 0.8405641415828266
0 0.41598468593750015 0.6857110031250001 0.29017606229405174 0.6804504663602936 0.28377713288044715 0.8334843749375069 0.40958575652389556 0.8387449117022134
0 0.420390603125 0.5361620343750001 0.29577917790753705 0.5356351039573879 0.2955884234375001 0.5807457781250001 0.42019984865496307 0.5812727085426124
0 0.4179107187500001 0.5954743 0.2902930924421386 0.5949336165527896 0.28997100156250016 0.6709567937500001 0.4175886278703616 0.6714974771972104
0 0.2782093953125001 0.41943254687500015 0.23391365755211851 0.4178426612786123 0.23200060598961852 0.47114211284111224 0.27629634375000006 0.4727319984375001
0 0.4429561515625 0.05869162812500004 0.3167255660417659 0.05375250256783679 0.310316209375 0.21755818750000006 0.4365467948957341 0.22249731305716333
0 0.6700523171875 0.06398386406250005 0.5259481429695263 0.061175472316268555 0.5244025484374999 0.14048300625000004 0.6685067226554737 0.14329139799623156
0 0.6691855421875 0.09810874218750008 0.5262526898459878 0.0924579268865445 0.5208548254495271 0.22899258846154855 0.6637876777910393 0.23464340376250412
0 0.4362917973916189 0.23044778929602625 0.310092436955175 0.2245890758351073 0.30251876875000006 0.38772934375000007 0.428718129186444 0.39358805721091905
0 0.6654246956169285 0.7988366019274284 0.5073747511388466 0.047600456441173965 0.21241998253452846 0.10965495831991907 0.37046992701261044 0.8608911038061736
0 0.663469515472367 0.23426769770243389 0.5179075263881587 0.22898415710516548 0.5125901984375001 0.37547699062500006 0.6581521875217085 0.3807605312222685
0 0.6548617953125001 0.3980992250000001 0.6181250191656814 0.3965623255634139 0.6159681720131301 0.44811782043832843 0.6527049481599488 0.4496547198749147
0 0.609458903125 0.3971772531250001 0.5119835374232429 0.3967652891647972 0.5117714531249721 0.4469468500066035 0.6092468188267292 0.44735881396680643
0 0.6535151359375 0.4585456843750001 0.507447720468923 0.45792642661142147 0.5072041921875 0.5153686562500001 0.653271607656077 0.5159879140135788
0 0.6524809812500001 0.538206465625 0.49997388783811364 0.537561054104827 0.4994357874116653 0.6647111427480171 0.6519428808235517 0.6653565542681901