0 0.7996904035746822 0.08988055341613668 0.6000648562500002 0.08755872968750009 0.5989737996367264 0.18136549499043828 0.7985993469614084 0.18368731871907484
0 0.8036148031250001 0.276973015625 0.800235392000566 0.19615046327401572 0.7281752968749998 0.1991634921875 0.7315547079994339 0.27998604453848425
0 0.7207578609375 0.236503175 0.7191510849398484 0.19808367339172683 0.6952293234375 0.1990841265625 0.6968360994351517 0.23750362817077314
0 0.7234455205377639 0.24670035744301694 0.666330640625 0.24603492031250013 0.6659679703567397 0.27716313343690213 0.7230828502695036 0.27782857056741894
0 0.6899132390625 0.23674127031249997 0.6882699334866748 0.19740531884829307 0.6640421984375 0.19841746093749998 0.6656855040133253 0.23775341240170694
0 0.5934739411353719 0.08835263231798096 0.48469406250000013 0.08708730156250007 0.4835313976939782 0.187041037725829 0.5923112763293499 0.1883063684813099
0 0.4747825515625001 0.18066984062500005 0.47064589375636146 0.08168540447997316 0.40379031093750006 0.08447936562499998 0.4079269687436387 0.18346380177002686
0 0.6032191546875 0.445528571875 0.5918692112947779 0.18381249017603388 0.40881852114071454 0.19175092085159728 0.42016846453343665 0.4534670025505633
0 0.665449546875 0.4102825390625 0.6564684749450197 0.1954603443498239 0.6072238839518959 0.19751911306533415 0.6162049558818763 0.41234130777801026
0 0.8103072636451836 0.2859635686496168 0.6677731812500001 0.2843063484375001 0.6662871988548165 0.41211262041288343 0.8088212812500002 0.4137698406250001
0 0.8155361273994757 0.41984389588492704 0.6730162953125001 0.41818571406250005 0.6717500961184013 0.527014850946577 0.8142699282053771 0.528673032769004
0 0.8198511153188764 0.5359024341777479 0.6772096296875001 0.5342428578125002 0.6759169620669778 0.6453483385123019 0.8185584476983543 0.6470079148775495
0 0.8248651615933659 0.6545718854795337 0.681841728125 0.6529095234375001 0.6804670087191342 0.7711852567079664 0.8234904421875001 0.7728476187500001
0 0.8302788067644336 0.7800983529653209 0.6313051968750001 0.7777841265625 0.6299108822978552 0.8976651392403499 0.8288844921872887 0.8999793656431707
0 0.6218502875 0.8954111109374999 0.6116431857624856 0.6248502431064933 0.4274632827319351 0.6317985613289667 0.43767038446944956 0.9023594291599732
0 0.6788552625000002 0.77075396875 0.664375171174074 0.4145629996383633 0.41844175040536247 0.42456083423172786 0.43292184173128856 0.7807518033433646