0 0.19204062500000002 0.42201093749999996 0.18642344991959586 0.22895973828505606 0.094071875 0.23164687499999997 0.09968905008040417 0.42469807421494393
0 0.28032187499999994 0.29945 0.2794953774015003 0.22839025700558985 0.2024874818289827 0.2292859377113476 0.20331397942748236 0.30034568070575773
0 0.24235625000000005 0.33232343750000004 0.24208202776582213 0.3087342763408282 0.20511093749999998 0.3091640625 0.2053851597341779 0.3327532236591719
0 0.2839109375 0.362221875 0.28230944968014315 0.30714331656102195 0.2516640625 0.308034375 0.2532655503198568 0.3631129334389781
0 0.24383593750000002 0.3629828125 0.24355781321956163 0.3390920364964634 0.20569531249999998 0.3395328125 0.20597343678043836 0.3634235885035365
0 0.20225624999999997 0.5354546874999999 0.19924535925665182 0.43198649958571184 0.10084218749999999 0.43484999999999996 0.10385307824334813 0.538318187914288
0 0.19839375 0.6150421875000001 0.19762820308621393 0.5491163143756894 0.10255623185832478 0.5502203127106654 0.10332177877211086 0.616146185834976
0 0.45922656249999994 0.6109296874999999 0.45673243166803495 0.43039149789419556 0.20129843749999998 0.4339203125 0.20379256833196494 0.6144585021058043
0 0.4166546875 0.416871875 0.4160898183195079 0.3683120149936837 0.20637029432678694 0.37075156271139853 0.20693516350727906 0.41931142271771477
0 0.41681875 0.36083125000000005 0.41286880641186235 0.22514346127247312 0.2870453125 0.22880625000000002 0.2909952560881376 0.36449403872752695
0 0.529928125 0.3598640624999999 0.5259595871000375 0.2235190416279575 0.418818751322619 0.22663754544054168 0.42278728922258135 0.36298256631258413
0 0.6464390624999999 0.3591546875 0.6424710190348784 0.22277379425108249 0.5330906249999999 0.22595624999999994 0.5370586684651214 0.36233714324891747
0 0.7703281249999999 0.35803750000000006 0.7663548444686605 0.22153112511452222 0.6499140183815808 0.22492035926371856 0.6538872989129201 0.3614267341491964
0 0.8970687499999999 0.4114562499999999 0.8914962686954808 0.21997012372180896 0.7734734388221325 0.22340473293219215 0.7790459201266516 0.41489085921038316
0 0.9012453125000001 0.6066390625000001 0.8988843574138278 0.4250641278171571 0.6331230860254626 0.42851972826381524 0.6354840411116348 0.6100946629466583
0 0.772667455392887 0.6088311975162977 0.7714602760339042 0.36582473320051934 0.4221279718861785 0.36756010574783166 0.42333515124516125 0.6105665700636099