0 0.5029296875 0.2541671875000001 0.37109375 0.2541671875000001 0.37109375000000006 0.3899093750000001 0.5029296875 0.3899093750000001
0 0.35839843750000006 0.2541671875 0.22265625 0.2541671875 0.22265625000000006 0.397721875 0.3583984375000001 0.397721875
0 0.7958984375 0.43775937500000006 0.6640625 0.437759375 0.6640625 0.5774078125000001 0.7958984375 0.5774078125000002
0 0.6513671875 0.437759375 0.51953125 0.437759375 0.51953125 0.5813140625 0.6513671875 0.5813140625
0 0.3613281250000001 0.402603125 0.22265625000000008 0.402603125 0.22265625000000008 0.5813140625 0.3613281250000001 0.5813140625
0 0.5068359375 0.437759375 0.3750000000000001 0.437759375 0.3750000000000001 0.5813140625 0.5068359375 0.5813140625
0 0.6474609375 0.2541671875000001 0.515625 0.2541671875000001 0.515625 0.3860031250000001 0.6474609375 0.3860031250000001
0 0.83843125 0.43748593750000014 0.8092515625000001 0.43748593750000014 0.8092515625000001 0.4638406250000002 0.83843125 0.4638406250000002
0 0.8388078125 0.4678062500000002 0.8096296875 0.4678062500000002 0.8096296875 0.48568281250000017 0.8388078125 0.48568281250000017
0 0.8709890625 0.4378640625000002 0.8420062500000001 0.4378640625000002 0.8420062500000001 0.4856781250000002 0.8709890625 0.4856781250000002
0 0.8741140625 0.49075625000000017 0.8096609375 0.49075625000000017 0.8096609375 0.5772390625000001 0.8741140625 0.5772390625000001
0 0.9401468749999999 0.5761749999999999 0.9377984375 0.4364671874999999 0.8754199993591844 0.4375157463507894 0.8777684368591843 0.5772235588507895
0 0.7951765625000001 0.39250312500000006 0.7937093749999999 0.25189999999999996 0.6598525098741359 0.25329679057134646 0.661319697374136 0.39389991557134657
0 0.8623953125000001 0.37635781249999994 0.8594368771649588 0.24946786012019856 0.8054499999999999 0.2507265625 0.8084084353350413 0.3776165148798014
0 0.9369515624999998 0.37489062500000003 0.9347766611489968 0.24867394646369237 0.866678223648997 0.24984738396369238 0.868853125 0.3760640625
0 0.9378859374999997 0.4305875000000001 0.9372577108466963 0.386377969204926 0.6629170858466966 0.39027640670492597 0.6635453125 0.43448593750000003
0 0.504771875 0.3936781250000001 0.3713468750000001 0.3936781250000001 0.3713468750000001 0.4323890625 0.504771875 0.4323890625
0 0.6508984375 0.3934703125000001 0.5155078125 0.3934703125000001 0.5155078125 0.432571875 0.6508984375 0.432571875
0 0.18070312500000005 0.4406390625 0.14867187500000006 0.4406390625 0.14867187500000006 0.49272031250000003 0.18070312500000005 0.49272031250000003
0 0.2123968750000001 0.4409828125 0.18492187500000004 0.4409828125 0.18492187500000004 0.46357499999999996 0.2123968750000001 0.46357499999999996
0 0.2123890625000001 0.4655984375 0.18508437500000002 0.4655984375 0.18508437500000002 0.492396875 0.2123890625000001 0.492396875
0 0.21093750000000006 0.2532171875 0.14380312500000006 0.2532171875 0.14380312500000006 0.3807421875 0.21093750000000008 0.3807421875
0 0.13466875000000006 0.25361875 0.07785781250000003 0.25361875 0.07785781250000004 0.3803390625 0.13466875000000006 0.3803390625
0 0.21839218750000003 0.4365843750000001 0.21832604098902736 0.390155774361209 0.0787078125 0.3903546875 0.07877395901097267 0.436783288138791
0 0.14419375000000006 0.44005312500000004 0.07968750000000005 0.44005312500000004 0.07968750000000005 0.5807546875 0.1441937500000001 0.5807546875
0 0.2133843750000001 0.49639375 0.14945312500000005 0.49639375 0.14945312500000008 0.5813406249999999 0.2133843750000001 0.5813406249999999