0 0.5055827786311405 0.28798073595729146 0.3600358799788596 0.2782776103221829 0.3495978432438595 0.4348481765427087 0.49514474189614044 0.44455130217781724
0 0.3455481756119159 0.2844244109666738 0.19568877816279825 0.2744337852776998 0.1847397482808466 0.4386692467836311 0.33459914572996424 0.44865987247260514
0 0.8164248786395764 0.4984749687798541 0.670877981311846 0.4887718425917892 0.6601484034472296 0.6497155155445411 0.80569530077496 0.659418641732606
0 0.6563902758521261 0.4949186438230134 0.5108433799046055 0.4852155163326738 0.4998286394455757 0.6504366045926666 0.6453755353930962 0.6601397320830062
0 0.33653339098430457 0.44883149411984863 0.1824973045170917 0.4402207787149249 0.1711570767879317 0.6430847937127864 0.3251931632551446 0.6516955091177101
0 0.49524345618656807 0.49135371001418876 0.34917585243385674 0.48300875613426975 0.3398125119934904 0.6469018969383542 0.4858801157462017 0.6552468508182733
0 0.6656205698928231 0.29148921402905537 0.5200736740700896 0.2817860883788213 0.5099176082321769 0.4341270875334448 0.6554645040549104 0.4438302131836789
0 0.8635465968749999 0.4991230671875001 0.8299405863531198 0.4983762678565641 0.829291465625 0.5275867359375002 0.8628974761468801 0.5283335352684362
0 0.8617253734375001 0.5327049984375001 0.8285381113502975 0.5319675036531166 0.8280978078125004 0.5517811609375002 0.8612850698997031 0.5525186557218836
0 0.8995688578125002 0.50034286875 0.8675718282561296 0.4982097337610174 0.8639476359374999 0.5525726265625002 0.8959446654938705 0.5547057615514828
0 0.8991246828125001 0.5589855062500002 0.8279684213620809 0.5542417558736558 0.8213739328124999 0.6531590921875001 0.8925301942629191 0.6579028425638445
0 0.9681206921875003 0.5004118296875001 0.9047597094445621 0.4961877643846454 0.8942295071596547 0.6541408066358521 0.9575904899025929 0.6583648719387069
0 0.8277271046875001 0.2925295656250001 0.6797781647781511 0.28421207238693796 0.6706707442270478 0.4462119895829374 0.8186196841363967 0.4545294828209996
0 0.9006381781250001 0.2925228375000001 0.8408824226243465 0.2899336658576701 0.8347831949105453 0.4306983621992149 0.8945389504111988 0.4332875338415449
0 0.9819454046874998 0.2930411437500001 0.909065868502743 0.28818250822254105 0.8994973681287559 0.4317100202778749 0.9723769043135129 0.43656865580533405
0 0.9717739406250002 0.445613103125 0.6707699151018836 0.44170106303494594 0.670122721875 0.4914980390625 0.9711267473981167 0.4954100791525541
0 0.4973305656250001 0.44240615156250007 0.34768944458657436 0.43908079300067404 0.34673598593750005 0.4819864281250001 0.49637710697592585 0.48531178668682606
0 0.6591469437500002 0.4457716265625001 0.507310139078679 0.4423974753827496 0.5063470593750001 0.4857360625000002 0.6581838640463213 0.48911021367975066
0 0.13503356406250006 0.48643041093750006 0.09967105880881548 0.4840729102678741 0.09572191406250005 0.5433100734375002 0.13108441931618464 0.5456675741071261
0 0.17010161406250005 0.48759088906250014 0.1385682150216453 0.4868901460698002 0.1380117640625001 0.5119304109375 0.16954516310335482 0.5126311539302
0 0.1682758937500001 0.5148467515624999 0.13672418168733708 0.5141456015358863 0.13606412968750004 0.5438479046875 0.16761584175016306 0.5445490547141137
0 0.18234613750000006 0.2796484046875 0.10822977609924204 0.27470731349004285 0.09859688593750002 0.41920065312500004 0.17271324733825805 0.4241417443224572
0 0.09786666562500008 0.2782163796875 0.03514738182575534 0.2740350943336936 0.025607612500000015 0.4171316421874999 0.08832689629924477 0.42131292754130634
0 0.17974837888841666 0.43189470552736886 0.02404602554661352 0.4282006862224984 0.02282514375000006 0.47966066874999996 0.1785274970918032 0.4833546880548704
0 0.09465121093750009 0.48488327499999995 0.02343630125696209 0.4801356141165531 0.012839331250000013 0.63909015625 0.08405424093053801 0.6438378171334469
0 0.16710472968750006 0.5489698578125 0.09652461851492804 0.544264516442343 0.09004521250000005 0.64145559375 0.1606253236725721 0.646160935120157