0 0.8300278378959318 0.3868515107425005 0.6687914686786092 0.38565716846256526 0.6677363636665682 0.5280964876949995 0.828972732883891 0.5292908299749348
0 0.8148482018212195 0.22635414784573812 0.6460006077272656 0.2251034243590424 0.6449142387666306 0.3717631675019518 0.8137618328605845 0.3730138909886475
0 0.6623806910251 0.7021588669930001 0.496811681220123 0.7009324311062914 0.49575657619227725 0.8433717519006961 0.6613255859972542 0.8445981877874049
0 0.6471697924558165 0.5458819280788025 0.4774874780984919 0.5446250215685525 0.4764323716181491 0.6870643422483305 0.6461146859754737 0.6883212487585804
0 0.6534179274197186 0.3737238850663928 0.652912805286381 0.22297430772707455 0.44641986714216514 0.2236662111822981 0.4469249892755028 0.3744157885216164
0 0.6307206794149663 0.5309604937081087 0.6304176341679605 0.3880096629910146 0.46225820227638803 0.3883661486184035 0.4625612475233939 0.5313169793354977
0 0.8443932382915598 0.6854599358214009 0.8290999621407398 0.5283407191358553 0.6880140600160394 0.5420733847365178 0.7033073361668593 0.6991926014220632
0 0.66631750625 0.8905913546875001 0.6629601507514494 0.8560851003200647 0.63475613125 0.8588292671875001 0.6381134867485505 0.8933355215549355
0 0.6335808937499999 0.8907574187499998 0.6303159002651907 0.8571999979597779 0.6111832453125 0.8590615234375001 0.6144482387973093 0.892618944227722
0 0.6695688654238493 0.8944764933505812 0.6145969093750001 0.8940692937500001 0.614364942388651 0.9253848425869192 0.6693368984375001 0.9257920421875003
0 0.6130016262117862 0.8591104468416898 0.5122061437500001 0.8583638140625001 0.5116903144132141 0.9280008140958106 0.6124857968750002 0.9287474468750003
0 0.6778795671875001 0.9980420421874999 0.6772434790485423 0.9305193163318902 0.5199342732805845 0.9320012251066017 0.5205703614195423 0.9995239509622114
0 0.8622463093749999 0.8437212328125001 0.8618072175324378 0.6989289847076361 0.6951608476109269 0.699434350585871 0.6955999394534889 0.8442265986907349
0 0.870753253125 0.9148280156249997 0.8698213131693521 0.8563445865152881 0.7292407205782534 0.85858475391345 0.7301726605339012 0.9170681830231617
0 0.879899275 0.9957702828125001 0.8788922575323591 0.9220251109116306 0.7359226109374999 0.9239774140625 0.7369296284051408 0.9977225859633695
0 0.7312324828125 0.9974327328125001 0.699156729199142 0.6964024143413109 0.6511572203125 0.7015169171875 0.6832329739258579 1.0025472356586893
0 0.6785642515625001 0.5301671546875 0.6641006677886204 0.38155860390330193 0.622671921875 0.38559072812500006 0.6371355056488797 0.5341992789091982
0 0.6941681046875001 0.6881707203125 0.6794919977573792 0.5373911339424485 0.6376469593749998 0.5414641140625001 0.6523230663051207 0.6922437004325516
0 0.5939485439478803 0.14477863192947557 0.5340139515625 0.14433467187500007 0.5337575998020341 0.1789421508946011 0.5936921921874143 0.1793861109490766
0 0.596652403125 0.21365106406250006 0.5935168263021595 0.18141246785456083 0.5693391531249999 0.18376402656250002 0.5724747299478404 0.2160026227704392
0 0.5700404156250001 0.21344718437500004 0.5668737227720738 0.18091746155430574 0.5381984482868222 0.18370893282716816 0.5413651411397484 0.21623865564786246
0 0.8000290298492153 0.14104452802884182 0.654559871875 0.1399669796875001 0.6540225842132847 0.21250087978365836 0.7994917421875001 0.2135784281250001
0 0.7914822456766135 0.06972810657833987 0.6480559921874999 0.06866569062500007 0.6476013371358864 0.1300441652966603 0.7910275906249999 0.1311065812500001
0 0.6516609034207776 0.21917942289451875 0.6368659212086979 0.06480204824200517 0.5871645390625001 0.06956525312499998 0.6019595212745797 0.22394262777751356
0 0.590997610972418 0.07021999092831155 0.4315808937500001 0.06903912656250005 0.4310646390275821 0.13873352625918856 0.59048135625 0.13991439062500005
0 0.5373667084051676 0.14520363863518437 0.4382910421875 0.14446974375000005 0.43777937595825883 0.21354458480223 0.5368550421759266 0.21427847968741429