0 0.45484951875 0.326694553125 0.4517191672746092 0.23579831634040854 0.39251001341066344 0.23783740474176757 0.39564036488605425 0.32873364152635903
0 0.3910418546875 0.3235843015625 0.3878785522624494 0.23167309460108804 0.326902153125 0.23377171562500004 0.3300654555500506 0.325682922586412
0 0.3926515828125 0.38363503906249996 0.3905689270138002 0.3231352317836947 0.34741190468749994 0.3246208765625 0.34949456048619976 0.3851206838413053
0 0.44038952968750006 0.38644842968750004 0.43831641613749756 0.326225431453968 0.39617484218750004 0.32767611093750004 0.39824795573750255 0.3878991091710321
0 0.8734487547365586 0.36184750568741314 0.852106459375 0.3617952328125001 0.8520009437009414 0.404875830250087 0.8733432390625 0.40492810312500005
0 0.916094277705928 0.36362495571088804 0.8768911312500001 0.3633484687500001 0.8765933551065721 0.4055702130391121 0.9157965015625 0.4058467000000001
0 0.9998524307257787 0.26662892387655124 0.9019229781249999 0.26159466718750013 0.8982565695397738 0.3329158984911975 0.9961860221405526 0.3379501551802486
0 0.9959078656083872 0.48910824219544785 0.8626503140625001 0.4826136109375 0.8595381805032742 0.546468706279317 0.9927957320491613 0.5529633375372648
0 0.9905954359577803 0.6484472216392441 0.9269225296875 0.6472639625000002 0.9251597093547199 0.7421239049232564 0.9888326156250002 0.7433071640625003
0 0.1532003328125 0.36998346875 0.1511175079254298 0.3095120523753714 0.10917425312499998 0.310956709375 0.11125707801207019 0.3714281257496286
0 0.1049048453125 0.38435904062500004 0.10246455742280294 0.3135116153696749 0.05832150312685157 0.3150320906787554 0.06076179101654864 0.38587951593408054
0 0.10516337187500002 0.4325545812499999 0.10350915359153738 0.3845117333123854 0.06176583437500001 0.38594904531249996 0.06342005265846264 0.43399189325011445
0 0.1184346140625 0.7151109703125 0.11290615167877867 0.5814570794793197 0.04400507833227626 0.5843071049429974 0.04953354071599758 0.7179609957761778
0 0.2299123609462664 0.6185537048865423 0.1198226062500001 0.6155436109375 0.11710704007441577 0.7148614459262309 0.2271967947706821 0.7178715398752733
0 0.2216387215272629 0.5764942786316393 0.17822204375000003 0.57492564375 0.17683981055065862 0.6131830955836134 0.2202564883279215 0.6147517304652527
0 0.17813543118913902 0.575599035525906 0.11751913437500006 0.5738138531250001 0.11636358287336113 0.6130508816615943 0.1769798796875001 0.6148360640625001
0 0.11115965624999999 0.5815607468749999 0.1081541079204827 0.5202898349324572 0.0657882609375 0.522368025 0.0687938092670173 0.5836389369425429
0 0.5240817375 0.5347447265624999 0.5228121550394277 0.4398907842703349 0.447809228125 0.44089466875000005 0.44907881058557236 0.535748611042165
0 0.4464425609209707 0.48931502798519116 0.3829533640625 0.48665797812499995 0.38133565157902943 0.5253126032648089 0.44482484843750003 0.5279696531250001
0 0.4438453861431708 0.4413584149955785 0.38130700937500006 0.43874067656250004 0.3795181654193292 0.48147657250442155 0.44205654218749996 0.4840943109375
0 0.590747852361017 0.4947232020104866 0.52796220625 0.4920947328125 0.5262124835764829 0.5338899604895135 0.5889981296874999 0.5365184296875001
0 0.5912552442852895 0.45036023732955666 0.5292753046875001 0.44776443593750004 0.5276169368952759 0.48736127717023425 0.5895968764930654 0.48995707856229087
0 0.5255182375 0.3912067796875 0.5232945441369363 0.24129547855733358 0.44219706802098424 0.24249842935584393 0.44442076138404796 0.39240973048601036
0 0.6218964120937585 0.2452096938587986 0.52715913125 0.24515757968750002 0.5270762535312417 0.3958192811412015 0.6218135343750001 0.3958713953125001
0 0.6657323051694775 0.3388617717381826 0.6245873265624999 0.3377327703125001 0.6230180354555225 0.3949235298243176 0.6641630140625 0.3960525312500001
0 0.6684456473335032 0.3470521620760749 0.6676604819192138 0.2469640511939633 0.5993180828125 0.24750017968749996 0.6001032482267894 0.3475882905696116
0 0.9974277522294492 0.3402689576141931 0.9215709330031789 0.3363763432482883 0.9179801457749935 0.4063513451478518 0.993836965001264 0.41024395951375664
0 0.7322816125032372 0.25346996013658724 0.6727994609375 0.2529602203125001 0.6720684328092628 0.3382647695509129 0.731550584375 0.33877450937500003
0 0.7140011921874999 0.3994871203125 0.7139878066703947 0.3403000748009173 0.6740621562513109 0.34030910423416566 0.6740755417684161 0.3994961497457484
0 0.799797746876239 0.25520267251325246 0.7176812313353539 0.25433852426463555 0.716137565709115 0.4010268298763832 0.7982540812500001 0.40189097812500013
0 0.7931066799732502 0.47393350842773857 0.6726369734375001 0.469201025 0.6705606028392499 0.5220569431347617 0.7910303093750002 0.5267894265625002
0 0.6666595421875 0.5402323218749999 0.6662783304920527 0.4478987411232893 0.592810384977001 0.44820206348816266 0.5931915966724484 0.5405356442398733
0 0.3790548640625 0.5294259124999999 0.37688287126959763 0.4367333494419522 0.21438048687585934 0.44054114152459867 0.21655247966876168 0.5332337045826464
0 0.36508262187499996 0.720365 0.36290888771177254 0.6076780894532201 0.22913576867707758 0.610258577262818 0.23130950284030502 0.7229454878095979
0 0.2718095984375001 0.6347782390625 0.2695313824098447 0.5769001287495845 0.2279308041785438 0.578537623539478 0.23020902020619918 0.6364157338523935
0 0.31524366118677505 0.6341923722791176 0.3135669653223969 0.5777635971052473 0.27261088125 0.5789805453125001 0.2742875771143781 0.6354093204863704
0 0.3633034074825859 0.5811280848160556 0.3162278484375 0.5799888 0.3155888253299143 0.6063934089339443 0.3626643843750001 0.6075326937499999
0 0.1718776375 0.4840034984375001 0.17034802761708456 0.43960321790825335 0.13147525267231067 0.4409424027067076 0.1330048625552261 0.48534268323595436
0 0.2142985021267838 0.4443521704967104 0.1195030564163166 0.4414663999785972 0.11712264960203281 0.5196610185443868 0.21191809531250003 0.5225467890625
0 0.1310435276059482 0.4390050771210324 0.02252775000000005 0.4344637359375 0.0191692098870206 0.5147163699616278 0.12768498749296872 0.5192577111451604
0 0.05934326562500001 0.43093628125 0.05296635683736145 0.29606436712663947 0.015580437016437706 0.29783201906655293 0.021957345804076264 0.4327039331899135
0 0.100918890625 0.31377392031249995 0.09670236683008485 0.21237785416856117 0.025010259980096882 0.2153591480780453 0.029226783775012033 0.3167552142219841
0 0.1779725875 0.32442856562500005 0.17354803777503452 0.21705720002613105 0.10309334843749998 0.21996049062499998 0.10751789816246544 0.327331856223869
0 0.26506253197609125 0.22995584095298502 0.16017280215552537 0.22435142039544204 0.15230596392943416 0.371583507567457 0.25719569375000007 0.377187928125
0 0.34788198177417107 0.38185224640039145 0.341388993634422 0.22665506288389642 0.25700889531250004 0.23018527500000005 0.26350188345224906 0.3853824585164951
0 0.8641526729263653 0.40878889711640404 0.10989368125000003 0.3757582203125001 0.10795224825726586 0.4200910476475383 0.8622112399336311 0.4531217244514423
0 0.06854999375000002 0.6383322062500001 0.06197571214955775 0.5202318637095665 0.039441253125000006 0.5214862875 0.046015534725442286 0.6395866300404336
0 0.8539693314773622 0.5539420434416448 0.11603505156250005 0.524967884375 0.11438528470092216 0.566985308184459 0.8523195646157843 0.5959594672511038
0 0.9325449522126007 0.40312641521773396 0.9315736969503803 0.2576509912577358 0.803890973809027 0.2585034549479587 0.8048622290712475 0.40397887890795675
0 0.8612215436022137 0.5071382654506016 0.79583323125 0.5059212484375002 0.7950813657727867 0.5463177376743986 0.8604696781250002 0.5475347546875
0 0.9936180228791803 0.41162576489798175 0.7969607450389414 0.4099653428240943 0.7961679588151025 0.5038614570358244 0.9928252366553414 0.5055218791097118
0 0.41125719936448746 0.5840125564253131 0.3676667296875 0.5816623734375 0.36569506477299785 0.6182322065587771 0.4092855344499854 0.6205823895465901
0 0.5281415591284668 0.5875546351605373 0.485860015625 0.58602921875 0.4845605689965332 0.6220473242144628 0.5268421125 0.6235727406250001
0 0.6220591312500001 0.7277902984375 0.6204933560924879 0.6272140789946565 0.5324635161175204 0.6285845315461258 0.5340292912750326 0.7291607509889693
0 0.44707595781249987 0.721869153125 0.44568897534226337 0.6206088369415964 0.3700555296875 0.6216448031249998 0.37144251215773655 0.7229051193084034
0 0.44544218906250005 0.6217708703125 0.4449188893214272 0.5823925388175991 0.4120663453125 0.5828291171874999 0.4125896450535729 0.6222074486824007
0 0.48356174531249996 0.623101871875 0.482881693499842 0.5836448244524488 0.45084622696978427 0.584196963512673 0.4515262787824422 0.6236540109352242
0 0.5288221312499999 0.7250265281249999 0.5272723615756094 0.6245368996536077 0.4516173265625 0.6257036656249999 0.45316709623689044 0.7261932940963922
0 0.5741566991130356 0.590660924361138 0.5312171218749999 0.5888636546875 0.5297359240191206 0.6242517829524163 0.5726755012571562 0.6260490526260544
0 0.6231394204987825 0.5906169738852174 0.574275075 0.5885710625 0.5727169435637176 0.6257853198647827 0.6215812890625001 0.6278312312500001
0 0.7065459187500001 0.73141191875 0.7041191452922491 0.5901203904078577 0.6250535171875 0.59147839375 0.6274802906452511 0.7327699220921423
0 0.992118142777412 0.5572491655577804 0.9017294250000003 0.5555059968750001 0.899479846388421 0.6721536444886678 0.9898685641658327 0.6738968131714481
0 0.9237069305179961 0.6586268168359364 0.858364590625 0.6577878000000001 0.857331041357004 0.7382802581640637 0.9226733812500001 0.7391192750000001
0 0.9001264870893078 0.5546877238155992 0.8582885171875001 0.5529368968750001 0.8568038504653355 0.5884146703749191 0.8986418203671432 0.5901654973155182
0 0.8970135944931219 0.5919991637494771 0.8588637968749999 0.5917735359375002 0.8584831133193782 0.656140603438023 0.8966329109375002 0.65636623125
0 0.849964578125 0.6554203515625001 0.8487589536757565 0.5974702384122874 0.80968095625 0.5982832375 0.8108865806992436 0.6562333506502127
0 0.7824786224918282 0.6543177441844887 0.7069510453125 0.6521405359375001 0.7046507691120893 0.7319373530313982 0.7801783462914175 0.7341145612783869
0 0.8525666656249999 0.737403653125 0.851510819990356 0.6547562539792593 0.781453170803139 0.6556512617330701 0.7825090164377829 0.7382986608788108
0 0.7476422391367581 0.5970834810330156 0.7061297312500001 0.5951204015625001 0.7050287170334263 0.6184031377101861 0.7465412249201843 0.6203662171807015
0 0.8110257907854622 0.5990498464580923 0.707860466902803 0.5954971709169941 0.7059567448673408 0.6507789150839018 0.8091220687499998 0.6543315906250001