0 0.4793265625000001 0.6529078125 0.4256640625 0.6529078125 0.4256640625000001 0.7309953124999999 0.47932656250000016 0.7309953124999999
0 0.42166250000000005 0.65330625 0.3664000000000001 0.65330625 0.3664000000000001 0.7321890625 0.42166250000000016 0.7321890625
0 0.42124843749999996 0.599 0.3821343750000001 0.599 0.3821343750000001 0.6507171875 0.42124843749999996 0.6507171875
0 0.464375 0.5982609375 0.4261828125 0.5982609375 0.4261828125 0.649796875 0.464375 0.649796875
0 0.8571281250000002 0.6358671874999999 0.855709276116062 0.5973775427478942 0.8364443054723927 0.5980877099181271 0.8378631543563309 0.6365773546702329
0 0.8956859375000003 0.636178125 0.8951834738362348 0.597925127886424 0.85915 0.5983984375 0.8596524636637655 0.636651434613576
0 0.9712203125000001 0.7279671874999999 0.970600037643319 0.663209066543271 0.8844359374999999 0.664034375 0.885056212356681 0.7287924959567288
0 0.9616984375 0.526378125 0.9612980450708509 0.46841710218650184 0.8411796875 0.4692468749999999 0.8415800799291491 0.5272078978134981
0 0.9540796875000002 0.3781093750000001 0.9496105344830775 0.2937314450959402 0.8922401516300715 0.2967701190702963 0.896709304646994 0.38114804897435617
0 0.09167656250000009 0.638103125 0.029618750000000083 0.638103125 0.02961875000000009 0.737890625 0.09167656250000009 0.737890625
0 0.2049093750000001 0.6022875 0.16689687500000008 0.6022875 0.16689687500000008 0.6540609374999999 0.2049093750000001 0.6540609374999999
0 0.1607437500000001 0.58744375 0.12073437500000009 0.58744375 0.12073437500000009 0.6484453125 0.1607437500000001 0.6484453125
0 0.15947500000000006 0.5438203125000001 0.12164218750000004 0.5438203125000001 0.12164218750000007 0.5843703125 0.1594750000000001 0.5843703125
0 0.09673593750000009 0.3776125 0.03495023102637192 0.37597720647203786 0.03270000000000006 0.46099687500000003 0.09448570647362822 0.46263216852796213
0 0.09755338549156213 0.2881482566378043 0.036242187500000037 0.287959375 0.035971614508437964 0.37578768086219566 0.09728281250000007 0.37597656249999994
0 0.1626820414793762 0.28839067058283285 0.10018838435128474 0.28795685390030956 0.09937034925405777 0.40579926739968775 0.16186400638214926 0.40623308408221115
0 0.26209802010401906 0.29015594614563156 0.16813125000000004 0.28877812500000005 0.1668127646447743 0.3786982214166007 0.26077953474879334 0.3800760425622322
0 0.2592667426677174 0.38346174223714835 0.22138906250000004 0.3830171875 0.2209821595415046 0.4176867992109349 0.25885983970922194 0.4181313539480832
0 0.21880468750000004 0.381509375 0.16668573623705824 0.38087914407935497 0.16625604873705824 0.416413519079355 0.21837500000000004 0.41704375000000005
0 0.16025781250000007 0.4091421875 0.12179780838102305 0.4085799067380266 0.12102437088102302 0.46148303173802663 0.15948437500000004 0.4620453125000001
0 0.5372250000000001 0.54839375 0.5362014158263588 0.4671600890092484 0.46837172832635876 0.46801477650924844 0.4693953125 0.5492484375000001
0 0.463978125 0.4703015625 0.40925781250000004 0.4703015625 0.40925781250000004 0.505359375 0.463978125 0.505359375
0 0.462840625 0.5099203125 0.40926093750000003 0.5099203125 0.40926093750000003 0.5486796875 0.462840625 0.5486796875
0 0.5942234375 0.46802343750000003 0.5403578125 0.46802343750000003 0.5403578125 0.5059296875 0.5942234375 0.5059296875
0 0.59621875 0.510203125 0.5429265625 0.510203125 0.5429265625 0.5461140624999999 0.59621875 0.5461140624999999
0 0.543884375 0.7294687500000001 0.541278206545758 0.5966247654443932 0.46793673899448385 0.5980635977690888 0.47054290744872584 0.7309075823246955
0 0.6297546875 0.5966015625 0.54356875 0.5966015625 0.5435687500000002 0.72946875 0.6297546875000001 0.72946875
0 0.6698171875 0.6493437500000001 0.6665098067857751 0.5958257984921468 0.6294715747291321 0.5981147413784444 0.6327789554433569 0.6516326928862978
0 0.67435625 0.72933125 0.6732698084040336 0.6398356235322726 0.6110765625 0.640590625 0.6121630040959664 0.7300862514677273
0 0.9680296875 0.6611921875000001 0.9674265185910806 0.5976577846471227 0.8979687500000001 0.5983171875000001 0.8985719189089194 0.6618515903528774
0 0.732703125 0.728515625 0.7318599828682674 0.6521491358158538 0.6774375 0.6527499999999999 0.6782806421317327 0.7291164891841462
0 0.7134343750000002 0.6493953125 0.7116391358006164 0.5963624649656165 0.6755890625000001 0.5975828125 0.6773843016993838 0.6506156600343835
0 0.7936906249999999 0.7278765624999999 0.7877017153634999 0.594536004849459 0.713647416008066 0.597862108436009 0.7196363256445661 0.7312026660865498
0 0.7785062500000001 0.5324109375 0.7783831512347941 0.4844797954363651 0.6701312500000001 0.4847578125000001 0.670254348765206 0.532688954563635
0 0.666864843674008 0.5485007692825357 0.6643965146194829 0.4670758010198817 0.5980312863240065 0.46908760679281736 0.6004996153785316 0.5505125750554714
0 0.4052953125 0.465890625 0.25799843750000007 0.465890625 0.25799843750000007 0.5483890625 0.4052953125 0.5483890625
0 0.3882850765641567 0.2931170698396305 0.2657984375000001 0.2918921875000001 0.26480867343584347 0.3908673051603697 0.3872953125000001 0.3920921875000001
0 0.3040281250000001 0.36704687500000005 0.26630369007908994 0.36686081410668014 0.26605681507908996 0.4169155016066801 0.30378125000000006 0.4171015625000001
0 0.34373267666826035 0.36815507925378543 0.3064937500000001 0.36778593750000005 0.3059938858317398 0.4182121082462147 0.34323281250000004 0.41858125
0 0.3881482459118605 0.3951669366708938 0.34594531250000005 0.3946625 0.3456595665881397 0.4185690008291062 0.3878625000000001 0.4190734375
0 0.21826406250000008 0.4997671875 0.18303281250000006 0.4997671875 0.18303281250000006 0.537221875 0.21826406250000008 0.537221875
0 0.2540216402082899 0.46638905300900946 0.16874843750000007 0.4662031250000001 0.16859398479171026 0.5370406344909906 0.2538671875000001 0.5372265625
0 0.18043593750000003 0.46617499999999995 0.02935937500000006 0.46617499999999995 0.029359375000000066 0.5389609375 0.18043593750000003 0.5389609375
0 0.11804687500000004 0.5435484374999999 0.030602046466261846 0.5426314516960213 0.029342416864133164 0.6627511897511342 0.11678724539787137 0.6636681755551128
0 0.1593343750000001 0.6511984375000001 0.09430644928686005 0.6507332996995229 0.09368625143548458 0.7374391743141382 0.15871417714862462 0.7379043121146154
0 0.22875625000000008 0.6444703125 0.1648539557507317 0.6440364688354802 0.16422812500000009 0.7362171875000001 0.2281304192492685 0.7366510311645199
0 0.3003844097567 0.7334196321538368 0.29882812500000006 0.59970625 0.207183967229683 0.600772892721029 0.20874025198638296 0.7344862748748657
0 0.3803890625000001 0.5988640625 0.3032421875000001 0.5988640625 0.3032421875000001 0.732790625 0.3803890625000001 0.732790625
0 0.8465 0.594090625 0.8464214716804952 0.5538739748669752 0.16544959668049525 0.5552036623669754 0.165528125 0.5954203125000002
0 0.11991562500000005 0.35612968750000007 0.09944132923903891 0.35569435833168356 0.09720625000000008 0.46081406250000007 0.11768054576096124 0.46124939166831647
0 0.8317004234485804 0.4255602331400755 0.16661307460122776 0.42246788088231213 0.16643593750000008 0.4605656250000001 0.8315232863473527 0.4636579772577635
0 0.9115917959061951 0.5987689356098962 0.793809375 0.5977687500000001 0.7927042417509689 0.7279098640161845 0.9104866626571638 0.7289100496260806
0 0.8403046875 0.4683328125000002 0.7821890625 0.4683328125000002 0.7821890625 0.5049062500000001 0.8403046875 0.5049062500000001
0 0.9641984375 0.591740625 0.963520358736168 0.506389966545909 0.7830874999999999 0.5078234375 0.7837655787638319 0.593174095954091
0 0.4291385898489386 0.4185277538224555 0.428921875 0.385109375 0.3922410976510614 0.38534724617754446 0.3924578125 0.418765625
0 0.5352453125000001 0.3868515625000001 0.4991132563793671 0.38664688813557035 0.498928325840173 0.41929348087909996 0.535060381960806 0.4194981552435297
0 0.6198328125 0.38315625000000003 0.618146818067436 0.29378089908099625 0.5385296875 0.2952828125 0.540215681932564 0.3846581634190038
0 0.4618015624999998 0.38302499999999995 0.46131849291450405 0.29300138541615495 0.392275 0.29337187499999995 0.39275806958549575 0.38339548958384495
0 0.4623265625000001 0.4191546875 0.4615958174195323 0.3845372418239836 0.43189154011657305 0.3851642740640609 0.4326222851970408 0.4197817197400774
0 0.49655625 0.41962968750000007 0.4960639788609441 0.3845186502573049 0.46708125 0.384925 0.46757352113905587 0.42003603724269506
0 0.5355390625 0.3825484375 0.5349222066351615 0.29364611511127775 0.46612968749999995 0.29412343750000003 0.46674654336483845 0.38302575988872223
0 0.576659375 0.3863484375000001 0.5402875 0.3863484375000001 0.5402875 0.4184421875 0.576659375 0.4184421875
0 0.6208750000000001 0.3865875000000001 0.5792734375 0.3865875000000001 0.5792734375 0.42033906249999997 0.6208750000000001 0.42033906249999997
0 0.6966984375 0.41986875 0.6945479668049257 0.2952750681133797 0.6230265244516379 0.2965095188778266 0.6251769951467122 0.42110320076444696
0 0.9584281250000002 0.463134375 0.9525269107718362 0.3531910324428561 0.8710906224727907 0.35756212915523233 0.8769918367009547 0.46750547171237616
0 0.8932791910145887 0.3673296132289854 0.8898269679221331 0.2942339124083574 0.8309145081368916 0.2970162778802072 0.8343667312293472 0.3701119787008352
0 0.8728578125 0.43118437500000023 0.8374874999999999 0.43118437500000023 0.8374874999999999 0.4633593750000002 0.8728578125 0.4633593750000002
0 0.8712562500000001 0.4277640625000001 0.8704952563773516 0.37048695546836874 0.8360374438773516 0.3709447679683687 0.8367984375 0.4282218750000001
0 0.8274421875000002 0.4204625000000001 0.826751283482482 0.3697788539112438 0.7913875423830226 0.37026092165272595 0.7920784464005406 0.42094456774148226
0 0.7629154009252177 0.3674652387002036 0.7625354699643496 0.2954588663202908 0.69699375 0.2958046875 0.697373680960868 0.3678110598799128
0 0.8281156250000002 0.36798593749999997 0.8265301810805067 0.294931604752678 0.7631890625 0.29630625 0.7647745064194936 0.369360582747322
0 0.73424375 0.3982703125000001 0.6984296875 0.3982703125000001 0.6984296875 0.4194046875 0.73424375 0.41940468750000004
0 0.790015625 0.41979687499999996 0.7898203125000001 0.3696984375 0.6983265536609631 0.3700551327516882 0.6985218661609631 0.4201535702516881