0 0.4746312500000001 0.2606390625 0.42100140894863225 0.2597032901859071 0.41960625000000007 0.33966093750000004 0.47323609105136794 0.340596709814093
0 0.41698906250000006 0.26045000000000007 0.361758173580779 0.2594865162016693 0.3603484375 0.3402984375000001 0.41557932641922113 0.3412619212983309
0 0.41515156250000007 0.34193125000000013 0.3760613323938422 0.34124885354107026 0.375134702943836 0.3943296659484064 0.4142249330499939 0.3950120624073362
0 0.4582625000000002 0.3420968750000001 0.4200920425032725 0.3414302836190427 0.41916875047637864 0.3942999727215352 0.45733920797310634 0.3949665641024926
0 0.8507718750000002 0.34917187500000013 0.8315564372535595 0.3481286066050237 0.8294290324296674 0.3873122099345408 0.848644470176108 0.3883554783295172
0 0.889334375 0.3481875000000001 0.8533494895411957 0.34708537169954756 0.8521390625 0.3866062500000001 0.8881239479588043 0.3877083783004526
0 0.9671815825287557 0.31955113887901926 0.9664689374206492 0.2548128310885688 0.8778592298918932 0.2557882547095495 0.8785718749999998 0.3205265625
0 0.9540425007041218 0.5147820440871065 0.9534312498261551 0.4568359210196354 0.8313043741220334 0.45812418943252914 0.831915625 0.5160703125000002
0 0.943225 0.6052359375 0.8860468702089717 0.6012130115701075 0.8799652260964098 0.6876518479968556 0.9371433558874381 0.6916747739267481
0 0.08708437500000007 0.26156718749999996 0.025063085900066007 0.26048451915768955 0.023339648400065992 0.35921264415768955 0.08536093750000004 0.3602953125
0 0.1988718750000001 0.3423625 0.16088093016395213 0.3416997739145519 0.1599546602515465 0.39479843702466927 0.19794560508759446 0.39546116311011736
0 0.15460625000000003 0.34874843749999995 0.11462278606424452 0.3480509979123806 0.11353437500000003 0.4104484375000001 0.15351783893575555 0.41114587708761946
0 0.15222031250000007 0.41284687500000006 0.11441052976069274 0.41218689382009455 0.11367968750000004 0.45405625 0.15148947023930734 0.4547162311799055
0 0.08588057977683008 0.6214899268145356 0.08512454767261167 0.5378737290696237 0.023290625000000002 0.5384328125000001 0.02404665710421842 0.622049010244912
0 0.0863890625000001 0.622325 0.02510532888175642 0.621445355291858 0.023814062500000083 0.7114062500000001 0.08509779611824378 0.7122858947081422
0 0.15150000000000008 0.5909500000000001 0.08902098988525285 0.5902931206805848 0.08775949006560402 0.7102805486022616 0.15023850018035126 0.7109374279216769
0 0.25284226103580315 0.7051689173244787 0.24995893430903374 0.6153706501297763 0.1528338607732306 0.6184892328052976 0.15571718750000002 0.7082875
0 0.24909558139644639 0.612688551629514 0.24870156249999997 0.5775765625000001 0.21022629360355358 0.5780083233704861 0.2106203125 0.6131203125
0 0.2089668970999637 0.6146511511675965 0.20819843749999997 0.5791453125 0.15555029040003632 0.5802847863324035 0.15631875 0.615790625
0 0.151017059306648 0.5880422208870414 0.15009374999999997 0.5351718749999999 0.111086065693352 0.5358530916129585 0.11200937500000001 0.5887234374999999
0 0.5293421875 0.442228125 0.4599372363454452 0.44189071094779947 0.45953906250000004 0.5237937500000001 0.5289440136545548 0.5241311640522006
0 0.4559550027942659 0.5215786774521788 0.45534375000000005 0.4865421874999999 0.3993996847057341 0.48751819754782116 0.4000109375 0.5225546875
0 0.45563801270367305 0.48197798369005584 0.4549624999999999 0.44324218749999994 0.4000307372963269 0.4442001413099441 0.40070624999999993 0.4829359375
0 0.5862603960086474 0.5215816534636067 0.5856 0.4836984375000001 0.5304099164913526 0.4846605340363935 0.5310703125 0.5225437500000001
0 0.5889229815125147 0.4793687441652511 0.5882968472741258 0.443478098224928 0.5337519907616112 0.4444296665596769 0.534378125 0.48032031250000007
0 0.5391609375 0.2610390625000001 0.46593973071210104 0.2583261413143148 0.46092277112141156 0.39373288942580337 0.5341439779093106 0.39644581061148865
0 0.6238736101247966 0.3924019745723917 0.6224592385069944 0.25969819048063764 0.5351231283821978 0.2606290284082461 0.5365375 0.3933328125000001
0 0.6636953125 0.33896250000000006 0.6267998574629614 0.33604175479916115 0.6224603320779729 0.39085953338455337 0.6593557871150114 0.3937802785853923
0 0.6696328125000001 0.25889687500000014 0.6079980522895907 0.2561832465833856 0.6039246134531006 0.3487034399826213 0.6655593736635099 0.3514170683992358
0 0.9621171875 0.3219109375000001 0.8914712849241294 0.3213482331304021 0.89095625 0.3860093750000001 0.9616021525758706 0.3865720793695981
0 0.7279640625 0.25869531250000005 0.6736088547623568 0.25714636671087504 0.671378125 0.3354265625000001 0.7257333327376433 0.3369755082891251
0 0.7073125000000001 0.3381515625000001 0.6713486265033748 0.33630887732514997 0.668565625 0.3906250000000001 0.7045294984966254 0.3924676851748502
0 0.7889421875 0.2582703125000001 0.7151056359076552 0.2536676065825135 0.7066281838221318 0.3896627884398429 0.7804647354144765 0.3942654943573295
0 0.7710597847705872 0.5019059239243361 0.7703453124999999 0.4539999999999999 0.6604230277294126 0.4556393885756638 0.6611374999999999 0.5035453124999999
0 0.6589812500000002 0.4398843750000002 0.5927640279247675 0.4367235019267762 0.5888176498244659 0.5193962916930462 0.6550348718996986 0.5225571647662701
0 0.39741406250000005 0.44453437500000004 0.2502045877511766 0.44196316573986694 0.24874495253429219 0.5255316783981159 0.39595442728311564 0.528102887658249
0 0.3793975056490503 0.7000103878865516 0.37668437500000007 0.6011484374999999 0.25072436935094966 0.6046052371134484 0.2534374999999999 0.7034671875
0 0.29360625 0.577596875 0.25589544896182054 0.5771247836158745 0.2552578125000001 0.6280593750000001 0.2929686135381796 0.6285314663841257
0 0.3330843750000001 0.575428125 0.29584724275295354 0.5751477249077783 0.2954578125 0.6268640624999999 0.3326949447470466 0.6271444625922217
0 0.3784254497220547 0.5980328179498617 0.3777234374999999 0.5741562499999999 0.3346776752779452 0.5754218695501381 0.33537968749999997 0.5992984375
0 0.2101859375000001 0.45896718750000004 0.17497610044060302 0.4583532332245609 0.17430156250000006 0.49703749999999997 0.20951139955939713 0.49765145427543916
0 0.24717784444057553 0.5291281151801029 0.2457875 0.4583421875 0.15804246805942448 0.4600656348198971 0.15943281250000002 0.5308515625
0 0.1731560434785619 0.5307538179633837 0.17238906250000002 0.4578906250000001 0.02129993196737203 0.4594810369003435 0.022066912945933943 0.5323442298637271
0 0.11062679318134402 0.3350256857585065 0.02318298577087686 0.33462488964419834 0.022631250000000054 0.45499999999999996 0.11007505741046722 0.4554007961143081
0 0.15412812500000003 0.2604 0.08911588704737049 0.25973085931336964 0.08822957443232012 0.34584304436109325 0.15324181238494966 0.34651218504772363
0 0.2235125 0.2613296875000001 0.15962343750000002 0.26091718750000004 0.15903773418784586 0.35163242511618265 0.2229267966878458 0.3520449251161827
0 0.293390625 0.26135 0.202505804347123 0.2602965830616263 0.200943648314912 0.39507348444550966 0.29182846896778897 0.3961269013838834
0 0.3746866878275291 0.2617025717927309 0.29816190424039213 0.2613339400267719 0.2975140625 0.39582031250000005 0.374038846087137 0.3961889442659591
0 0.8400528758472083 0.4310024500751174 0.8394103828421011 0.39080641192928167 0.15812000699489276 0.40169614935416426 0.1587625 0.4418921875
0 0.10867913280114494 0.6420414179893157 0.10827863982538513 0.5374106648712028 0.08779687499999998 0.5374890625000001 0.0881973679757598 0.6421198156181129
0 0.822956303658167 0.5598933405087939 0.8221149153531485 0.5218295425775656 0.1558773616949815 0.5365565145687718 0.15671875000000002 0.5746203125000002
0 0.9067998273131256 0.3852654170801031 0.903431300337256 0.2552610052083147 0.7834205355241305 0.25837058812821156 0.7867890625 0.38837499999999997
0 0.8323008030563823 0.516976869289288 0.8316625 0.48042656250000004 0.7722710719436178 0.48146375571071215 0.772909375 0.5180140625
0 0.9578971647996084 0.4767335000570184 0.9570717071116212 0.39141077136117314 0.7736714173120128 0.39318508380415473 0.7744968750000001 0.4785078125000001
0 0.4189796875000001 0.574390625 0.3823125000000001 0.5743828125 0.38230542291114256 0.6075984213438896 0.41897261041114264 0.6076062338438897
0 0.5250868003828904 0.6037982575680262 0.5247015625 0.5711687499999999 0.48802726211710973 0.5716017424319737 0.4884125 0.60423125
0 0.6090671875 0.606025 0.5295773823882883 0.6031381441110674 0.5262296874999999 0.6953171874999999 0.6057194926117117 0.6982040433889326
0 0.4510328125000001 0.6089140625000001 0.38204912798391744 0.6073405956560445 0.3799406250000001 0.6997812500000001 0.4489243095160827 0.7013547168439558
0 0.4521890625000001 0.5727765625 0.4225346499707891 0.5716321025254807 0.42115818614143635 0.6072980298064302 0.4508125986706474 0.6084424897809495
0 0.486425 0.5717015625000001 0.4574794597494887 0.570791693495802 0.4563437500000001 0.6069218750000002 0.4852892902505114 0.6078317440041983
0 0.5247609375000001 0.608103125 0.4560370694669995 0.606426512308246 0.45380937499999996 0.6977390625 0.5225332430330005 0.699415675191754
0 0.567068384622459 0.6035665940945203 0.5665077896989572 0.571490882886572 0.5290144050764981 0.5721461637920519 0.529575 0.6042218750000001
0 0.6113440888093802 0.6025560523701389 0.6107562500000001 0.568825 0.5679777861906199 0.569570510129861 0.568565625 0.6033015624999999
0 0.686571875 0.5679718750000002 0.6151579376644506 0.5654929875407102 0.6107458722408389 0.6925995903440478 0.6821598095763883 0.6950784778033379
0 0.9490562499999999 0.5201359375000001 0.8678965691610196 0.5143690644528307 0.8598807753481982 0.6271787729722469 0.9410404561871785 0.6329456460194163
0 0.8821838689508384 0.6178902743332215 0.8234521376964627 0.6140936800753902 0.8186440509342445 0.6884727789174236 0.8773757821886201 0.6922693731752549
0 0.8640512316372074 0.5535622710097968 0.8634906249999998 0.5214046875 0.8269987683627924 0.5220408539902032 0.8275593750000001 0.5541984375
0 0.86126875 0.5570281250000002 0.8269400507862382 0.5550457835058795 0.8235144711963223 0.6143673947034461 0.8578431704100842 0.6163497361975667
0 0.8173265625000002 0.5650953125000001 0.7820095146302477 0.5639974585988307 0.780395581253066 0.6159163544371539 0.8157126291228186 0.6170142083383233
0 0.7518015625000001 0.6192187500000002 0.6862712789679322 0.6178323639881083 0.6847015625000001 0.692028125 0.750231846032068 0.6934145110118919
0 0.8170828125000001 0.6175593750000001 0.7538504279954816 0.6150866001869744 0.7509062500000001 0.6903734375000001 0.8141386345045187 0.6928462123130259
0 0.724469487332335 0.5889013293133822 0.7241012972853745 0.567780524176803 0.6881458724530395 0.5684073198634206 0.6885140624999999 0.589528125
0 0.7803312668816316 0.6165022106832384 0.7798875 0.5664140625 0.6871952956183683 0.5672352893167616 0.6876390625 0.6173234375