0 0.570870809375 0.23119262968750007 0.5142340671514594 0.23092309345844514 0.5138275015625 0.31635335468750003 0.5704642437860407 0.316622890916555
0 0.6334438953125001 0.22685137500000008 0.5751168887103897 0.22657272322861582 0.5747042975209994 0.3129357451035377 0.6330313041231099 0.313214396874922
0 0.6164226984375001 0.3136148515625 0.5751408393770716 0.31341691728754595 0.5748685755698314 0.37020120146647145 0.6161504346302599 0.3703991357414256
0 0.5699175281250002 0.31687337656250003 0.5296069945033148 0.316680105703127 0.5293359021322762 0.37322188428671627 0.5696464357539616 0.3734151551460893
0 0.13655512713242074 0.39325645172149193 0.1352533546875 0.352634653125 0.11487744291533039 0.3532876227472618 0.11617921536025115 0.39390942134375373
0 0.11320085363749302 0.39357097121976686 0.11160979799319568 0.3541313802456264 0.07405679904320266 0.3556463277758595 0.07564785468749999 0.39508591874999993
0 0.08860478693547971 0.3255368480934376 0.08481444843750001 0.2574536859375 -0.0037903384979796977 0.26238650815656245 0 0.33046967031249996
0 0.1320242811825706 0.5288366910032634 0.12860388593750002 0.467900990625 0.0028270203799294403 0.47496099962173677 0.006247415625000002 0.5358967000000001
0 0.07608049995389406 0.7144766284030222 0.0718608359375 0.6253387234375001 0.011121921270823463 0.6282140188879927 0.015341585287217505 0.7173519238535148
0 0.9890106703124999 0.20333476406250015 0.9235308393695968 0.20278542383199358 0.9226161045042993 0.3118192811958423 0.9880959354472024 0.31236862142634886
0 0.8436655296875 0.29889867968750006 0.8035445892552631 0.2987067409860848 0.8032729453942469 0.35548844830334103 0.8433938858264838 0.3556803870047563
0 0.8923696000000001 0.3024238718750001 0.8501444319739775 0.3022218417873267 0.8498256328125 0.3688522546875001 0.8920508008385226 0.36905428477517355
0 0.8910889609375003 0.3700624859375001 0.8511592890119752 0.3698719240852425 0.8509448484375002 0.4148050609375001 0.8908745203630252 0.41499562278975766
0 0.9843649796875003 0.49558426874999995 0.9192803281600239 0.49336738494318333 0.9160956532994563 0.5868650472433068 0.9811803048269325 0.5890819310501234
0 0.9797569853071917 0.6810988419351273 0.9796118453124999 0.5872062703125 0.9148832428178082 0.5873063283773726 0.9150283828125 0.6811988999999999
0 0.9139865125948374 0.5586754559448192 0.8477737687232307 0.5575312201805016 0.8455833229088483 0.6842843179206644 0.911796066780455 0.685428553684982
0 0.8454022451335785 0.6841237557269757 0.8421256312499998 0.5893757968750001 0.7391555829914214 0.5929367505230245 0.742432196875 0.6876847093750001
0 0.7865431398594784 0.5875851446017892 0.7851749906250002 0.5510633656249999 0.7447575570155218 0.5525774507107107 0.7461257062500001 0.5890992296875
0 0.8448080816004323 0.5865245141319805 0.8431233005491062 0.5491224765411983 0.7858084345736738 0.5517042342842177 0.7874932156249999 0.5891062718749999
0 0.891112796875 0.5001566546875 0.8505649417541026 0.49924602218268194 0.8492699031034942 0.5569103810793786 0.8898177582243916 0.5578210135841968
0 0.5239935776354891 0.5150465959809688 0.5237916390624999 0.42518503750000003 0.4521693284094854 0.42534598849452926 0.45237126698247465 0.5152075469754981
0 0.5888732254057621 0.5052409660868109 0.5870570938577844 0.4683573970188778 0.5272953825145222 0.47130003874456694 0.5291115140625 0.5081836078125
0 0.5892799769151128 0.46343791968825565 0.5872718 0.422660065625 0.5285046199598873 0.42555415843674443 0.5305127968750001 0.4663320125
0 0.4506230910635652 0.5144489053593663 0.44865885486898555 0.47456861883598433 0.3896356169304203 0.47747570878911805 0.39159985312499995 0.5173559953125
0 0.44800799005941505 0.4700949647813911 0.44614756249999993 0.43231221093750005 0.3878473099405849 0.4351829227186089 0.3897077375 0.4729656765625
0 0.5280842406283707 0.37347004561092983 0.5195780478446757 0.23444984217666565 0.439627874403805 0.23934173250323582 0.44813406718750004 0.3783619359375
0 0.44579591955399345 0.38137055923022156 0.4424260734375001 0.23912618281250003 0.3526026885218459 0.24125414732295214 0.3559725346383393 0.38349852374067367
0 0.3546160633632814 0.3820545291848691 0.35196012943263055 0.32808022148777705 0.3127113671875 0.33001155000000004 0.3153673011181508 0.3839858576970921
0 0.3746871308673665 0.33707511086456643 0.3735463875000001 0.2418710671875 0.3082812341233335 0.2426530800932451 0.3094219774907 0.3378571237703115
0 0.07233913717331626 0.3956621979382694 0.06905682191010307 0.3289716433563088 -0.002129584013213204 0.3324752313555394 0.0011527312500000026 0.3991657859375001
0 0.30471334843114506 0.3290073630903855 0.3034915296875 0.24759757968749999 0.24670082119548598 0.2484499090906754 0.24792263993913105 0.3298596924935609
0 0.30640131591765624 0.3864502682256235 0.30473670624999993 0.33088756875 0.2666133872073437 0.3320297098993765 0.2682779968749999 0.387592409375
0 0.266668333193835 0.3866011695239363 0.259880953116128 0.2487213681463619 0.181057210547293 0.25260160799742565 0.18784459062499997 0.39048140937500003
0 0.3123569225593189 0.5036065259047988 0.3097471243681751 0.4531948834895445 0.19567751430885613 0.45910023883474577 0.19828731250000003 0.5095118812500001
0 0.3860428422932637 0.5213486969806972 0.38591608433784 0.433240464998764 0.31531717624361655 0.4333420329572154 0.31544393419904015 0.5214502649391486
0 0.7489668301842317 0.5045483231847092 0.7464430728549316 0.4176256373802996 0.5894706317331998 0.42218325482059055 0.5919943890624999 0.5091059406250001
0 0.7407565352596089 0.6859514947665237 0.7366656030272798 0.5817158848015629 0.6066662740176708 0.5868179650350391 0.61075720625 0.691053575
0 0.7372902655125122 0.6085820870983566 0.7370074078125 0.5548347625 0.6971682235499879 0.5550444254016433 0.6974510812500001 0.60879175
0 0.6951037406250001 0.5555983500000001 0.6560662977128483 0.555411526811092 0.6558105708876373 0.608846656564639 0.6948480137997891 0.6090334797535472
0 0.6543870176278471 0.5817989287533742 0.6534479967786546 0.5566168816863598 0.6089302135258075 0.5582769185579856 0.609869234375 0.583458965625
0 0.8260405953125002 0.42298866875000013 0.7888566217307872 0.42281210727410495 0.7886594781250001 0.4643306921875002 0.8258434517067131 0.4645072536633954
0 0.8416596349977643 0.49712082381530803 0.8381527058131132 0.4225777392838431 0.7479874973778489 0.42681962171853505 0.7514944265625 0.5013627062499999
0 0.9925249823965567 0.48869030532294444 0.9882223831691906 0.4120681929242568 0.8272123458317638 0.42110946887657635 0.8315149450591299 0.497731581275264
0 0.9888059733921448 0.28624285031534 0.8965668213590853 0.2848829946782091 0.8946789515625001 0.4129374031250001 0.9869181035955596 0.4142972587621311
0 0.9211601031250002 0.20714961406250013 0.8524980720670439 0.20652452255522452 0.8516331875000003 0.3015261828125001 0.9202952185579566 0.30215127431977573
0 0.8468961500000001 0.2120972500000001 0.7795401141237754 0.21073583230927867 0.7774890100079286 0.3122140511942137 0.8448450458841531 0.31357546888493515
0 0.8034148766747838 0.35647937092572574 0.7940622483747768 0.21608052353971488 0.6947595826374929 0.22269554167648914 0.7041122109375 0.36309438906249997
0 0.70012350625 0.2229366343750001 0.6195729118454409 0.2217851679387599 0.617479976276835 0.36819603915105603 0.6980305706813941 0.36934750558729623
0 0.8469600265553723 0.402992864585213 0.8448151078125002 0.3606873484375001 0.12589023684449235 0.3971373334718874 0.12803515558736442 0.4394428496196004
0 0.9162617171875003 0.49912926250000006 0.8947139261183923 0.49834321265140397 0.8906152976287627 0.6106979068507167 0.9121630886978707 0.6114839566993128
0 0.8449647247284429 0.5430910087245908 0.8431769343750002 0.5029915296875 0.13980014402155735 0.5343507959629091 0.14158793437499997 0.574450275
0 0.18155501477995997 0.3909485475260825 0.17624660781249998 0.2538133109374999 0.05497917310651337 0.25850748663831213 0.060287580073973356 0.3956427232268947
0 0.19493094120896468 0.526711555583805 0.19303700819654357 0.4882342575849251 0.13063386386257891 0.4913058707511203 0.132527796875 0.5297831687500001
0 0.1924662683735393 0.48663313786640006 0.18948703414628726 0.39697779031979036 0.0015485937130779697 0.4032229575036429 0.004527827940330012 0.4928783050502526
0 0.6064928732039022 0.5937300108433247 0.6043562515625 0.5588289343749999 0.5635568877335977 0.5613266454066752 0.565693509375 0.596227721875
0 0.492163521969675 0.5992441543202116 0.4915492843750001 0.5638300328125001 0.4528419420928252 0.5645013894297886 0.45345617968750007 0.5999155109375
0 0.44955736148754954 0.6985719869075783 0.44801547499999994 0.6047320140625001 0.36389111663745044 0.6061142630924218 0.36543300312500004 0.6999542359375
0 0.6039290488129568 0.6925289005740163 0.603207225 0.5969662265625 0.5309501098409111 0.5975120139938052 0.5316719336538679 0.6930746880053215
0 0.5625601458528765 0.5971153734966229 0.56196659375 0.5602559953125 0.5305761314352343 0.5607614806417458 0.5311696835381108 0.5976208588258687
0 0.5254120414749058 0.5986760131635441 0.5248298124999999 0.5618337734375001 0.4942139194625942 0.5623176055864558 0.4947961484375001 0.5991598453125
0 0.5259655704654781 0.6962257226122458 0.5253920062499999 0.60141408125 0.4531084319481173 0.601851361640791 0.4536819961635955 0.6966630030030367
0 0.44995342388481563 0.6006207943160686 0.44829204375 0.5668539046874999 0.40807220892768425 0.5688327791214314 0.4097335890624999 0.6025996687500002
0 0.40889206935966993 0.6023892664783493 0.4071429393248234 0.5668800611050289 0.36130682777765355 0.5691378790016796 0.3630559578125 0.604647084375
0 0.3598747854771307 0.7033489745022312 0.3587078109375 0.57001188125 0.2831521097002828 0.5706731494501474 0.28431908423991353 0.7040102427023786
0 0.09714707900355705 0.6487538126536896 0.093331096875 0.5376755781250001 0.0070605705124787334 0.5406393161445809 0.010876552641035788 0.6517175506732704
0 0.14107525097827645 0.7100475933612842 0.1376645765625 0.6348865781249999 0.07511400370922354 0.6377250128887156 0.07852467812500001 0.7128860281249999
0 0.13643023282857297 0.5687706937283499 0.13476497968749998 0.5349182609375001 0.09559837029642707 0.5368449265841501 0.09726362343750002 0.570697359375
0 0.13786948328075524 0.6322436458752108 0.13531624531249997 0.5719502750000001 0.09850660734424474 0.5735090494372894 0.10105984531250001 0.6338024203125001
0 0.18273012682990217 0.6324092274571085 0.182493765625 0.5778082499999999 0.14514616217697426 0.5779699233795309 0.14538252338187646 0.6325709008366396
0 0.28525575224780914 0.704242651699025 0.28217638437500003 0.6284292625000001 0.21099379423177647 0.6313205378209721 0.21407316210458557 0.7071339270199969
0 0.21240252609688728 0.709441442581241 0.21089064999999999 0.6323034109375001 0.14394940046561272 0.6336154339812592 0.14546127656250002 0.7107534656250001
0 0.28243984355582885 0.5962930762700687 0.2813447375 0.5740588546875 0.2423376033191711 0.5759800799799313 0.24343270937499994 0.5982143015625
0 0.2828114299425156 0.6255648939182212 0.27976680300907186 0.5729063754192524 0.18157198400405625 0.5785838346260312 0.18461661093749998 0.631242353125