0 0.5135326546875 0.5881740109375 0.45583762006052825 0.5843276759342597 0.44967548125 0.6767597734375 0.5073705158769718 0.6806061084407403
0 0.5777902828125001 0.5843204515625 0.5183750138720029 0.5803594332714852 0.5121400000000003 0.6738846328125001 0.5715552689404974 0.6778456511035149
0 0.5646497171875 0.5265498296875001 0.5225963809043142 0.5237462739352876 0.5184809046875001 0.5854784171874999 0.5605342409706858 0.5882819729397124
0 0.5169218078124999 0.5289335578125001 0.47585962040894214 0.5261960790348257 0.47176610156250004 0.5875988703125001 0.5128282889660578 0.5903363490901745
0 0.07189875781250007 0.5584144640625001 0.0513353830350076 0.5562938109985964 0.046736159375000086 0.6008911859375001 0.06729953415249257 0.6030118390014036
0 0.04725254375000008 0.5603933328125 0.009405843350952459 0.5567742258083312 0.004888248437500076 0.6040168359375 0.042734948836547694 0.6076359429416689
0 0.015077175000000078 0.633420225 7.762724310644263e-17 0.633420225 8.196532658898239e-17 0.7042665046875001 0.015077175000000085 0.7042665046875001
0 0.07981633736248743 0.4813994906166387 0.0760855375 0.418997175 -0.003730799862487433 0.42376909375836125 0 0.486171409375
0 0.033079095312500036 0.2355975140625 2.8958783995775917e-17 0.2355975140625 3.457660893641945e-17 0.3273435578125 0.03307909531250004 0.3273435578125
0 0.9436501687500002 0.5461776265625001 0.8768857739418129 0.5419679060132175 0.8697550281250003 0.6550585312500001 0.9365194229331875 0.6592682517992828
0 0.7978899437500001 0.5145507343750002 0.7570209469777532 0.5118261350450032 0.752911978125 0.5734606781250001 0.7937809748972469 0.5761852774549971
0 0.8490379671875002 0.4951107343750003 0.8060220380666208 0.4922430056992259 0.8012265546874999 0.5641752546875001 0.8442424838083795 0.5670429833632744
0 0.851207909375 0.44785604531250006 0.8105321035007425 0.44514432463190323 0.807236496875 0.49457841875 0.8479123027492574 0.49729013943059697
0 0.9570674578125 0.2610132203125001 0.8902630659422772 0.25851242297178 0.8866558187500001 0.35487367187500013 0.9534602106202229 0.35737446921572025
0 0.9623481359375001 0.16413615781250013 0.8964909121803029 0.1594533538669557 0.8890587787230615 0.2639761316254835 0.9549160024802588 0.26865893557102793
0 0.8925888140625 0.16878677968750008 0.8249224350676361 0.16511813892472543 0.8175277968750002 0.3015088140625001 0.8851941758698642 0.30517745482527475
0 0.8270445971956937 0.2709609215505336 0.819222825 0.174562034375 0.7042994715543063 0.18388687532446651 0.7121212437500001 0.28028576250000004
0 0.7573309578304491 0.3178739648745491 0.754636609375 0.2806388703125 0.7087701718570506 0.28395778668795085 0.7114645203124998 0.32119288124999995
0 0.8166058735193765 0.3124986120628589 0.8135946503316835 0.2743880611078693 0.7524342002498071 0.2792205224825104 0.7554454234375 0.3173310734375
0 0.8602083609375001 0.3018137843750001 0.818657652811725 0.3000759579792801 0.8160724296874999 0.3618875703125001 0.857623137813275 0.3636253967082201
0 0.4800841812500001 0.3907427125000001 0.40725610463756323 0.3853786638869309 0.40007548125000014 0.4828705078125 0.47290355786243693 0.4882345564255692
0 0.5470475083083519 0.42659848985177823 0.5445346890625 0.38890621406250003 0.4801289885666483 0.3931999288982219 0.4826418078125001 0.43089220468750017
0 0.5444443469695949 0.4735547083470323 0.5416662140625 0.43188271249999993 0.4779648045929051 0.4361294729029675 0.4807429374999999 0.4778014687499999
0 0.4052062497511062 0.43667046814159294 0.402489265625 0.39591570624999994 0.3386005299363938 0.4001749552959071 0.3413175140625 0.44092971718750007
0 0.3992265094643864 0.48046521435972345 0.39665254218749996 0.44185570625 0.33367314991061353 0.44605433251527665 0.3362471171875 0.4846638406250001
0 0.47054768281250015 0.531790621875 0.389980591914097 0.526419482631742 0.3797570625000001 0.6797724281250002 0.46032415339840316 0.6851435673682581
0 0.3896662156250001 0.5362479093750001 0.29883000541299015 0.5276282154045948 0.28414665475576434 0.682364558886835 0.3749828649677743 0.6909842528572403
0 0.29517480156250014 0.543482146875 0.2555710824676626 0.5392956006421911 0.2489463281250001 0.6019641812500001 0.2885500472198377 0.606150727482809
0 0.31329796562500006 0.5882213562499999 0.2470992568937976 0.5827058306611551 0.2382381921875001 0.68905853125 0.30443690091870257 0.6945740568388449
0 0.24043389843750013 0.60621016875 0.18287583859561285 0.601240562830994 0.17500565000000007 0.6923932203125001 0.23256370984188734 0.6973628262315061
0 0.2464284750000001 0.546234125 0.20793506653761912 0.5423427780503074 0.20158380636281342 0.6051697773696464 0.2400772148251944 0.609061124319339
0 0.20453209062500005 0.5493022593750001 0.12449997395660133 0.5412386550086202 0.1088959328125001 0.6961103953125 0.18892804948089884 0.7041739996788798
0 0.264031950998146 0.47436149911319303 0.2604671893844624 0.4228647520353953 0.13593772432381637 0.43148506073470233 0.13950248593750003 0.4829818078125
0 0.3380052656208041 0.40476860681508187 0.2661960371055937 0.39954342743176224 0.2594441796875001 0.4923336718750001 0.33125340820271043 0.4975588512583197
0 0.7075201769506547 0.38919187803001093 0.5488541084085305 0.3795966909847589 0.5431859890625 0.4733247453125 0.7018520576046242 0.48291993235775205
0 0.7212268344749522 0.2911448228256196 0.7130496949025165 0.18495275169441133 0.5658370979275644 0.19628860699379178 0.5740142375 0.302480678125
0 0.707055140625 0.2668291531250001 0.666359865607914 0.26437968911412435 0.662797175 0.32357005625000007 0.7034924500170859 0.32601952026087583
0 0.6634211296875001 0.2702712984375001 0.6236558382738495 0.2676202794699244 0.6196298283179807 0.3280104392867692 0.6593951197316311 0.33066145825434495
0 0.6208181696617394 0.327630719389565 0.6186613623423638 0.3020264293893217 0.5692909879931245 0.3061852006247567 0.5714477953125 0.331789490625
0 0.7878004515625 0.4045091531250001 0.7499217062292589 0.4019839034361173 0.7468749156250001 0.4476857625000001 0.7847536609582411 0.4502110121888828
0 0.8113487680264942 0.44258479574619775 0.8056840935944829 0.3665508541457559 0.7025895630679886 0.3742315943370581 0.7082542374999999 0.45026553593749996
0 0.9573672257679439 0.43553099754571856 0.9521501905494194 0.3572754707600979 0.7825660163439757 0.3685810825893795 0.7877830515625001 0.44683660937500014
0 0.9499375140625 0.4419709609375001 0.855725001022695 0.4366743794503528 0.8478984405641938 0.5758886879704113 0.9421109536039989 0.5811852694575586
0 0.8728843279778132 0.5665488751070058 0.8028607150493714 0.5621800865308737 0.7967648536768783 0.6598854869581026 0.86678846660532 0.6642542755342347
0 0.7959240951951193 0.5655792256627652 0.7270357318593881 0.5620457184482245 0.7218779656250001 0.662600225 0.7907663289607313 0.6661337322145409
0 0.7529704789809852 0.5164923772744898 0.6537763884145562 0.5115987739785753 0.6461439546875002 0.6663093781250001 0.7453380452539291 0.6712029814209146
0 0.648857853125 0.5207891515625 0.5666002021069326 0.516083514350096 0.5578798918516127 0.6685203056651081 0.64013754286968 0.6732259428775121
0 0.8044980244641649 0.5067031470169663 0.8016984171875 0.4634475703125 0.05848649428583534 0.5115500732955338 0.06128610156250001 0.5548056500000002
0 0.8876810171875 0.2427327687500001 0.8655467516609601 0.24195854306154488 0.8615251968750002 0.3569303953125001 0.8836594624015401 0.3577046210009553
0 0.8138332843262882 0.3604255575394416 0.8109988703125 0.31948610156249996 0.0842226469237117 0.3698039346480584 0.0870570609375 0.4107433906250001
0 0.12860821339374032 0.6946861262085803 0.11817604531250003 0.5549850859375001 -0.005085667084702122 0.5641896480453694 0.005346500996538156 0.7038906883164496
0 0.14337219223425715 0.4517590463383402 0.1400452202009083 0.412607001116868 0.07112895921665112 0.41846320790352776 0.07445593124999998 0.457615253125
0 0.14171106070647713 0.5485515971123387 0.13631107343749999 0.456641921875 -0.005399987268977125 0.4649678997626614 0 0.556877575
0 0.5699431580877519 0.3316181711049604 0.5681846328125 0.2957941250000001 0.5249871247247482 0.29791459764503975 0.52674565 0.33373864375000006
0 0.45500532376901714 0.3405491269655815 0.45308689218750003 0.30510406718749994 0.4100716262309828 0.3074322292844185 0.4119900578125 0.3428772890625
0 0.4169642937500001 0.20840384218750008 0.331732480070375 0.20092676219165173 0.3222003041198712 0.3095847737450723 0.4074321177994963 0.31706185374092066
0 0.5757516375 0.19575435156250007 0.5023766758199834 0.18996474311123582 0.49384960468750005 0.29803310781250003 0.5672245663675166 0.3038227162637643
0 0.5261288140625001 0.29819118593750005 0.4943234289562347 0.29541261498755494 0.4906673453125 0.33726259843750006 0.5224727304187654 0.3400411693874451
0 0.4879850843750001 0.30047593281250007 0.4569627982467563 0.29777457908851523 0.45326564569912897 0.3402325967756895 0.48428793182737273 0.34293395049967434
0 0.495583728125 0.20191050781250008 0.42215352572320486 0.1962247942587914 0.41389762656249995 0.30284858750000004 0.48732782896429516 0.3085343010537087
0 0.41077234337668866 0.34181948561328435 0.40847197812499997 0.3073140109375 0.3643964706858115 0.31025237844921566 0.3666968359375001 0.344757853125
0 0.36858404916217336 0.34668051990681537 0.3661648578125 0.31039265468749994 0.3161777570878267 0.3137251285306846 0.3185969484375001 0.35001299375
0 0.32471852968750003 0.2158697171875 0.24801855555408886 0.20972533114169228 0.23638180781250004 0.3549861015625 0.3130817819459112 0.3611304876083078
0 0.05005627031250004 0.300032315625 0.0037303384987229125 0.29514839874334986 -0.009035270653751482 0.4162353773896884 0.03729066116002564 0.42111929427133843
0 0.09948192031250007 0.23143220312500007 0.03671834031281838 0.22446234582616748 0.027335791589773693 0.3089522173014935 0.09009937158945538 0.3159220746003261
0 0.08514935277931415 0.4120348651272125 0.0828431640625 0.37744203437500007 0.03984239878318586 0.38030875206028764 0.04214858750000001 0.4149015828125001
0 0.08868937812500005 0.31199695000000005 0.051729311810068804 0.309093649590681 0.046460000000000036 0.37617389843750004 0.08342006631493129 0.37907719884681906
0 0.13700847500000005 0.3080349140625 0.09905188893412757 0.3051612737537584 0.09451514062500006 0.365085084375 0.13247172669087254 0.3679587246837416
0 0.24503333437500005 0.22042949218750002 0.17465358232137 0.21534538524056024 0.1683274604021357 0.3029184628298776 0.23870721245576573 0.3080025697768174
0 0.17319197812500003 0.2257605640625 0.10542575685533717 0.21960410295332333 0.09737770279628807 0.3081917188716292 0.16514392406595094 0.3143481799808059
0 0.23681848229617258 0.35446832714046106 0.23542677968749998 0.3317250843749999 0.1943107833288274 0.3342410509845388 0.1957024859375 0.35698429374999996
0 0.2415723550678978 0.354149547521271 0.2377755350488555 0.30032974252413897 0.13136476279345774 0.307836691877868 0.13516158281250001 0.361656496875