0 0.7141524225774412 0.5509083749126569 0.49703025148929647 0.5496464376109702 0.4961427086675895 0.7023523003548207 0.7132648797557342 0.7036142376565072
0 0.6757276860529252 0.4973532757533875 0.674860637023279 0.3482341223904447 0.435751895412816 0.3496244132935099 0.4366189444424623 0.49874356665645275
0 0.4354254358264803 0.3496599541960723 0.3066687906069142 0.3462531481064234 0.30261771299138096 0.4993593565533761 0.43137435821094694 0.502766162643025
0 0.3015925604147727 0.3463791046373431 0.21744404467543363 0.3441531087045867 0.21337996422738223 0.4977860657627452 0.2975284799667213 0.5000120616955016
0 0.2122991523953474 0.3468985874136179 0.1362601110304555 0.34488688400585965 0.13225188639760407 0.4963911054938583 0.20829092776249603 0.49840280890161653
0 0.8738633176118015 0.34801928582099795 4.232725281383409e-17 0.34609416562500006 -0.0004376512494336242 0.5447557211902817 0.8734256663623677 0.5466808413862796
0 0.8043585807419003 0.3992353854882811 0.8040567124829984 0.34736689246995767 0.7245591458035983 0.34782955854417663 0.7248610140625 0.39969805156250005
0 0.773539956128362 0.47783346132288146 0.7733593562500001 0.446709415625 0.7219973344966379 0.4470074480521185 0.722177934375 0.47813149374999997
0 0.8024677333735901 0.44165206859448924 0.8022500234375001 0.4041217531250001 0.7235214916264101 0.40457845015551097 0.7237392015625 0.4421087656250001
0 0.4957791609375001 0.5504139609375001 0.00033329369211002394 0.5472460296578249 -0.0006535305242517068 0.7015795478218405 0.4947923367211383 0.7047474791015157
0 0.05941367187500006 0.485449675 5.947153685767065e-17 0.485449675 6.60891966445474e-17 0.5935242609375 0.05941367187500006 0.5935242609375
0 0.7885374453125001 0.5510600656250002 0.7199050143596317 0.5492451869352335 0.7158263703125002 0.7034853890625001 0.7844588012653686 0.7053002677522668
0 0.8672875171875004 0.5510551953125001 0.7931641690638116 0.549094886211982 0.7890924465018923 0.7030551513765152 0.8632157946255811 0.7050154604770333