0 0.4125898784186628 0.5487909480936455 0.2519940528737171 0.544542950736611 0.24608392430258577 0.7679757585244735 0.40667974984753147 0.7722237558815079
0 0.6211723251153783 0.48380879672021326 0.46545499234310794 0.48240719476672134 0.463228287097743 0.7297931239989173 0.6189456198700134 0.7311947259524092
0 0.6247346838962133 0.3467094992226306 0.4668059073743537 0.3425308914072285 0.4632476372387925 0.47701425856414026 0.621176413760652 0.4811928663795425
0 0.6289983254197897 0.2535715837594952 0.46931219527397533 0.249346166775018 0.466986527927859 0.3372373310961079 0.6266726580736734 0.3414627480805851
0 0.6296113814310044 0.16881280426349873 0.47258772984617464 0.16466084892109484 0.4704877100000582 0.24408193066300546 0.6275113615848879 0.24823388600540935
0 0.6316888384315404 0.02263297225981769 0.4242842955421414 0.019102768219760584 0.408687591344573 0.935431475561432 0.616092134233972 0.9389616796014891
0 0.6185927748619585 0.783871077258698 0.5644292031250001 0.7833828250000001 0.5636882423255416 0.8655802602413024 0.6178518140625001 0.8660685125000003
0 0.5150623967082768 0.7808733117848223 0.48256120459971086 0.7805814925899707 0.48208402976643416 0.8337265604926483 0.5145852218750001 0.8340183796874999
0 0.5593464031573147 0.7825639532149447 0.5201554780233596 0.7822115613038441 0.519421593616045 0.8638298049638993 0.5586125187500002 0.8641821968749998
0 0.4217603109587271 0.017108212683220648 0.2606103453125 0.013690170312500033 0.2494304359162728 0.5407877951292794 0.4105804015625 0.5442058375000001
0 0.4869491942239331 0.021420637500204332 0.3733023859375 0.01841458906250004 0.3715251114709631 0.08560631093812625 0.48517191975739626 0.08861235937583054
0 0.40727332366712643 0.7781803882022873 0.2473247578125001 0.7739500437500001 0.24542882264226856 0.8456350128706411 0.40537738849689486 0.8498653573229283
0 0.40621139782743826 0.854665605256316 0.24664072812500012 0.8504465281250001 0.2445937256100621 0.9278666728686842 0.40416439531250015 0.93208575