0 0.4640272341551942 0.4998308324545951 0.3083561478142274 0.498677713447422 0.30667804562133016 0.7252215391362442 0.46234913196229693 0.7263746581434173
0 0.6721638072908116 0.42372651402270095 0.5196061422135022 0.42259645742259355 0.5177722381011609 0.6701735516388226 0.6703299031784702 0.6713036082389301
0 0.6789722318834092 0.41818078282840565 0.6731256136100379 0.2866318813016306 0.5138472138122455 0.29371092181054415 0.5196938320856168 0.42525982333731915
0 0.6817762121228074 0.2810580890950867 0.6779551933016632 0.19508518467323305 0.5178724269795578 0.2021999758643763 0.521693445800702 0.28817288028622995
0 0.6820231548386138 0.1897150654736125 0.6785704276717182 0.11202870623428829 0.5220320934571907 0.11898596571324065 0.5254848206240863 0.19667232495256487
0 0.6811790421875001 8.743006318923108e-17 0.47819482756489967 -0.003102997551357148 0.46477343459947795 0.8748644726568775 0.6677576492220784 0.8779674702082347
0 0.6701165875000001 0.7160179390625001 0.6170522568071847 0.7156248703550548 0.6164420453125 0.7980035078125002 0.6695063760053155 0.7983965765199454
0 0.5686344906250003 0.7199055359375002 0.5367945630264659 0.7196696848865877 0.5364006640625 0.7728461046875001 0.5682405916610344 0.7730819557384125
0 0.612043496875 0.718598965625 0.573647950569678 0.7183145539971985 0.573045675 0.7996217062500001 0.6114412213053221 0.7999061178778016
0 0.4755403313026716 0.0010422727366022233 0.31784154756808747 -0.0020500378994607665 0.3079745427345696 0.5011383039192938 0.4656733264691538 0.5042306145553568
0 0.5385834265625 5.920875319994046e-17 0.4280107046875 5.243812670407901e-17 0.4280107046875 0.04835544531250006 0.5385834265625 0.048355445312500064
0 0.4648702000167434 0.7943779968756932 0.4617537218750001 0.724257253125 0.30255683279575674 0.731332671874307 0.30567331093750005 0.8014534156250003
0 0.4641024542613453 0.8749719674103764 0.46073664374999995 0.7992412328125 0.3017155473011548 0.8063088372771234 0.3050813578125 0.8820395718749999