0 0.4874776628635167 0.6900066394857121 0.4865609247111122 0.5430224834148649 0.2797580484710871 0.5443123100992107 0.28067478662349166 0.6912964661700578
0 0.5485058764192341 0.3505637939418746 0.3204666104100496 0.34923817878505614 0.31963220056511976 0.49277773293839433 0.5476714665743043 0.4941033480952128
0 0.6766100846127937 0.49476817674050677 0.6749151998772576 0.34915247463128773 0.5509169634407642 0.35059574424524714 0.5526118481763004 0.4962114463544663
0 0.7625301233391746 0.49373058156416194 0.7608160926999032 0.34649453731394875 0.679777449936908 0.34743793889314833 0.6814914805761794 0.49467398314336153
0 0.8406269963667647 0.49186793846444843 0.8389443181759623 0.3470868321812551 0.7657153990934968 0.3479379149519245 0.7673980772842992 0.49271902123511796
0 0.9740204405589455 0.5385093304280049 0.9738954031593205 0.34717282809179884 0.12893466318883226 0.34772500549872865 0.12905970058845717 0.5390615078349348
0 0.2719114380521902 0.3488441219651711 0.19614218750000006 0.3484046875000001 0.19585262444780993 0.398332440534829 0.27162187500000007 0.39877187500000005
0 0.27326075138332456 0.44430617834000846 0.22427187500000004 0.4440203125 0.22409705199929628 0.47397975910678875 0.2730859283826208 0.4742656249467972
0 0.2723072044025529 0.4034677343212434 0.19707187500000006 0.4030296875 0.19686153650032534 0.4391557031257899 0.27209686590287824 0.43959374994703326
0 0.976878125 0.689303125 0.9764572951454525 0.5409720784498866 0.489959853329871 0.5423523198250984 0.4903806831844184 0.6906833663752118
0 0.9740624999999999 0.5853734374999999 0.9728436885606208 0.48058722913926355 0.9108906433829829 0.4813078304602594 0.912109454822362 0.5860940388209958
0 0.2759859375 0.6911671875 0.2742709489674851 0.5436891975051192 0.208174981832494 0.5444578127112658 0.20988997036500892 0.6919358027061465
0 0.20547187500000005 0.690753125 0.20376211083840853 0.5436235853914159 0.132378125 0.5444531250000001 0.13408788916159153 0.6915826646085842