0 0.5298320400472855 0.6818795887984264 0.5269214087210301 0.5324093610561197 0.3097938283980576 0.5366374829144178 0.3127044597243128 0.6861077106567246
0 0.5785298716721571 0.48202731690336276 0.5774490916276835 0.3361219714182223 0.3387591383768419 0.33789004466757483 0.3398399184213154 0.48379539015271533
0 0.7095901595805163 0.4807274360654725 0.6981981357921895 0.3269351277165224 0.5728248590954191 0.33622203787401495 0.584216882883746 0.4900143462229651
0 0.7966960499804129 0.47743886484945464 0.7854201629436 0.32521436918406754 0.7034832970732506 0.3312837658318676 0.7147591841100637 0.4835082614972547
0 0.8759774979278333 0.47572194490488606 0.8648242212394782 0.3251526914967301 0.790784884293299 0.3306370861662355 0.8019381609816542 0.48120633957439135
0 1.0025102345888635 0.5215794373265933 0.9998088405264605 0.3270452584687854 0.14421240103797012 0.3389264772603525 0.14691379510037322 0.5334606561181603
0 0.29225161718750003 0.3888750140625 0.2918756870996396 0.3381245689268365 0.21240687812500006 0.338713228125 0.2127828082128605 0.38946367326066356
0 0.2985273953125 0.4655579078125001 0.2983018283619093 0.435106370449157 0.24703791875000003 0.43548610312499997 0.2472634857005907 0.4659376404883431
0 0.29532345625000006 0.4303448546875 0.29505144663915905 0.39362355722396913 0.2168142265625 0.3942030921875 0.21708623617334094 0.4309243896510308
0 1.0016091578131356 0.6749927528281674 0.999184950451674 0.5241700641164361 0.5231564639442856 0.5318213781933412 0.5255806713057475 0.6826440669050726
0 1.000780761807062 0.569152200952619 0.9999999999927667 0.46374938496103485 0.9466670781249998 0.46414444374999997 0.9474478399392952 0.569547259741584
0 0.31523004218750006 0.68589794375 0.3038893867447731 0.5327990944685345 0.23706049374999996 0.5377493828125001 0.24840114919272688 0.6908482320939657
0 0.2435979421875 0.6864237859375001 0.23226393716298377 0.5334147229461398 0.16008841874999996 0.5387610578125 0.1714224237745162 0.6917701208038604