0 0.29215073277228365 0.7264866905236296 0.21851093750000006 0.724771875 0.21730864222771648 0.7764023719763704 0.2909484375000001 0.7781171875
0 0.2939286249374311 0.6913632396843943 0.21565000000000012 0.6895421875000001 0.21498387506256914 0.7181758228156059 0.2932625000000001 0.7199968750000001
0 0.29531819253531766 0.6269085301234992 0.2549640902205671 0.6262046607298775 0.2539380851852495 0.6850273806063782 0.2942921875000001 0.68573125
0 0.20657362932227472 0.691067672901476 0.06851875000000007 0.6878546875 0.06654980817772549 0.772455764598524 0.2046046875000001 0.77566875
0 0.2488609661847571 0.6032057832904842 0.06529843750000006 0.5992421875 0.06353903381524315 0.6807239042095158 0.24710156250000015 0.6846875
0 0.3005546875 0.6115062499999999 0.29926291767681545 0.4728594667637377 0.247284375 0.47334375 0.24857614482318452 0.6119905332362622
0 0.3112194835820464 0.4641251229630702 0.30958157441353773 0.31681053514898483 0.24493436309715327 0.31752931162390696 0.2465722722656619 0.46484389943799237
0 0.3105535479962441 0.3956985261521819 0.2769531250000001 0.3949156250000001 0.2764073886559263 0.41833744773483883 0.3100078116521703 0.41912034888702066
0 0.31041391313519096 0.3680156253517998 0.27712968750000005 0.36724062500000004 0.27659858601814424 0.39005003601022636 0.3098828116533352 0.39082503636202615
0 0.3868796875 0.460475 0.3863878292069459 0.31915935248659244 0.3181453125 0.31939687499999997 0.3186371707930541 0.46071252251340755
0 0.91525196322785 0.5234336067775458 0.8650968750000001 0.5225578125000001 0.86336678677215 0.6216367057224544 0.9135218749999998 0.6225125000000001
0 0.9155972507453756 0.49143187516559195 0.8660359375000001 0.49027968750000006 0.8653824367546246 0.5183899998344083 0.9149437500000002 0.5195421875000001
0 0.8537051243200642 0.32577893942893194 0.787960937974744 0.3246327852683642 0.7861261261546798 0.42987884583943237 0.8518703125 0.4310250000000001
0 0.7804546875000001 0.3237156250000001 0.6327947273299942 0.3202921171716683 0.629389924790811 0.4671452959965848 0.777049884960817 0.4705688038249166
0 0.8519500000000001 0.4365578125000001 0.7848250000000001 0.4354875000000001 0.7842753326522401 0.46996006826243686 0.8514003326522401 0.47103038076243686
0 0.6982765625 0.48054531250000004 0.5473847355254688 0.4779118060057238 0.5449956730254689 0.6147977435057238 0.6958875000000001 0.6174312500000001
0 0.6171101493681852 0.48050242494246237 0.4800140625 0.4781140625000001 0.47939477868824076 0.5136620118997952 0.616490865556426 0.5160503743422574
0 0.5736213509582232 0.5223582012427125 0.5460750000000001 0.5217171875000001 0.5457364615417769 0.5362652362572877 0.5732828125 0.5369062500000001
0 0.5399944569835984 0.5212264236841255 0.478250994788361 0.5210919880734923 0.47804716280476267 0.6147077518893668 0.5397906250000001 0.6148421875000001
0 0.8507018928098292 0.4824940519634861 0.7036630489132514 0.4804050010024981 0.7016970936034224 0.6187796990390122 0.8487359375000002 0.6208687500000003
0 0.6261274932655662 0.3233072098537272 0.5506890625 0.3218281250000001 0.5477947548263926 0.46944780246440737 0.6232331855919587 0.47092688731813437
0 0.47107723893709197 0.4270125631109041 0.3176661909048501 0.42401065056960946 0.31595668584341213 0.511373942965369 0.469367733875654 0.5143758555066635
0 0.47037550463516054 0.5210631448138187 0.4041171875000001 0.5199062500000001 0.40249949536483964 0.6125556051861817 0.4687578125000001 0.6137125000000002
0 0.3977154292780537 0.5183976588510437 0.31637968750000006 0.5175328125 0.31538204120987634 0.6113579190537964 0.3967177829879299 0.6122227654048402
0 0.5445671875 0.3222343750000001 0.4045421875 0.32014687500000005 0.4023403825644601 0.46783920367017195 0.5423653825644601 0.46992670367017186