0 0.8477501984375 0.26600751874999995 0.8410882686182916 0.18535733074500615 0.785857146875 0.189919575 0.7925190766942082 0.2705697630049938
0 0.7854863781250001 0.27034163593750005 0.7784751156921338 0.18543886274572374 0.74784455625 0.18796833125 0.7548558186828663 0.2728711044417763
0 0.7487565984375 0.272537571875 0.7467129197380503 0.22916638546406792 0.6823328691981836 0.23220001559609166 0.6843765478976332 0.27557120200702373
0 0.8396265968750001 0.1733673015625 0.8271709906964662 0.022554275079542198 0.7366698725925157 0.030028737412855232 0.7491254787710497 0.18084176389581302
0 0.7446328609374999 0.221896284375 0.7271722784368431 0.021894175376746094 0.6401715493824672 0.029489512320340493 0.6576321318831242 0.2294916213185944
0 0.6694504109375 0.2816240234375001 0.6683162738833592 0.22575916263230797 0.5176981843750001 0.22881692656250002 0.5188323214291408 0.2846817873676921
0 0.5115324906625405 0.29777158498887085 0.5102471674629946 0.22829084462328258 0.35025687638763014 0.2312505026772878 0.35154219958717603 0.3007312430428761
0 0.4634630250000001 0.297896184375 0.46042320253641844 0.26110139176540004 0.43536800937500003 0.2631713406249999 0.4384078318385816 0.29996613323459986
0 0.4330708421875 0.2986622296875 0.43006123341135505 0.2622260381773218 0.40566112343750005 0.2642414734375 0.408670732213645 0.30067766494767817
0 0.5127624171875 0.37912738125 0.510844914138426 0.30578253750873613 0.35689527656250003 0.3098073453125 0.35881277961157404 0.38315218905376386
0 0.7202748203124999 0.9394936359375 0.7177337338323102 0.8855886912546678 0.6098594453124999 0.8906738999999998 0.6124005317926897 0.944578844682832
0 0.6097931515624999 0.9442966953125002 0.6053271283842652 0.8902257166654757 0.5752564588207616 0.8927094206896312 0.5797224819989965 0.9467803993366557
0 0.5107275171875 0.8793831828125 0.5073986146138628 0.8087236181708223 0.3924140772140463 0.8141407520637328 0.39574297978768347 0.8848003167054106
0 0.5472390265363203 0.7978438950873644 0.5388458214778186 0.6391443170774049 0.380164565625 0.6475365531249999 0.3885577706835018 0.8062361311349594
0 0.553678411419553 0.8769597662828517 0.547672218773938 0.8042383147545642 0.5107270069188848 0.8072896848121076 0.5167331995644998 0.880011136340395
0 0.7009694750000002 0.7059539640625001 0.693326033471534 0.5437806749222132 0.5445078255474934 0.5507946738160417 0.5521512670759596 0.7129679629563287
0 0.5867071145297102 0.6235193762208742 0.5756867058589605 0.4757382569680053 0.5376302140625 0.47857622499999997 0.5486506227332497 0.6263573442528688
0 0.6066978375 0.5768599921875001 0.6042187172356295 0.546841555932212 0.5886560890624999 0.5481268203124999 0.5911352093268704 0.578145256567788
0 0.6882561890625 0.5384155359375 0.6861452122230424 0.4720556841669478 0.5840594627074934 0.4753031394748818 0.586170439546951 0.541662991245434
0 0.7143871234374999 0.8699771437500002 0.7075310069796381 0.7119443135834246 0.5543252447105067 0.718591011912028 0.5611813611683685 0.8766238420786037
0 0.5381704052081543 0.6326394254372925 0.5341737663873404 0.5515608608640703 0.3743037281249999 0.5594414 0.37830036694581387 0.6405199645732221
0 0.575578946875 0.46600558124999986 0.5628268883661784 0.3002976273722554 0.4694981678447315 0.30747974070352607 0.48225022635355297 0.47318769458127063
0 0.6825229921875 0.46217463437500006 0.6791661397001878 0.3909624975370147 0.5776780999299731 0.3957465188269553 0.5810349524172854 0.4669586556649407
0 0.6760564635429301 0.38487499861447433 0.6725346070138092 0.29745807514526845 0.5695463468749999 0.3016072703125 0.573068203404121 0.3890241937817059
0 0.5321030687500001 0.5456727453125 0.5252517264957377 0.39518095475410353 0.36319843437500005 0.40255865 0.3700497766292624 0.5530504405583965