0 0.32329888125000006 0.7839825874999999 0.3176667043423002 0.7007700842416789 0.262558203125 0.7045000625000001 0.2681903800326998 0.7877125657583213
0 0.36126595937500006 0.7881756390624999 0.3554214112860481 0.7017964687369604 0.32485883583938124 0.70386437979986 0.3307033839283332 0.7902435501253995
0 0.4279313206955074 0.7046578716589647 0.36160499531250007 0.70384890625 0.36107667483617123 0.7471654132738721 0.42740300021917854 0.7479743786828368
0 0.3700999625 0.9462226203125 0.3596084329588564 0.7911853766244514 0.2693082031249999 0.7972960859375 0.2797997326661435 0.9523333296255487
0 0.465408015625 0.9525000609375003 0.4519659089079394 0.7488158592938342 0.36497800156250004 0.7545566125 0.37842010827956063 0.9582408141436659
0 0.5940816699357667 0.7054448175253227 0.44101081250000007 0.69948569375 0.43884472693923354 0.7551255137246773 0.5919155843750001 0.7610846375000001
0 0.7620988972717647 0.6993751162884767 0.5995991698257612 0.6927568362622178 0.5967812862428615 0.761944799355193 0.759281013688865 0.7685630793814517
0 0.6747177468750001 0.7317209296875001 0.6721480993792406 0.6937634233075197 0.6471485458401116 0.6954558432337351 0.6497181933358711 0.7334133496137155
0 0.7044274421875001 0.7324118687500001 0.70188467342174 0.6948425614182573 0.677538736611183 0.6964903449972413 0.6800815053769431 0.7340596523289841
0 0.7562655533234384 0.6167969778558023 0.5990721109375 0.6115930781250001 0.5966523451140617 0.6846865924566978 0.7538457875000001 0.6898904921875001
0 0.510238404489068 0.04225887918989919 0.39993780781250005 0.040915709375000046 0.3992822142609321 0.09475280362260093 0.5095828109375 0.09609597343750007
0 0.54419906875 0.09611457812500002 0.5404461497004333 0.04063543478197547 0.5104420953125001 0.0426650765625 0.5141950143620668 0.09814421990552455
0 0.726662335916058 0.114653479296939 0.608504325 0.11321129687500006 0.6076429748657411 0.1837817164128201 0.7258009857817992 0.18522389883475904
0 0.7355813203125001 0.35196869375000006 0.7266824496269846 0.1846301321699523 0.5707582422703545 0.19292200073214502 0.57965711295587 0.3602605623121927
0 0.6069121546875 0.18506428125000002 0.6024479219669331 0.1111053701172416 0.5656213844574889 0.11332825619299439 0.5700856171780557 0.18728716732575282
0 0.5714349695176968 0.4341351215766725 0.5621048340304948 0.26662846643402116 0.4157809109375 0.27477872187499996 0.42511104642470193 0.44228537701765125
0 0.5756859437500002 0.5110217875 0.5664268693492776 0.3620594967728724 0.5284599802979396 0.36441941114297477 0.5377190546986621 0.5133817018701023
0 0.5257109984375001 0.4386965453125001 0.5236301715131239 0.4079460749001331 0.5081020876123716 0.40899683134812753 0.5101829145367478 0.4397473017604945
0 0.53045902764156 0.44534952263562777 0.42601092343750013 0.4424819046875001 0.42419419510976974 0.5086531426688864 0.5286422993138297 0.511520760617014
0 0.562539634375 0.2705763234375 0.552648762555974 0.10186853517294865 0.40479485468750004 0.11053680156250001 0.414685726506526 0.27924458982705136
0 0.7409492890716648 0.35910715876716515 0.5778173867608614 0.3574706447209634 0.5770048617516965 0.4384652140787983 0.7401367640625 0.44010172812500004
0 0.6421366198226814 0.6823535589157657 0.6296883862904219 0.5144728294893752 0.5355994289265217 0.5214494569919748 0.5480476624587812 0.6893301864183652
0 0.5352968283291143 0.5200695940132278 0.43061409375000004 0.51879469375 0.42974791385838584 0.5899171825492722 0.5344306484375001 0.5911920828125
0 0.5428247707103284 0.5982373938620028 0.4363598243370638 0.5962139660968372 0.4347016833142354 0.6834589362973345 0.5411666296875001 0.6854823640625001
0 0.7509887061002979 0.446814210832267 0.5822029453125 0.44448743437499993 0.5801313157747022 0.594764684480233 0.7489170765625001 0.5970914609375001