0 0.76893125 0.22896875000000008 0.69559375 0.22896875000000008 0.69559375 0.28060625000000006 0.76893125 0.28060625000000006
0 0.77240625 0.2871187500000001 0.69429375 0.2871187500000001 0.69429375 0.31575625000000007 0.77240625 0.31575625000000007
0 0.7342125 0.3213937500000001 0.6938625 0.3213937500000001 0.6938625 0.37998125000000005 0.7342125 0.37998125000000005
0 0.9195062500000001 0.2294062500000001 0.78194375 0.2294062500000001 0.78194375 0.3140187500000001 0.9195062500000001 0.3140187500000001
0 0.924271875 0.4025203125000001 0.9241347607163426 0.3210310084843804 0.741053125 0.3213390625 0.7411902392836573 0.4028283665156197
0 0.7445578125 0.5326015625000001 0.7402487040043774 0.394136280521252 0.688308547713911 0.39575268403798025 0.6926176562095336 0.5342179660167283
0 0.748815625 0.6883265624999999 0.7454416628865397 0.5416971001884543 0.6810197825756557 0.5431794556443106 0.684393744689116 0.6898089179558562
0 0.71626875 0.5882625 0.68280625 0.5882625 0.68280625 0.6116875 0.71626875 0.6116875
0 0.716575 0.6165437500000001 0.683425 0.6165437500000001 0.683425 0.63935625 0.716575 0.63935625
0 0.6764093749999999 0.688134375 0.6728159984045972 0.5469921604356442 0.6046137523081262 0.5487285392761875 0.6082071289035289 0.6898707538405431
0 0.12613750000000004 0.39899375 0.07598750000000004 0.39899375 0.07598750000000006 0.49778124999999995 0.12613750000000004 0.49778124999999995
0 0.12576250000000005 0.50195625 0.07636250000000007 0.50195625 0.07636250000000007 0.5300687500000001 0.12576250000000005 0.5300687500000001
0 0.20669375000000006 0.58896875 0.1409562500000001 0.58896875 0.1409562500000001 0.69383125 0.20669375000000006 0.69383125
0 0.3618859375000001 0.54769375 0.2142140625000001 0.54769375 0.2142140625000001 0.6945734375 0.3618859375000001 0.6945734375
0 0.20789531250000004 0.5829484375 0.20764334771325038 0.5484806175954053 0.14052772271325037 0.5489712425954053 0.1407796875 0.5834390625000001
0 0.44482732339729714 0.5351159442276432 0.4441217826373408 0.39823520588076167 0.29291789674004376 0.3990145741531184 0.2936234375000001 0.5358953125
0 0.5118390624999999 0.5332484375 0.511642965639644 0.49770264029006095 0.37456015313964397 0.4984588902900609 0.37475624999999996 0.5340046875
0 0.44504374999999996 0.47664999999999996 0.41758125 0.47664999999999996 0.41758125 0.49119999999999997 0.44504374999999996 0.49119999999999997
0 0.5126310695450226 0.49035096293460934 0.5114319646841086 0.3971712330712651 0.44970156250000015 0.39796562500000005 0.4509006673609141 0.49114535486334426
0 0.2880455665693647 0.537160023652389 0.2877937177125382 0.39886352014757553 0.1407765625 0.39913125 0.14102841135682648 0.5374277535048134
0 0.44391875000000003 0.543540625 0.3684859375000001 0.543540625 0.3684859375000001 0.6912640624999999 0.44391875000000003 0.6912640624999999
0 0.6755087356257641 0.5833051784674274 0.674940947978335 0.4960475728105263 0.5211018665926438 0.49704860795749195 0.5216696542400727 0.5843062136143929
0 0.586975 0.3974437500000001 0.520725 0.3974437500000001 0.520725 0.48970624999999995 0.586975 0.48970624999999995
0 0.67471875 0.4900375 0.6735581051093564 0.3962539469267468 0.5922435095139341 0.39726027870689223 0.5934041544045776 0.49104383178014543
0 0.5900359375 0.68939375 0.5887981924905126 0.5417164316443325 0.44879350499051257 0.5428898691443325 0.45003125000000005 0.6905671875