0 0.32684062499999994 0.7657187499999999 0.3259405041655934 0.7140707408512131 0.252 0.7153593749999999 0.25290012083440655 0.7670073841487867
0 0.32645 0.7075453125 0.32594979053066103 0.6789004419379561 0.247503125 0.6802703125 0.24800333446933895 0.708915183062044
0 0.32588281249999995 0.6732625 0.32416448003062237 0.6142060432889267 0.283828125 0.6153796875000002 0.2855464574693775 0.6744361442110735
0 0.24047812500000001 0.7667875000000001 0.23900066198427639 0.6821578032502859 0.100453125 0.6845765625 0.10193058801572363 0.7692062592497141
0 0.27869374999999996 0.6741406249999999 0.2776556234604023 0.5927375023163306 0.09309889678903653 0.5950911372839146 0.09413702332863422 0.676494259967584
0 0.32868437500000003 0.5988359374999999 0.32092493710596576 0.4600386537997343 0.26904374999999997 0.4629390625000001 0.27680318789403424 0.6017363462002657
0 0.3324766278144323 0.4510624580265379 0.323969050332107 0.30361438252158973 0.2594473867146024 0.3073372052890936 0.26795496419692766 0.45478528079404174
0 0.329175 0.4062015625 0.32876689893188493 0.3827702153827002 0.29502963308874125 0.3833578134476746 0.2954377341568563 0.4067891605649744
0 0.32773281249999997 0.3779296875 0.32733381376655957 0.35511255238228717 0.29391874999999995 0.3556968749999999 0.29431774873344035 0.37851401011771274
0 0.4078875 0.44439687499999997 0.400802548203956 0.3028076216243529 0.33266406249999997 0.30621718750000004 0.339749014296044 0.4478064408756472
0 0.9414999999999999 0.584878125 0.9386095982777564 0.4855074026035163 0.8884765624999998 0.4869656250000001 0.8913669642222434 0.5863363473964839
0 0.9381296875000003 0.4819218750000001 0.9376396462546582 0.45380364630175174 0.8879109102771988 0.45467031297443583 0.8884009515225408 0.48278854167268415
0 0.871003125 0.39603750000000004 0.8679309355442634 0.29041052718091276 0.802215625 0.292321875 0.8052878144557367 0.3979488478190873
0 0.7991554868599777 0.4375325226591662 0.7946734375000001 0.29171093750000004 0.646822476019974 0.29625536284382215 0.6513045253799516 0.44207694800298836
0 0.8719463068174281 0.4361097397045385 0.8713421875 0.40156249999999993 0.8042320746470549 0.40273603849152595 0.8048361939644832 0.43728327819606455
0 0.7238640625000001 0.5886609375 0.71988125 0.45177500000000015 0.5690557172423476 0.45616339685184143 0.5730385297423477 0.5930493343518414
0 0.6397747351071026 0.4902912160124915 0.6388693104680996 0.45473755037222413 0.5017421875000001 0.4582296875 0.502647612139003 0.4937833531402672
0 0.597646875 0.513184375 0.5973926512247408 0.49862985684379274 0.569760910216136 0.4991125004765672 0.5700151339913951 0.5136670186327744
0 0.5678156249999999 0.5924281249999999 0.5636503580024242 0.498584405951496 0.5019833667712695 0.5013215042466111 0.5061486337688452 0.5951652232951151
0 0.87670625 0.5858718749999999 0.8721355827131065 0.4465956055381346 0.7251920608407716 0.4514178911366636 0.7297627281276651 0.590694160598529
0 0.6444616693236154 0.4448627723379318 0.6404816170312462 0.297146212300264 0.56506875 0.29917812499999996 0.5690488022923692 0.4468946850376678
0 0.4927859375 0.494609375 0.4907728035588429 0.4073947272641574 0.33725859791900104 0.410938222145423 0.33927173186015824 0.49815286988126567
0 0.4968078125 0.594190625 0.49409940891917925 0.5011564105495603 0.42787187632310253 0.5030844204488397 0.4305802799039233 0.5961186348992794
0 0.42477394790953726 0.5955838431150633 0.42139118258427705 0.50136643976202 0.3401203125 0.504284375 0.34350307782526024 0.5985017783530433
0 0.5634948768184171 0.4472109427349385 0.5589510724991463 0.2991549808733246 0.4190015625 0.30345 0.4235453668192708 0.45150596186161385