0 0.2643875054175444 0.680642936583316 0.2104044046140972 0.6781013078090441 0.20676574919655288 0.755384782163228 0.2607488500000001 0.7579264109374999
0 0.30116560675658743 0.6817223204908562 0.2712256641156703 0.6803122463019275 0.267364015171583 0.7623061929985713 0.29730395781250013 0.7637162671875
0 0.36876614477119346 0.6855945467975613 0.3070610015625001 0.6819677203125001 0.3045838302288068 0.7241131641399389 0.36628897343750016 0.7277399906250002
0 0.2950666334821341 0.7725492293286484 0.20661076993647112 0.768381915918378 0.19978844739183715 0.9131933022147299 0.28824431093750014 0.9173606156250003
0 0.38986535070290124 0.7354449695368144 0.3046805375000001 0.73128855 0.295296099297099 0.9236203414006855 0.3804809125000001 0.9277767609375
0 0.5298865673644804 0.6937592181271616 0.38497950937500003 0.6813441062499999 0.3803388513855196 0.7355090709353382 0.5252459093749999 0.7479241828124998
0 0.6935618281203564 0.6954226740284255 0.5396313702214843 0.6819571447789554 0.533739001871128 0.7493154298842267 0.68766945977 0.7627809591336967
0 0.6109330672780697 0.6879549409680717 0.5864424234375002 0.6867998546875003 0.5847793999094305 0.7220600059069285 0.6092700437500002 0.7232150921875001
0 0.6398117883340827 0.6903082830328056 0.6159630952424703 0.6891840358605412 0.6143166662833877 0.7241097887652357 0.6381653593750001 0.7252340359375
0 0.6967862021520966 0.6150989152413159 0.5489385375 0.6033026390625 0.5432616915979033 0.6744529238211842 0.6911093562499999 0.6862492
0 0.5223916850001105 0.04702531790918992 0.41856415 0.040923650000000054 0.41548582740300394 0.09330517123944046 0.5193133624031144 0.09940683914863033
0 0.5555158523571146 0.04902292547829128 0.5261263859374999 0.04763828437500006 0.5236776117053853 0.09961432920920885 0.553067078125 0.10099897031250007
0 0.7242245664220679 0.12698276706104614 0.6138601796875001 0.12049714375000006 0.609825180452932 0.189159814188954 0.7201895671874998 0.19564543750000007
0 0.7205947593750002 0.20355162187500012 0.5682600570607533 0.19415439391804196 0.5587197792235699 0.3488080206023303 0.7110544815378166 0.3582052485592885
0 0.6080929078125 0.11997137500000007 0.5720673330797198 0.1180099451925786 0.5682496127672199 0.1881300014425786 0.6042751875000001 0.19009143125000008
0 0.5508900515625001 0.27680605156250004 0.4078647656250001 0.2683995765625001 0.3986022286793368 0.42598964792536675 0.5416275146168368 0.43439612292536667
0 0.544927308504581 0.3613582181113848 0.5077719954907438 0.35940249132877755 0.5002256479236629 0.5027696060298927 0.5373809609375001 0.5047253328125
0 0.4980961391708315 0.40344776147229594 0.4828836359375 0.402730065625 0.4815211327041685 0.43161010571520403 0.49673363593750003 0.4323278015625
0 0.4970981877300307 0.4387343621011822 0.3990900265625001 0.43147075781250005 0.3943169354932564 0.4958743046178574 0.49232509666078705 0.5031379089065395
0 0.560111061285941 0.1167763840415347 0.415517284375 0.10865102812500008 0.406851223089059 0.2628668612709654 0.5514450000000001 0.2709922171875001
0 0.7101331429338036 0.3646295573305981 0.5557816317598472 0.3558903782805597 0.5513200700760436 0.4346905475124617 0.7056715812500001 0.4434297265625
0 0.5904506313236377 0.5181402322698953 0.49905933125000007 0.5129641125000001 0.48998335280016037 0.6732126204258464 0.581374652873798 0.6783887401957415
0 0.4922534567824896 0.5113876869415159 0.39504669531250003 0.5056726828125 0.39097840041806836 0.57487049307912 0.488185161888058 0.5805854972081359
0 0.48978093774316467 0.5874159256685203 0.39135774913606963 0.5809590442656235 0.38578811608040503 0.6658577764096033 0.4842113046875001 0.6723146578125001
0 0.705506225617304 0.44982801474311734 0.550817253929292 0.4404887757573938 0.5419893626869883 0.5867081219517766 0.6966783343750003 0.5960473609375001