0 0.301818565625 0.22870253125 0.22716540156249998 0.22870253125 0.22716540156249998 0.2809936703125 0.301818565625 0.2809936703125
0 0.302698828125 0.2875886078125 0.22338274687499998 0.2875886078125 0.22338274687499998 0.3165886078125 0.302698828125 0.3165886078125
0 0.30287843437500006 0.32229746875000004 0.2620199168947899 0.321994813009166 0.26157820000000004 0.38162658281250006 0.30243671748021017 0.3819292385533341
0 0.21437224531250001 0.2291455703125 0.07443375625000004 0.2291455703125 0.07443375625000005 0.3148291140625 0.21437224531250001 0.3148291140625
0 0.25522962772299296 0.4047071205028807 0.2550908703125 0.3222420890625 0.06880614166438044 0.32255553569691114 0.06894489907487339 0.4050205671372919
0 0.30734927187500005 0.3975791140625001 0.2547595772976664 0.39578023008594976 0.24995710156250003 0.536178796875 0.3025467961398337 0.5379776808515504
0 0.31443079803225416 0.5470334364912116 0.24902633006591093 0.5446808082084541 0.24366080394519646 0.6938456311670241 0.30906527191153965 0.6961982594497816
0 0.3120728078125001 0.5925443031250001 0.2780110187500001 0.5925443031250001 0.2780110187500001 0.6162658234375 0.3120728078125001 0.6162658234375
0 0.3112340843750001 0.62118354375 0.2774933437500001 0.62118354375 0.2774933437500001 0.644284809375 0.3112340843750001 0.644284809375
0 0.3909137843750001 0.5524936703125001 0.32185740981752986 0.5505369860367725 0.3178015 0.6936803796875 0.3868578745574703 0.6956370639632274
0 0.9279925453125003 0.4008797468750001 0.8772105223298606 0.4005035838240499 0.8764667140625001 0.500917721875 0.9272487370451395 0.5012938849259504
0 0.926840459375 0.5051455703125002 0.8766042671875001 0.5051455703125002 0.8766042671875001 0.5336139234375001 0.926840459375 0.5336139234375001
0 0.860776371875 0.5932594937500002 0.794210404021099 0.592766412172894 0.7934201593750001 0.6994493671875002 0.8599861272289011 0.6999424487646062
0 0.7877602135133547 0.5525380073274644 0.6373719536104929 0.5505406845175408 0.6354108260346382 0.6982036271900763 0.7857990859374999 0.7002009499999999
0 0.8609966468750001 0.5526835437500002 0.7930351390625 0.5526835437500002 0.7930351390625 0.5876598093750002 0.8609966468750001 0.5876598093750002
0 0.7076015953125001 0.4008971515625002 0.5548235846579644 0.3997654620461608 0.5537967909079644 0.5383825511086607 0.7065748015625001 0.5395142406250002
0 0.6246938813864731 0.5018641693874525 0.48588346112570796 0.5008359362654726 0.4856168078125 0.5368338609375001 0.6244272280732651 0.5378620940594799
0 0.5814923109375 0.4795189875 0.5535730421875 0.4795189875 0.5535730421875 0.4942531640625 0.5814923109375 0.4942531640625
0 0.5495556375 0.3998386078125 0.48706565196044427 0.3984208439715705 0.48491376499922556 0.49326836455804124 0.5474037505387813 0.49468612839897075
0 0.8623823375 0.4010189875000002 0.7135216574878342 0.39936275536087074 0.711959346618498 0.5397818747012495 0.8608200266306639 0.5414381068403789
0 0.630381819790556 0.5475796270209383 0.5539965886403786 0.547179154439183 0.5532126921875002 0.6966977843750001 0.6295979233376776 0.6970982569567554
0 0.47578228740964806 0.5001710542983824 0.32042838263778806 0.49929856479768686 0.31993243613012406 0.5876059042695683 0.4752863409019841 0.5884783937702638
0 0.47763708281250006 0.39931012656250015 0.41055215748774004 0.39881320142241594 0.4098564000000001 0.4927405062500002 0.4769413253247602 0.49323743139008436
0 0.40469070429553 0.3991344357866172 0.32235177519676056 0.3979637533503364 0.3209994843750001 0.49307595 0.4033384134737695 0.4942466324362808
0 0.5483727693349665 0.5466282480511653 0.4066054628732882 0.5453521471536205 0.4052588250000002 0.694955696875 0.5470261314616784 0.6962317977725447