0 1.0017980654029288 0.3520655918166251 0.9941547275337739 0.22582948691908084 0.8061655122554863 0.23721184927330152 0.8138088501246411 0.3634479541708458
0 0.7206329813810424 0.20839904453517147 0.62391050846888 0.20456379152964416 0.6173223630735407 0.3707123386069128 0.7140448359857031 0.37454759161244017
0 0.8176955112445283 0.44529899875742895 0.7294760887078613 0.44180084803104813 0.7181860820085959 0.7265221048748847 0.8064055045452628 0.7300202556012654
0 0.6180227004727844 0.21884437783919614 0.5255502999580717 0.21517795116084132 0.5190726582790455 0.37855311948753756 0.6115450587937582 0.3822195461658923
0 0.9913145249999997 0.3538093187500001 0.9474235670937586 0.35283396419887003 0.9439194100362969 0.5105210429413971 0.987810367942538 0.5114963974925271
0 0.4216754491581722 0.23068099675034254 0.32495308776136184 0.22684604452326185 0.31841203980219135 0.39181957408985346 0.4151344011990017 0.3956545263169341
0 0.5113122748513438 0.22527752240218027 0.4273446418296132 0.22194725187965317 0.4209326323613073 0.38361617766950695 0.5049002653830379 0.38694644819203405
0 0.8046472641961897 0.23740610523929012 0.7334339561488668 0.23458361644102732 0.7301606675939863 0.3171709083126324 0.8013739756413093 0.3199933971108952
0 0.33963267693463256 0.4741170399401283 0.29392768535228464 0.4723045515764319 0.29122791426048095 0.5403838934892836 0.33693290584282887 0.54219638185298
0 0.290036432037173 0.5057467578351778 0.2883095148601601 0.47710419936293097 0.21212834952998977 0.481697314293673 0.2138552667070026 0.5103398727659199
0 0.8038234679268348 0.35978984235266853 0.8013293457750141 0.318416486299988 0.7262217356836358 0.3229442203774627 0.7287158578354564 0.36431757643014323
0 0.7267532978746976 0.7307283568216552 0.7113400453125001 0.4750550500000001 0.32084328806280255 0.4985961275533448 0.33625654062499993 0.7542694343749999
0 0.8439428287859062 0.4231331928713148 0.8428869897708152 0.40561492709036145 0.810454628172409 0.40756964984404664 0.8115104671874999 0.425087915625
0 0.8067369589923044 0.42391858398492577 0.8012424175039083 0.3555703527041222 0.08668875550161373 0.41301360570399337 0.09218329699000974 0.481361836984797
0 0.952838523483823 0.5098201392164992 0.9436784218750003 0.35785678281250005 0.8098992208856426 0.36592077339027995 0.8190593224944654 0.5178841297942791
0 0.30741949062500007 0.2653110859375001 0.23761953002162617 0.26254349325899484 0.23238471718750006 0.3945678812500001 0.302184677790874 0.3973354739285053
0 0.22215597187500005 0.27195417656250004 0.1342835871045273 0.2684700261262313 0.12897698125000004 0.40230584062499997 0.21684936602047275 0.4057899910612687
0 0.13580717377245408 0.4039084743135569 0.12831520621631745 0.27962596350374824 -0.007491967556136622 0.2878126579401913 2.7755575615628915e-18 0.41209516874999996
0 0.12349696562500005 0.41237852343750003 5.085313246373463e-17 0.41237852343750003 6.073990967078158e-17 0.5738418484375 0.12349696562500008 0.5738418484375
0 0.17954072812500005 0.47882246250000005 0.1282435488878696 0.47678775086627584 0.12477110834478408 0.5643315590288607 0.17606828758191456 0.5663662706625849
0 0.3183685701832319 0.5118354847388088 0.2116116676645377 0.5091822779695211 0.2053334843750001 0.7617971171875001 0.3120903868936943 0.7644503239567878
0 0.4090209679221209 0.48294011758072813 0.40639757187500003 0.439413475 0.35529120395287916 0.44249370898177187 0.3579146 0.4860203515625
0 0.509586835656128 0.4757634325849449 0.5069849828125 0.4326018203125 0.40730125653137217 0.4386109189775551 0.40990310937499996 0.48177253125
0 0.5891016148537056 0.4709691774773117 0.5864328733616385 0.4267077319364909 0.515209983507933 0.4310021122716792 0.5178787250000001 0.4752635578125
0 0.6701244593750001 0.42036506250000005 0.629042630032358 0.41873701006501357 0.6270822621144381 0.46820439730764063 0.6681640914570801 0.4698324497426272
0 0.6228400078125002 0.4244710531250001 0.5917867743509838 0.4232401070608686 0.5899405390625 0.46981532031250006 0.6209937725240163 0.47104626637663155