0 0.38645918571323434 0.7513976996756658 0.2707847770419699 0.7418296431649221 0.25227283772811854 0.9656324218257328 0.3679472463993829 0.9752004783364765
0 0.4025427787261431 0.6589605110169521 0.3970564948088712 0.5702374141518446 0.24014720522491015 0.5799400614030318 0.24563348914218208 0.6686631582681393
0 0.7276256350931241 0.7367297257009275 0.7226216035591275 0.6558064417728041 0.45680838145959957 0.6722434631215758 0.46181241299359616 0.7531667470496991
0 0.4114490012759299 0.5644555295460618 0.4062040644242324 0.47963098703306895 0.25211078867529835 0.4891590018814906 0.25735572552699587 0.5739835443944835
0 0.523889329417974 0.9489841838496289 0.5187649840245717 0.8661115765235824 0.3653788163735167 0.8755960579098373 0.37050316176691894 0.9584686652358838
0 0.4280628018913206 0.38334634613581137 0.4225767935514181 0.29462333339460434 0.2667939533472966 0.30425585075587036 0.2722799616871991 0.39297886349707734
0 0.4177279439346774 0.4661948466787448 0.41296443312094766 0.389171754544201 0.26070339953907673 0.3985883731176277 0.2654669103528064 0.4756114652521714
0 0.34951791153089073 0.7405373637692234 0.34547971272279454 0.6752136333803899 0.26658715602724325 0.6800906333085828 0.27062535483533945 0.7454143636974163
0 0.562543524620728 0.3084775488296726 0.5599508788506545 0.26655257491270656 0.49555560810063615 0.2705347867240585 0.49814825387070955 0.31245976064102454
0 0.5340339784959937 0.19601237385468462 0.5077873912261445 0.1938480790353955 0.5019112289674538 0.26510879830522993 0.528157816237303 0.2672730931245191
0 0.3890002667420041 0.6730841332107842 0.35108780416138063 0.6699581978218825 0.3452583893312557 0.7406594261322008 0.38317085191187916 0.7437853615211025
0 0.756174446875 0.30361338281250017 0.5218883160522838 0.2842957760861977 0.491351793622037 0.6546461921769492 0.7256379244447533 0.6739637989032516
0 0.4432829500000001 0.7478894828125001 0.4272300790957189 0.7465661013562453 0.42470675348124665 0.777174525062909 0.4407596243855279 0.7784979065191637
0 0.5097440051343669 0.08551759651040787 0.4471949385715316 0.07910679437943562 0.37951026676583977 0.7394942085540517 0.44205933332867503 0.7459050106850238
0 0.5282063772689873 0.7575531541597114 0.3889547558700527 0.7460723473764744 0.3786595046875 0.8709442703125001 0.5179111260864346 0.882425077095737
0 0.4310027385157948 0.27938464429654525 0.42704366406250005 0.21535744218750003 0.30251073648420534 0.22305784320345481 0.30646981093750003 0.28708504531250006
0 0.4412729368193687 0.2006041212290043 0.4362888078124999 0.1199991609375 0.3093507178681312 0.12784825377099568 0.314334846875 0.2084532140625
0 0.4480344078124999 4.9960036108132046e-17 0.3341481552449835 -0.009389905149693345 0.3233230015625 0.12190387968750002 0.4372092541300165 0.13129378483719342
0 0.5966842406249999 6.430981670533818e-17 0.446435265625 5.5109720389892146e-17 0.446435265625 0.11380328437500005 0.5966842406249999 0.11380328437500006
0 0.5884992725651333 0.15986153037656745 0.5855889894462981 0.11280689614123234 0.5028086903186647 0.11792677670216492 0.5057189734374999 0.16498141093750002
0 0.7704037628648563 0.28095165380756915 0.7657897859375 0.182928128125 0.5299135717874806 0.1940308445619163 0.5345275487148369 0.29205437024448544
0 0.5086924640625001 0.3290493015625001 0.46880680683995124 0.3257611613632894 0.4647773593750001 0.3746389921875001 0.5046630165975491 0.37792713238671083
0 0.5037151765625001 0.3769982531250001 0.46416404194034266 0.373737271451128 0.45644307018454205 0.46738183123944993 0.49599420480669953 0.4706428129133221
0 0.4955082343750001 0.476536653125 0.4549493044654592 0.47319204149684235 0.44938698798848853 0.5406442988007532 0.4899459178980294 0.5439889104289107
0 0.4890988435310808 0.6149010152386218 0.4867694498009801 0.577216779315156 0.43950143595739927 0.5801385797015344 0.4418308296875 0.6178228156250001
0 0.49077515485996714 0.5714751985416403 0.48901410312500004 0.5429901828125 0.444820056077533 0.5457224264583598 0.4465811078125001 0.5742074421875001