0 1 0.2975506531250001 0.813941321875 0.2975506531250001 0.813941321875 0.41907843125000016 1 0.41907843125000016
0 0.7249440751984022 0.4148878414905256 0.7169217042542994 0.2601707101130383 0.6242378892299697 0.26497653825902195 0.6322602601740724 0.41969366963650917
0 0.8450723751057572 0.7621100632978477 0.8311411439333352 0.4934363366920863 0.7466053550306587 0.497819674178875 0.7605365862030808 0.7664934007846365
0 0.6269578126844563 0.41590908369430296 0.6191025178595163 0.264414111835621 0.530492716396918 0.26900869412655937 0.5383480112218579 0.42050366598524136
0 1 0.42009967343750015 0.9489721859375001 0.42009967343750015 0.9489721859375001 0.5681797390625002 1 0.5681797390625002
0 0.439091315654988 0.4167190807165288 0.4311830675319843 0.26420286667932047 0.33849925233441797 0.26900869412655937 0.34640750045742164 0.4215249081637677
0 0.5248865829947709 0.4169303258843538 0.517000241963131 0.2648366022427122 0.4365384679605107 0.26900869412528394 0.4444248089921506 0.42110241776692553
0 0.8043162149211976 0.37000601221974916 0.8003785398761772 0.29406510916842443 0.732138806957992 0.2976034644235522 0.7360764820030126 0.3735443674748769
0 0.3770210698122697 0.5589357511624556 0.3737343378215007 0.495548788235656 0.3299386881343865 0.4978196741755516 0.3332254201251555 0.5612066371023513
0 0.3262037890625001 0.4977140515625 0.2544142703125001 0.4977140515625 0.2544142703125001 0.52528758125 0.3262037890625001 0.52528758125
0 0.8065429921874999 0.37516503281250013 0.7362134703125001 0.37516503281250013 0.7362134703125001 0.4149934640625002 0.8065429921874999 0.4149934640625002
0 0.7443930031250001 0.5202091500000001 0.3824313234375001 0.52020915 0.3824313234375001 0.76633986875 0.7443930031250001 0.7663398687500002
0 0.852999696875 0.46120751562500023 0.8227690390625 0.46120751562500023 0.8227690390625 0.47807189531250016 0.852999696875 0.47807189531250016
0 0.8127653968750002 0.47679902031250004 0.8114311868662035 0.4107206230824098 0.129071484375 0.424498365625 0.1304056943837965 0.4905767628550902
0 0.9544317593749998 0.5675179734375 0.9444569136282874 0.413948830501497 0.8197744625000001 0.42204738593749996 0.8297493082467126 0.575616528873503
0 0.3307275125 0.4153120921875 0.3243439342906132 0.2922002453251969 0.25746003281249996 0.2956683 0.2638436110218868 0.41878014686230314
0 0.249261475 0.4167549015625 0.24283142018361556 0.29274672929541484 0.15862970156249998 0.29711274531250004 0.16505975637888443 0.4211209175795852
0 0.15963122812500002 0.29904248437500003 0.03233107031250003 0.29904248437500003 0.03233107031250004 0.41868627500000005 0.15963122812500002 0.41868627500000005
0 0.16976590468749997 0.5721029406249999 0.16177536073578563 0.41799959061944386 0.03647336093749999 0.4244967312499999 0.044463904889214347 0.578600081255556
0 0.2242942515625 0.5719248359375 0.22007350837977277 0.4905248137284063 0.17091971562499997 0.49307352968749985 0.17514045880772716 0.5744735518965937
0 0.3721957640625 0.76518300625 0.35619889202428867 0.5252769808489494 0.2542659522000524 0.532073843045808 0.27026282423826364 0.7719798684468586
0 0.437225865625 0.4683888890625 0.39031624375000007 0.4683888890625 0.39031624375000007 0.51029085 0.437225865625 0.51029085
0 0.533407384375 0.46767156875 0.4399914671875 0.46767156875 0.4399914671875 0.509222221875 0.533407384375 0.509222221875
0 0.6093992140625 0.4666127453125 0.54327153125 0.4666127453125 0.54327153125 0.509222221875 0.6093992140625 0.509222221875
0 0.6894212421875001 0.5087647062499999 0.6870651840422768 0.4633264277641779 0.647698803125 0.465367646875 0.6500548612702234 0.510805925360822
0 0.6441840953125 0.5081617640625 0.6419475004463785 0.4650274115836318 0.6121925328125 0.4665702609375 0.6144291276786215 0.5097046134163683