0 0.3090574687500001 0.2576290546875001 0.2746770294687234 0.25606682556677934 0.27209725937500007 0.312840590625 0.3064776986562767 0.31440281974572076
0 0.2979716968750001 0.46346307500000006 0.2635895877500831 0.46190068549903723 0.26123435314949367 0.5137302280057845 0.29561646227441063 0.5152926175067474
0 0.2866973718750001 0.7052625499999999 0.2528904021284534 0.7037267170990844 0.24628682341520017 0.8490856201703817 0.28009379316174693 0.8506214530712972
0 0.4796377608160756 0.8413559481829422 0.4734023743382343 0.6922337118657549 0.30494231508465863 0.6992776886828128 0.3111777015625 0.8483999250000002
0 0.7259697693293691 0.7464171456145348 0.7234223718749999 0.6716242 0.5447255169579975 0.6777104947645547 0.5472729144123667 0.7525034403790893
0 0.7208734772402451 0.840823892948173 0.7169294296875 0.7507935937499999 0.5394733853173082 0.7585675885467682 0.5434174328700532 0.8485978877449412
0 0.5423637390625001 0.6673008125000001 0.4848578419039257 0.6646876562841786 0.4760983484375001 0.8574516890625 0.5336042455960744 0.8600648452783215
0 0.7576549015625 8.238314938337826e-17 0.58470634375 7.179310449626682e-17 0.58470634375 0.06729064062500006 0.7576549015625 0.06729064062500008
0 0.7586813049720451 0.14705388408856473 0.7560727484374999 0.0667833453125 0.5774650934654549 0.0725875690364353 0.5800736500000001 0.15285810781250003
0 0.6553695953125 0.15384670937500008 0.579116127093342 0.15038123179433413 0.5751785623841287 0.23702238252345706 0.6514320306032867 0.240487860104123
0 0.7561051084075744 0.23124334433477234 0.7527358859375 0.15066972031249998 0.6527551025299254 0.15485046191522767 0.6561243249999998 0.2354240859375
0 0.7476785296875001 0.23576132343750017 0.65540522121918 0.23156945431281456 0.6506466578125001 0.33631709218750017 0.7429199662808202 0.34050896131218567
0 0.6107008625000001 0.24059737187500013 0.5756897022935628 0.2390068561631138 0.571158484375 0.33875010000000005 0.6061696445814373 0.3403406157118864
0 0.6497229734375001 0.23896142500000006 0.616489583629121 0.23745114883348223 0.6119502606837379 0.33733823720478345 0.645183650492117 0.3388485133713013
0 0.7427393254570406 0.4198031370023627 0.73982834205704 0.35019616875545595 0.5763537681624994 0.3570327223780933 0.5792647515625001 0.42663969062500007
0 0.5046519433381003 0.3179436798028882 0.5018932329172094 0.2061482844726623 0.32700900676660927 0.21046380154477418 0.3297677171875001 0.32225919687500004
0 0.5119184421874999 5.2354853687678445e-17 0.3385289421875 4.173780887864045e-17 0.3385289421875 0.09539320625000004 0.5119184421874999 0.09539320625000006
0 0.5126489381465963 0.19993712244569375 0.5077794430409062 0.09283843148639967 0.3296818939568099 0.10093605747820593 0.3345513890625 0.20803474843750003
0 0.5822252531250001 7.771561172376095e-17 0.519897908449219 -0.0034438716107706214 0.48315452112280627 0.6615396194365493 0.5454818657985874 0.6649834910473199
0 0.7420953461763073 0.5371406338695766 0.7373179898901958 0.43397936990119296 0.5532858187138885 0.4425018250941163 0.558063175 0.5456630890624999
0 0.735490332474228 0.6519976096846696 0.729784609375 0.5429956828125 0.5476080534632721 0.5525317434403305 0.5533137765625 0.6615336703125001
0 0.4975151551308768 0.43736124911834506 0.49321895028048673 0.32296061373626345 0.31781269202460993 0.32954782555541834 0.32210889687500005 0.44394846093749996
0 0.49142128460159756 0.5561223228881244 0.48753141121366433 0.4426700425831247 0.3127708250495668 0.44866195875750037 0.31666069843750005 0.5621142390625
0 0.4864675867600428 0.67002105145766 0.4814865287757374 0.5610823082290741 0.3033903763906946 0.5692254833339141 0.308371434375 0.6781642265625