0 0.732584878125 0.27740646093749993 0.731374109685326 0.24471572312564271 0.6796299249999999 0.246632175 0.6808406934396739 0.2793229128118572
0 0.5381574015624999 0.28295965 0.5369465744345541 0.2502673120061729 0.48987167343750004 0.25201082656249996 0.4910825005654459 0.28470316455632705
0 0.30979893593749996 0.29114353281250005 0.3086083056485557 0.2589965198664975 0.17317412031249999 0.2640126015625 0.17436475060144424 0.29615961450850253
0 0.32617991853533657 0.4689911064235284 0.32228206659776915 0.32156786204667426 0.17534969527261915 0.3254527353628324 0.17924754721018657 0.4728759797396866
0 0.3518454734375 0.7031079765625 0.34011220432034317 0.5369759101061874 0.26947701845424177 0.5419646017091134 0.28121028757139854 0.708096668165426
0 0.27701075625000005 0.703128446875 0.2641098193944378 0.5387414391796336 0.17902143018978617 0.5454190954716986 0.1919223670453484 0.7098061031670652
0 0.35164739218749996 0.5308859890625002 0.3496222192422397 0.4762063238774842 0.17071054218749998 0.4828326828124999 0.17273571513276026 0.5375123479975159
0 1.0059706234924006 0.6824121798443994 1 0.5212053562500001 0.9186452609234934 0.524218494934318 0.9246158844158939 0.6854253185287175
0 0.9231706078125 0.6868608453125 0.9124007172143862 0.5216409616630042 0.8365373467869277 0.5265861303791451 0.8473072373850415 0.6918060140286408
0 0.8386656015625 0.5980597562500001 0.8359802581003368 0.525555467771963 0.7583101171875001 0.5284321390625 0.7609954606496632 0.600936427540537
0 0.84395931875 0.6902445859374999 0.8379475791568807 0.6000684904381746 0.7617287546875 0.6051497453125001 0.7677404942806194 0.6953258408118256
0 0.7635741203125 0.6920896343750002 0.7603246163330164 0.6043530149174816 0.6664263046875 0.6078307296875 0.6696758086669836 0.6955673491450185
0 0.7557758265625001 0.562432196875 0.754542847053954 0.5291417603988132 0.66225378125 0.532559875 0.6634867607585461 0.5658503114761868
0 0.7582400421874999 0.5993474156250002 0.7570696689715836 0.5677473280128559 0.6645510125 0.5711739437500001 0.6657213857159163 0.6027740313621444
0 0.6554401499999999 0.6935756124999999 0.6453838847620219 0.5427316513424824 0.5795375921874999 0.5471214046874999 0.5895938574254779 0.6979653658450174
0 0.7856751981749622 0.45712387249780173 0.778513066512686 0.2973442100282925 0.6721077734375001 0.30211383281250004 0.6792699050997762 0.46189349528200935
0 1.0047611083050008 0.44878120005250943 0.9944533581894411 0.2858697083245104 0.886318425 0.29271163125 0.8966261751155595 0.455623122977999
0 0.8927666273509722 0.4537812840229554 0.8812950966278921 0.29061099677219165 0.7799687953125 0.2977346453125 0.7914403260355801 0.4609049325632637
0 1.001613349949289 0.5160754887649989 1 0.45667230625000005 0.3555805997312625 0.47417429794012483 0.35719394968055157 0.5335774804551237
0 0.5763368484375 0.6977384328124999 0.5643620994976812 0.529347818276029 0.4667614484375 0.5362884859375 0.4787361973773188 0.704679100473971
0 0.47333354687500007 0.6991016453125 0.46022800240986567 0.5327268912747071 0.35709689559117536 0.54085065568817 0.37020244005630976 0.7072254097259629
0 0.672996798723741 0.4586328356290436 0.665475070365307 0.2992370819008559 0.5571362078125002 0.3043494859375 0.5646579361709341 0.46374523966568776
0 0.5624029776631277 0.4616325428928631 0.5512061547838306 0.3010401620340846 0.44398419912879766 0.3085158918278722 0.4551810220080948 0.4691082726866506
0 0.4492065178075043 0.465334032808403 0.43902077283977503 0.3031255614973352 0.33587188593749995 0.3096027093749999 0.34605763090522923 0.4718111806860678