0 0.7195631875000001 0.7384612593750001 0.7190718775072111 0.6838552849053503 0.68479663125 0.684163671875 0.685287941242789 0.7387696463446498
0 0.7194550328125 0.5344748828124999 0.7190078230363257 0.48477001116943486 0.684730909375 0.4850784109375 0.6851781191511743 0.534783282580565
0 0.7170110734375 0.29470352968749997 0.71572919485867 0.15222759632472208 0.6820240484374999 0.15253084687500001 0.6833059270163299 0.29500678023777793
0 0.6511758558536708 0.14559005777708617 0.49655854606411554 0.14546537726621372 0.4964368042729448 0.2964383569891277 0.6510541140625 0.29656303750000007
0 0.424284635687248 0.22861306528383835 0.25166506406250005 0.22233974687500005 0.24896692287833305 0.29658306517011707 0.421586494503081 0.3028563835789554
0 0.4230608840696207 0.131893730715338 0.25082074375 0.12868169218750003 0.24915008273002007 0.21826806732402684 0.4213902230496408 0.22148010585186478
0 0.48816104843749997 0.31524688125 0.486466751836611 0.1269283632541988 0.42913678906249997 0.127444159375 0.43083108566338896 0.3157626773708012
0 0.42462332450890017 0.9076366826970386 0.25207243281250014 0.9027036171875003 0.24936054412454012 0.9975612286228456 0.4219114358209401 1.002494294132384
0 0.42330946979319295 0.8228183382705703 0.2491632500000001 0.8162198125 0.24614496307046968 0.8958774932160818 0.4202911828636626 0.9024760189866521
0 0.42215698437500004 0.8186562890625 0.4214174462837349 0.7364944273803892 0.345397253125 0.7371786843749999 0.34613679121626517 0.8193405460571107
0 0.34395315760583844 0.7353621623715283 0.2486241109375001 0.7326369625 0.24633413926916173 0.8127414782534716 0.34166318593750006 0.8154666781249998
0 0.34179407031250003 0.73116411875 0.3408991893184981 0.6318327104644494 0.24890840730634972 0.6326614594358664 0.24980328830035164 0.7319928677214169
0 0.420798384375 0.7343066734375 0.41992284566628707 0.6371213144848727 0.3850205436037476 0.6374357478193613 0.3858960823124605 0.7346211067719886
0 0.38026712656249995 0.7331523124999999 0.37938950742712585 0.6357392807606282 0.3462578128870927 0.636037772744673 0.34713543202246677 0.7334508044840448
0 0.4097088189702779 0.5505099200734206 0.25076758593750004 0.5459655234375 0.24878894669329382 0.6151688492905659 0.4077301797260716 0.6197132459264865
0 0.6637817479443963 0.6672780598723673 0.4939724473187191 0.6644304787930213 0.49209447749932284 0.776419122045654 0.661903778125 0.779266703125
0 0.6653924000000002 0.8931534296875 0.4963638328125001 0.8931534296875 0.4963638328125001 1 0.6653924000000002 1
0 0.6667665467436599 0.7851383780541233 0.49473582803680116 0.7808478882632882 0.49207842816814146 0.887398522709165 0.6641091468750002 0.8916890125000002
0 0.48954937968750006 0.3215222218750001 0.4272444406250001 0.3215222218750001 0.42724444062500017 1 0.4895493796875002 1
0 0.4254253640472827 0.43360260067699874 0.25022235937500004 0.42937920781249994 0.24774792657771744 0.5320284461980012 0.42295093125000005 0.5362518390625
0 0.4221288581959878 0.3186139748100703 0.24945562968750004 0.3154957609375 0.24749464465172516 0.42408665015221764 0.4201678731602129 0.42720486402478797
0 0.6658655226275502 0.5513377342549195 0.4971619163632278 0.5457950402313185 0.49342833592317775 0.659434451288899 0.6621319421875002 0.6649771453125
0 0.6669262022942896 0.43425298672649965 0.49581082889895695 0.4280731440309792 0.4917433537292797 0.540698588840453 0.6628587271246122 0.5468784315359734
0 0.6662288407922368 0.31925528091370436 0.49618207224180216 0.3150576667414797 0.49350656269956533 0.4234434623902755 0.6635533312499999 0.42764107656250017