0 0.34979218749999996 0.280828125 0.30012500000000003 0.280828125 0.30012500000000003 0.31276875 0.34979218749999996 0.31276875
0 0.5352921875 0.27921875000000007 0.49019218750000004 0.27921875000000007 0.49019218750000004 0.31116093750000007 0.5352921875 0.31116093750000007
0 0.8450796875 0.2794843750000001 0.7135374999999999 0.2794843750000001 0.7135374999999999 0.3108937500000001 0.8450796875 0.3108937500000001
0 0.8469578125 0.3396187500000001 0.70870625 0.3396187500000001 0.70870625 0.4848484375 0.8469578125 0.48484843750000006
0 0.7685807401192017 0.7138348054863248 0.7673355458878197 0.5536952258541854 0.698064180768618 0.5542338578678607 0.699309375 0.7143734375000002
0 0.8572672084953915 0.5537225854720782 0.7737793300822127 0.5529592880135621 0.7723277465868212 0.7117304525414838 0.855815625 0.7124937499999999
0 0.8617171875 0.49290156250000006 0.6883 0.4929015625 0.6883 0.5463265625000001 0.8617171875 0.5463265625000002
0 0.1346375000000001 0.5603109374999999 0.046179687500000066 0.5603109374999999 0.04617968750000008 0.71781875 0.1346375000000001 0.71781875
0 0.2151421875 0.7198046875 0.21376683298095628 0.5594208215513213 0.1394371408017702 0.5600582277980974 0.1408124953208139 0.7204420937467761
0 0.2913531250000001 0.558628125 0.2174781250000001 0.558628125 0.2174781250000001 0.62946875 0.2913531250000001 0.62946875
0 0.2930078125000001 0.6336062499999999 0.21830937500000008 0.6336062499999999 0.21830937500000008 0.71960625 0.2930078125000001 0.71960625
0 0.3861703125000001 0.632778125 0.2968625000000001 0.632778125 0.2968625000000001 0.7185015625 0.3861703125000001 0.7185015625
0 0.3853453125000001 0.559184375 0.29603750000000006 0.559184375 0.29603750000000006 0.5917109375 0.3853453125000001 0.5917109375
0 0.38561562500000013 0.59694375 0.29603437500000007 0.59694375 0.29603437500000007 0.62781875 0.38561562500000013 0.62781875
0 0.46699999999999997 0.570403125 0.4024671875 0.570403125 0.4024671875 0.71604375 0.46699999999999997 0.71604375
0 0.3635217209252966 0.33469635116849383 0.2600350844453465 0.3344832762033502 0.2597137378244413 0.49055548731115 0.3632003743043914 0.4907685622762936
0 0.15155455411931837 0.4901586147372896 0.15112023182613193 0.3332286633027447 0.0451765625 0.333521875 0.04561088479318644 0.4904518264345449
0 0.25521467152710564 0.3341489732012851 0.15587500000000004 0.33378593749999996 0.15530066049754274 0.4909459559697442 0.2546403320246483 0.49130899167102937
0 0.6813995525205006 0.5491695352679976 0.6808271910107042 0.49111990817199425 0.045280763490203664 0.49738631040399667 0.04585312500000001 0.5554359375
0 0.5763328125000002 0.5557578125000001 0.48063836136584 0.555328370540393 0.4799117300670782 0.7172468364851566 0.5756061812012384 0.7176762784447638
0 0.6833843750000002 0.5562359375000001 0.5821905415723401 0.5551715447793599 0.5805109375 0.7148546875 0.6817047709276601 0.7159190802206402
0 0.4745725656639291 0.4866879737086494 0.4730653503325504 0.33268912351301927 0.367065625 0.3337265625 0.3685728403313787 0.48772541269563013
0 0.5842084779969252 0.3326562849900404 0.478628125 0.3319921875 0.47765588095944506 0.48656266930486136 0.5832362339563703 0.4872267667949018
0 0.6899702631602855 0.4856240107776503 0.6892984375 0.329846875 0.5881789876113411 0.3302829764910822 0.5888508132716266 0.4860601122687325