0 0.6876867430044393 0.704915215183378 0.6851279881311971 0.6696247855929407 0.6283387076267577 0.6737423282220627 0.6308974624999999 0.7090327578125
0 0.47732562309595716 0.7219551193280742 0.47476674362096 0.6866629747827759 0.42302974083750283 0.6904141992047017 0.4255886203125 0.72570634375
0 0.23004852459799235 0.7395874240632032 0.22753232398652962 0.7048839820095568 0.0801376243885373 0.7155709516963537 0.08265382500000001 0.75027439375
0 0.2411892441786629 0.6703970529028048 0.22810211717861972 0.5114654269440824 0.0660803089374568 0.5248070131037776 0.0791674359375 0.6837386390625
0 0.23694918839601647 0.4380122312091899 0.23382464531250005 0.25629100312499997 0.15709122306870482 0.25761036953185323 0.16021576615222125 0.4393315976160432
0 0.15474396285209263 0.4452808381213121 0.15305897656250003 0.2651284890625 0.06057484760514398 0.26599350409068145 0.06225983389473656 0.44614585314949345
0 0.2542310535413048 0.5007949919166874 0.24995117105634684 0.4417670012091649 0.05495564251504206 0.4559053436674775 0.059235525 0.514933334375
0 0.9605435616606716 0.37975139470638025 0.9567465593750001 0.20004821250000004 0.8587192985424691 0.20211945981387217 0.8625163008281407 0.38182264202025235
0 0.8560620348103416 0.38710012257545057 0.8519703953125001 0.2061500578125 0.769584162340682 0.20801297377966183 0.7736758018385238 0.3889630385426124
0 0.7748667882284235 0.3900476159001366 0.7691919258489153 0.3117757682827177 0.6833999173079918 0.3179958570700811 0.6890747796874999 0.3962677046875
0 0.7682669019116072 0.3114991025894196 0.7661612453125 0.21188281406249992 0.6833800402758927 0.21363261616058032 0.6854856968749999 0.3132489046875
0 0.6860957118880078 0.31412736919675155 0.6792294125 0.21941176406250001 0.5755087099869922 0.22693087767824843 0.5823750093750001 0.32164648281249997
0 0.6857192603228967 0.3958906851435303 0.6831141093750001 0.35995455625000006 0.5824084584271033 0.36725510391896976 0.585013609375 0.40319123281250013
0 0.6847461468291853 0.35402426571327034 0.6822731656250001 0.3199111890625 0.5813573141083148 0.3272269467867296 0.5838302953125001 0.3613400234375
0 0.565876273376231 0.3957955156111693 0.562385775 0.23061280312500002 0.4908700165111526 0.23212401234976165 0.4943605148873836 0.397306724835931
0 0.7284986087424631 0.6484773128355278 0.7257675356486832 0.4703818683759661 0.6110989816577241 0.4721402974220187 0.613830054751504 0.6502357418815804
0 0.9670092384991316 0.632065922198567 0.9626119953125001 0.45274048437500003 0.8451954146258684 0.455619659051433 0.8495926578124999 0.634945096875
0 0.8444127017254095 0.6401974134135984 0.8412736029973382 0.4609779280077051 0.7312011543969288 0.46290588959410667 0.734340253125 0.642125375
0 0.9660102349659277 0.4441870371358679 0.9609159171874999 0.3801040359375 0.2543600447215723 0.43627213161413214 0.2594543625 0.5003551328125
0 0.4797083887746516 0.4205499549440951 0.47661687812500003 0.23549434843749997 0.3705831909128484 0.2372657309934049 0.3736747015625 0.4223213375
0 0.3669861153776194 0.42936607048334674 0.3653222609375001 0.24622133906250002 0.2532247430336296 0.24723973555932374 0.2548885974737489 0.43038446698017047
0 0.6107316184800118 0.6566119591603672 0.6036370377720965 0.48185337435917 0.48612372085458466 0.48662399957380265 0.4932183015624999 0.6613825843749999
0 0.48717715215550517 0.6681493735231265 0.4839835282731791 0.4915713214640619 0.36750885947111567 0.49367790424507413 0.3707024833534418 0.6702559563041387
0 0.3659179410007834 0.6791216877176179 0.36146573884989897 0.5009435209162597 0.24946925097411557 0.5037420175736418 0.253921453125 0.681920184375