0 0.9560546875 0.5623265625000002 0.8515625 0.5623265625000002 0.8515625 0.7039281250000002 0.9560546875 0.7039281250000002
0 0.8271484375 0.4881078125000002 0.76953125 0.4881078125000002 0.76953125 0.5525609375000002 0.8271484375 0.5525609375000002
0 0.11230468750000007 0.5037328125 0.07421875000000007 0.5037328125 0.07421875000000007 0.5535375 0.11230468750000008 0.5535375
0 0.4687578125 0.35189375000000006 0.3931453125 0.35189375000000006 0.39314531250000007 0.4368453125 0.4687578125 0.4368453125
0 0.38336875000000004 0.35235937500000003 0.32199062500000003 0.352359375 0.3219906250000001 0.4937765625 0.3833687500000001 0.4937765625
0 0.641009375 0.35279375000000013 0.12056562500000008 0.3527937500000001 0.12056562500000009 0.5547015625 0.641009375 0.5547015625
0 0.7811078124999999 0.3872031250000001 0.7673593750000001 0.3872031250000001 0.7673593750000001 0.43054375000000017 0.7811078124999999 0.43054375000000017
0 0.9557671875 0.48804843750000015 0.8323890625000001 0.48804843750000015 0.8323890625000001 0.5530781250000002 0.9557671875 0.5530781250000002
0 0.9557640625000001 0.3513437500000002 0.7675657228174629 0.3501500130602072 0.7667329103174629 0.4814468880602072 0.9549312500000001 0.48264062500000005
0 0.690921875 0.3522140625000001 0.6206890625 0.3522140625000001 0.6206890625 0.49372812499999996 0.690921875 0.49372812499999996
0 0.7617828125 0.35107968750000007 0.648046875 0.35107968750000007 0.648046875 0.5541796875 0.7617828125 0.5541796875000001
0 0.84145625 0.5588640625000001 0.5767953125 0.5588640625 0.5767953125 0.70354375 0.84145625 0.7035437500000001
0 0.15114531250000005 0.35081562499999996 0.07211562500000004 0.35081562499999996 0.07211562500000006 0.4930671875 0.15114531250000005 0.4930671875
0 0.21732031250000006 0.3527875 0.15953437500000006 0.3527875 0.15953437500000006 0.49405 0.2173203125000001 0.49405
0 0.3146109375 0.352796875 0.2276796875 0.352796875 0.22767968750000006 0.49454374999999995 0.3146109375000001 0.49454374999999995
0 0.19409687500000009 0.5587375 0.07506875000000006 0.5587375 0.07506875000000007 0.704446875 0.19409687500000009 0.704446875
0 0.3456000000000001 0.5589906250000001 0.20157812500000008 0.5589906250000001 0.20157812500000008 0.70351875 0.3456000000000001 0.70351875
0 0.46156174692352075 0.5615182060164697 0.3517797222788467 0.560658253016497 0.35065156250000007 0.7046796874999999 0.46043358714467414 0.7055396404999728
0 0.5675078125000002 0.5612562500000002 0.4678175370947651 0.5609569408350049 0.4673823497025877 0.7059038921912695 0.5670726251078227 0.7062032013562647