0 0.9642347756109395 0.6829014597073046 0.9626028399862061 0.5401070925430149 0.8580922582050509 0.5413014991919414 0.8597241938297842 0.6840958663562311
0 0.8335847937727785 0.5339675336449894 0.8328275404317488 0.46887728434318054 0.7752029793111063 0.46954768262713326 0.775960232652136 0.534637931928942
0 0.11874991697998664 0.5513417682006074 0.11816531516988311 0.5011292589263626 0.08007422630612654 0.5015727364545807 0.08065882811623008 0.5517852457288255
0 0.47385085823939554 0.42681331811642603 0.4728515625 0.34098281250000007 0.3972303735714075 0.3418632445953448 0.39822966931080306 0.4276937502117707
0 0.3891239309332364 0.48556792602500726 0.38746875000000003 0.34343593749999995 0.3260807565667637 0.3441508239749925 0.3277359375000001 0.48628281249999994
0 0.6475441658687208 0.5397810850914991 0.6431920532935238 0.33796496680215593 0.12265882492480307 0.34919013171065666 0.1270109375 0.55100625
0 0.7861190529151181 0.41252425718899755 0.7856124999999999 0.3690234375 0.7718621970848818 0.3691835553110024 0.7723687499999999 0.4126843749999999
0 0.9629593386046194 0.530815183327687 0.9614468749999998 0.465803125 0.8373109738953805 0.46869106667231303 0.8388234375 0.533703125
0 0.961736028821212 0.4603985719917709 0.9598531250000001 0.3290984375 0.7713444942627861 0.33180173725304607 0.773227398083998 0.46310187174481704
0 0.6966766945229327 0.4784638024762648 0.6950203125 0.33613281249999993 0.6247779929770674 0.3369502600237352 0.626434375 0.47928125
0 0.7682476706406411 0.5377731116026971 0.7658687499999999 0.3333499999999999 0.6521163918593585 0.33467376339730276 0.6544953124999999 0.5390968749999999
0 0.8513263871820236 0.683918606448907 0.8479593386466643 0.5392781258462599 0.5816157639646407 0.5454782693973528 0.5849828125000001 0.6901187499999999
0 0.15689352842418286 0.4904712456746478 0.15522812500000002 0.347296875 0.07618772178719999 0.348216272497884 0.0778531252113828 0.49139064317253184
0 0.2230765789724191 0.48966407305850196 0.2214265625000001 0.3477296875 0.16363125190064706 0.34840156989229176 0.1652812683730661 0.4903359554507937
0 0.3203789420396336 0.4882316856827803 0.31871718750000005 0.3454734375 0.23177262046036645 0.34648550181721965 0.233434375 0.48924375
0 0.2023098851487144 0.701314900136469 0.2005984375 0.5542203125 0.0815526148512856 0.555605412363531 0.0832640625 0.7027
0 0.35393723764171253 0.6954730796261205 0.3521125 0.5517078125 0.20807304787792197 0.5535360302290308 0.2098977855196345 0.6973012973551512
0 0.4686482107459442 0.6952410096300354 0.4669671875 0.5507921875 0.3571721017540558 0.5520699278699646 0.35885312499999994 0.69651875
0 0.5766595853474473 0.6929824829211068 0.5740390625 0.548046875 0.47368885215255274 0.5498612670788933 0.47630937500000003 0.694796875