0 0.4560719590913056 0.09622176548471852 0.45535059925931043 -0.0011617318514459886 0.2985169281250001 -3.4694469519536144e-19 0.2992382879569952 0.0973834973361645
0 0.5411605655808304 0.1775718691416597 0.5383297753300378 0.1138791000033345 0.46472468618134233 0.11715043788971735 0.46755547643213485 0.18084320702804255
0 0.5288030370208952 0.9482707494760406 0.526931836012375 0.9061687483309147 0.47034586580962756 0.9086836816269945 0.4722170668181477 0.9507856827721206
0 0.695889402236834 0.5875917525894981 0.692174484375 0.5040061125000002 0.595015724325666 0.5083242802230019 0.5987306421875 0.5919099203125
0 0.6953748400461015 0.666427756870463 0.6923592718749999 0.5985774703124999 0.5332606193288985 0.6056485212545368 0.5362761875000001 0.6734988078124999
0 0.694094871330033 0.8978352263470952 0.68981403817785 0.31992293720489473 0.4661869609467856 0.32157943460756716 0.47046779409896866 0.8994917237497677
0 0.6511911868543188 0.17508725471701123 0.6505157125000001 0.15988908124999995 0.6019633834581812 0.16204696247048875 0.6026388578124999 0.17724513593750002
0 0.5384522284136541 0.11073656958113957 0.5376280058292405 -0.0005335179251796101 0.46560306093750004 0 0.4664272835219137 0.11127008750631917
0 0.6908390916231899 0.17741112168516104 0.6891155111999494 -0.001400030667600901 0.543870709375 0 0.5455942897982405 0.17881115235276193
0 0.6934482366073477 0.33566574331662713 0.689997628125 0.258027065625 0.5304292977676524 0.2651189926208729 0.5338799062499999 0.34275767031250004
0 0.6982324258814421 0.3010385496562503 0.6904257191881659 0.17554242440110288 0.45891282299422376 0.18994409036985263 0.46671952968749997 0.3154402156250001
0 0.4621610322932049 0.4004981747647801 0.45994634218749997 0.1015150328125 0.29970343176929515 0.1027020174227199 0.301918121875 0.4016851593750001
0 0.6998561115489955 0.9429978772043143 0.6959733046874998 0.8556347171874998 0.5352283165760043 0.8627789384206859 0.5391111234375 0.9501420984375002
0 0.6960862289106544 0.8463377131984491 0.6932471484375 0.7824584 0.5344668023393455 0.7895153039890509 0.5373058828125 0.8533946171875
0 0.6967098110892394 0.7708301396065889 0.6924387921874999 0.6747322171875 0.5319292232857605 0.6818659760184111 0.5362002421875001 0.7779638984375
0 0.47124407318420597 0.9498874407435697 0.46539610312499996 0.8183081125000001 0.299185298690794 0.8256952592564305 0.30503326875000003 0.9572745875
0 0.4698233688638034 0.8098338921214209 0.4630306421875 0.6506036906250001 0.29991189988619654 0.6575623016285793 0.30670462656249997 0.8167925031250002
0 0.4668408202028941 0.6429224820167875 0.46003844274180195 0.5216849971142359 0.2957127834764078 0.5309049604099485 0.30251516093749997 0.6521424453125
0 0.4641668989343695 0.5152867172563422 0.4595444703124999 0.4049666671875 0.2958083291906304 0.41182723899365775 0.30043075781249995 0.5221472890625