0 0.9611478162578889 0.4376392929561937 0.9594834984668681 0.2948669334321593 0.8550046156385018 0.29608485869484263 0.8566689334295227 0.43885721821887697
0 0.8331052705279545 0.511869458259485 0.8323480285851235 0.44678018869795216 0.7747372084860229 0.44745042712025757 0.775494450428854 0.5125396966817904
0 0.11807998705633702 0.496255796140059 0.11749536881697834 0.44604187572730547 0.0794130308415153 0.44648525137284106 0.07999764908087399 0.49669917178559453
0 0.4762984375000001 0.64810625 0.4753007218410813 0.5622758660446935 0.3996984375 0.5631546875 0.4006961531589187 0.6489850714553065
0 0.39090468750000007 0.6476406250000001 0.38925106794209424 0.5055094328562373 0.32788125 0.5062234374999999 0.3295348695579058 0.6483546296437627
0 0.6463609375 0.4452984375 0.12575937500000006 0.4452984375 0.12575937500000006 0.64720625 0.6463609375 0.64720625
0 0.7882374999999999 0.6127968749999999 0.7877309486976498 0.5692961938093287 0.7739843752118438 0.5694562681923381 0.7744909265141939 0.6129569493830094
0 0.961725 0.44692187500000014 0.8375890625 0.44692187500000014 0.8375890625 0.5119515625000002 0.961725 0.5119515625000002
0 0.9633125 0.6486562499999999 0.9630195957481652 0.5173547616803866 0.7742331510417786 0.5177759020120838 0.7745260552936132 0.6490773903316971
0 0.6984593749999999 0.6477859374999999 0.6968045700360714 0.505455423940609 0.62658125 0.5062718749999999 0.6282360549639285 0.6486023885593909
0 0.7693343750000001 0.6489203125 0.7669554694850254 0.4444969231379332 0.653234375 0.4458203125 0.6556132805149748 0.6502437018620668
0 0.8465890625 0.2964562500000001 0.5802453125 0.2964562500000001 0.5802453125 0.4411359375000001 0.8465890625 0.4411359375000002
0 0.15869843749999998 0.6491843749999999 0.15703305823542613 0.5060136539177809 0.07801406250000001 0.5069328125 0.07967944176457387 0.6501035335822192
0 0.2248515625 0.6472125 0.22319998935968172 0.5052776858651182 0.16542031271153346 0.5059500181790048 0.1670718858518517 0.6478848323138865
0 0.32214218749999995 0.6472046875000002 0.3204804101275259 0.5044444777902681 0.2335609375 0.5054562499999999 0.23522271487247406 0.648216459709732
0 0.19923125000000003 0.4412625 0.19751982676540086 0.2941684333462591 0.07850781250000001 0.295553125 0.08021923573459915 0.442647191653741
0 0.35072187499999996 0.4402484374999999 0.3490482400353193 0.2963299078409072 0.20504618373216768 0.2980045141406363 0.20671981869684827 0.4419230437997291
0 0.46553593750000016 0.438490625 0.4638549087558417 0.2940428985371681 0.3540890625 0.2953203125 0.3557700912441585 0.4397680389628319
0 0.5726140625 0.4387437499999999 0.5721788840794282 0.2937917279379008 0.4715212328610646 0.2940939247410396 0.47195641128163646 0.4390459468031388