0 0.6471066661938996 0.8619903148619349 0.5002906807267078 0.8598152629190385 0.4987414592008304 0.9643877011872579 0.6455574446680221 0.9665627531301542
0 0.5012082287077319 0.7777165879000084 0.4339200788782442 0.7767197257357108 0.4330658347488936 0.8343811648246406 0.5003539845783813 0.8353780269889383
0 0.5484883323900945 0.08241780546399222 0.4968611276766374 0.08165295875160329 0.4962964587874241 0.11976814688869337 0.5479236635008812 0.12053299360108231
0 0.4106356250000001 0.3996170953125 0.32176427564684507 0.39830048218462494 0.32064322968750003 0.473971053125 0.409514579040655 0.47528766625287505
0 0.47231052031249987 0.32930583281250003 0.3277114614193065 0.32716362524267023 0.3268014578125 0.3885888890625 0.4714005167056934 0.3907310966323298
0 0.5457747921875 0.12877025468750009 0.344571064069522 0.11570071544940497 0.3106210590298553 0.6383562933671383 0.5118247871478334 0.6514258326052333
0 0.3793864578125001 0.7737378015624998 0.3353331076270232 0.7730851582787333 0.3351292703125001 0.7868441546875 0.379182620497977 0.7874967979712666
0 0.49758552031250003 0.8405828125000001 0.43277963207503484 0.8362624202244099 0.4243306250000002 0.9629975343750001 0.4891365132374654 0.9673179266505902
0 0.42976187500000007 0.77532243125 0.29878191735594684 0.7677597429891475 0.28762614531250014 0.9609691546875002 0.4186061029565534 0.9685318429483527
0 0.4523488546875001 0.6280035531250001 0.3071938899280092 0.625853109143278 0.30615260468750016 0.6961398609375 0.45130756944699096 0.6982903049192222
0 0.5109765625 0.65625694375 0.30062105669255146 0.6556393745520133 0.30028710593633456 0.7693891866666689 0.5106426117437832 0.7700067558646555
0 0.6650907296875002 0.5872181828125 0.5209089565265487 0.5776060646017699 0.5027669796875 0.8497357171875001 0.6469487528484514 0.8593478353982302
0 0.4882594796875 0.07942032343750005 0.34191097920546293 0.07725219839748895 0.34073927031249995 0.15634258125000003 0.487087770794537 0.15851070629001113
0 0.48341437500000006 0.16685363437500006 0.3391562252741399 0.1647164762466981 0.3382994796875 0.22254679375000003 0.48255762941336017 0.224683951878302
0 0.47936510468750015 0.23500626093750004 0.3331116716085948 0.23283954400750756 0.3318228125000001 0.3198375578125 0.4780762455789054 0.32200427474249255
0 0.6994422921875 0.0855050000000001 0.5475624420616465 0.08325492772403634 0.5457977078125001 0.20237446718750007 0.6976775579383536 0.20462453946346382
0 0.6885429171874999 0.21223278906250007 0.5451074282967843 0.20418848773179982 0.5367115625000001 0.3538926156250001 0.6801470513907157 0.3619369169557003
0 0.6813029171875 0.3610912609375001 0.5311547832588852 0.36061772911506706 0.5308084568682825 0.4704313864360398 0.6809565907968974 0.4709049182584729
0 0.6744856250000001 0.47855313593750015 0.5251561252631349 0.47596059130833146 0.5234223953125002 0.5758227203125001 0.6727518950493654 0.5784152649416688