0 0.09297253803859735 0.47171531965853575 0.09127704831632813 0.3117957697576076 0.006948662499999998 0.31268983124999994 0.008644152222269233 0.47260938115092815
0 0.18280735908094992 0.5580936639068177 0.18202231669622396 0.4838961571376733 0.11957191047958235 0.48455691001143164 0.12035695286430832 0.558754416780576
0 0.9368663496740932 0.5914400347333492 0.9362628917846452 0.5346728627490891 0.8949815835220478 0.5351116996734423 0.8955850414114959 0.5918788716577024
0 0.592654915625 0.7330372890624999 0.5916129187377455 0.634622240680881 0.5096596609374999 0.63548994375 0.5107016578247544 0.7339049921316189
0 0.669835215625 0.7376783046875 0.6681565350909051 0.5792520510873679 0.6016313734375 0.5799569499999998 0.6033100539715949 0.7383832036001319
0 0.8894949461052226 0.5341265409881848 0.3214576640625001 0.495288475 0.30657850539436754 0.712907880958568 0.8746157874370901 0.7517459469467529
0 0.18632410625 0.667703615625 0.1858128814180025 0.6195740556621417 0.1709115639026675 0.6197323351799515 0.17142278873466502 0.6678618951428098
0 0.11930035279462854 0.4835697282785003 0.01058493437500006 0.476322034375 0.00590996751787159 0.5464465435964997 0.11462538593750007 0.5536942375
0 0.19506098444070824 0.5668136190354143 0.012288914062500073 0.5530011046875001 0.0016196035698310073 0.6941811910305444 0.18439167394803918 0.7079937053784586
0 0.345825159375 0.716235028125 0.34413622864233656 0.5569610522697984 0.2680138984375 0.5577682484375 0.2697028291701634 0.7170422242927015
0 0.31387737715178227 0.4886814197422136 0.19046154531250006 0.4877959312500001 0.18885818550277497 0.7112657859064402 0.3122740173420572 0.7121512743986537
0 0.4014650896010128 0.3394055645106912 0.10231382343750003 0.319462146875 0.09191283852398732 0.4754769214268088 0.3910641046875001 0.49542033906249994
0 0.9409029390624998 0.7574215812500001 0.9392003981641869 0.5966125539363889 0.8535433890625003 0.597519434375 0.8552459299608131 0.7583284616886112
0 0.8460554046875 0.7489625984374999 0.8443801996248554 0.5910043555016978 0.7817468170088019 0.5916686054813055 0.7834220220714465 0.7496268484171076
0 0.7721331828125 0.7440259874999999 0.770428959376974 0.5830999273154516 0.6762077968584548 0.5840977390626753 0.6779120202939808 0.7450237992472235
0 0.93531291875 0.5318406781250001 0.9335338228143785 0.3639310375868281 0.8045242562334461 0.36529796562517547 0.8063033521690677 0.5332076061633474
0 0.7980769874999999 0.5221432765625 0.7959882588840463 0.35341911469097387 0.6399153446659158 0.35535122659769003 0.6420040732818695 0.5240753884692162
0 0.6347075660514325 0.34508978656844397 0.5156054234375 0.34496203437500006 0.5154298077886159 0.5086868166646774 0.6345319504025484 0.5088145688581213
0 0.5091777626437675 0.49926543049577105 0.5086254818242881 0.3361797441851525 0.40058001062846865 0.3365456343053892 0.40113229144794804 0.4996313206160076