0 0.14326553571246164 0.4321136577869803 0.14057306890940502 0.2825947423722774 0.0338351541966617 0.2845168288935343 0.03652762099971831 0.43403574430823716
0 0.22849619968499 0.510451088233822 0.22726613699046777 0.4420604479234833 0.16840942008856818 0.4431190350555026 0.16963948278309043 0.5115096753658414
0 0.939072448012895 0.5155446540944574 0.9381252350828392 0.4630262093531458 0.8992194028433769 0.46372790772851313 0.9001666157734327 0.5162463524698248
0 0.6158058453124999 0.6611125312499999 0.6141774327502876 0.570610835730992 0.5369401359374999 0.5720005796875001 0.5385685484997123 0.662502275206508
0 0.6885441375 0.6627921203124998 0.6858886102552256 0.5152741717000302 0.6231915969036242 0.5164028047151119 0.6258471241483986 0.6639207533275815
0 0.8925023485024319 0.46306063604396197 0.35866872500000013 0.4463322328125002 0.35221396564249613 0.652315286244163 0.886047589144928 0.6690436894756249
0 0.2325749015625 0.6136901906250001 0.2317643217792725 0.5687259606259288 0.21772048264220167 0.5689791319152768 0.21853106242542913 0.6139433619143481
0 0.16620216437195134 0.44228780645992016 0.036901609375000054 0.4384566796875 0.03493516844054876 0.5048240747900801 0.16423572343750006 0.5086552015625002
0 0.23654515787465832 0.518081366055025 0.03905129531250006 0.5104699312500001 0.03389067614266148 0.6443724922219328 0.23138453870481976 0.6519839270269577
0 0.383168346875 0.6538923796875001 0.38050208826549237 0.5058437700767621 0.3087601578125 0.5071357953125 0.31142641642200763 0.655184404923238
0 0.3515340958991015 0.6526586586908355 0.3514825577318181 0.44381553872052804 0.23521460156249993 0.44384423124999994 0.23526613972978336 0.6526873512203074
0 0.42861570524986725 0.2963674018996254 0.1510002125 0.28814175781249995 0.1466252244043971 0.43579760859707584 0.4242407171542643 0.4440232526842013
0 0.9440349906250001 0.6719391078125 0.9413499486746237 0.5227098669423373 0.8606220328124998 0.5241623828125 0.863307074762876 0.6733916236826627
0 0.8546270140625 0.667275778125 0.8519760905836151 0.5200901995751834 0.7929468951399512 0.5211533599858913 0.7955978186188359 0.6683389385357079
0 0.78495585 0.6652034671875 0.7822727254635206 0.5161035878364797 0.6934734703124998 0.5177015734375 0.6961565948489793 0.6668014527885202
0 0.9371918359375 0.4593510828124999 0.9344068909676183 0.3046400947232065 0.8128210968749998 0.30682875468750004 0.8156060418448815 0.4615397427767934
0 0.80784423125 0.4550014437499999 0.8057219737676681 0.30114949576640593 0.6579466578125001 0.30318793125 0.6600689152948319 0.4570398792335939
0 0.6536895278020214 0.4484849436800933 0.6527292134742904 0.29703522577791364 0.5405098921875 0.29774678749999994 0.5414702065152311 0.44919650540217965
0 0.5359218254222642 0.29420283247567897 0.4330955156250001 0.2937884625000001 0.4324909870347122 0.4438028162291988 0.5353172968319764 0.44421718620487766