0 0.36917612812500006 0.9596272671875001 0.3054923343750001 0.9596272671875001 0.3054923343750001 1 0.36917612812500006 1
0 0.34010421944989816 0.9612593161087167 0.32815266441324525 0.9609001095254432 0.3275671355883472 0.9803818793542268 0.3395186906250002 0.9807410859375002
0 0.35473169109882796 0.9625510734050412 0.3423648594540813 0.9621785266682187 0.34180880429275345 0.9806369907631776 0.3541756359375001 0.9810095375000001
0 0.5333908530267664 0.9729202063673863 0.4444624729269163 0.9675202006482724 0.4425561434649821 0.9989140175819035 0.5314845235648321 1.0043140233010175
0 0.6004367990356166 0.9356297856088013 0.4530445562500002 0.9252868828124997 0.450018207257163 0.9684140758540668 0.5974104500427795 0.9787569786503683
0 0.4328234081852971 0.02244269510418674 0.33437325625 0.017337871875000035 0.33269009650220277 0.04979880645831334 0.4311402484374999 0.054903629687500045
0 0.4320593703779152 0.057097325177172586 0.33419356406249995 0.04973346875000003 0.3312237329202052 0.08920258689967378 0.42908953923562043 0.09656644332684633
0 0.4943802607223797 0.025634531826362227 0.4344875546875001 0.022528984375000054 0.4330169658401205 0.0508903431736379 0.4929096718750001 0.05399589062500008
0 0.5638975126479229 0.029239129910004113 0.4800408526956742 0.024891006515425567 0.4760320822352514 0.10220300316792152 0.5598887421875001 0.10655112656250007
0 0.4788488977785256 0.1366778031130013 0.467935596875 0.13585599843750004 0.46738886472147445 0.1431164250119988 0.478302165625 0.14393822968750009
0 0.4782949948117235 0.10920126640266763 0.4689685124999999 0.10850001093750003 0.46829780372193464 0.11742023169249745 0.47762428603365825 0.11812148715766502
0 0.5610160153083754 0.11041144818742474 0.4696747888071561 0.10390511756153568 0.46686535386204114 0.1433462785503554 0.5582065803632605 0.1498526091762445
0 0.404355129691844 0.965023096349837 0.37257514531250013 0.9640665671875001 0.37149360371275897 0.9999999987008824 0.40327358809210284 1.0009565278632193
0 0.40556104588808994 0.9228501190221768 0.35869080781250023 0.9193247453125002 0.3556839400494104 0.9593013887903232 0.4025541781250001 0.9628267625
0 0.408918654727613 0.9048796369124718 0.384570653125 0.9030462421875001 0.3835474062921056 0.9166352501560734 0.4078954078947185 0.9184686448810451
0 0.4014329605939885 0.8739540486208363 0.3716129937500001 0.8717123296875002 0.37013061753101184 0.8914313091916644 0.39995058437500014 0.8936730281250004
0 0.3645693353338705 0.8711817958302683 0.33611560312500016 0.8690402734375002 0.33471423798669325 0.8876597697859306 0.36316797019556357 0.889801292178699
0 0.3280636935726142 0.9378182634299297 0.31495937026548065 0.937423564061084 0.31436634231786653 0.9571125490686543 0.3274706656250001 0.9575072484374999
0 0.3417048444868001 0.9384703157259793 0.3298994114973706 0.9381149596048219 0.3293019857605706 0.9579622876288425 0.3411074187500001 0.9583176437499998
0 0.35770690520747833 0.9189984182956602 0.3086751562500001 0.9154216812500001 0.3056924557300219 0.9563100723293401 0.35472420468750016 0.9598868093750001
0 0.330502655274889 0.8727069445656314 0.3105480020415071 0.8719514811227945 0.30899974520411827 0.9128468131196634 0.3289543984375002 0.9136022765625003
0 0.3664640174556014 0.7775178899645412 0.3373250890625001 0.7753273531250001 0.33578411848189876 0.7958256303479591 0.3649230468750001 0.7980161671875001
0 0.4037317010542408 0.7798273011873601 0.37490876093750014 0.7776593687500001 0.3733429116545459 0.7984775360215739 0.4021658517712865 0.8006454684589339
0 0.41204861488544475 0.7948347073847819 0.3122252430936961 0.7930585751055277 0.3108920779952047 0.8679860097571733 0.41071544978695335 0.8697621420364274
0 0.47729617271714553 0.1939228513911433 0.4674427328125 0.19318220781250003 0.46674245072035453 0.2024986829838568 0.4765958906250001 0.20323932656250004
0 0.5586002570334306 0.19551823059187595 0.4681282153709508 0.18939221280205004 0.4652209442750201 0.2323282212726742 0.5556929859374999 0.2384542390625001
0 0.5599903326092514 0.15191147133825572 0.469251160793515 0.14522292158312416 0.46619857818426375 0.18663530961986852 0.5569377500000001 0.1933238593750001
0 0.5613902743288177 0.7220120051681147 0.45889918750000014 0.7143003562500001 0.45595052876860853 0.7534892821563276 0.5584416155974261 0.7612009310744423
0 0.60221924269796 0.8989345161228984 0.48855094218750006 0.8903825031250001 0.48601777134695057 0.9240519122358928 0.5996860718574105 0.932603925233791
0 0.529689695059898 0.8049665274109719 0.4914564051206772 0.8038157250196726 0.48886423662327927 0.8899357491712007 0.5270975265625001 0.8910865515624999
0 0.604346546921294 0.7679170931746164 0.49212858281250005 0.7606434359375001 0.489422405485174 0.8023943323971601 0.6016403695939679 0.8096679896342763
0 0.60372021511486 0.7186064990715049 0.5629184181235279 0.7173779468866248 0.5615609936336681 0.76245975875262 0.6023627906250001 0.7636883109375001
0 0.5545279535249489 0.28147332731767905 0.4648291020584091 0.2786640011162735 0.46079796103346027 0.4073741237985945 0.5504968125 0.41018345
0 0.5573429254342768 0.24069785107267988 0.4664563813948212 0.2338612657756242 0.46348731683025246 0.2733324353110758 0.554373860869708 0.2801690206081315
0 0.4253784976388868 0.359117015244812 0.32529186718750014 0.3515883484375001 0.3222698013143863 0.391763906472334 0.422356431765773 0.39929257327964585
0 0.4297116602512938 0.27460305396901175 0.32793813281250006 0.2676240796875001 0.3224033522487063 0.34833710696848835 0.4241768796875001 0.35531608125
0 0.4301242016081628 0.18328649699744215 0.3310490828125 0.17950166093750003 0.3277122812043373 0.266848645190058 0.4267874000000001 0.2706334812500001
0 0.43454112989492727 0.09877678237308614 0.33267229062500003 0.09278171562500007 0.3277259685425728 0.176830169189414 0.4295948078125 0.18282523593750005
0 0.5052355593360857 0.05356225333539914 0.42919542828428625 0.05167004517588116 0.4055968671875001 1 0.4816369982392995 1.001892208159518
0 0.423409266060886 0.4035423161678052 0.32382675000000005 0.39605080625 0.3208325669581814 0.43585163200109117 0.4204150830190674 0.44334314191889634
0 0.42564990638473577 0.44677789487808106 0.32253182031250005 0.4390191453125 0.3161632483027644 0.5236610004344191 0.41928133437500004 0.5314197500000001
0 0.42052952591529236 0.5777267183757802 0.319747078125 0.5700273421875 0.31676001702056233 0.6091270461690572 0.41754246481085466 0.6168264223573374
0 0.4218741381806904 0.5349175492134528 0.32039133750000004 0.5279166984375 0.3176751554822418 0.5672898785183343 0.41915795616293205 0.574290729294287
0 0.4176998296837307 0.664008249981986 0.317113928125 0.6559634437499999 0.3139112968379855 0.6960066152167936 0.41449719839671617 0.7040514214487797
0 0.41824188582983857 0.619258621752508 0.3185612765625001 0.61281305625 0.31596334200352116 0.6529900895258137 0.4156439512708596 0.6594356550283217
0 0.4131915741006121 0.7065057691170977 0.31574400000000014 0.6994944140625 0.3127201883993881 0.7415209699454024 0.41016776250000014 0.7485323250000001
0 0.36166601581249147 0.7490515651860403 0.31413611406250014 0.746000603125 0.3114096842411791 0.7884747273333657 0.3589395859911704 0.7915256893944059
0 0.4136934289705662 0.7525885793893018 0.3641427953125001 0.74873350625 0.36270803466304635 0.7671749979569431 0.4122586683211124 0.7710300710962449
0 0.48165450991234027 0.4345819385224834 0.46347927812500006 0.4332142734375 0.46250200263659547 0.44620152354490183 0.4806772344239357 0.44756918862988515
0 0.5513878439263434 0.4122209556874045 0.46389350763640697 0.4056387719935037 0.4609876980850635 0.44426453661859916 0.548482034375 0.45084672031250006
0 0.5429664306681702 0.6281753445126069 0.46479719258754526 0.6258226170571995 0.4621323369193752 0.7143622975445927 0.5403015750000002 0.7167150250000002
0 0.546383718615584 0.58489943492423 0.45917122870987087 0.5785096296501261 0.4561449850942868 0.6198138994133962 0.5433574749999999 0.6262037046875001
0 0.5496752481877759 0.45556853385140317 0.4708020921875001 0.45211416250000014 0.46531831743722424 0.577324389586097 0.5441914734375001 0.5807787609375