0 0.38279581494347825 0.952220473132912 0.32028440843792655 0.9488920618144349 0.31810988562268944 0.9897321103097267 0.3806212921282411 0.9930605216282039
0 0.35351287037939355 0.9511140265864174 0.34171262812500014 0.9504147531250002 0.3406013608706068 0.9691673921635827 0.3524016031250002 0.9698666656249999
0 0.36796156213655545 0.9522799640810893 0.3557513046875001 0.95155639375 0.35470067223844476 0.9692858281064105 0.3669109296875001 0.9700093984374998
0 0.543984366069464 0.9605314776066157 0.4556846154531943 0.9559252496988216 0.4535933381993663 0.9960142908142291 0.541893088815636 1.0006205187220232
0 0.6115077359375002 0.9232414203125001 0.4664203406250002 0.9142996718750002 0.46379431010986777 0.9569092275021586 0.6088817054223677 0.9658509759396585
0 0.4712987356202836 0.031419915186166394 0.3745803281250001 0.02497202187500004 0.37287351750471653 0.05057418325133369 0.469591925 0.057022076562500044
0 0.46897233347220607 0.05907754462415702 0.3737238984374999 0.052727650000000036 0.37112364777779383 0.09173141631334307 0.4663720828124999 0.09808131093750005
0 0.5321387930790463 0.0354759195401899 0.4734475406249999 0.03156316875000005 0.47210459442095354 0.051707358584810216 0.530795846875 0.05562010937500006
0 0.6000832969816161 0.040005552709807775 0.5173183785214859 0.03448789215533844 0.5128626471648697 0.10132387069553075 0.595627565625 0.1068415312500001
0 0.514235574872659 0.13717085123887474 0.5037219781250001 0.13646994531250006 0.503243634502341 0.14364510501112535 0.51375723125 0.14434601093750005
0 0.5144115985272572 0.11010389865258526 0.5055252453125001 0.1095114750000001 0.5049375561602429 0.11832681072241491 0.513823909375 0.1189192343750001
0 0.5951763122173581 0.11054364273153838 0.5057490569702512 0.10494003019219109 0.5033071788340158 0.14390961594390167 0.5927344340811227 0.14951322848324894
0 0.4169941201295321 0.9550250023280725 0.3856181062500002 0.9531656828125001 0.38326209237046827 0.9929234132969276 0.41463810625000014 0.9947827328125
0 0.4179783643052211 0.9121926562641365 0.3731442500000001 0.9092037156250002 0.37051046381977926 0.948710512485864 0.4153445781250002 0.9516994531250003
0 0.42279529819553385 0.8945249659266491 0.3992421250000001 0.8929547531249998 0.3983469361794663 0.9063825746983509 0.4219001093750001 0.9079527875000002
0 0.4160401016830573 0.8641058706340846 0.38730286562500005 0.8621900546875001 0.3860036139419428 0.8816788278034153 0.4147408500000001 0.8835946437500001
0 0.3796501062124342 0.8616798713495897 0.35222253750000015 0.8598513671875001 0.350995818787566 0.8782521520879106 0.37842338750000015 0.88008065625
0 0.3422546305538838 0.928159507971628 0.3293161875000001 0.9273927859375 0.3281952913211164 0.946307921715872 0.34113373437500016 0.9470746437500001
0 0.35574972282865663 0.9286424161106641 0.3440938062500001 0.9279516953125002 0.3429607443588435 0.9470721198268363 0.35461666093750005 0.9477628406250002
0 0.37065836493011994 0.9087925353926833 0.32372126250000005 0.9057706015625 0.32112001944488017 0.9461734755448166 0.36805712187500006 0.9491954093749999
0 0.34652914608994567 0.863940949826271 0.32683622170098436 0.8626211786268421 0.32416419748603886 0.9024917038005713 0.3438571218750001 0.9038114750000001
0 0.38413221894201166 0.7693897438630597 0.356097534375 0.7675207656249999 0.35474727012048846 0.7877747373869404 0.38278195468750004 0.7896437156250001
0 0.42096177911870336 0.771356239342244 0.39325261718750004 0.7695089609375001 0.3918811599437968 0.7900808090952561 0.41959032187500017 0.7919280875000001
0 0.4295681608550164 0.7900997107033161 0.3309615548696826 0.7851682489638485 0.32730728553354305 0.8582368674850404 0.4259138915188768 0.8631683292245078
0 0.5109854681679259 0.1935753475737081 0.5015946078125001 0.19294928906250006 0.5009810287070742 0.20215295867629207 0.5103718890625 0.20277901718750008
0 0.5903344390624999 0.1944133328125001 0.5018788455411681 0.18893122053006556 0.49925052679116816 0.23133996428006554 0.5877061203125 0.23682207656250007
0 0.5928940758854117 0.15142871955517118 0.5044496182086539 0.14566634555692354 0.5017833501357423 0.18658986662675248 0.5902278078125001 0.1923522406250001
0 0.5780783416931605 0.7130534764262746 0.47824669218750004 0.7063980328125001 0.4756647926818397 0.7451265235737258 0.5754964421875002 0.7517819671875002
0 0.6136648720409787 0.8870274059504109 0.5025833031250001 0.8796219671874999 0.5003650498340215 0.9128957627995892 0.6114466187500001 0.9203012015625001
0 0.5456855872128679 0.7965541663354366 0.5079379359375003 0.79431726875 0.5029931018496325 0.8777613539770638 0.5407407531250001 0.8799982515625002
0 0.6195990890625 0.7579545359375002 0.5096088298958115 0.7517680513923778 0.5072891121990326 0.7930105937120588 0.6172793713657212 0.7991970782571812
0 0.6214705059041801 0.7108491515811546 0.5811856787902602 0.7084619019252385 0.5786361681985802 0.7514848815940842 0.6189209953125002 0.7538721312500003
0 0.5851486648634332 0.28207477405886816 0.4965929908600156 0.27671950699661213 0.48909628693408236 0.4006863720002441 0.5776519609374999 0.40604163906250007
0 0.5878122291157962 0.2389209881905705 0.49918657629089624 0.23301261158395836 0.49658599763194644 0.27202129310808465 0.5852116504568464 0.27792966971469685
0 0.4540147421875001 0.3566865578125001 0.35628523437500004 0.3501712578125001 0.3536382306654843 0.38987631662926026 0.4513677384779844 0.39639161662926026
0 0.4598041174381418 0.27337590719137367 0.36127612947447496 0.26715680497988725 0.3562457489304808 0.3468521141799693 0.45477373689414763 0.3530712163914557
0 0.46449148467695445 0.18688442545747525 0.3669005109375 0.18059245937500004 0.3615143046917679 0.26413472667148014 0.4591052784312223 0.27042669275395537
0 0.4688238568211319 0.10009358795605834 0.37051382472138916 0.09485844150409843 0.36609589290025746 0.17782212229804018 0.46440592500000016 0.18305726875000009
0 0.5428734101749357 0.057721526049209014 0.46767224447726463 0.053660342026223405 0.4165658625 1 0.49176702819767104 1.0040611840229856
0 0.4504948118983837 0.4004496182900977 0.35356363125 0.3939875406250001 0.35094153341411644 0.4333190145224025 0.44787271406250007 0.4397810921875001
0 0.44980939901434375 0.4429121813854171 0.3510545359375001 0.43632852499999997 0.3454781541106564 0.5199742670520829 0.4442330171875001 0.5265579234375001
0 0.44331779960365736 0.5721138525045306 0.34455213125 0.5654145359375 0.34193106634808745 0.604055974096982 0.44069673470174486 0.6107552906640126
0 0.44573697014028957 0.5299246752438612 0.34639372187500006 0.52392273125 0.3440434056198857 0.5628248022244343 0.4433866538851752 0.5688267462182955
0 0.43783824711617736 0.6571187783511659 0.33944703020947997 0.6500921441523656 0.33662048121025967 0.6896712068744826 0.4350116981169571 0.6966978410732829
0 0.43977828155724835 0.6130517622547329 0.3419323795855003 0.6075595998022104 0.33970475544642 0.6472459519497591 0.43755065741816795 0.6527381144022816
0 0.4316382378126692 0.6989976042146614 0.3368883421875001 0.69299125625 0.334255969999831 0.7345168207853386 0.4290058656250001 0.74052316875
0 0.38055952656250014 0.7414112578125 0.33396672812500017 0.7388218578125 0.3316352415228472 0.7807738487423843 0.3782280399603472 0.7833632487423843
0 0.4316955881653917 0.7444438987774833 0.38341528906250016 0.7411013125000001 0.3821535071471086 0.7593264840350168 0.4304338062500001 0.7626690703125
0 0.5082921358366713 0.43061450999668277 0.49081383125 0.4294492890625 0.4899581860383287 0.4422839603158173 0.507436490625 0.4434491812500001
0 0.5770399854093302 0.4079478468384738 0.491533803729663 0.40224743568174287 0.48898904488283285 0.4404188247807692 0.5744952265625001 0.4461192359375
0 0.5637973155884843 0.6237580889706364 0.4866176687500001 0.6191844812500001 0.4816190672240158 0.7035359000918638 0.5587987140625 0.7081095078125001
0 0.5670511564081708 0.5781009247535603 0.48203865451836386 0.5725999876446464 0.47939769811019317 0.6134138175785863 0.5644102000000001 0.6189147546875001
0 0.5751888864055168 0.4535434299747223 0.4975250640625001 0.44800896250000005 0.4889134566224825 0.5688535339721463 0.5665772789654991 0.5743880014468685