0 0.09319160187347397 0.3656629188285002 0.054893750000000054 0.36549375000000006 0.05463161005919516 0.42483917854065945 0.09292946193266907 0.4250083473691597
0 0.09276562500000005 0.3856953125 0.07497500000000004 0.3856953125 0.07497500000000004 0.3969375 0.09276562500000005 0.3969375
0 0.09257031250000004 0.3990875 0.07575781250000005 0.3990875 0.07575781250000005 0.41072031249999996 0.09257031250000004 0.41072031249999996
0 0.051882812500000056 0.36441875 0.013534375000000046 0.36441875 0.013534375000000052 0.4557875 0.05188281250000006 0.4557875
0 0.05407175044672321 0.49370856189590084 0.013526180360517337 0.49358010584484485 0.013257554913794193 0.578368418948944 0.05380312500000008 0.5784968749999999
0 0.0959176930374773 0.5782844897880753 0.09511960982433065 0.4941380725920501 0.05691727831284878 0.4945004010250166 0.05771536152599542 0.5786468182210418
0 0.13563906250000002 0.6403031250000001 0.1349452643881647 0.5020482251332172 0.09432814262703948 0.5022520521398058 0.0950219407388748 0.6405069520065887
0 0.9874578125 0.3648343750000001 0.9490234375 0.3648343750000001 0.9490234375 0.45683906250000017 0.9874578125 0.45683906250000017
0 0.9470328125 0.36558281250000013 0.9098390625 0.36558281250000013 0.9098390625 0.4560921875000002 0.9470328125 0.4560921875000002
0 0.9877078125000001 0.4590671875000002 0.954228125 0.4590671875000002 0.954228125 0.5148656250000002 0.9877078125000001 0.5148656250000002
0 0.9888380727622141 0.5790644858883727 0.988606428997149 0.5001833493346605 0.9094714812349348 0.5004157384462878 0.9097031250000001 0.579296875
0 0.8757578125000001 0.4937109375000002 0.868915625 0.4937109375000002 0.868915625 0.5036812500000002 0.8757578125000001 0.5036812500000002
0 0.9014656249999999 0.4939062500000002 0.893059375 0.4939062500000002 0.893059375 0.5023140625000002 0.9014656249999999 0.5023140625000002
0 0.9061593750000002 0.5789515625 0.9058193490064179 0.4937479213740855 0.8686691658298535 0.4938961782769532 0.8690091918234358 0.5790998194028677
0 0.09293281250000004 0.42753281249999997 0.05525937500000004 0.42753281249999997 0.055259375000000055 0.457425 0.09293281250000006 0.457425
0 0.13387968750000007 0.4132171875 0.09620625000000005 0.4132171875 0.09620625000000006 0.455671875 0.13387968750000007 0.455671875
0 0.15095781250000004 0.4370796875 0.13815312500000004 0.4370796875 0.13815312500000004 0.459434375 0.15095781250000004 0.459434375
0 0.17940937500000004 0.42401406250000007 0.16082500000000005 0.42401406250000007 0.16082500000000005 0.45126718749999994 0.17940937500000004 0.45126718749999994
0 0.17940937500000004 0.390578125 0.16186250000000005 0.390578125 0.16186250000000005 0.416590625 0.17940937500000004 0.416590625
0 0.11383750000000004 0.37263125 0.09590000000000004 0.37263125 0.09590000000000004 0.3849578125 0.11383750000000004 0.3849578125
0 0.11424218750000004 0.3866921875 0.09610000000000005 0.3866921875 0.09610000000000005 0.397796875 0.11424218750000004 0.397796875
0 0.13424380355961535 0.36610381002228276 0.09572196314586938 0.36599049029205866 0.09559062500000005 0.4106375000000001 0.13411246541374605 0.41075081973022415
0 0.17525918970524187 0.3667798226082427 0.13734062500000005 0.36634062500000003 0.13712323602789264 0.3851091192958661 0.17504180073313447 0.3855483169041088
0 0.2673109375000001 0.3890625 0.24799687500000006 0.3890625 0.24799687500000006 0.415640625 0.2673109375000001 0.415640625
0 0.2677750000000001 0.4244484375 0.24815781250000007 0.4244484375 0.24815781250000007 0.4507140625 0.2677750000000001 0.4507140625
0 0.2492687500000001 0.3668296875 0.17967031250000004 0.3668296875 0.17967031250000004 0.4606703125 0.2492687500000001 0.4606703125
0 0.822003125 0.4948687500000002 0.8132265625 0.4948687500000002 0.8132265625 0.5037546875000002 0.822003125 0.5037546875000002
0 0.8262296875 0.5791984375 0.8260014460698969 0.4948338837501008 0.7855739128758765 0.4949432571490179 0.7858021543059799 0.5793078108989171
0 0.8671999999999999 0.5790890625 0.8670729520159336 0.4948616939776625 0.8280528909199555 0.49492055156976533 0.8281799389040219 0.5791479200921029
0 0.3330703125000001 0.5015890625 0.2961390625000001 0.5015890625 0.2961390625000001 0.59646875 0.3330703125000001 0.59646875
0 0.17015625000000006 0.5344390625 0.13842656250000004 0.5344390625 0.13842656250000007 0.6400796875 0.1701562500000001 0.6400796875
0 0.2514812500000001 0.5347234375000001 0.17221406250000004 0.5347234375000001 0.17221406250000007 0.5706859375 0.2514812500000001 0.5706859375
0 0.29307031250000004 0.6386859375000001 0.29197915410859254 0.5336285795704555 0.25268073743839187 0.5340367451474679 0.25377189582979937 0.6390941030770125
0 0.3377593750000001 0.5994328125 0.2969031250000001 0.5994328125 0.2969031250000001 0.6378125 0.3377593750000001 0.6378125
0 0.7422522484147248 0.49491528551416114 0.6246758513221764 0.4946876595517982 0.6245125 0.5790640625000001 0.7420888970925483 0.579291688462363
0 0.783815625 0.4947859375000002 0.7466171875 0.4947859375000002 0.7466171875 0.5791437500000002 0.783815625 0.5791437500000002
0 0.66354375 0.36576093750000005 0.62568125 0.36576093750000005 0.62568125 0.458909375 0.66354375 0.458909375
0 0.7430853668276445 0.36564089768790914 0.6668953125000001 0.36553750000000007 0.6667676640616993 0.45959706405461925 0.7429577183893435 0.4597004617425283
0 0.8252093750000002 0.36629843750000013 0.7455568863989324 0.36601205735583864 0.7452225113989323 0.4590136198558386 0.8248750000000001 0.4593000000000001
0 0.9080297647662638 0.4585333721824065 0.9074692275751154 0.36490167940998586 0.8284800878088519 0.3653745572275794 0.8290406250000002 0.45900625
0 0.952290939590207 0.4596765976778189 0.013896970140330181 0.45943432137114426 0.013878575320085323 0.530681851201128 0.9522725447699623 0.5309241275078025
0 0.6217734375 0.3656421875000001 0.5842671875 0.3656421875000001 0.5842671875 0.457753125 0.6217734375 0.457753125
0 0.5814171875 0.3656421875000001 0.501653125 0.3656421875000001 0.501653125 0.4591796875 0.5814171875 0.4591796875
0 0.45845468750000007 0.36673125000000006 0.42160328860834256 0.3666885357219802 0.4214942736655737 0.46074029844302233 0.45834567255723124 0.4607830127210423
0 0.49855088155778554 0.46061654394964924 0.497961680885061 0.3660137944468324 0.4608819999053814 0.36624473248079503 0.461471200578106 0.4608474819836119
0 0.37774212955329073 0.36637244159620114 0.339986568297738 0.36619391168781423 0.33954261763680116 0.46008073728972276 0.37729817889235384 0.4602592671981097
0 0.41925433779613386 0.4596447869261439 0.4182745474790982 0.36634020778307474 0.38045928476850377 0.3667373054237295 0.38143907508553937 0.4600418845667987
0 0.3371453125 0.4566625 0.3369209710287417 0.36643805782107947 0.29733190852874175 0.36653649532107946 0.2975562500000001 0.4567609375
0 0.293646875 0.41081718750000007 0.2931535831214981 0.3661962664009911 0.25318113675062215 0.3666381686000706 0.25367442862912404 0.41125908969907954
0 0.294121875 0.4135109375 0.2767391760459133 0.41346651076898766 0.276621875 0.4593625 0.29400457395408675 0.45940692673101235
0 0.59679375 0.4979390625 0.5845546875000001 0.4979390625 0.5845546875000001 0.5145078125 0.59679375 0.5145078125
0 0.6226640625 0.497003125 0.5862640625 0.497003125 0.5862640625 0.578478125 0.6226640625 0.578478125
0 0.4163984375 0.5046296875 0.3365437500000001 0.5046296875 0.3365437500000001 0.578159375 0.4163984375 0.578159375
0 0.4604923198267281 0.5783927973115229 0.46033450637125756 0.49753741647390204 0.42142031154452936 0.4976133691623791 0.4215781249999999 0.5784687500000001
0 0.5795984374999998 0.5053546875 0.464321875 0.505021875 0.4641102660106006 0.5783170694174371 0.5793868285106005 0.5786498819174373