0 0.6480659968750002 0.9879504046875001 0.6353644750000002 0.9879504046875001 0.6353644750000002 1 0.6480659968750002 1
0 0.6332543640625002 0.9873753437499999 0.6201080359375002 0.9873753437499999 0.6201080359375002 1 0.6332543640625002 1
0 0.5275626406250001 0.974667396875 0.43455701718750017 0.974667396875 0.43455701718750017 1 0.5275626406250001 1
0 0.5209219471758095 0.9353810037788186 0.3648389468750001 0.9265055359375 0.3622929567665491 0.9712790376804998 0.5183759570673585 0.9801545055218185
0 0.6521048803164007 0.044006968809292654 0.54884444375 0.038652723437500064 0.5467171884335993 0.07967835775320749 0.649977625 0.08503260312500008
0 0.503321312855183 0.02609814320495833 0.412348584375 0.021381037500000054 0.40968638698884596 0.07272340189023847 0.500659115469029 0.07744050759519674
0 0.5095039401160653 0.11544232240704133 0.4979044593750001 0.11484086875000006 0.497513128633935 0.1223879729054588 0.509112609375 0.12298942656250009
0 0.5087830536598305 0.08697234535720093 0.4987857359375 0.08645396718750005 0.4983049510276695 0.09572627026779919 0.50830226875 0.09624464843750007
0 0.510099575614962 0.08223314707065654 0.4138121109375 0.07685668281250005 0.4115251652287813 0.11781374931088737 0.5078126299062433 0.12319021356904385
0 0.6017941171875002 0.9842924640625 0.5683845828125003 0.9842924640625 0.5683845828125003 1 0.6017941171875002 1
0 0.6194085533489687 0.9416512938578325 0.5693182234375003 0.93905401875 0.5671635341510316 0.9806087608296681 0.6172538640625002 0.9832060359375004
0 0.5905319268584006 0.9212657435464662 0.5647319109375001 0.9199279640625001 0.5639995606415995 0.9340518533285339 0.5897995765625 0.9353896328125
0 0.604771755089939 0.8905369438942753 0.5730750859375002 0.8888934125000002 0.5720121730350614 0.9093924420432253 0.6037088421875001 0.9110359734375004
0 0.6417093800044076 0.8924522277080392 0.6114712796875 0.8908843265625 0.6104677059330925 0.9102389676044608 0.64070580625 0.9118068687499999
0 0.662200846875 0.9858753296874999 0.6617370220901905 0.9650032160130628 0.6481106890625001 0.9653060234374997 0.6485745138473097 0.9861781371119369
0 0.6466267203125 0.9848465843750003 0.6461600855691682 0.9638479947921212 0.63388446875 0.9641207859375 0.6343511034933319 0.985119375520379
0 0.6694881097372619 0.9836632850518395 0.6683929320001445 0.9401349042209004 0.6190520978420605 0.9413763237745156 0.6201472755791779 0.9849047046054548
0 0.6681465578124999 0.9403506859375002 0.6666782688971761 0.8968903227049912 0.6459538231229074 0.8975904888274829 0.6474221120382312 0.9410508520599918
0 0.6413692369887164 0.7952162903792029 0.6103602843750001 0.79360841875 0.6092556380112839 0.8149123127457971 0.6402645906250002 0.8165201843750001
0 0.602200953225053 0.7926720948220769 0.5715132250000001 0.7910808796875001 0.5703912420874472 0.8127191270529235 0.6010789703125001 0.8143103421875001
0 0.6665610921875 0.8933450984375 0.6648188872280254 0.8149459008372577 0.561083266387371 0.8172511376079743 0.5628254713468457 0.8956503352082166
0 0.5097028510393489 0.17490481625005028 0.4991458296875 0.17435741406250008 0.498643863023151 0.1840381806249498 0.509200884375 0.18458558281250004
0 0.5110804668230704 0.17101433479887945 0.4155054968750001 0.16534597031250006 0.4128634356351489 0.20989408012557037 0.5084384055832192 0.2155624446119498
0 0.5093961013305647 0.12504438246990895 0.4146184937500001 0.11998719843750005 0.41232237647217634 0.1630191507892273 0.5070999840527409 0.1680763348216362
0 0.5165953635083335 0.7160172866213659 0.4085173000000001 0.7104132390625001 0.4064050583666668 0.7511493290036344 0.5144831218750001 0.7567533765625001
0 0.4838048238071136 0.8944984539656675 0.3642370250000001 0.8882986421874998 0.36242228088038664 0.9232972788468323 0.48199007968750013 0.9294970906250001
0 0.4808438296875 0.8920689984375002 0.47882787242568126 0.8013509232706465 0.43907331874999994 0.8022343578124997 0.4410892760118186 0.8929524329793536
0 0.4822870217066807 0.7597177289304236 0.36275586250000014 0.752280046875 0.360062149577578 0.7955707691440896 0.47959330878425865 0.8030084511995131
0 0.4061169171874999 0.749916071875 0.40504999782628104 0.701904680308286 0.36262337499999997 0.70284749375 0.36369029436121886 0.750858885316714
0 0.514016382354159 0.39221941892426443 0.5106195576379318 0.2561880112786001 0.417366720417808 0.25851661720726 0.42076354513403535 0.39454802485292434
0 0.5120271819060095 0.21726034944558198 0.4166096875 0.2123127765625 0.4144821646368909 0.2533435821082925 0.5098996590429004 0.2582911549913745
0 0.6589378600492648 0.35789750215037486 0.5527005765624999 0.3523889015625 0.5505350727632352 0.39415218378712524 0.6567723562500001 0.3996607843750001
0 0.6608692369037746 0.270816281007327 0.5505314073791867 0.2643680464030851 0.5456363456515063 0.34812903209455237 0.6559741751760944 0.35457726669879425
0 0.657590677019009 0.1790042805363099 0.548298346875 0.17372979687500006 0.5440563432934911 0.2616281554011902 0.6533486734375 0.26690263906250006
0 0.6580236614440604 0.08917178149400105 0.5482625143285137 0.0816950419012967 0.5423350137999947 0.16871281876396926 0.6520961609155415 0.17618955835667363
0 0.5662867062500001 0.9999999999999998 0.544644841040357 0.028072863455906 0.46607687272485776 0.02982233346877707 0.4877187379345008 1.001749470012871
0 0.6600680048463728 0.4041536739279345 0.55500865 0.3987061515625001 0.5528635217161271 0.4400764807595657 0.6579228765624999 0.44552400312500007
0 0.6645176877910066 0.4490180294199762 0.5544220687500001 0.44330936875000004 0.5498600528339936 0.5312911205800239 0.659955671875 0.53699978125
0 0.6626714083735401 0.5849143541558084 0.5566817780624441 0.5795413083258978 0.5546208650014041 0.6201952354200894 0.6606104953125002 0.6255682812500001
0 0.6626315912500558 0.5412398754524335 0.5550268359375 0.5349910546875 0.5526535577970991 0.5758589277139701 0.6602583131096549 0.5821077484789035
0 0.6652623050691778 0.6743048493227868 0.5592675238868352 0.6693095041988345 0.5573036880235276 0.7109795685175586 0.6632984692058702 0.715974913641511
0 0.6642748701143242 0.6294715456023925 0.559317114485648 0.6229286570006527 0.5567203313795042 0.6645849564221122 0.6616780870081803 0.6711278450238519
0 0.666375720785692 0.7196129297047824 0.5632198000000002 0.7139279375 0.5608142335197124 0.7575776763820581 0.6639701543054042 0.7632626685868403
0 0.6664848346870892 0.7664637694955083 0.6150530937500001 0.7647244515625 0.6135290059379108 0.8097918242544919 0.6649607468750001 0.8115311421875001
0 0.6133004618769223 0.7641050592572596 0.5612916953125 0.7615410859375001 0.5603461575085278 0.780720792116832 0.61235492407295 0.7832847654365914
0 0.5121279104039088 0.4241100037964031 0.49278073750000007 0.4231068171875 0.4920807380335913 0.4366068087035969 0.5114279109375001 0.4376099953125
0 0.5130321913649898 0.39554457248481567 0.4213119953125001 0.3907887093750001 0.41923013729390657 0.4309388190837392 0.5109503333463963 0.4356946821935548
0 0.5101221453125 0.7118400484375 0.5080232950437551 0.617391726259237 0.4267402921875 0.6191980140624999 0.4288391424562449 0.7136463362407628
0 0.5180749644242733 0.5753471398662774 0.42547193437499997 0.570364975 0.423163168405477 0.6132777910530398 0.5157661984547504 0.6182599559193172
0 0.5065437906249999 0.5703331031250001 0.5031932319239861 0.43687419218390894 0.42219194910192365 0.43890777353894145 0.4255425078029374 0.5723666844800326