0 0.938886675 0.57402841875 0.9004283873538785 0.5733126449319671 0.8992926820463453 0.6343337109418677 0.9377509696924667 0.6350494847599008
0 0.9184958300666632 0.6135763955610511 0.9180838109375001 0.6022831109375001 0.8995927793083368 0.602957729438949 0.9000047984374999 0.6142510140625002
0 0.9179439588147297 0.6001262930767493 0.9175174125 0.5884406359375 0.8999893989977703 0.5890804381732507 0.9004159453125 0.6007660953125
0 0.9808393656250001 0.5407960406250001 0.9422901511388935 0.5401838229846105 0.9407976130452104 0.6341637531699957 0.9793468275313171 0.6347759708103853
0 0.9817128322485787 0.41781731800035804 0.9410990082256753 0.4177487702447994 0.9409542773127649 0.5035003135261269 0.9815681013356684 0.5035688612816854
0 0.9383466578125003 0.41939972031250006 0.8999195096465898 0.41915264770919886 0.8993744304106723 0.5039287025242285 0.9378015785765828 0.5041757751275296
0 0.9017832686981453 0.35914637513853426 0.8609172569728291 0.3587120431427723 0.8594295953125002 0.49868515000000013 0.9002956070378165 0.4991194819957621
0 0.03968537187500007 0.5741023296875001 0.0042737172551752765 0.5738400210505922 0.0035769314542552317 0.6679060739913109 0.038988586074080026 0.6681683826282188
0 0.07909597031250008 0.5734157234375 0.04170588404962331 0.5728226665072005 0.04022994375000009 0.66587534375 0.07762003001287686 0.6664684006802994
0 0.03537505312500007 0.515893640625 0.0038402179184178114 0.5156600495523271 0.0034143846699630455 0.5731476117346092 0.0349492198765453 0.573381202807282
0 0.08120114218750007 0.4494074765625 0.003684496175568858 0.4478434232113046 0.002081340598512005 0.5272980295863335 0.07959798661044322 0.5288620829375289
0 0.12102795312500007 0.524014371875 0.11414995466189384 0.5239047339592962 0.11398422807825423 0.5343013853389905 0.12086222654136045 0.5344110232546944
0 0.09671476718750006 0.52627791875 0.0882644520380881 0.5261442371498404 0.08812359687500007 0.5350480093749999 0.09657391202441204 0.5351816909751596
0 0.12193393906250008 0.44826922812500003 0.08456822223547245 0.4479300809137815 0.08378156373512793 0.5346005820741423 0.12114728056215558 0.5349397292853608
0 0.9399835433674211 0.570708506464376 0.9388865124193849 0.5406790597098778 0.8994104237394639 0.5421211938705018 0.9005074546875 0.572150640625
0 0.8976616234374999 0.5439500468750001 0.8597909429528852 0.5433483725447982 0.8590805490436295 0.5880620979028437 0.8969512295282444 0.5886637722330457
0 0.8555215937500004 0.5417023062500002 0.8426483011558104 0.5414980897359343 0.8422806437500002 0.5646742828125002 0.8551539363441902 0.5648784993265661
0 0.8325795375000002 0.55075638125 0.8138993411753981 0.5504610516831864 0.8134502312256938 0.5788681702874131 0.8321304275502956 0.5791634998542267
0 0.8309844749999998 0.585696215625 0.8133457606837293 0.5854158063692083 0.8129148718750001 0.6125202062499999 0.8305535861912705 0.6128006155057917
0 0.8972948209718827 0.6274919058138264 0.8968427437500001 0.6151093875 0.8781468165281174 0.6157919629361738 0.8785988937500001 0.6281744812500001
0 0.8972510372417398 0.613350391205447 0.8968445734374999 0.60219514375 0.8780090846332602 0.6028814525445532 0.8784155484375 0.6140367
0 0.8975632062500004 0.5892520031250001 0.8588648483770511 0.5882895427969488 0.8576913370775505 0.6354737839676609 0.8963896949504999 0.6364362442957121
0 0.8558187562320884 0.6353438936247076 0.8553474140624999 0.6164718484375 0.8166439343069485 0.6174384941792648 0.8171152764765368 0.6363105393664723
0 0.7443121125000001 0.5898148375000002 0.7248937482718387 0.5895066627883416 0.724453061594976 0.6172747244692163 0.7438714258231374 0.6175828991808748
0 0.744709503125 0.5545190781250001 0.7249879837866164 0.5542065227471717 0.7245526328125 0.5816761593750001 0.7442741521508836 0.5819887147528285
0 0.813240351914507 0.6363969350946468 0.8098000984721571 0.5421288121801648 0.73910697468265 0.5447087114605181 0.7425472281250001 0.6389768343750001
0 0.17705776875000007 0.5218932671875 0.16823218894795725 0.5217523018858721 0.16808192728531632 0.5311599098540049 0.17690750708735917 0.5313008751556327
0 0.20585036093750012 0.4450672953125 0.1652179932036138 0.4442995046446009 0.16358953474688645 0.5304794044786966 0.2042219024807727 0.5312471951465957
0 0.16321255625000003 0.44673226250000003 0.12398476996666274 0.4461682766927838 0.12274480747909484 0.5324133254853336 0.16197259376243214 0.5329773112925498
0 0.6987639875 0.40958886562499996 0.6616393381871837 0.409000060751113 0.6600939890624999 0.5064356406250001 0.6972186383753163 0.507024445498887
0 0.8581311093750001 0.3599009906250001 0.8262352823269236 0.3593947790829642 0.8245213374752083 0.46738854062460666 0.8564171645232849 0.46789475216664256
0 0.8243489154865973 0.4671114222595064 0.823029909375 0.43098406718750004 0.7413876798259028 0.4339648168029936 0.7427066859375 0.470092171875
0 0.7418970578342758 0.47195560105011614 0.7413122590801424 0.3657797023881252 0.7013630699958667 0.365999735713009 0.7019478687500001 0.47217563437499993
0 0.7000644836929307 0.406555859929444 0.69865560163743 0.36800149986306696 0.6557922517909456 0.3695678442229109 0.6572011338464463 0.4081222042892879
0 0.370984012889074 0.5239496361564002 0.36812057968749995 0.4391653515624999 0.2460581882703788 0.4432877842270135 0.24892162147195288 0.5280720688209138
0 0.2451614734375001 0.4436864203125001 0.2077676222042691 0.4431498992875763 0.20652881204631218 0.5294911247026233 0.2439226632795432 0.530027645727547
0 0.36456475625000007 0.560718796875 0.32649390075261436 0.5602985577861037 0.32544543437500006 0.6552826109375001 0.36351628987238577 0.6557028500263964
0 0.3234319359375001 0.5617719546875001 0.2470657086689744 0.5606629611574929 0.24565127475882437 0.6580620699134603 0.3220175020273501 0.6591710634434674
0 0.2434110296875001 0.5646368390625 0.16329435994406266 0.564231713137892 0.1628066609375001 0.6606778249999999 0.24292333068093752 0.6610829509246079
0 0.16043092187500008 0.5675126359375 0.08088658750311757 0.5674782149872882 0.08084455938899307 0.6646021567256577 0.16038889376087556 0.6646365776758694
0 0.9821443773767454 0.5370827026551597 0.9795496909129204 0.46550852365088496 0.03398530416117494 0.4997868506832252 0.03657999062499999 0.5713610296874999
0 0.40667176875000005 0.559782646875 0.3689675196912282 0.5591845432816036 0.36746556093750005 0.6538675171874999 0.4051698099962719 0.6544656207808963
0 0.4898114500000001 0.5553112390625001 0.409628200504408 0.5540382819726272 0.40806687343828746 0.6523858843254013 0.48825012293387954 0.6536588414152743
0 0.5693723255892085 0.5515154606015088 0.5323033951372721 0.5513172830316705 0.5317930812500001 0.6467710218750001 0.5688620117019365 0.6469691994448384
0 0.5303036045881154 0.552886546143427 0.49297606823417767 0.5523454976161382 0.4915779125328303 0.6488058059585906 0.528905448886768 0.6493468544858795
0 0.6529413031942 0.5490890033256738 0.6150066178024076 0.5481734763300542 0.6126977399201848 0.6438413883514931 0.6506324253119773 0.6447569153471127
0 0.610828817825424 0.5508998064289484 0.5727964992096148 0.5504309299086831 0.5716282657310632 0.6451906927750166 0.6096605843468723 0.645659569295282
0 0.6951075468750001 0.550249453125 0.6553103252409864 0.5496180703322538 0.6538383774464837 0.6423976539454547 0.6936355990804974 0.6430290367382008
0 0.7384905935963431 0.6407960361648092 0.7382709002904587 0.5958127341291897 0.6978699066941156 0.5960100479643805 0.6980896000000001 0.64099335
0 0.7162109703125001 0.5468618218750001 0.6987385851349055 0.5465400547767559 0.6978709984375 0.5936511765625002 0.7153433836150946 0.5939729436607444
0 0.40728652500000023 0.5026727578125001 0.3949833112858034 0.5024785052681515 0.39470985312500007 0.5197983 0.4070130668391969 0.5199925525443485
0 0.40658794531250014 0.4385077453125 0.3700249931952772 0.4375494207767354 0.36784021439458797 0.5209052774778183 0.40440316651181096 0.521863602013583
0 0.6605165151109575 0.5033621484441003 0.6578195906250001 0.42949857968749994 0.5736126020765424 0.43257316561839954 0.5763095265625 0.5064367343749999
0 0.5722759734375001 0.432310028125 0.5331673193756252 0.43155025492961235 0.5315539791587643 0.5145955173952469 0.5706626332206393 0.5153552905906345
0 0.5318472003065496 0.5076774080484034 0.5293714971799387 0.43402992711759447 0.4096515499983891 0.438054383131691 0.412127253125 0.5117018640625