0 0.9343671874999998 0.5121984375000002 0.9325940628922661 0.323929912854335 0.7792021825160691 0.3253745670695495 0.7809753071238028 0.5136430917152146
0 0.709956132592777 0.32756722369277874 0.604691276378637 0.32737968866046624 0.6045382687858598 0.41326402746768764 0.709803125 0.41345156250000004
0 0.5918640625000001 0.5518890625 0.5852045822838093 0.32304294432576713 0.50474375 0.32538437500000006 0.5114032302161908 0.5542304931742329
0 0.9392640625 0.7212296874999999 0.9336214149965361 0.5273446191842611 0.8370655795649616 0.5301546888222983 0.8427082270684256 0.7240397571380371
0 0.7272921875 0.5490718749999999 0.7266403294405968 0.5266383006000902 0.7105359374999999 0.5271062499999999 0.7111877955594031 0.5495398243999097
0 0.83971875 0.7193937499999999 0.831768689934762 0.5239143865347808 0.7101547905210254 0.5288603705402947 0.7181048505862633 0.7243397340055138
0 0.6737765625 0.63145625 0.671901468262364 0.5669897301748641 0.6111140625 0.5687578125 0.612989156737636 0.6332243323251359
0 0.7144671874999999 0.714625 0.7102036821048597 0.5237805162582958 0.6104350183957236 0.5260093689222561 0.6146985237908638 0.7168538526639603
0 0.5924371373324184 0.567143204937247 0.52935 0.566409375 0.5290566124561984 0.591631813235303 0.5921437497886168 0.59236564317255
0 0.5932519109924931 0.5962345883797037 0.5312359375 0.5955125000000001 0.5307324456050643 0.6387544920991306 0.5927484190975574 0.6394765804788343
0 0.5951569232531749 0.6258861055124094 0.4914640625000001 0.625621875 0.4912477642468252 0.7105045194875907 0.5949406250000001 0.7107687500000001
0 0.49015624999999996 0.709934375 0.4888007213844384 0.59341242177021 0.396955271584304 0.5944808825362916 0.39831080019986564 0.7110028357660816
0 0.2613176998126104 0.6233118163872989 0.12029687500000008 0.6216703125 0.1193338626873898 0.7044022461127012 0.2603546875000001 0.7060437500000001
0 0.2622924975389938 0.5163433430633303 0.12080312500000004 0.5140781249999999 0.1191246899610063 0.6189160319366697 0.2606140625000001 0.62118125
0 0.3137181397022789 0.4374486459054281 0.29015 0.43717343749999993 0.28995371705468154 0.45398260388154527 0.3135218567569604 0.4542578122869735
0 0.39102031249999997 0.4568093749999999 0.390519819020945 0.4396040991680722 0.374278125 0.44007656249999993 0.37477861847905497 0.45728183833192765
0 0.49164591856204815 0.4389167023030878 0.441165625 0.4381093749999999 0.44079470643795193 0.4613020476969122 0.4912750000000001 0.4621093750000001
0 0.49080664719170064 0.39444689020200147 0.4263187500000001 0.3930359375000001 0.4253980403082995 0.4351171722979988 0.4898859375000001 0.43652812500000016
0 0.4892947890041509 0.40571500305589614 0.4888459111542649 0.32302560185456997 0.392596619390973 0.32354808931380996 0.3930454972408591 0.40623749051513613
0 0.4929458148927502 0.41170361001643296 0.3244294275700021 0.4100699261803652 0.3235242376772519 0.5034413161639322 0.4920406249999999 0.5050749999999999
0 0.288566750722256 0.3184536844213491 0.12282656250000001 0.3144140624999999 0.12085493714276349 0.39530716689800255 0.2865951253650195 0.3993467888193517
0 0.3219712998478898 0.4017545217632327 0.12203906250000007 0.398584375 0.1204740126521103 0.4972876657367674 0.3204062500000001 0.5004578125000001
0 0.39028989725395646 0.45577110494963263 0.38929604434469517 0.31965606277955066 0.2897729354595825 0.32038273728757893 0.2907667883688438 0.45649777945766096
0 0.423459375 0.5406140625 0.4228615730252477 0.5200996783798112 0.41024843882571177 0.5204672329935944 0.4108462408004641 0.5409816171137833
0 0.4074375 0.5393703124999999 0.40684958059069165 0.5192396949113315 0.39338906249999994 0.5196328124999999 0.3939769819093083 0.5397634300886683
0 0.42419586337438453 0.5187072059998512 0.26261875 0.5170640625 0.26069320027434706 0.7064113510101194 0.4222703136487316 0.7080544945099706
0 0.5279 0.5217015625 0.4260703125 0.5217015625 0.4260703125 0.62241875 0.5279 0.62241875
0 0.9312828124999998 0.3052 0.931099941444487 0.28469227959399657 0.8098452539444871 0.2857735295939966 0.8100281249999999 0.30628125000000006
0 0.10016093750000006 0.39660312500000006 0.0680422667515837 0.3961003540114977 0.06638906250000007 0.5017125 0.09850773324841641 0.5022152709885024
0 0.09782849258688785 0.5055959646471951 0.06679246007225234 0.5053180200828034 0.06587177998536457 0.6081236179356083 0.09690781250000008 0.6084015625000001
0 0.8056484375 0.4688437499999999 0.8050461712317893 0.44809559589218423 0.7859468749999999 0.44865000000000005 0.7865491412682106 0.4693981541078157
0 0.731771875 0.4688374999999999 0.7312047644019869 0.449312692268407 0.7141046874999999 0.44980937499999996 0.714671798098013 0.469334182731593
0 0.7799775666791937 0.41756976442147764 0.609432068620864 0.416222657052922 0.6087060644416705 0.5081357051314446 0.7792515625000002 0.5094828125000002
0 0.8055456703628266 0.46711869116493326 0.8011979273538687 0.3242203882859302 0.7106963164268549 0.3269739391558837 0.7150440594358128 0.46987224203488676
0 0.6623727159255315 0.471136980567067 0.6623453125 0.44512656249999993 0.6077343615389093 0.4451840981814339 0.6077617649644409 0.47119451624850095
0 0.674509902809431 0.39818634244489126 0.6068359375 0.39810781250000005 0.6067838948273778 0.4429561060589113 0.6744578601368088 0.44303463600380255
0 0.8461285864234682 0.7421580631773931 0.7212781250000001 0.7386312500000002 0.7204761010765318 0.7670231868226071 0.8453265625 0.77055