0 0.9995335515624999 0.5269696421875001 0.9991379117165134 0.3300748495178912 0.8349306045965477 0.3304048072217895 0.8353262444425342 0.5272995998913984
0 0.7570184703124999 0.42511160937500003 0.7566408373831416 0.334983338745651 0.6407394932370736 0.3354689595591963 0.6411171261664319 0.42559723018854523
0 0.6429621859375 0.5712740984375 0.6194949657887493 0.32628176469043024 0.5357143171875001 0.334306909375 0.5591815373362506 0.5792992431220697
0 1 0.5465651843750001 0.8987026218749999 0.5465651843750001 0.8987026218749999 0.7461618281250002 1 0.7461618281250002
0 0.7848536609375001 0.567265853125 0.7825058880488205 0.5427446409222619 0.765736940625 0.5443501765625001 0.7680847135136795 0.5688713887652381
0 0.9147226234374998 0.7450904671874999 0.892039036241971 0.533822065166369 0.765589151365261 0.5473988090713972 0.7882727385607898 0.7586672110925281
0 0.7344685249999999 0.6541178265625 0.7276344042724124 0.5827608048422093 0.664338796875 0.5888228546875001 0.6711729176025875 0.6601798764077907
0 0.7829775953125001 0.7410606062500001 0.7608884109642229 0.5333228770812902 0.6580077808145963 0.5442623882347813 0.6800969651628737 0.7520001174034913
0 0.646198466794568 0.5872806106927012 0.5783892890625 0.5869943656250001 0.5782775987484315 0.6134529118575759 0.6460867764804996 0.613739156925277
0 0.6502082859394982 0.6178011436570072 0.5824036078125002 0.617514134375 0.5822115992298208 0.662875315919888 0.6500162773568189 0.6631623252018952
0 0.6577321750464549 0.6495967362519254 0.5427835724901009 0.6490382713543639 0.542354349006146 0.7373851663524386 0.6573029515625 0.7379436312500001
0 0.5473068859375 0.737882575 0.5349194116745335 0.6085623875473178 0.4393718521346397 0.6177148095937425 0.4517593263976062 0.7470349970464246
0 0.30629853610071606 0.6488001106007263 0.1530840437500001 0.64815209375 0.1527169826492841 0.7349385409617738 0.30593147500000006 0.7355865578125
0 0.3012127035240507 0.5365975632873232 0.14608961875000007 0.5352645531250001 0.14514478397594946 0.6452154664001768 0.3002678687500001 0.6465484765625
0 0.34417729882054077 0.45337158980981584 0.3183859015625 0.45326155312500005 0.3183106723136926 0.47089446749955377 0.3441020695717333 0.47100450418436957
0 0.4255904906249999 0.47307925937500006 0.423766385655225 0.45403387549796514 0.40685453593750004 0.45565363750000004 0.4086786409072749 0.4746990213770349
0 0.5313550589801945 0.45353695133656585 0.4768939890625001 0.45306987187500003 0.4766853785198055 0.47739368460093434 0.5311464484374999 0.4778607640625002
0 0.5285373554012218 0.4069120466529116 0.4581642625 0.40589509531250006 0.45752668834877824 0.4500152642845885 0.5278997812500001 0.451032215625
0 0.5249384726695381 0.4131101166567725 0.5166371350365855 0.32406775053336895 0.4161147550359862 0.33343935926731083 0.4244160926689388 0.4224817253907144
0 0.5352150267810036 0.42500561688405 0.3555493528542574 0.4245285011028499 0.3552892979482537 0.5224563873438 0.534954971875 0.5229335031250001
0 0.313302927675126 0.32879812125393976 0.13424699375000004 0.32576522187499996 0.13281059981234924 0.4105668673817373 0.31186653373747525 0.41359976676067706
0 0.3554302809335617 0.41590520161553657 0.13930808750000007 0.4140811781250001 0.1384344190664385 0.5175991093219636 0.35455661250000015 0.5194231328125001
0 0.42466104716006026 0.4707723564944204 0.413735112419542 0.3230691976739356 0.3098232338806527 0.3307557929556277 0.3207491686211709 0.4784589517761126
0 0.46548666718750004 0.5607533828124999 0.46335033108589585 0.5384599361623679 0.4502168449776052 0.53971849169007 0.4523531810792094 0.5620119383402021
0 0.44858983593749996 0.5595729812499999 0.4464856619911844 0.537629960164439 0.43246994531249994 0.5389739640625 0.43457411925881556 0.5609169851480609
0 0.46987125729177254 0.539188910678758 0.2950886343750001 0.5372951921874999 0.2929425273711981 0.7353722627321226 0.4677251502879705 0.7372659812233807
0 0.5807855749999999 0.6457695703124999 0.580002490570509 0.5400526981906877 0.4669031687499999 0.5408904671875 0.46768625317949075 0.6466073393093122
0 0.9818189078125001 0.3098149234375001 0.9814671372128227 0.2882792290586035 0.8532198595535426 0.29037405920317516 0.8535716301532201 0.31190975358207174
0 0.12184633906249998 0.5225672859375 0.11614032848275688 0.4107005526485926 0.08250855952437555 0.41241601553778234 0.08821457010411868 0.5242827488266897
0 0.1276166125 0.63441255625 0.1212816713127397 0.5246354464230281 0.08881087554315178 0.5265092485465136 0.0951458167304121 0.6362863583734856
0 0.8614519125 0.4824831218750001 0.8592564765315481 0.45954582316455495 0.8393689625 0.46144935 0.841564398468452 0.4843866487104451
0 0.7839416390625 0.48305071093749996 0.7818803916078225 0.4615194847650351 0.7640746437500001 0.46322408125000003 0.7661358912046776 0.4847553074224648
0 0.8366467126491441 0.4288897807698544 0.6555149504313321 0.42880080989906516 0.6554675815321882 0.5252370041292108 0.8365993437500002 0.5253259750000001
0 0.8610849827465715 0.47924840654839207 0.8461299088004036 0.32525334580873094 0.7519097356117725 0.33440344225006324 0.7668648095579405 0.48839850298972437
0 0.7096157662283196 0.48603403918052573 0.7094421859375 0.4587132234375001 0.6521495302677018 0.459077227057543 0.6523231105585213 0.48639804280056864
0 0.7203643927559698 0.4564536438040851 0.7201612132766159 0.40936528776288883 0.6479135096603663 0.40967702620609164 0.6481166891397202 0.4567653822472879
0 0.9248033851667092 0.7689612038961723 0.7918026218749998 0.7661945609374999 0.7911836085832905 0.7959523726663277 0.9241843718749999 0.798719015625