0 0.6206134249999999 0.9837316625 0.6071768574640009 0.8070453371255336 0.4007438001138263 0.822744071653346 0.4141803676498254 0.9994303970278123
0 0.4942603 0.7285269171875 0.48417004738044156 0.599528829272551 0.3897346834443768 0.606915579678984 0.39982493606393527 0.735913667593933
0 0.6464872554481206 0.5170418911307599 0.3812182875 0.4956093375000001 0.3740745469332099 0.5840268317514467 0.6393435148813305 0.6054593853822064
0 0.8616140177542324 0.8950959953570982 0.6333572921875001 0.8766533296875 0.6247843054505695 0.9827573992377376 0.8530410310173016 1.0012000649073358
0 0.6476752363818792 0.7380777383973434 0.6205975687500002 0.7358891593750002 0.6191672114903828 0.7535859105890821 0.6462448791222618 0.7557744896114252
0 0.8565632883292086 0.7579776348675257 0.6251717790840734 0.7357268212705421 0.6123493473023603 0.8690703428110588 0.8437408565474955 0.8913211564080423
0 0.739215202845753 0.6342585947662969 0.6595125000000002 0.6278200875000002 0.6541163940292473 0.6946188364837033 0.7338190968750001 0.7010573437500001
0 0.8378168945912583 0.6421845222860035 0.6119893585374507 0.6244007044419859 0.6034154030086923 0.7332769462184825 0.8292429390624998 0.7510607640625001
0 0.68433819375 0.6081020843749999 0.6785916356647208 0.5346647409819643 0.6508465281250001 0.5368358281250001 0.6565930862102793 0.6102731715180358
0 0.7367267359374999 0.6114880796875 0.7308901435544914 0.5368865349849337 0.6833230328125 0.5406080375 0.6891596251955084 0.6152095822025664
0 0.8161043984375 0.6180313015625 0.8055003987369533 0.4905280088400935 0.7132649810825435 0.4981989036091921 0.7238689807830903 0.6257021963315986
0 0.8133966843833808 0.4002414050864795 0.6722609953124999 0.39190937500000006 0.6662798187416193 0.49322411678852063 0.8074155078125 0.501556146875
0 0.7860702546874999 0.24599692656249994 0.771077647946847 0.07758158913380879 0.6802917086785809 0.08566350082790393 0.695284315419234 0.25407883825659505
0 0.6917978 0.24139592343749997 0.6769086581271819 0.0699393489112439 0.5617893852648814 0.0799362078283102 0.5766785271376995 0.2513927823545663
0 0.5102446765625 0.29056530468749997 0.5080230334498738 0.2621658755724047 0.4895325234375001 0.263612359375 0.4917541665501264 0.29201178849009524
0 0.5202639835898449 0.35897398766195554 0.49898993125 0.35725531093750007 0.4975480500531283 0.3751031444559324 0.5188221023929733 0.3768218211803879
0 0.5321372687500001 0.48852121875000004 0.5271789177601442 0.4293319470088323 0.5016943786672213 0.4314668151347655 0.5066527296570771 0.4906560868759332
0 0.5036107640624999 0.485504 0.49655237946467573 0.40817177322207165 0.4503809315928654 0.4123860038228985 0.45743931619068967 0.48971823060082686
0 0.46658347051462046 0.37636483649093655 0.3708859953125001 0.3711440984375 0.36509253579847717 0.4773397057449295 0.4607900110005976 0.4825604437983661
0 0.5799335656250001 0.49184729843749986 0.5624747438027127 0.29834090982425593 0.4610924099697729 0.3074879778616562 0.4785512317920603 0.5009943664749003
0 0.44467095 0.2574124875 0.4297898159432087 0.06378105143088406 0.34073888906250005 0.070624871875 0.3556200231192913 0.2642563079441159
0 0.5620896984374999 0.30087642656249997 0.5413157332442685 0.06515925892208228 0.4331742818837146 0.07468986192821003 0.45394824707694603 0.3104070295686277
0 0.5211955681379852 0.26588482775815214 0.35976470000000005 0.2569286390625 0.3536701109246396 0.36678059046871964 0.5151009790626248 0.37573677916437176
0 0.6154606717074639 0.4038328335529432 0.5909774296874999 0.4018556203125 0.589858078292536 0.4157162148845569 0.6143413203125 0.4176934281250001
0 0.6129692129657824 0.3850283973055056 0.5888013890625 0.3830731734375 0.587604740717149 0.39786451623861796 0.6117725646204314 0.39981974010662347
0 0.7991458289590072 0.41041065827236733 0.7840222047056031 0.22103306304094597 0.5762605328125001 0.2376248328125 0.5913841570659041 0.4270024280439214
0 0.7202604251635036 0.4278575976442401 0.5935208328125002 0.4195048609375001 0.5862321670239966 0.5300988570432601 0.712971759375 0.5384515937500001
0 0.3903866890625 0.9683787421875 0.38246215545183515 0.8312195937963835 0.3598178456329519 0.8325278958407966 0.36774237924361675 0.969687044231913
0 0.5485031306817234 0.028440903444638364 0.4284456671875 0.022215701562500058 0.4270049503660145 0.05000095422993574 0.5470624138602379 0.056226156112074044
0 0.6667262020447671 0.034570987778145365 0.549655634375 0.02850066250000007 0.5483489419708993 0.053701160744893915 0.6654195096406663 0.05977148602303921
0 0.5646025262331956 0.8172268775255077 0.5390099531250001 0.8151589765624999 0.5373141162961413 0.8361468424219025 0.5629066894043369 0.8382147433849102
0 0.55894615290838 0.7373384291107277 0.5349765046875002 0.7354011187500001 0.5334577601360718 0.7541920019110472 0.5574274083569516 0.7561293122717747
0 0.60610601875 0.8112245109374999 0.5906515223055286 0.6171114121121991 0.4899725804843092 0.6251270605039106 0.5054270769287805 0.8192401593292115
0 0.5658361757326511 0.738161431605061 0.3982594906250002 0.7250681328125002 0.3904839730745262 0.8245843415806926 0.5580606581821771 0.8376776403732533
0 0.554628663837778 0.675678170177798 0.5505206247813924 0.6150129433222372 0.5218313140686143 0.6169556840819393 0.5259393531249998 0.6776209109375001
0 0.5242911276462557 0.6875860279662743 0.5189510868914831 0.6098439737673391 0.4695199944597361 0.6132393567535284 0.4748600352145087 0.6909814109524635
0 0.9010751156250001 0.8996820859375001 0.8861968076351803 0.7569086416901314 0.855150009218495 0.7601440040600478 0.870028317208315 0.9029174483074165