0 0.6798903765564681 0.9332301361779767 0.6739052312500001 0.8468572093750002 0.464386567193532 0.8613756435095237 0.4703717125000001 0.9477485703125001
0 0.45904495567092035 0.821582652700277 0.4560457859374999 0.778278275 0.40873860057907957 0.7815546707372231 0.41173777031250003 0.8248590484375
0 0.5938601684867514 0.7429135130768346 0.5906300515625 0.6963034796874997 0.5247024955757486 0.7008723181731651 0.5279326124999999 0.7474823515625
0 0.6748599736117684 0.8384619679016068 0.6741378703124999 0.7930352843749999 0.6442361623257316 0.7935106024108931 0.6449582656249999 0.8389372859374999
0 0.6737072749314054 0.7891088974604623 0.6730136953124999 0.7455464093749999 0.6434814141310945 0.7460166072270378 0.6441749937499999 0.7895790953125001
0 0.638704641907618 0.840217161210329 0.6380182687499999 0.79700969375 0.6014691439195551 0.7975902956619514 0.6021555170771732 0.8407977631222805
0 0.6390406431059137 0.7915406606699594 0.63835215 0.7483131 0.6014317537690863 0.7489011377675404 0.602120246875 0.7921286984375
0 0.5996492200883438 0.8420755193588472 0.5966985203124999 0.7995077671874999 0.5479501080366563 0.8028868962661525 0.5509008078125002 0.8454546484374997
0 0.5988955418472183 0.7934551770460665 0.5959208902041653 0.750519918248122 0.5471541952319469 0.7538985849520554 0.550128846875 0.7968338437499998
0 0.6729587066518165 0.7422468972181206 0.670726771875 0.6018880187500001 0.5943064574106836 0.6031032262193794 0.5965383921875 0.7434621046875
0 0.44993758206767465 0.3314739764038284 0.4426328733372012 0.22607043136523583 0.23690191470702646 0.24032806121140737 0.2442066234375 0.34573160624999993
0 0.4422121043796904 0.21705494813659562 0.4361809843750001 0.1300225453125 0.23579717999530972 0.14390862373840435 0.24182829999999997 0.23094102656249996
0 0.440298861790951 0.12300910917150269 0.4340147129817934 0.03232516877651622 0.2334363949408424 0.04622469710501352 0.23972054375000001 0.1369086375
0 0.4519350464817385 0.43103375264091365 0.44565063281249995 0.34035152968750004 0.24261859414326142 0.3544219536090863 0.24890300781249994 0.4451041765624999
0 0.5130162498831786 0.2975166401534605 0.5038308359374999 0.0279502984375 0.4476858393960416 0.029863426875305476 0.45687125334172035 0.299429768591266
0 0.6645840418458525 0.2773193845351717 0.6589501058647069 0.19602729885418185 0.5115215327688545 0.20624481431901018 0.5171554687500001 0.2875369
0 0.658484069090561 0.19705143728619495 0.6556143046875 0.016469015625 0.510459057471939 0.018775781463805048 0.513328821875 0.19935820312500002
0 0.6663661475390957 0.5106403280637466 0.6628743593750002 0.29097184843750007 0.5723966665234044 0.2924100563112534 0.5758884546874999 0.5120785359375
0 0.5622890716577228 0.5201969293770807 0.5548210800403243 0.29749176443248415 0.45676474588260146 0.30077989599290345 0.4642327375 0.5234850609374999
0 0.45785095903655515 0.6414084409418451 0.4513614842672413 0.5477608359449674 0.24783045960568623 0.5618648746906223 0.25431993437500006 0.6555124796875
0 0.45724604370685995 0.5391159329338254 0.4503299011464268 0.4393173964495891 0.2444016543145669 0.45358843851576375 0.251317796875 0.5533869750000001
0 0.5902292895334835 0.6943718389742963 0.5889003256993753 0.610787645431897 0.5258461773063791 0.6117901876501488 0.5271751411404872 0.6953743811925481
0 0.676689072869799 0.6132640181453864 0.668666358780414 0.5178145437160203 0.5189935654079036 0.530394833291903 0.5270162794972886 0.6258443077212691
0 0.5446857276836818 0.8490832513294488 0.5379793040953629 0.5245681357410829 0.46362699355600234 0.5261046992639965 0.4703334171443213 0.8506198148523625
0 0.4635064254014771 0.9470251175685428 0.455596321875 0.8278613984375 0.25384721678602296 0.8412535308689572 0.2617573203125 0.9604172500000001
0 0.4286840984698343 0.8571982422611526 0.422224609375 0.753862490625 0.25328556403016567 0.7644228233638475 0.25974505312499996 0.8677585750000002
0 0.4554086842112318 0.7745127798486402 0.45255160468750005 0.6488397953125002 0.2548616791690881 0.6533341251028799 0.2577187586928198 0.77900710963902