0 0.5191754437499999 0.07938592656250006 0.31531070082912943 0.07238011900310769 0.31234407343750004 0.15870717343750002 0.5162088163583706 0.1657129809968924
0 0.5709298390625002 0.20759233281250006 0.5261243989090701 0.20605096443854615 0.5246354687500001 0.24933209843750004 0.5694409089034301 0.25087346681145395
0 0.45183316093750003 0.2725381484375 0.38868476409475516 0.27036847731655056 0.38708417187500005 0.3169538015625001 0.4502325687177449 0.31912347268344965
0 0.34061264218750004 0.16956338281250005 0.31091028084258837 0.1684961032136844 0.3093403442748 0.21218739392774477 0.33904270561971167 0.21325467352656044
0 0.3388453703125 0.2187109140625001 0.3095099748182664 0.2176575639908811 0.30800710985756746 0.2595117767397051 0.33734250535180105 0.2605651268113241
0 0.38311150625 0.17212478906250003 0.34680604419710714 0.17081992795864123 0.3453274703125001 0.21195864218750002 0.381632932365393 0.2132635032913588
0 0.380638765625 0.22051018437500006 0.34396462215391316 0.21919054700525833 0.34248419411031505 0.26033323643983025 0.3791583375814018 0.261652873809572
0 0.43412756718749995 0.17277729687500004 0.38785114349031563 0.17118809441573382 0.3863900734375 0.2137333953125001 0.4326664971346844 0.21532259777176632
0 0.4323870859375001 0.2211906296875 0.38611149371267617 0.21959981461532627 0.38463629589028886 0.2625121895819926 0.4309118881151128 0.26410300465416636
0 0.3836609015625001 0.2694647046875001 0.3077501318117397 0.26673566349208977 0.30286724344540533 0.4025576566224422 0.3787780131961657 0.40528669781785254
0 0.7122090125 0.7011557406250001 0.513089507050007 0.6943146130453496 0.5094700874981579 0.7996623094286195 0.7085895929481509 0.80650343700827
0 0.70865043125 0.8155137656250002 0.5139017674375479 0.8088218538285827 0.5109127655713732 0.8958080749981574 0.7056614293838254 0.9024999867945749
0 0.7058933953125002 0.9092082593749999 0.5111391945188694 0.9025161270836037 0.5080247718255977 0.993151947798245 0.7027789726192285 0.9998440800896413
0 0.712676753125 0.6018858281250001 0.5154829342192261 0.5951106994039541 0.5123689515625002 0.6857448640625001 0.7095627704682742 0.6925199927835461
0 0.4986906046875002 0.7252371 0.4429198888398182 0.7243386619312068 0.4386189138398181 0.9913225119312068 0.49438962968750005 0.9922209500000001
0 0.43881053125 0.7308790000000001 0.29641607503354045 0.725987133386185 0.2936248183071186 0.8072361769714934 0.4360192745235782 0.8121280435853084
0 0.43805795156249994 0.8189314937500001 0.2938704197160164 0.8137499782375812 0.28767764062701534 0.9860782343189223 0.4318651724734989 0.9912597498313411
0 0.39219574062500007 0.5016103578125001 0.3023212679118176 0.49838029209783336 0.2946277412515671 0.7124476557292234 0.38450221396474954 0.7156777214438901
0 0.503414386749283 0.5009986056947218 0.4060163078125 0.4987627281250001 0.400953736688217 0.7192956896177783 0.49835181562499997 0.7215315671875
0 0.7181519015625 0.3921614078125001 0.5206146499202353 0.38537354101994836 0.5173983953106572 0.4789714438036281 0.7149356469529219 0.4857593105961798
0 0.7158638890625001 0.49399340781250006 0.516259765834075 0.48713537819954017 0.5128326896415933 0.5868810161222238 0.7124368128700185 0.5937390457351837
0 0.450058276166737 0.3244117119217006 0.38726961718749997 0.32203395000000007 0.38415911914576306 0.40417169432829947 0.44694777812500003 0.40654945625000005
0 0.4476052950156739 0.3935747318404986 0.3023546129867329 0.390728646687593 0.30048107109605904 0.48634533515959444 0.44573175312500013 0.4891914203125001
0 0.513787879654336 0.17541652202094776 0.4402399896442878 0.1732240481214578 0.43065713498995184 0.49468682141301007 0.5042050250000001 0.49687929531249997
0 0.7277462853187552 0.08833682108345975 0.5316301109375001 0.08102476562500008 0.5271915381111978 0.20007144509184052 0.7233077124924528 0.2073835005503002
0 0.7247462260705435 0.18065170168027583 0.5607696947226922 0.1739019293111452 0.5565228076725011 0.2770742689742318 0.7204993390203523 0.2838240413433625
0 0.7214248774130811 0.25976276897470296 0.5250475671875 0.2540010375000001 0.5213698007119189 0.3793504904002972 0.7177471109375 0.3851122218750001