0 0.15664101587768933 0.6856917223028316 0.15330156250000004 0.4944250000000001 0.07246367162231072 0.49583640269716855 0.07580312500000001 0.687103125
0 0.23104942103840287 0.4820239762863771 0.2303125 0.4398890625 0.18978339146159715 0.44059789871362287 0.19052031249999998 0.4827328125
0 0.3009169079559175 0.6068556140506969 0.29988125000000004 0.5475328125000001 0.25625809204408256 0.5482943859493032 0.25729375000000004 0.6076171875
0 0.20692577567794052 0.6850633857455413 0.20627812415333854 0.6572484011380468 0.165247660975398 0.6582037653925055 0.1658953125 0.6860187499999999
0 0.2512184703736198 0.6836884426210108 0.2505781241514925 0.6562171510984485 0.21127059127787273 0.6571333959774376 0.21191093749999998 0.6846046874999999
0 0.20500221111806108 0.6514407153824878 0.20421093749999994 0.6174421874999999 0.1655446638819389 0.6183420971175121 0.1663359375 0.652340625
0 0.2503553505611268 0.6514156339754016 0.2495546138302729 0.6170718402874373 0.2108867632691461 0.6179733938120358 0.21168749999999997 0.6523171874999999
0 0.20447749040747482 0.6132006784676239 0.20371718750000004 0.5696921875000001 0.16387719709252518 0.5703883840323761 0.16463750000000002 0.613896875
0 0.2501525115660953 0.6121398719640603 0.24939375000000003 0.5686296875000001 0.2092099611942014 0.5693304410109652 0.2099687227602967 0.6128406254750254
0 0.3854164748057786 0.6805606492570412 0.38376086475869303 0.6094734391941337 0.2562787649529144 0.6124424774370926 0.257934375 0.6835296875000001
0 0.7461443785061544 0.4660557702818931 0.74288125 0.27915781249999994 0.6442321839938456 0.2808801672181069 0.6474953125 0.467778125
0 0.8359332656244416 0.45928292707691354 0.8327437500000002 0.27654999999999996 0.7512886093755586 0.2779717604230866 0.754478125 0.4607046875000001
0 0.927052401529844 0.45661309234038694 0.9238640625000001 0.27385781249999996 0.8389913761965744 0.2753384969351925 0.8421797152264183 0.45809377677557944
0 0.6395320491464689 0.4695760694008186 0.6363015625 0.284540625 0.5514304508535313 0.2860223680991814 0.5546609375000001 0.47105781249999995
0 0.9289959965045742 0.5210764647960239 0.9268359374999999 0.4689124999999999 0.67707927586305 0.4792546802393837 0.6792393348676244 0.5314186450354077
0 0.7636796000115778 0.6672411305021904 0.761346875 0.5335609375 0.6852641232066738 0.5348885847308432 0.6875968482182516 0.6685687777330337
0 0.93189807229365 0.6624332744233143 0.9287546875 0.5274078125 0.76681911520635 0.5311776630766858 0.7699625 0.6662031250000001
0 0.6755221232652018 0.6710979819217308 0.6735624636385703 0.5869343758466371 0.4727606528733686 0.5916098314249064 0.4747203125 0.6757734375
0 0.6773348092957567 0.5703620861904298 0.6736113266686989 0.47925529702922604 0.4661952673729422 0.4877322733387963 0.46991875 0.5788390625000001
0 0.4460323539309761 0.47634523252138444 0.442796875 0.290971875 0.3551504585690237 0.2925016424786156 0.3583859374999999 0.47787499999999994
0 0.5471094489942694 0.474666241289391 0.5438390624999999 0.28733749999999997 0.45043583623590566 0.28896813418668577 0.45370622273017513 0.47629687547607674
0 0.38311592546136214 0.6043444538946472 0.38175000000000003 0.5456906250000001 0.3042856370386379 0.547494608605353 0.30565156250000003 0.6061484375000001
0 0.4629714463678253 0.6781955654123266 0.4590484374999999 0.5422499999999999 0.3696691461789866 0.5448292364126684 0.3735921550468119 0.6807748018249951
0 0.4653389610011499 0.5563150811173289 0.46340000000000003 0.4871734375000001 0.16206103899885013 0.49562398138267116 0.16399999999999998 0.5647656249999999
0 0.18520803162367422 0.4817039528278465 0.18050246258392266 0.2983563766383365 0.06869599346024846 0.30122586131049 0.0734015625 0.48457343750000004
0 0.25543067995136415 0.45055299482104727 0.2534484375 0.296825 0.1568425868890335 0.29807068214367277 0.15882482934039763 0.4517986769647201
0 0.35182569841852074 0.47911284160532314 0.34859062500000004 0.29378125 0.23215398908147936 0.295813720894677 0.23538906250000005 0.4811453125000001