0 0.14461250000000006 0.3114125 0.06378437500000005 0.3114125 0.06378437500000006 0.502209375 0.14461250000000006 0.502209375
0 0.2225453125000001 0.5130312499999999 0.18202031250000003 0.5130312499999999 0.18202031250000006 0.55493125 0.2225453125000001 0.55493125
0 0.2902062500000001 0.38664375 0.2465875000000001 0.38664375 0.2465875000000001 0.44571249999999996 0.2902062500000001 0.44571249999999996
0 0.19472656250000003 0.3104 0.15385781250000002 0.3104 0.15385781250000002 0.33821875 0.19472656250000003 0.33821875
0 0.2390265625 0.31074375 0.19987812500000005 0.31074375 0.19987812500000005 0.33821875 0.2390265625 0.33821875
0 0.19335312500000004 0.34405625 0.15488593750000004 0.34405625 0.15488593750000004 0.378059375 0.19335312500000004 0.378059375
0 0.23868750000000002 0.3430234375 0.20021874999999997 0.3430234375 0.20021875000000003 0.37737031249999997 0.23868750000000008 0.37737031249999997
0 0.19369531250000005 0.3825234375 0.15385781250000002 0.3825234375 0.15385781250000002 0.4258 0.19369531250000005 0.4258
0 0.2393703125000001 0.3825234375 0.19919062500000004 0.3825234375 0.19919062500000004 0.4258 0.2393703125000001 0.4258
0 0.37297187500000006 0.31074843750000003 0.24590312499999997 0.3107484375 0.24590312500000003 0.38184375000000004 0.37297187500000006 0.3818437500000001
0 0.737709375 0.5173468750000001 0.6390703125 0.517346875 0.6390703125 0.7036718750000002 0.737709375 0.7036718750000002
0 0.82758125 0.5219281250000002 0.746134375 0.5219281250000002 0.746134375 0.7041875000000002 0.82758125 0.7041875000000002
0 0.9187109375 0.5224984375000001 0.8338468750000001 0.5224984375000001 0.8338468750000001 0.7047593750000002 0.9187109375 0.7047593750000002
0 0.6310781249999999 0.5162296875 0.546215625 0.5162296875 0.546215625 0.7007703125 0.6310781249999999 0.7007703125
0 0.9192234646519937 0.4575139955490853 0.6693907602512107 0.4529894068789836 0.6684454205992171 0.5051879113298984 0.9182781250000002 0.5097125000000001
0 0.751728125 0.3157046875000001 0.675653125 0.3157046875000001 0.675653125 0.44894218750000003 0.751728125 0.44894218750000014
0 0.9191750000000001 0.3161546875000001 0.7580265625 0.3161546875000001 0.7580265625 0.45119843750000016 0.9191750000000001 0.45119843750000016
0 0.6630484375 0.3134578125000001 0.4627359375 0.3134578125000001 0.4627359375 0.3976312500000001 0.6630484375 0.3976312500000001
0 0.666584142486301 0.41410156811031495 0.45962812499999994 0.4104640625 0.45802579237199204 0.5016288371853033 0.6649818098582931 0.5052663427956181
0 0.437540625 0.51398125 0.3499031250000001 0.51398125 0.3499031250000001 0.69884375 0.437540625 0.69884375
0 0.5386046875 0.513340625 0.4452109375 0.513340625 0.4452109375 0.7001265625 0.5386046875 0.7001265625
0 0.3720734375000001 0.38698750000000004 0.2949500000000001 0.3869875 0.2949500000000001 0.44565 0.3720734375000001 0.44565
0 0.45015812276928563 0.31130307665898277 0.3609591824252045 0.3108057976911951 0.36020105965591886 0.4467933460322123 0.4494000000000001 0.44729062500000005
0 0.45503962014129434 0.43307863525773166 0.15408125000000003 0.4316484375 0.15375256735870585 0.5008135522422684 0.4547109375000001 0.5022437500000001
0 0.1764937999884518 0.5141830448037132 0.06491718750000006 0.513915625 0.06447766392667358 0.6972997676089248 0.17605427641512533 0.697567187412638
0 0.24816562500000003 0.6973999999999999 0.24746728512764013 0.5438043726924977 0.15087549931718305 0.5442435381593561 0.15157383918954295 0.6978391654668583
0 0.3433218750000001 0.513575 0.2268984375000001 0.513575 0.2268984375000001 0.6982265625 0.3433218750000001 0.6982265625