0 0.458955322991588 0.006799337699475145 0.171469071875 0.002540282812500021 0.16957883794591194 0.13013109355052493 0.4570650890625 0.13439014843750005
0 0.4622006088572242 0.1389203265635972 0.1712296921875 0.13460964687500004 0.16830472395527585 0.3320450281239028 0.45927564062500004 0.3363557078125
0 0.739860766756083 0.010960899796289215 0.55822165 0.008269950000000066 0.5557266457439168 0.1766827423912109 0.7373657624999999 0.17937369218750004
0 0.7394826872544709 0.1958644886844018 0.55536605625 0.19450066093750004 0.553871303370529 0.39629217381559834 0.7379879343749999 0.3976560015625
0 0.7376389019031884 0.6036844503282275 0.6667466968750001 0.6031593234375002 0.6660625230968119 0.6955228809217728 0.7369547281250001 0.6960480078125001
0 0.7365754416695214 0.7013831806604073 0.6164753078125002 0.6996039203125001 0.615611714580479 0.7578964927770929 0.7357118484375003 0.7596757531250001
0 0.7368333968343969 0.767306606088329 0.6148513296875 0.7654994640625 0.6140383094156034 0.8203783235991713 0.7360203765625002 0.8221854656250003
0 0.6570867853411 0.6045335610194206 0.5619278984375 0.6031238 0.5606237271589002 0.6911553780430796 0.6557826140625 0.6925651390625002
0 0.7380232434345166 0.6032990756290493 0.6656051812500002 0.6027626453125001 0.6649152971904837 0.695896954058451 0.7373333593750002 0.6964333843750001
0 0.7357994332379927 0.8320836214883224 0.6158972125000001 0.8303072921875 0.6146665214495074 0.9133789331991776 0.7345687421875 0.9151552625000001
0 0.6034929464414678 0.8053668520904402 0.5520382328125001 0.8049857062499999 0.5512309301210323 0.9139716229095599 0.6026856437500001 0.9143527687500003
0 0.5433693402537493 0.8670204570760314 0.2930606328125001 0.8633121812499999 0.2923778519337509 0.9093999069864684 0.5426865593750001 0.9131081828125
0 0.28338551548694435 0.8602080393269509 0.17075953906250013 0.85853950625 0.17005046576305588 0.9064019512980492 0.2826764421875001 0.908070484375
0 0.262513632508076 0.598015831439549 0.17269427187500003 0.597350503125 0.17121859249192412 0.7965673044979511 0.2610379531250001 0.7972326328125
0 0.45692589803260075 0.6020704208134128 0.366510284375 0.601400675 0.36503458321739934 0.8006201744990872 0.4554501968750001 0.8012899203124999
0 0.3570745377384991 0.5988491891306379 0.27020722812500003 0.5982057281250001 0.268718563824001 0.7991755796193621 0.3555858734375001 0.799819040625
0 0.45888818347570054 0.34391437189951385 0.17223164062500004 0.33966760781250005 0.16858138527429964 0.5860598156004864 0.45523792812500014 0.5903065796875001
0 0.745231083774706 0.011040461392423801 0.18002948713659153 0.002667103772159671 0.1676187314443787 0.8403930496637493 0.7328203280824932 0.8487664072840134