0 0.4111406671607263 0.08366107370587063 0.12748553593750003 0.06806429375000002 0.12011142190177389 0.20217564816912947 0.4037665531250001 0.21777242812500006
0 0.4083436708288278 0.2224345237883699 0.12140418125000005 0.20665525468750007 0.11068380522663857 0.40160086367434966 0.39762329480546627 0.4173801327752195
0 0.6883482395154268 0.09963630618184305 0.509255028125 0.08978723281250006 0.4997030776623775 0.26347763182182904 0.6787962890528043 0.273326705191172
0 0.68019501611134 0.289989821091407 0.4983936703200328 0.28105333265926025 0.4886119885836928 0.4800490475053533 0.6704133343750001 0.48898553593750005
0 0.6615704234321298 0.6926163820034426 0.5915673146509544 0.6891754798196782 0.5870892084063246 0.7802798884412356 0.6570923171875 0.7837207906250001
0 0.6564048904807356 0.7889724827319611 0.5379335593750001 0.7824589828125001 0.5347690079567646 0.8400176875805391 0.6532403390625001 0.8465311875000003
0 0.6539481191657577 0.8541080135878516 0.5336117515625001 0.8474903953124999 0.5306319001320456 0.901676732785886 0.6509682677353033 0.9082943510612378
0 0.5818309436734151 0.6901429104585433 0.4880279093750001 0.6849865531250001 0.4832499610140852 0.7719056754789569 0.5770529953125002 0.7770620328125002
0 0.6619640602378638 0.6922502817156498 0.5904542359918403 0.6887369791346097 0.5859406835664766 0.78060590679396 0.6574505078125 0.7841192093750001
0 0.6502101191961487 0.9180562601489528 0.53197276875 0.9115549156249999 0.5274627622933847 0.9935765977494512 0.6457001127395334 1.000077942273404
0 0.5207432556009459 0.8865047343901391 0.46993683593750013 0.8840071187499999 0.4646495115865544 0.991561706234861 0.5154559312500001 0.9940593218750001
0 0.45874257403911284 0.9449425531869471 0.2117090406250001 0.9313589828125 0.20920680564367733 0.9768651297112108 0.45624033905779016 0.9904487000856579
0 0.20220464230391197 0.9279045986601009 0.0910949156250001 0.9217943515625 0.08849594261848892 0.9690544992761195 0.1996056692974008 0.9751647463737203
0 0.19246379840062464 0.6682065855377065 0.10377310781250007 0.6638470062499999 0.0941090844118755 0.8604505894622936 0.18279977500000005 0.8648101687499998
0 0.3843420510773019 0.6799206944785887 0.2950609031250001 0.675532090625 0.2853967051726983 0.8721391930214114 0.37467785312500007 0.8765277968750003
0 0.285840139689265 0.6727751882316468 0.2000644062500001 0.6685588703125 0.1903150009357352 0.8668983711433533 0.2760907343750001 0.8711146890625001
0 0.3965441096786281 0.4248096373117288 0.11394022656250005 0.40926994375000003 0.10056278407137201 0.6525512658132712 0.38316666718750003 0.668090959375
0 0.7015306591287116 0.10283812871724181 0.14694327659820963 0.06407057819669873 0.08831408895532407 0.9027876825318766 0.642901471485826 0.9415552330524196