0 0.40259930958658907 0.16963776049597964 0.400700025 0.0414360390625 0.12046960603841086 0.04558760044152035 0.12236889062499998 0.173789321875
0 0.39910761126503763 0.3602882449129536 0.3963468140625 0.1739344875 0.10900147935996236 0.17819145664954644 0.11176227656250001 0.36454521406250007
0 0.6682336975600413 0.20424162302463741 0.6657739171875001 0.03820645625 0.4830291446274589 0.04091378635036256 0.485488925 0.206948953125
0 0.6570414624999998 0.2212303156250001 0.48385752961083905 0.21096756376058634 0.47187501249999997 0.413172534375 0.6450589453891608 0.4234352862394138
0 0.6353681953125001 0.6057154640625 0.5686855111258781 0.6017638974231819 0.56325065 0.6934771750000001 0.629933334186622 0.6974287416393181
0 0.6300135347554204 0.7525619331481223 0.6291984125 0.697541196875 0.5120559105570797 0.6992766418518779 0.5128710328125001 0.7542973781250001
0 0.6270043652760575 0.8116033752979694 0.626236978125 0.75980475 0.5075314097239425 0.7615633512645306 0.508298796875 0.8133619765625
0 0.5598064289506535 0.6913758727563674 0.5585754578125 0.6082853187499999 0.46312460854934656 0.6096994053686327 0.4643555796875001 0.692789959375
0 0.6357498437500001 0.6053513593750001 0.5676319075006776 0.6013147408765259 0.5621482203125 0.6938519609375 0.6302661565618225 0.6978885794359743
0 0.6230505887403676 0.8994338522348524 0.6218889734375 0.8210248437499998 0.5033728721971324 0.8227806383901477 0.5045344875 0.9011896468750002
0 0.49865779218750006 0.7998431093749999 0.45025841903586644 0.7969749984280143 0.4439651640625 0.9031736781250002 0.4923645372141336 0.9060417890719858
0 0.4391322769129447 0.9029095313445495 0.43848781875 0.8594086093750001 0.1990922418370553 0.8629552108429506 0.19973670000000002 0.9064561328125
0 0.193655638544705 0.9054270758558675 0.19298636406249997 0.8602510453124997 0.08356237551779497 0.8618721413316324 0.08423164999999999 0.9070481718750001
0 0.18639240000000007 0.6137926531249999 0.10190644103203805 0.6087860780915069 0.09041866406250007 0.8026423265624999 0.17490462303046211 0.8076489015959929
0 0.37001634062500016 0.6121849562500001 0.28496953324900487 0.6071451461036883 0.27347938906250013 0.8010413546875 0.35852619643849537 0.8060811648338119
0 0.2757630593750002 0.6119123140625 0.19405386033227973 0.6070702876724124 0.18247890781250004 0.8023976203125001 0.26418810685522043 0.8072396467025877
0 0.3862760627992792 0.6002319597363273 0.38283068906249995 0.367669215625 0.09647829032572078 0.3719114730761726 0.0999236640625 0.6044742171874999
0 0.6682826723107888 0.05155833578631066 0.13569666572470973 0.01887817384785611 0.08507342444620339 0.8438811210100665 0.6176594310322824 0.8765612829485212