0 0.21245928125 0.412964884375 0.1972375453569865 0.1364402607968342 0.07270021093750001 0.143295615625 0.08792194683051349 0.4198202392031659
0 0.398800421875 0.425132759375 0.383108047930379 0.14009247029963762 0.2020810389089879 0.15005858255996052 0.21777341285360893 0.4350988716353229
0 0.2643201484375 0.6730499062499999 0.2542687119241657 0.4904808063623137 0.0929795359375 0.499360665625 0.10303097245083426 0.6819297655126862
0 0.47358120954519656 0.5159061172237085 0.2715349156250001 0.5064040546874999 0.26360254506898273 0.6750733374603433 0.4656488389891793 0.6845753999965518
0 0.7438531245165535 0.6336511678258907 0.6525350203125 0.6293564343749999 0.6494806286084465 0.6943013868616094 0.7407987328125001 0.6985961203125001
0 0.7994319609374999 0.7006460734375 0.7930673291503622 0.5850121518598955 0.7396176171875 0.5879540890624999 0.7459822489746377 0.7035880106401043
0 0.8570906125000002 0.7040662796875 0.8506454471372432 0.5869970217609286 0.8003290077267378 0.5897671578172216 0.8067741730894948 0.706836415743793
0 0.7345809062500002 0.6237574296875 0.7293368546902359 0.5284974498893874 0.648622899447176 0.5329407443744812 0.6538669510069403 0.6282007241725939
0 0.7442884078950224 0.6326194798402964 0.6521257375 0.628286275 0.6490064233549778 0.6946307779722035 0.7411690937500002 0.6989639828125
0 0.9427762656249999 0.7073946906249999 0.9363040851670943 0.58978885059906 0.860136075 0.593980590625 0.8666082554579055 0.71158643065094
0 0.9393742029889204 0.5389074588297157 0.8344205703125 0.5339719890625002 0.8322039613430581 0.5811085686666176 0.9371575940194784 0.5860440384338331
0 0.9337870250000002 0.53079538125 0.9208814824383419 0.29635574827031136 0.8786239453125002 0.2986819609375 0.8915294878741585 0.5331215939171886
0 0.9195170875 0.29137723906250007 0.9135814265630126 0.18353307361937238 0.8696950421875 0.18594854687499998 0.8756307031244874 0.2937927123181276
0 0.8203668805194384 0.18362750282530463 0.6288914546874999 0.17462413281250005 0.6250223585430614 0.25690852529969554 0.816497784375 0.26591189531250015
0 0.8313315404971764 0.3621102098103083 0.63979841875 0.3531041843750001 0.6359035876278234 0.43593641362719177 0.8274367093749999 0.44494243906250003
0 0.8261257346674812 0.27343085870637485 0.6332885015625 0.26436187343750006 0.6295459950200192 0.3439401928561253 0.8223832281250001 0.3530091781250001
0 0.6328515828124999 0.43415998593749994 0.6171462316439948 0.14883206065956686 0.39122911406249994 0.16126725312499998 0.40693446523100496 0.446595178402933
0 0.8806267072381037 0.6799667497752899 0.8517975708830117 0.1788430363992989 0.07569131407002647 0.2234916381447008 0.1045204504251184 0.7246153515206918