0 0.1891427408741693 0.1663574121198042 0.0656046877114193 0.16492029432590172 0.06256507183725005 0.42621288220609754 0.18610312500000004 0.42765000000000003
0 0.3727527800920389 0.16990872924375947 0.1931765625 0.16781875000000004 0.19010034490796116 0.4321350207562407 0.3696765625 0.4342250000000002
0 0.22218115417882425 0.5184982435613466 0.06218437500000007 0.5166359375 0.06026415832117591 0.6816080064386535 0.22026093750000006 0.6834703125
0 0.42162814461203535 0.5215685534358078 0.23839218750000005 0.5183703125 0.23547029288796475 0.6857736340641922 0.41870625000000006 0.688971875
0 0.691153295131619 0.630320584032653 0.6072640625 0.6288562500000001 0.606138892368381 0.6933153534673471 0.6900281250000001 0.6947796875
0 0.7491801490119566 0.5859556800330552 0.6961593752113133 0.5853390443304618 0.694890163699357 0.6944708642974067 0.7479109375000002 0.6950875000000002
0 0.8060252591589409 0.5859328392789331 0.7561109375000001 0.5853515625000001 0.7548200533410594 0.696199973221067 0.8047343750000001 0.69678125
0 0.6898194762707021 0.5345034702442231 0.6097531070334758 0.5335718566104541 0.6087476932627738 0.6199808863662312 0.6888140625 0.6209125
0 0.6915215879483334 0.629286393876698 0.6069296875000001 0.6278093750000001 0.6057799745516668 0.6936557936233021 0.6903718750000001 0.6951328125
0 0.8905644889960559 0.5886465325789891 0.815009375 0.5877671875000001 0.813741761003944 0.6966831549210111 0.889296875 0.6975625000000001
0 0.8925592610921742 0.5308750863335643 0.7935218749999999 0.5291453125000001 0.7927047741257308 0.5759280381899303 0.8917421602179051 0.5776578120234946
0 0.8946997079052001 0.29553000342945823 0.8527812500000002 0.2950421875000001 0.8501331045948 0.5225996840705419 0.8920515625000001 0.5230875000000001
0 0.8949170015634793 0.18426482969992217 0.8513828125000001 0.18375781250000012 0.850190810936521 0.286107045300078 0.8937250000000002 0.2866140625000001
0 0.794898012900626 0.1827723774119783 0.6138640625 0.17961093750000007 0.6124378973213754 0.2612776221116596 0.7934718477220013 0.2644390620236378
0 0.7939208861896374 0.35904898048912665 0.6128843749999999 0.3558890625000001 0.6114494263103626 0.4380994570108735 0.7924859375000001 0.4412593750000001
0 0.7949292266550511 0.2714642639051873 0.6122968750000001 0.2682750000000001 0.6109176215440492 0.34725758334124157 0.7935499731991001 0.3504468472464288
0 0.6036932896503712 0.17597335379810386 0.3795921693205955 0.17336562478845732 0.37656294217022446 0.4336891459903535 0.6006640625000002 0.43629687500000003
0 0.9907851440983659 0.5011453495405173 0.7842792019326827 0.07882046948924266 0.032085067957182335 0.4466239441726473 0.23859101012286557 0.868948824223922