0 0.9374333658240939 0.4087566417633165 0.9343937499999999 0.147465625 0.8108556968873277 0.14890275141089065 0.8138953127114217 0.4101937681742072
0 0.8098980746934386 0.41468036405324293 0.8068218750000001 0.1503640625 0.6272472378065614 0.1524540109467571 0.6303234375 0.4167703125
0 0.9397342701742868 0.6641548789212446 0.937815625 0.4991812500000001 0.7778203991562782 0.5010419962900664 0.7797390443305648 0.6660156252113109
0 0.7645297071120352 0.6683189465641923 0.7616078125 0.500915625 0.5783718553879648 0.5041138659358076 0.5812937499999999 0.6715171875
0 0.3938610798896614 0.6758590766772767 0.3927359375 0.6114015624999999 0.30884517011033863 0.6128659233227232 0.3099703125 0.6773234375
0 0.30510985468149476 0.6770161947556319 0.30384062500000003 0.5678828125 0.2508198330298184 0.5684994484139065 0.25208906271131315 0.6776328306695384
0 0.2451783884679005 0.6787460092779289 0.2438890625 0.567896875 0.19397629903209948 0.568477428222071 0.195265625 0.6793265625
0 0.39125227995595935 0.6025231640680642 0.39024531250000005 0.5161171875 0.3101789700440407 0.5170502734319359 0.3111859375 0.60345625
0 0.3942199981745802 0.6761995440995161 0.3930702852262468 0.610353125476214 0.3084784120516667 0.611830143876698 0.30962812500000003 0.6776765625000001
0 0.18625823899605584 0.6792284674210111 0.18499062500000002 0.5703125 0.10943394871556193 0.5711918632616179 0.11070156271161775 0.6801078306826289
0 0.2072929240230527 0.5584733951818979 0.20647656250000002 0.5116906250000002 0.10744145097694738 0.5134187923181024 0.1082578125 0.5602015625000001
0 0.14986535298351517 0.5051468684974904 0.14721875 0.27758593749999994 0.10530027222780622 0.2780734621724031 0.10794687521132137 0.5056343931698934
0 0.1498076487877855 0.26865303421735637 0.14861718750000003 0.166303125 0.10508299459500106 0.1668094837427159 0.10627345588278654 0.2691593929600723
0 0.3875598069550829 0.2438229788031802 0.38613434821140086 0.1621562777403801 0.20510266625631793 0.16531611143719988 0.206528125 0.24698281249999998
0 0.3885512302716393 0.42064319140228923 0.3871155699676402 0.3384327861747259 0.20607840219600088 0.3415942822724367 0.20751406249999998 0.4238046875000001
0 0.38908168585350605 0.32980134931094535 0.387703125 0.25082031250000003 0.20507143914649392 0.2540080256890547 0.20644999999999997 0.3329890625
0 0.6234370475104689 0.4162342479657412 0.6204093750000002 0.155909375 0.39630512224219533 0.158515788585548 0.39933279475266414 0.4188406615512892
0 0.9611914253001643 0.4225154558976173 0.1695385488237535 0.15257378249054243 0.03403313242934016 0.5499679725495259 0.8256860089057512 0.8199096459566008