0 0.54545038125 0.7396396828125 0.4627646302610067 0.7380204357942529 0.46029659062499995 0.86404920625 0.5429823416139933 0.865668453268247
0 0.633045090625 0.6595539687499999 0.4635204578125001 0.6595539687499999 0.4635204578125002 0.73234761875 0.6330450906250001 0.73234761875
0 0.701547971875 0.6558333328125 0.6506757796875 0.6558333328125 0.6506757796875 0.6888539687499999 0.701547971875 0.6888539687499999
0 0.6993739562500002 0.6949031750000001 0.6501055612706673 0.6939380340739222 0.6488569656250001 0.757676190625 0.698125360604333 0.758641331551078
0 0.7004786593750001 0.7809190468750001 0.6498218953763523 0.7799270337569342 0.6481818328125001 0.8636761906249999 0.6988385968111478 0.8646682037430657
0 0.6941586125000001 0.8901888890625 0.6444092296875001 0.8901888890625 0.6444092296875001 0.9138936515625 0.6941586125000001 0.9138936515625
0 0.6329555562500001 0.7390714281250002 0.5539477400984423 0.7375247250568827 0.5514597296875002 0.8646158734375 0.6304675458390581 0.8661625765056173
0 0.44341581406249997 0.659573015625 0.2557841265625001 0.659573015625 0.2557841265625001 0.7674428578125 0.4434158140625001 0.7674428578125
0 0.44121228750000013 0.7716111109375 0.2547823625000001 0.7716111109375 0.2547823625000001 0.8650761906250001 0.44121228750000013 0.8650761906250001
0 0.4298872437500001 0.4242873015625001 0.25791983429687476 0.4209203044828883 0.25377548593750004 0.6325904765624999 0.42574289539062543 0.6359574736421117
0 0.5521194 0.4925904765625 0.5154339203125 0.4925904765625 0.5154339203125 0.5218126984375 0.5521194 0.5218126984375
0 0.6555584797989562 0.5211554233091517 0.6537800109374999 0.42508253906250004 0.5148786262112959 0.4276538346937887 0.516657095072752 0.5237267189404402
0 0.655570546875 0.24598095312500007 0.5162453859375 0.24598095312500007 0.5162453859375 0.3299317453125001 0.655570546875 0.3299317453125001
0 0.65423615625 0.3375952375000001 0.5154403890625 0.3375952375000001 0.5154403890625 0.4174952375 0.65423615625 0.4174952375
0 0.6591678421875 0.039225396875000075 0.52159988125 0.03922539687500007 0.52159988125 0.12544603125000006 0.6591678421875 0.1254460312500001
0 0.6604462078125 0.13538095312500006 0.519699646875 0.13538095312500004 0.519699646875 0.2229523812500001 0.6604462078125 0.2229523812500001
0 0.5160579656250002 0.04013492031250006 0.4664166811924164 0.03916290673217558 0.45696466874999997 0.5218825390624999 0.5066059531825837 0.5228545526428244
0 0.43088712500000004 0.30926190468750003 0.25908718281250004 0.3092619046875 0.2590871828125001 0.4153317453125 0.43088712500000004 0.4153317453125
0 0.43449494375000003 0.14756507968750004 0.261315403125 0.14756507968750004 0.261315403125 0.30104127031250005 0.43449494375000003 0.3010412703125001
0 0.43838336250000004 0.041934920312500054 0.37565346396641874 0.04070613138285232 0.3740113474839092 0.12453647672757484 0.4367412460174906 0.1257652656572226
0 0.35717660156250003 0.03967460312500004 0.263845090625 0.039674603125000034 0.263845090625 0.12589682500000005 0.35717660156250003 0.12589682500000005