0 0.8516869538451637 0.557849609608702 0.8504660343749999 0.4754375640624999 0.723396907092336 0.47732007007879773 0.7246178265624998 0.5597321156249999
0 0.7191668781250001 0.47802809375000005 0.6466632793362345 0.4764169029061861 0.6428798875000001 0.6466695609375 0.7153834862887658 0.648280751781314
0 0.6716839296875003 0.6643824312500001 0.6387948686531575 0.6636515640025067 0.6376551687500001 0.7149381140625002 0.6705442297843428 0.7156689813099935
0 0.7410262429331569 0.7120020914338264 0.7402987703125001 0.6628977140625001 0.6759051226918433 0.6638516945036737 0.6766325953125001 0.712956071875
0 0.846680320256724 0.7132144132260299 0.8459323484375 0.6627263015625001 0.761566550055776 0.6639761648989705 0.7623145218750002 0.7144642765625002
0 0.8960526734375 0.6592046296875 0.8724423653290243 0.6586799559236892 0.87133111875 0.708686028125 0.8949414268584757 0.7092107018888109
0 0.850177830134663 0.6450616059900385 0.8490112171875 0.566315271875 0.7209465729903372 0.5682125268224615 0.7221131859375001 0.6469588609374999
0 0.7587376234375001 0.27111424062500006 0.6512975993307238 0.2687266840495962 0.6470995421874999 0.45763921718750017 0.7545395662942761 0.460026773762904
0 0.8560418078125002 0.27058062500000013 0.7629491478568323 0.268511898766493 0.7587832968750001 0.45597515156250007 0.8518759568306681 0.4580438777960073
0 0.6269541618516341 0.43986608774767066 0.6244149796875 0.26847123749999996 0.41042094439836585 0.2716415185023293 0.41296012656250003 0.44303636874999996
0 0.5082396265625 0.5287733343750001 0.4791338429834033 0.5281265391843536 0.47830987968750005 0.5652048875000002 0.5074156632665968 0.5658516826906468
0 0.5100909131470801 0.5307079138851595 0.41447095231821907 0.5268133843760759 0.4087928625000001 0.6662239921875001 0.5044128233288612 0.6701185216965836
0 0.3170311171875001 0.52867189375 0.23341483324920578 0.5268137545723239 0.23029609687500002 0.6671569265625001 0.3139123808132943 0.6690150657401761
0 0.4042973625000002 0.5282854078125001 0.32471573182046554 0.5265169266661369 0.32161030156250014 0.6662612515625 0.4011919322420348 0.6680297327088632
0 0.11316262187500006 0.5330366625 0.02728554149031349 0.5311282829358959 0.02420478125000007 0.6697624937500001 0.11008186163468665 0.6716708733141042
0 0.2103601625000001 0.531607771875 0.12313766950400935 0.5296694942310145 0.11998604062500007 0.6714927921875 0.2072085336209908 0.6734310698314855
0 0.5103373139446885 0.5199666680424135 0.5096043593750001 0.4704922406249999 0.027548268867811608 0.4776338132075864 0.028281223437500003 0.5271082406250001
0 0.40782035781250003 0.27273349843750005 0.3021731622904824 0.27038578293809123 0.2983264765625001 0.44348663750000006 0.4039736720845177 0.4458343529994089
0 0.2938917718750001 0.2744118375000001 0.1410271215592036 0.2710148459278423 0.13713161093750004 0.44631285781249996 0.28999626125329653 0.44970984938465774
0 0.11645188177529113 0.4484335000838337 0.11552566718749997 0.3859140171874999 0.030869179162208844 0.3871681874161662 0.03179539375 0.4496876703125
0 0.11932151875000005 0.27610120781249997 0.03344285689911613 0.274192792353947 0.0313420875 0.368727378125 0.11722074935088393 0.370635793583553