0 0.8613441866503816 0.501306452418565 0.8599234375000002 0.41990625000000004 0.7360370633496185 0.4220685475814352 0.7374578125 0.5034687500000001
0 0.7302796875 0.3374859375000001 0.6586234375 0.3374859375000001 0.6586234375 0.5042093750000001 0.7302796875 0.5042093750000001
0 0.687465625 0.2708734375000001 0.6549609375000001 0.2708734375000001 0.6549609375000001 0.3208812500000001 0.687465625 0.3208812500000001
0 0.7560587505752608 0.31958054746353887 0.7552125000000001 0.27107812500000006 0.6925740619247391 0.27217101503646124 0.6934203125 0.32067343750000005
0 0.8604266674823078 0.3163801202198746 0.85955625 0.26651093750000004 0.777221770017692 0.2679480047801255 0.7780921875 0.31781718750000004
0 0.9089890625000001 0.26976250000000007 0.8856546875 0.26976250000000007 0.8856546875 0.3186843750000001 0.9089890625000001 0.3186843750000001
0 0.8618383313689746 0.41154819689587985 0.86048125 0.33376874999999995 0.7355413561310254 0.3359486781041202 0.7368984375000001 0.4137281250000001
0 0.7648265624999999 0.5235500000000002 0.6586421875 0.5235500000000001 0.6586421875 0.7080234375 0.7648265624999999 0.7080234375000001
0 0.860934375 0.5218828125000001 0.7689296875 0.5218828125000001 0.7689296875 0.7052015625000002 0.860934375 0.7052015625000002
0 0.6350354507094779 0.7130125112687764 0.6320812499999999 0.5437187499999999 0.424078611790522 0.5473484262312236 0.4270328124999999 0.7166421875
0 0.523034375 0.423984375 0.49426875 0.423984375 0.49426875 0.4600359375 0.523034375 0.4600359375
0 0.5249459574407471 0.45974173824115727 0.522421875 0.32348437500000005 0.4277852905685899 0.3252374585423025 0.430309373009337 0.46149482178345974
0 0.33415156250000005 0.3302 0.25151249999999997 0.3302 0.2515125 0.467171875 0.3341515625000001 0.467171875
0 0.420346875 0.32824375000000006 0.3416953125 0.32824375000000006 0.34169531250000007 0.4647015625 0.420346875 0.4647015625
0 0.13286093750000005 0.3341578125 0.047987500000000044 0.3341578125 0.04798750000000005 0.4693953125 0.13286093750000005 0.4693953125
0 0.22884375000000007 0.3293703125 0.14264062500000005 0.3293703125 0.14264062500000005 0.4677328125 0.2288437500000001 0.4677328125
0 0.5239560437163404 0.5170710515179424 0.523103125 0.4682015625 0.04802989378365955 0.47649301098205765 0.0488828125 0.5253625000000001
0 0.4182171875 0.548684375 0.3138046875000001 0.548684375 0.3138046875000001 0.717578125 0.4182171875 0.717578125
0 0.3057125000000001 0.5502140625 0.15463437500000007 0.5502140625 0.15463437500000007 0.720365625 0.3057125000000001 0.720365625
0 0.13304430650715188 0.6132092829490383 0.13196559771509317 0.5514546879766036 0.049575978707941296 0.5528938425275653 0.050654687500000004 0.6146484375000001
0 0.13330468750000007 0.6314124999999999 0.04842968750000008 0.6314124999999999 0.04842968750000008 0.7231062500000001 0.13330468750000007 0.7231062500000001