0 0.8310785218750002 0.544317415625 0.692138800476475 0.5412298660471272 0.6901335765625001 0.6314649359375001 0.8290732979610251 0.6345524855153729
0 0.6874865187500001 0.5418332953125 0.6083174884881657 0.5371417967228002 0.5972863890625001 0.7232915796875001 0.6764554193243345 0.7279830782772
0 0.628046621875 0.7438421 0.5921339903287042 0.7417139444209548 0.5888110859375001 0.797787965625 0.624723717483796 0.7999161212040451
0 0.7030908109375001 0.7449969625 0.6326816948598997 0.7434323160120253 0.6314869031250001 0.7971979625000002 0.7018960192026007 0.7987626089879749
0 0.81853681875 0.7490886578125 0.726289656174424 0.7470387206888296 0.7250611953125 0.8023194546875001 0.817308357888076 0.8043693918111705
0 0.8734522484375002 0.7472652046875001 0.8476713873051009 0.7457374498426406 0.8444313843750001 0.8004124953125002 0.8702122455073994 0.8019402501573598
0 0.8258071515625 0.6437083046875001 0.685778867747777 0.640596563590383 0.6838628359374999 0.7268179546875 0.823891119752223 0.7299296957846171
0 0.7391126359375 0.3170051531250001 0.6217953883785359 0.3100530204198017 0.609555465625 0.5166017312500001 0.726872713183964 0.5235538639551984
0 0.8454707421874998 0.3203630515625001 0.7438198478380234 0.3143392943925234 0.7316737265625 0.519305075 0.8333246209119765 0.5253288321699767
0 0.5924285015624999 0.30867135625000003 0.3584438479046853 0.3034716982102048 0.3542735234375 0.4911363328125001 0.5882581770953148 0.49633599085229524
0 0.45492413281250005 0.5888203375 0.4231425839505465 0.5869369857367797 0.4207402796874999 0.6274758546875 0.45252182854945344 0.6293592064507203
0 0.45686945162296083 0.5910052326965616 0.35252998080297954 0.5828866306097283 0.3406779703125001 0.7352074968750002 0.4450174411324813 0.7433260989618334
0 0.24597071718750002 0.5809633609375001 0.1546673840801239 0.5755527929369861 0.1455743687500001 0.7289974234375001 0.23687770185737622 0.734407991438014
0 0.3413531453125001 0.5840756249999999 0.2544553822473248 0.5789261279092988 0.245401140625 0.7317164546874999 0.33229890369017534 0.7368659517782011
0 0.02300121875000007 0.5774810078124999 7.216449660063518e-17 0.5769698703124998 -0.0032939756225866617 0.7251989747164647 0.019707243127413336 0.7257101122164646
0 0.12927904687500008 0.5798548625 0.03403797780543434 0.5742109472304099 0.024849082812500062 0.7292735484374999 0.12009015188206582 0.73491746370709
0 0.45877654687500014 0.5250971171875001 6.245004513516506e-17 0.5149020828124999 -0.0012037960729268868 0.5690729060942128 0.45757275080207316 0.5792679404692128
0 0.35555572187500006 0.304561284375 0.2401961224627062 0.2977251597488587 0.2289807125 0.48698519687499997 0.34434031191229386 0.49382132150114133
0 0.2309836734375001 0.30178262187500005 0.0640658035404583 0.2918911912562293 0.05270836718750001 0.48354790468750003 0.21962623708454182 0.4934393353062707
0 0.031543637500000055 0.416576625 5.134781488891349e-17 0.4158756546875 -0.0015212055191411444 0.48432984540444163 0.03002243198085886 0.4850308157169416
0 0.04014042031250004 0.2965594 3.608224830031759e-17 0.29566739062499997 -0.0022215493121950313 0.39563710578237204 0.03791887100030498 0.39652911515737205