0 0.25062155474354786 0.5571624557806367 0.24821314843750003 0.4758787390625 0.12092647806895221 0.47965019578186324 0.123334884375 0.5609339125
0 0.3270286343750001 0.4741804046875001 0.2554965304670838 0.47206093496709717 0.25046795156250007 0.6417754750000001 0.32200005547041644 0.643894944720403
0 0.325255775 0.6574625578125 0.29280811009898755 0.6565011458989253 0.29128613437500006 0.7078678468749999 0.3237337992760125 0.7088292587885746
0 0.28824512870334396 0.7065716696251323 0.28681010468750007 0.6581395953125 0.22214690879665602 0.6600555413123677 0.22358193281249994 0.708487615625
0 0.20357290515748944 0.7118218164234269 0.2020974421875 0.6620249531249998 0.11767829796751055 0.664526261701573 0.1191537609375 0.7143231250000002
0 0.09461472187500009 0.662466725 0.07132440157749635 0.6617766419078938 0.06984592656250008 0.7116752078125002 0.09313624686000381 0.7123652909046064
0 0.24841454436456156 0.643280359527665 0.24611326406249998 0.5656121640625 0.11792072126043847 0.569410462347335 0.1202220015625 0.6470786578125
0 0.333048865625 0.2703653359375 0.22704920901274264 0.2672246055727517 0.22145195625000005 0.4561318984375 0.32745161286225744 0.4592726288022484
0 0.22273322968750006 0.274530034375 0.13088994509249913 0.27180875189773074 0.12534442187500006 0.4589701625 0.21718770647000096 0.4616914449772692
0 0.5698011162787492 0.42797455048422944 0.5647922796874999 0.25892631874999994 0.3497173665337507 0.26529890889077057 0.354726203125 0.434347140625
0 0.48998796250000004 0.5163513078124999 0.4612728007287469 0.5155004886251608 0.4601690046875001 0.5527536234375 0.48888416645875327 0.5536044426248392
0 0.5536682640625001 0.5141803593750001 0.45905886066418455 0.5133314289334816 0.45780340312499995 0.6532464125 0.5524128065233155 0.6540953429415185
0 0.7328300921875001 0.5062600921875001 0.6503344427492057 0.5038157770712894 0.6461737734375002 0.6442383906250002 0.7286694228757945 0.6466827057412108
0 0.6426207515625001 0.5098274890625001 0.5641071666136569 0.5075011611913657 0.55996664375 0.6472438421875 0.6384802286988432 0.6495701700586345
0 0.9363157406250002 0.5015578468750002 0.8515911957299102 0.499047490062531 0.8474790625 0.6378319906250002 0.9322036073950901 0.6403423474374692
0 0.8416638546875002 0.5043732750000001 0.7556103952875708 0.5018235421418855 0.7514040734375002 0.6437868640625002 0.8374575328374295 0.6463365969206147
0 0.9385249699663524 0.49440018288274573 0.9370791312500002 0.4456031249999999 0.4599646003461476 0.4597398514922542 0.4614104390625 0.5085369093750001
0 0.6779880093750001 0.2566120828125001 0.5737602389475219 0.2535238523609973 0.56862679375 0.4267776156250001 0.6728545641774782 0.4298658460765029
0 0.8371601625000002 0.25188650468750007 0.6863470723214572 0.24741796863010918 0.6811186578124999 0.42387695625 0.831931747991043 0.42834549230739094
0 0.9397807119035599 0.4180035092977555 0.9379536453124999 0.35634 0.85298536465894 0.3588575782022444 0.8548124312500001 0.4205210874999999
0 0.9433911 0.24785376093750014 0.8586649954131029 0.2453433573494624 0.8558431828124998 0.3405795140625001 0.9405692873993969 0.34308991765053787