0 0.9065506875 0.5339393296874999 0.9034836610554786 0.4511296302458949 0.7766265609375 0.45582804218749995 0.7796935873820217 0.538637741629105
0 0.7805858203125002 0.624844090625 0.7692361025883311 0.4545983263449239 0.696584021875 0.4594417984375001 0.7079337395991692 0.6296875627175762
0 0.7416541796874999 0.6948851265624998 0.7382407766869468 0.6436840815542033 0.7052850781249999 0.6458811281249999 0.708698481125553 0.6970821731332963
0 0.810380846875 0.690926690625 0.8085533911712727 0.6415853755705718 0.7443235984375 0.64396425625 0.7461510541412273 0.693305571304428
0 0.9165698421874998 0.6897879484374999 0.9146908897544146 0.6390562222081294 0.8304326984375001 0.6421768953124999 0.8323116508705853 0.6929086215418704
0 0.966505609375 0.6837503828124999 0.9631731782191271 0.6337639186437372 0.9395182015624999 0.6353409171874999 0.9428506327183728 0.6853273813562627
0 0.9129535453125 0.6214134625000001 0.9100229411464277 0.5422871608484593 0.7821366125 0.5470236921875 0.7850672166660723 0.6261499938390408
0 0.8030390484375 0.433914109375 0.7904589744086119 0.24521301324538153 0.6827996812499999 0.25239029999999996 0.695379755278888 0.44109139612961845
0 0.9006717468750001 0.4302885374999999 0.8881813804134403 0.24293304057660398 0.7949001062499998 0.24915179218750003 0.8073904727115597 0.43650728911089604
0 0.666977671875 0.420773721875 0.6605990839823772 0.24855185781714234 0.4472056078125 0.25645532031249996 0.4535841957051227 0.4286771843703576
0 0.5644377781250001 0.5484448562500001 0.5619726919143861 0.511468558291406 0.5328079375 0.5134128750000001 0.5352730237106139 0.5503891729585941
0 0.5706226453125 0.6505742515625001 0.5639026528171466 0.5109103415106291 0.4678131297949517 0.5155337325738709 0.4745331222903051 0.655197642625742
0 0.3791332265625 0.6541737203125 0.36978939887661416 0.5140162986617929 0.2860021171875 0.5196021171874999 0.29534594487338584 0.659759538838207
0 0.4667257140625001 0.6513894187500001 0.45741990708856684 0.5118023268556884 0.3776770359375 0.5171185187499999 0.3869828429114333 0.6567056106443115
0 0.174615978125 0.66129811875 0.16538758337942477 0.5228721975663717 0.07933650781249998 0.5286089359375 0.08856490255807521 0.6670348571211283
0 0.272333015625 0.660847090625 0.262892014530711 0.5192320694360689 0.1754912171875 0.5250587890625 0.18493221828178902 0.666673810251431
0 0.5615129093750001 0.5035216343750001 0.5596716815604745 0.4538084841890074 0.07645470937500001 0.471705409375 0.07829593718952557 0.5214185595609927
0 0.44963545 0.42756796093749994 0.43811193918487784 0.2547152939367532 0.33225227500000004 0.2617726046875 0.34377578581512214 0.4346252716882468
0 0.33537428593750007 0.4322406234375 0.3237275973623885 0.25754028679048113 0.170553228125 0.2677519109375 0.1821999167001116 0.44245224758451884
0 0.1589909 0.440598471875 0.15666419136419657 0.3777773208833389 0.07220582031250002 0.3809054078125 0.07453252894830345 0.4437265588041612
0 0.154934496875 0.3592972953125001 0.14865541157401768 0.26511101098016976 0.06260275156249999 0.27084785468750006 0.0688818368634823 0.36503413901983034