0 0.2646048781799378 0.45977908361117564 0.13030652968750006 0.4524563078125 0.1254950607929861 0.5406977539691373 0.2597934092854238 0.5480205297678129
0 0.3519771512744511 0.3711386064511857 0.27424833593750003 0.3682597609375001 0.26755009247554906 0.5491123029238146 0.34527890781250015 0.5519911484375002
0 0.3586262403571719 0.299028123017687 0.32336691875 0.297722221875 0.3213578158928282 0.35196798479481306 0.35661713750000007 0.3532738859375001
0 0.3177734329973594 0.2989245292377487 0.249870559375 0.2952224734375 0.24700397012764067 0.3478012723247514 0.31490684375000005 0.35150332812500007
0 0.22612185127205908 0.2909428493698273 0.13686760781250004 0.28607614687500005 0.13391989404044105 0.34013656313017276 0.2231741375000001 0.345003265625
0 0.10842680445246092 0.288554740918073 0.08311494062500004 0.28761726406250004 0.08114946586003914 0.34068505908192703 0.10646132968750002 0.3416225359374999
0 0.26860349816076434 0.36638260511997744 0.13316208281250005 0.35899660937500005 0.12856407979044882 0.4433129370016039 0.26400549513871313 0.45069893274658124
0 0.34448154451362856 0.5729700558018335 0.22929849224743154 0.5687040171318494 0.2218871305463031 0.7688107972675159 0.3370701828125001 0.7730768359375
0 0.22491462737310344 0.5667306970844813 0.12511293125000006 0.5630343374999999 0.11774795856439672 0.7618885747905185 0.21754965468750012 0.765584934375
0 0.5979685717277319 0.6082108640050974 0.37248311406250006 0.5959151296875 0.3624756547505153 0.7794370312464474 0.5879611124157471 0.7917327655640447
0 0.5267850599373343 0.47157049784604893 0.49558167031249994 0.47041481562500004 0.4941332697501658 0.5095215927789513 0.5253366593750001 0.5106772750000002
0 0.6028610470761175 0.36734641939101464 0.500283740625 0.3614224718750001 0.4917601637200414 0.5090141846435546 0.5943374701711589 0.5149381321595692
0 0.7938817332027452 0.37959121132175994 0.704239359317209 0.37627112343535973 0.698736408926964 0.5248507855510999 0.7883787828125002 0.5281708734375001
0 0.6961349036642211 0.37384601351842606 0.610817953125 0.3706861265625001 0.605335655710779 0.518708161481574 0.6906526062500001 0.5218680484375
0 0.9868888265757298 0.3910387326006753 0.9224295046297089 0.38865134999785966 0.917014078053979 0.5348678486471845 0.9814734000000002 0.5372552312500001
0 0.9120133707148893 0.38306522330434306 0.8185048953124999 0.3796019468750001 0.8129460761601107 0.5296900829456571 0.9064545515625001 0.5331533593750001
0 0.9821129044606997 0.5450072486397043 0.49373063437500003 0.5183764593750001 0.49084189084891144 0.5713531513890221 0.9792241609346108 0.5979839406537263
0 0.7175327688912476 0.6140885758226572 0.6042717515625001 0.6098937234375001 0.5974863154837526 0.793100502302343 0.7107473328125 0.7972953546875001
0 0.89013063390625 0.6221426876562501 0.7262492781250001 0.6160730078125001 0.71941330828125 0.8006441935937503 0.8832946640625001 0.8067138734375001
0 0.9781586940924516 0.626752292471296 0.9146705578125 0.6244008796875 0.9121477512200483 0.692516648153704 0.9756358875 0.6948680609375
0 0.9749463906462934 0.7134844947919285 0.9100057125 0.711079284375 0.9063393796662067 0.8100702661455715 0.9712800578125002 0.8124754765625001