0 0.6722954241434477 0.9453949057715357 0.6707829328125 0.7412086203125 0.41906825085655247 0.7430731739159642 0.4205807421875001 0.9472594593749999
0 0.8020028546357254 0.7274820884588034 0.8006904531249999 0.5503077953125 0.5778297281767744 0.5519586146661967 0.5791421296874999 0.7291329078125
0 0.8090536708917003 0.5359733975353567 0.8080527765625 0.400852653125 0.5872434744207997 0.4024882774646434 0.58824436875 0.537609021875
0 0.42015303883173594 0.8541903253166133 0.4187294421875 0.6620048671874998 0.18959050491826399 0.6637021934333864 0.19101410156249998 0.8558876515625
0 0.4511920625 4.5601894252703185e-17 0.28593145625 3.5482600629242506e-17 0.28593145625 0.12845133906250003 0.4511920625 0.12845133906250003
0 0.8423277265625 8.97786937187118e-17 0.6185387765625 7.607557265360944e-17 0.6185387765625 0.08995779531250006 0.8423277265625 0.08995779531250009
0 0.6629370984375 0.29324220468750006 0.6045916875595732 0.289784699014045 0.5992420671875 0.3800595468750001 0.6575874780654268 0.38351705254845514
0 0.724550225 0.2913050437500001 0.6706315725169174 0.288109865271608 0.6652778281249999 0.3784543281250001 0.7191964806080826 0.38164950660339214
0 0.835060484375 0.10260442968750012 0.6186712316767812 0.0865756251021717 0.5978967521789369 0.367031604823064 0.8142860048771559 0.3830604094083924
0 0.44294725937500007 0.13707956718750006 0.22337984519078682 0.12712293500354194 0.21241490156250004 0.36892601406250003 0.4319823157467133 0.3788826462464582
0 0.6043123531250002 8.326672684688674e-17 0.4764255269019575 -0.008862321288533532 0.4701234407522918 0.08207929209076395 0.5980102669753344 0.09094161337929757
0 0.5982709978278882 0.08077220453480624 0.4718272553126077 0.0728903009762012 0.4307218221223906 0.7323153715365358 0.557165564637671 0.7401972750951409
0 0.2629743359375001 0.4157014015625 0.20459878387419775 0.4124464115378448 0.1966699453125001 0.5546435687500002 0.2550454973758024 0.5578985587746554
0 0.2001308437500001 0.4186556796875 0.15496139591848568 0.41597897136493145 0.14680569218750006 0.55360645625 0.19197514001901447 0.5562831645725685
0 0.4320269802818463 0.654129451156969 0.4314299046875 0.37688055625000005 0.14271482076887013 0.3775023251136246 0.14331189636321645 0.6547512200205935