0 0.2353703125000001 0.2959875 0.04646706565030436 0.2904913969349315 0.039995312500000005 0.512928125 0.22889855934969572 0.5184242280650686
0 0.4143328125 0.18930781250000003 0.2504210911536372 0.18453889425980066 0.24468593750000003 0.3816609375000001 0.4085976588463628 0.38642985574019945
0 0.5525500000000001 0.19310312500000004 0.427543912286657 0.1894651232289129 0.42179995456567354 0.3868343736777432 0.5468060422790166 0.39047237544883034
0 0.30347968750000015 0.5348937500000001 0.12568045027957753 0.5297205906627834 0.11979839207672001 0.7318843736783865 0.2975976292971426 0.7370575330156032
0 0.9376000000000001 0.5522265625000001 0.798006587878351 0.5481659894323938 0.7937156250000001 0.6956796875000001 0.9333090371216493 0.6997402605676065
0 0.9460406250000002 0.19023125000000016 0.841869627182807 0.1872007389956726 0.8359530795826629 0.39057656117873274 0.940124077399856 0.39360707218306035
0 0.649046875 0.3350515625 0.5685135498712429 0.33364524509728616 0.5675671874999999 0.3878390625 0.6481005126287569 0.38924537990271385
0 0.6520734375000001 0.2781640625000001 0.5712503699018161 0.27675390032046254 0.5703765620244947 0.32683596475345544 0.6511996296226787 0.32824612693299304
0 0.828615625 0.1892796875000001 0.5740554405704061 0.1870774389226825 0.5723114016566315 0.3886726957504202 0.8268715860862252 0.3908749443277378
0 0.7909181576863081 0.5498087551082312 0.5762312500000001 0.5430703125 0.5698417257654291 0.7466406742674454 0.7845286334517371 0.7533791168756766
0 0.940709375 0.4102906250000002 0.8368773945015564 0.4095219978376444 0.8359958583326609 0.5286065823804252 0.9398278388311045 0.5293752095427811
0 0.8491332767327269 0.4100582683371967 0.24027471324494845 0.40130313769846326 0.23858518651222188 0.5187979943612666 0.8474437500000003 0.5275531250000001
0 0.5278906250000002 0.6965328125 0.39934063545795684 0.693838477768465 0.3982046875000001 0.7480359375000001 0.5267546770420434 0.7507302722315351
0 0.5239000000000001 0.7544875000000001 0.39889325631947975 0.7523055447164133 0.39816093750000014 0.7942609375 0.5231676811805206 0.7964428927835869
0 0.5671380728588066 0.5432598159361773 0.3107296875 0.53535 0.30278550866195814 0.7928723096592503 0.5591938940207647 0.8007821255954276