0 0.748286865625 0.04029522812500005 0.4964482008994973 0.03989496624130153 0.4961178812499999 0.24772704531250006 0.7479565459755027 0.24812730719619855
0 0.8584980265625 0.26128209218750004 0.6354535884218934 0.2609296890566996 0.6351686629091791 0.4412659157836433 0.8582131010497855 0.4416183189144438
0 0.84770098125 0.45612956562500023 0.6258573644389464 0.4557779899022093 0.625639404687496 0.5933101812524761 0.8474830214985497 0.5936617569752671
0 0.4824123062499999 0.13460170625000006 0.2532960133077985 0.13423755715968405 0.25298510937252067 0.3298529218725127 0.4821014023147221 0.33021707096282876
0 0.44030330937500023 0.8741986250000002 0.2740171411165202 0.8739358182160861 0.27381790312500015 1 0.4401040713834801 1.000262806783914
0 0.8367265875 0.9114989687500001 0.6102487564141368 0.9111395431902263 0.6101077328125001 1 0.8365855638983632 1.0003594255597739
0 0.6858530218750001 0.6161406015625002 0.6263786416241216 0.6133084199828358 0.6220636282913208 0.7039215168214299 0.6815380085421993 0.7067536984010943
0 0.7484016031250003 0.6173791781250003 0.6934411856372915 0.6147624987297493 0.6891195359375002 0.7055339062500001 0.7440799534252089 0.708150585645251
0 0.8453861531250002 0.6171401171875001 0.6240986306353407 0.609883673329067 0.6145468250000002 0.9011689703125001 0.8358343474896598 0.908425414170933
0 0.4550526156250001 0.630264375 0.23192506804193527 0.616533816359402 0.21682977449378177 0.8618388995398532 0.4399573220768467 0.8755694581804511
0 0.5934410578125002 0.912950859375 0.4593656953125002 0.912950859375 0.4593656953125002 1 0.5934410578125002 1
0 0.622119346875 0.26015168750000006 0.4931448422090023 0.25440686361005227 0.46314505625 0.9279188125 0.5921195609159977 0.9336636363899478
0 0.29478068281997233 0.4431340526946185 0.2353216155423711 0.44009450580249965 0.22806689426861793 0.5820100529568466 0.2875259615462192 0.5850495998489655
0 0.23053748281250006 0.4421930515625001 0.18449529217541152 0.4400009608752442 0.17787458812866874 0.5790607724259521 0.2239167787657573 0.581252863113208
0 0.4723558484375 0.3381853 0.18421609611141718 0.33712760492153 0.18318011801466544 0.619351166597818 0.4713198703407483 0.620408861676288