0 0.994393996875 0.5219630218749999 0.9784261676305593 0.2824455666935938 0.7848524125 0.29535048281250004 0.8008202417444406 0.5348679379939061
0 0.7785704171875002 0.3832909968749999 0.7644329060586809 0.17122833159231576 0.5964672015625 0.18242604531249995 0.6106047126913194 0.3944887105951841
0 0.596410825 0.38543086875000004 0.5824027027515223 0.17530901710719982 0.4543048234375 0.18384887500000002 0.4683129456859777 0.39397072664280025
0 0.9206882093749998 0.7457090031250001 0.9061526168274943 0.5276751000202919 0.7239559484375 0.5398215437499999 0.7384915409850057 0.7578554468547081
0 0.225413825 0.69637620625 0.21477067721800128 0.5367289861964925 0.071726365625 0.5462652734375 0.08236951340699876 0.7059124934910075
0 0.1701379421875 0.3818440515625 0.15579598410390744 0.1667146932362586 0.049048553125 0.1738311890625 0.06339051120859258 0.38896054738874136
0 0.4463664515625 0.32809807031250005 0.360432690625 0.3280980703125 0.36043269062500005 0.38384887500000003 0.4463664515625 0.3838488750000001
0 0.44111789999999995 0.2695401921875 0.3551188640625 0.26954019218749997 0.3551188640625 0.32106109375 0.44111789999999995 0.3210610937500001
0 0.43710795605288516 0.17891805952252343 0.16991489687500003 0.17496141406250004 0.16685039706818616 0.3819076988650315 0.43404345624607127 0.3858643443250549
0 0.457634190625 0.7528086812500001 0.4548298208642995 0.5431820666184859 0.22473568264799457 0.5462602494363618 0.22754005240869493 0.755886864067876
0 0.17224253272448184 0.4013356382129551 0.06304115625000004 0.40023955000000005 0.061812410189968504 0.5226573987708473 0.1710137866644503 0.5237534869838023
0 0.7899730968750001 0.5210273312500002 0.7896876186293353 0.4002633721456152 0.16210103931081132 0.4017469465248862 0.16238651755647607 0.5225109056292712
0 0.6346617359375001 0.7016897109375 0.499144265625 0.7016897109375 0.49914426562500014 0.75732154375 0.6346617359375002 0.75732154375
0 0.6364917468750002 0.7616993562500001 0.5054921765625002 0.7616993562500001 0.5054921765625002 0.8048601281250001 0.6364917468750002 0.8048601281250001
0 0.7326179434364997 0.8024937079263539 0.7157404394539892 0.5276702300154092 0.4528203640625 0.5438167203125002 0.46969786804501046 0.8186401982234447