0 0.2468438939079375 0.5102321178738387 0.2455546875 0.28889375000000006 0.0565811060920625 0.2899944446261612 0.0578703125 0.5113328124999998
0 0.4218274334639459 0.3732708703486665 0.42068593749999994 0.17709999999999998 0.2567131915889576 0.1780541387430352 0.25785468755290364 0.37422500909170175
0 0.5600964179448115 0.373514122359834 0.5589515625 0.17687343749999998 0.43389889455518854 0.177601502640166 0.43504375 0.3742421875
0 0.32313102448977804 0.7267480814898651 0.32196093750000004 0.5256156250000001 0.14409553801022204 0.526650356010135 0.145265625 0.7277828125
0 0.9571547183424368 0.6711988289748051 0.9563015625 0.524496875 0.8166562010373573 0.5253089927174062 0.8175093568797941 0.6720109466922113
0 0.95328321441483 0.36533257827063126 0.9521031249999998 0.1625625 0.8478933480851699 0.16316898422936874 0.8490734375000001 0.36593906249999997
0 0.660975181248792 0.37007444443283444 0.6603437317923009 0.3158937502122018 0.580123238043509 0.3168286807793674 0.5807546875 0.371009375
0 0.6619648795001493 0.3090372368654394 0.6613828125 0.25896875 0.5808523079998505 0.25990495063456065 0.581434375 0.3099734375
0 0.840003125 0.3662875 0.8347171875000001 0.1650265625 0.5802721231985555 0.17170933325416532 0.5855580606985553 0.3729702707541652
0 0.8104610997299766 0.526347134781978 0.5948312500000001 0.52585625 0.5943677943390446 0.7294373716751493 0.809997644069021 0.7299282564571273
0 0.9562660162996138 0.5016336425593532 0.9544546875 0.3825906250000001 0.8508444873466674 0.384167131907496 0.8526558161462813 0.5032101494668492
0 0.8653375000000001 0.5024671875000001 0.8642497708913315 0.38512042960851084 0.25538883339133134 0.39076417960851073 0.25647656250000006 0.5081109375
0 0.5525171874999999 0.7343296875 0.5518878187154853 0.6802651332615867 0.4234362562154854 0.6817604457615867 0.424065625 0.735825
0 0.5503993686584148 0.7805596507288687 0.5499109372881505 0.738615606807416 0.4251475061297357 0.7400684560785475 0.42563593749999995 0.7820125000000002
0 0.5867940781306069 0.7826808028293353 0.5857434241495489 0.5248157575047745 0.32922187500000005 0.5258609375 0.3302725289810581 0.7837259828245607