0 0.24385781250000002 0.29173125 0.05489218750000004 0.29173125 0.05489218750000006 0.5119703125 0.24385781250000008 0.5119703125
0 0.419628125 0.18198281250000004 0.25566093749999996 0.18198281250000004 0.2556609375 0.37719843750000004 0.419628125 0.3771984375000001
0 0.557884375 0.18336562500000006 0.4328359375 0.18336562500000003 0.4328359375 0.3792781250000001 0.557884375 0.3792781250000001
0 0.3188812500000001 0.5293265625 0.14102187500000005 0.5293265625 0.14102187500000007 0.7294234375 0.3188812500000001 0.7294234375
0 0.953184375 0.5355890625000002 0.8135453125 0.5355890625000002 0.8135453125 0.6814781250000002 0.953184375 0.6814781250000002
0 0.9510937500000001 0.17362968750000013 0.8468875 0.1736296875000001 0.8468875 0.3757921875000001 0.9510937500000001 0.3757921875000001
0 0.6584625 0.3235578125000001 0.5785578124999999 0.3235578125000001 0.5785578124999999 0.37774062500000005 0.6584625 0.37774062500000005
0 0.6598328125 0.26664687500000006 0.579590625 0.26664687500000006 0.579590625 0.31671875000000005 0.6598328125 0.31671875000000005
0 0.8378156250000002 0.3760359375000001 0.83367076645848 0.17329822303005626 0.5792359375000001 0.17850000000000002 0.5833807960415204 0.3812377144699438
0 0.8081831842904252 0.5357530401155093 0.5917328125 0.5327406250000001 0.5888999857076693 0.7362870782298423 0.8053503574980946 0.7392994933453515
0 0.9530296875 0.512728125 0.9521640625 0.39367031249999995 0.8485557234497664 0.394423610134209 0.8494213484497664 0.513481422634209
0 0.86235625 0.5125 0.862078642868156 0.3950471654320134 0.25323232045887945 0.396486211853664 0.25350992759072344 0.5139390464216506
0 0.5482078125000001 0.6866421875000001 0.4197562500000001 0.6866421875000001 0.41975625000000016 0.740709375 0.5482078125000002 0.740709375
0 0.5455765625000002 0.7449640625 0.42105781250000013 0.7449640625 0.42105781250000013 0.7869109375 0.5455765625000002 0.7869109375
0 0.5826554458822877 0.5301082794335077 0.3261421875 0.5296578125 0.3256887864396732 0.7878418759401246 0.5822020448219608 0.7882923428736323