0 0.9419482273025468 0.3369076996242096 0.7401514059688323 0.3312471766639949 0.7332802896037857 0.5762014770397854 0.9350771109375001 0.5818620000000002
0 0.7310958662413858 0.20446007362605897 0.555996334375 0.19954677812500005 0.5499092087586142 0.4164791498114412 0.7250087406250001 0.4213924453125001
0 0.5420567901765259 0.19321933284794418 0.4085183702686983 0.1894728890612712 0.4024699144671726 0.405064334338327 0.5360083343750002 0.40881077812500005
0 0.8429767564553975 0.5836450089437091 0.6530418890625 0.5783172218750001 0.6467899091696024 0.801199434806291 0.8367247765624999 0.8065272218749999
0 0.12552654477900238 0.5373831390537983 6.661338147750939e-17 0.5338609234375 -0.004541433841502243 0.6957108953212016 0.12098511093750008 0.6992331109374998
0 0.10076230312940557 0.1498998297131625 1.8041124150158794e-17 0.14707314999999999 -0.006188821879405511 0.3676853202868374 0.09457348125000005 0.37051199999999995
0 0.3851672454630299 0.33745261246471364 0.2970713703125 0.33055277656250004 0.29256408891197017 0.3881009422227864 0.3806599640625 0.3950007781250001
0 0.3855473176472294 0.2766688224978134 0.29731240625 0.26975722343749997 0.29314669946405947 0.3229375028427176 0.38138161086128886 0.32984910190303096
0 0.38971431366367193 0.18285744092853856 0.11464918437500005 0.1572262234375 0.0947622737994763 0.3706454896319853 0.36982740308814815 0.3962767071230239
0 0.370062906164482 0.5596905642829728 0.13500803750000007 0.5445561109375 0.12106394696051799 0.7611233232170272 0.356118815625 0.7762577765625001
0 0.0924052564620151 0.38655129846681036 4.718447854656915e-17 0.38239118437499997 -0.0058164823547135844 0.5115880121139731 0.08658877410730145 0.5157481262057835
0 0.7331726970698511 0.44310771430739004 0.08324020752584141 0.39019972339913445 0.07308795114841972 0.5149120995184319 0.7230204406924294 0.5678200904266875
0 0.5434552533773708 0.737701836326333 0.4041266671875001 0.7272777781250002 0.3998188950601295 0.7848557183611673 0.5391474812500002 0.7952797765625002
0 0.5398674128445563 0.7998838649387194 0.40484633437500017 0.7893074437500002 0.401356588717944 0.8338583569362807 0.5363776671875001 0.844434778125
0 0.645574558311685 0.5695565027688321 0.37164759218750004 0.560427221875 0.36227654117924163 0.8416085768951438 0.6362035073034266 0.850737857788976