0 0.25572980312500004 0.5264026734375 0.2503532630994865 0.2904499299868339 0.06157959531249997 0.29475142343749994 0.06695613533801348 0.5307041668881661
0 0.42859137656249996 0.4026857984374999 0.423832472331995 0.19384176231180014 0.2600331965292937 0.19757423694230364 0.26479210075979864 0.4064182730680034
0 0.5670196187500001 0.41332 0.5623216179859507 0.20707485235321962 0.43740113437500006 0.20992038124999998 0.44209913513904936 0.4161655288967804
0 0.33576835625 0.7482182984375 0.3308717728794718 0.533322104350938 0.1531944796875 0.537370625 0.15809106305802825 0.752266819086562
0 0.9695549187499998 0.7395996874999999 0.9659644877255719 0.5820744980979476 0.8264669586630939 0.5852540293086586 0.8300573896875217 0.7427792187107107
0 0.9605057171875002 0.43417861093750004 0.9557034051286497 0.22345497284991872 0.8516039125000001 0.22582736093750005 0.8564062245588506 0.43655099902508143
0 0.6709821319006121 0.3641802680361105 0.5864444437500002 0.3589515281250001 0.5831149705726536 0.41278208194051336 0.6676526587232655 0.41801082185162375
0 0.670711389327548 0.3074057206450576 0.5861835421875001 0.30217885468750005 0.5831074184849521 0.3519253215424426 0.6676352656250001 0.35715218750000016
0 0.8565653413252656 0.22696069292739635 0.5838219328124999 0.21412236093750003 0.5743865227372342 0.4145725367601038 0.8471299312499999 0.4274108687500001
0 0.8332004996624596 0.5860034622499147 0.6043904515625 0.5686805906250001 0.5891113936883501 0.7704948188201798 0.8179214417883097 0.7878176904450944
0 0.9655593640625002 0.57105631875 0.9617287453211478 0.4436179023772027 0.8583064234374997 0.44672663124999995 0.8621370421788521 0.5741650476227973
0 0.8816613885742234 0.4484597323117289 0.26423565937500004 0.4121673265625 0.2573726270507768 0.5289248864382711 0.8747983562500001 0.5652172921875
0 0.569044245357722 0.7203237073079297 0.43941623859214474 0.7118547363261201 0.43590081261901387 0.7656626502754871 0.5655288193845911 0.7741316212572967
0 0.5665535494476586 0.7779903723249377 0.4383901265625001 0.7700643406250001 0.43581286148984144 0.8117385511125624 0.563976284375 0.8196645828125
0 0.6003580936723176 0.8086214129659866 0.5947876846123915 0.5437696791089842 0.3384885765625 0.5491602078125001 0.3440589856224261 0.8140119416695022