0 0.5109425671875 0.08713645000000006 0.37389358125 0.08713645000000005 0.37389358125 0.2691127250000001 0.5109425671875 0.2691127250000001
0 0.5985050671875001 0.09233952656250007 0.522364865625 0.09233952656250007 0.522364865625 0.20729504531250006 0.5985050671875001 0.20729504531250006
0 0.5342983600326635 0.2772567427571343 0.37579391875 0.2737344218750001 0.3733840727798366 0.3821774916178658 0.5318885140625 0.38569981250000007
0 0.6058603142758734 0.39781153646267475 0.37769594531250006 0.3927412171875001 0.37509576541162676 0.5097493135373254 0.603260134375 0.5148196328125001
0 0.8473675999423638 0.15952802583967407 0.6184864859375 0.15444177812500004 0.6161188859951359 0.2609837600978261 0.8449999999999998 0.2660700078125001
0 0.8523265526585433 0.5298628875672649 0.68701858125 0.5261893765625001 0.6844606098414567 0.6412980733702354 0.8497685812500002 0.6449715843750001
0 0.6032668921875001 0.6186299171874999 0.5204577703125 0.6186299171874999 0.5204577703125001 0.817478565625 0.6032668921875002 0.817478565625
0 0.608056641455099 0.8261441264905613 0.38625506718750013 0.8212152015624999 0.3833588991699014 0.9515427344469387 0.6051604734375002 0.9564716593750001
0 0.6984425671875002 0.7637099093749999 0.6251554046875002 0.7637099093749999 0.6251554046875002 0.8947810796875 0.6984425671875002 0.8947810796875
0 0.8513400496736985 0.789677112805865 0.7070067562500002 0.7864697062500001 0.704491031576302 0.8996773153191355 0.8488243250000002 0.9028847218750002
0 0.5102043921875001 0.67713100625 0.3821621625000001 0.67713100625 0.3821621625000001 0.8154493609375001 0.5102043921875002 0.8154493609375001
0 0.6039425671875 0.5337083328125 0.5645016890625 0.5337083328125 0.5645016890625 0.6117503375 0.6039425671875 0.6117503375
0 0.5582145265625 0.5321559687499999 0.520489865625 0.5321559687499999 0.520489865625 0.6101581453125 0.5582145265625 0.6101581453125
0 0.5124864859375 0.5325109609374999 0.3821570953125001 0.5325109609374999 0.3821570953125001 0.6662990625 0.5124864859375 0.6662990625
0 0.6020304046874999 0.3891368984375 0.6005884294188982 0.2134287166015854 0.5213487714118251 0.21407900861385695 0.5227907466804268 0.3897871904497715
0 0.8501338223029251 0.4003608887871275 0.6869111854938862 0.3960729949173693 0.6837706069409613 0.5156220155052419 0.8469932437500001 0.5199099093750001
0 0.8446199328124999 0.3092909531250001 0.8113868249999999 0.3092909531250001 0.8113868249999999 0.3631950062500001 0.8446199328124999 0.3631950062500001
0 0.8550525594699974 0.657001969867329 0.6887820953125 0.6504802546875001 0.6839420635291097 0.7738763719620478 0.850212527686607 0.7803980871418766
0 0.8039759865727696 0.2720959634946789 0.6234949328125 0.271265915625 0.6212670676721651 0.7556806859671108 0.8017481214324347 0.7565107338367897
0 0.35728885156250006 0.409052703125 0.3265692562500001 0.409052703125 0.3265692562500001 0.5172556296875 0.35728885156250006 0.5172556296875
0 0.8968547296875 0.2831033406250001 0.8641503374999999 0.2831033406250001 0.8641503374999999 0.3891767265625001 0.8968547296875 0.3891767265625001