0 0.5184045734375 0.08312920625000006 0.3901031860926766 0.07498359679035849 0.378830159375 0.25254489218750004 0.5071315467198235 0.2606905016471416
0 0.6006467015625 0.08408933593750009 0.5293688813517031 0.07956390121279061 0.5222791186511949 0.19123114686872694 0.5935569388619918 0.1957565815934364
0 0.5279980447538962 0.3600869550258999 0.5269754140625001 0.2582202109374999 0.37266860993360373 0.2597692824741001 0.373691240625 0.3616360265625
0 0.5881092000810254 0.47923725926824223 0.5870048243696266 0.36932005979690397 0.3667680867886012 0.3715328536536618 0.3678724625 0.481450053125
0 0.8299117206447212 0.2381891681120376 0.8289075359375001 0.138106596875 0.6084995543552788 0.14031807407546243 0.6095037390625 0.24040064531250005
0 0.8123900059969806 0.5940555084155517 0.8113042890427973 0.4859256965845928 0.6502752236708165 0.4875425678565411 0.6513609406249998 0.5956723796875
0 0.5737245984375001 0.578587784375 0.4962020479727117 0.573665682665147 0.4840868009948315 0.7644794651914177 0.5616093514596199 0.7694015669012708
0 0.5644723929218092 0.894148426378775 0.5632434453124999 0.7717208359375001 0.3483464195781908 0.7738780064337252 0.34957536718750004 0.8963055968750002
0 0.6547245515625002 0.7118212468750003 0.5861161302187099 0.7074647706724984 0.5780726321532682 0.8341386416407046 0.6466810534970585 0.8384951178432065
0 0.7959813093912153 0.8364197857779381 0.7949130749998423 0.7300774015468058 0.6537055812336272 0.7314958642063677 0.654773815625 0.8378382484375001
0 0.48252311562500017 0.6373207406250001 0.36265670023061103 0.6297103505929493 0.354014909375 0.7658217046875001 0.47388132476938916 0.7734320947195509
0 0.5794835390625 0.49787086406250003 0.5425620954836352 0.4955270484470297 0.5377870312499999 0.5707472421875001 0.5747084748288649 0.5730910578029704
0 0.5365107703125 0.4977621515625 0.5011945001428595 0.4955194606064671 0.49642526718750013 0.5706218812500001 0.5317415373571407 0.572864572206033
0 0.49329849531250003 0.5014150140625002 0.37128787246850187 0.4936676224172071 0.36290843682821733 0.6256320574633499 0.48491905967221555 0.6333794491086431
0 0.5953607750000002 0.19846553906250008 0.5210847684486398 0.19435990073998238 0.511903404213488 0.3604619819535957 0.5861794107648484 0.3645676202761134
0 0.8159717234375001 0.3643087718750001 0.6600986178535196 0.3633756688140802 0.6594255233821256 0.47581483014761733 0.8152986289661062 0.47674793320853726
0 0.8195663140624999 0.27958063593750004 0.7884549023258633 0.27760450893781324 0.7851365023567045 0.3298481692712348 0.816247914093341 0.3318242962709217
0 0.803607371875 0.6052446437500001 0.6468146809833215 0.604154056757509 0.6460066774241587 0.7203199868148775 0.8027993683158371 0.7214105738073685
0 0.7832469828125 0.2495811406250001 0.6144121245319693 0.23808450213575502 0.5827144328200993 0.703583638513744 0.7515492911006301 0.7150802770029889
0 0.35462011718750003 0.3880398703125 0.3258632094953212 0.3862142943976476 0.3193153947103576 0.4893570362714672 0.3480723024025364 0.49118261218631964
0 0.8703606578124999 0.2528718875000001 0.8397435742015908 0.25092761527182567 0.8333265515564054 0.35197854631619585 0.8639436351673145 0.35392281854437024