0 0.5182507984375002 0.6986829359375001 0.38893832355746694 0.6956777004031481 0.3847060739327834 0.8777874442225928 0.5140185488128166 0.8807926797569448
0 0.5996549515625001 0.7529533187500002 0.527814512340551 0.7512837215314114 0.5251581468750002 0.865583421875 0.5969985860969493 0.8672530190935888
0 0.5481738242758583 0.6892555533795484 0.540615015625 0.5872116328125001 0.38305301166164163 0.5988828919329519 0.3906118203125 0.7009268125000001
0 0.6190743469094254 0.5715004696937607 0.6109185296874999 0.4613969343749999 0.3868729374655745 0.47799290374373926 0.39502875468749993 0.5880964390625001
0 0.8413623986905907 0.7854516205701177 0.8339361015625 0.6851966031249999 0.6099522966219093 0.7017879950548822 0.61737859375 0.8020430125000001
0 0.8548045728236648 0.43433928980408404 0.8467811500000002 0.32602307343750003 0.6823120396763354 0.33820596957091603 0.6903354625 0.44652218593750004
0 0.6175846640625001 0.17468270000000008 0.5394517587716203 0.17286697931381378 0.5349377036200461 0.3671128489120501 0.6130706089109259 0.3689285695982364
0 0.6315203241621503 0.16555617847748055 0.6224361015369207 0.04291918090468012 0.4034652976872704 0.05913924148969955 0.41254952031250003 0.18177623906249998
0 0.70924600625 0.0967891375000001 0.6400974447944313 0.09518298158551378 0.6370926515625002 0.22454597031250007 0.7062412130180687 0.22615212622698638
0 0.8594580046036466 0.18827094831413477 0.8515670920979698 0.0817436394163431 0.7070675546818233 0.0924473098522084 0.7149584671875 0.19897461875000005
0 0.5295782750000001 0.18116495156250007 0.4087656995949042 0.1783573605311204 0.405509584375 0.3184702406250001 0.5263221597800959 0.3212778316563798
0 0.6136948875000001 0.36953952187500005 0.5764820218555772 0.36867508503428353 0.57469968125 0.44540249687500005 0.6119125468944229 0.44626693371571663
0 0.5704392968750001 0.3732883687500001 0.5348441751731697 0.37246149325423344 0.5330654953125001 0.44902964218749997 0.5686606170143305 0.4498565176832666
0 0.5284536734375 0.3223456984375 0.40547969419686697 0.31948924960146863 0.40232108593750004 0.4554716 0.5252950651781331 0.45832804883603134
0 0.6069904156250001 0.580518578125 0.532285240229369 0.5781710615306551 0.5268770793548205 0.7502753216982735 0.6015822547504517 0.7526228382926184
0 0.8501911230867041 0.5570690955459315 0.8414073484375001 0.444631996875 0.6808788855691404 0.4571727495205796 0.6896626602183444 0.5696098481915112
0 0.8357124593749999 0.5932071937500001 0.8043552965688885 0.5924791658945694 0.8031150156250002 0.6458997750000001 0.8344721784311115 0.6466278028554309
0 0.8605637607645045 0.31359135676081046 0.8500119447304939 0.19772489834196558 0.6841878011534896 0.2128262993936551 0.6947396171875001 0.32869275781249996
0 0.8036827628715857 0.23125459548448335 0.6333125496683504 0.22807976939081914 0.6246837062500001 0.691128090625 0.7950539194532353 0.6943029167186643
0 0.3784792328125001 0.47114181718750003 0.3494953297060496 0.47046860511752947 0.3470638984375 0.575149390625 0.37604780154395057 0.5758226026949707
0 0.8856581468750001 0.5660346703125 0.8547998075317368 0.5653176641239372 0.8524271098965821 0.6674332524584388 0.8832854492398454 0.6681502586470014