0 0.2679375052069274 0.6072876375473433 0.26498906250000004 0.4805859375 0.09652968229307259 0.48450611245265673 0.09947812499999997 0.6112078125
0 0.20764652202643585 0.47135247512272904 0.2060078125 0.4009624999999999 0.09960035297356414 0.4034397123772708 0.1012390625 0.4738296875
0 0.37240156250000006 0.45871093749999997 0.2720421875000001 0.45871093749999997 0.2720421875000001 0.6054328124999999 0.37240156250000006 0.6054328124999999
0 0.49037031249999996 0.3899453125000001 0.3820843750000001 0.3899453125000001 0.3820843750000001 0.6011124999999999 0.49037031249999996 0.6011124999999999
0 0.2553078125 0.17180625000000005 0.15670781250000002 0.17180625000000002 0.15670781250000004 0.3836265625 0.25530781250000006 0.3836265625
0 0.60569375 0.1592421875000001 0.499165625 0.15924218750000008 0.499165625 0.3122656250000001 0.60569375 0.3122656250000001
0 0.7721111604477942 0.4599804194650961 0.7703296875000001 0.38342500000000007 0.586315402052206 0.387707080534904 0.5880968750000001 0.4642625000000001
0 0.898859375 0.3786796875000001 0.778246875 0.3786796875000001 0.778246875 0.5839750000000002 0.898859375 0.5839750000000002
0 0.8414545637048855 0.3615211324763694 0.839878125 0.29376874999999997 0.7185673112951146 0.2965913675236305 0.7201437500000001 0.36434374999999997
0 0.8442828125 0.15456093750000008 0.7395140625 0.15456093750000008 0.7395140625 0.2881812500000001 0.8442828125 0.2881812500000001
0 0.7731212739429935 0.5878796004167509 0.7703656249999999 0.46950625000000007 0.6422974760570065 0.47248758708324906 0.6450531249999999 0.5908609374999999
0 0.5808656306953124 0.42369119460090154 0.5800171875000001 0.3872296875 0.5077906193046877 0.3889103678990985 0.5086390625 0.425371875
0 0.5802959518471658 0.46441548955115824 0.579484375 0.42953906249999985 0.5072962356528342 0.4312188854488415 0.5081078125 0.4660953124999999
0 0.6351582867796288 0.5910972655185168 0.6323546875 0.47060625 0.5084760882203712 0.4734886719814832 0.5112796875 0.5939796875000001
0 0.37586589572018836 0.467959423335124 0.3741390625 0.39378749999999996 0.21212941677981165 0.3975593266648761 0.21385625 0.4717312500000001
0 0.4906776088184824 0.314923400540296 0.49006874999999994 0.16449843749999998 0.37851930899580016 0.16494994408161706 0.3791281678142826 0.315374907121913
0 0.3458708071785409 0.20079275633523888 0.34515625 0.17006874999999996 0.2952635678214591 0.17122911866476112 0.29597812500000004 0.201953125
0 0.7287140625 0.15587968750000009 0.6140984375 0.15587968750000009 0.6140984375 0.3079578125000001 0.7287140625 0.3079578125000001
0 0.7134402972481464 0.36164164102668744 0.7079270535009008 0.19491248086482083 0.2591539437527544 0.20975208983813348 0.2646671875 0.3764812500000001
0 0.4983404437653787 0.6456986885914187 0.49767968749999997 0.6173 0.39756268123462124 0.6196294364085814 0.39822343750000005 0.648028125
0 0.36906304879741375 0.1507021488328717 0.36808778618647875 0.12034920192659608 0.269787679914652 0.12350765697196184 0.270762942525587 0.15386060387823747