0 0.9109536559054382 0.3969960200113336 0.7417578125000001 0.3950281250000001 0.7402838438832199 0.5217571231594442 0.9094796872886581 0.5237250181707778
0 0.9099533714304417 0.534295706853871 0.8031359374999999 0.533053125 0.8023169410695582 0.6034574181461292 0.909134375 0.6047000000000001
0 0.737253125 0.5410921874999999 0.7346818489662323 0.39378660507448 0.634375 0.39553750000000004 0.6369462760337676 0.5428430824255199
0 0.628365625 0.6058296875 0.6246700720314899 0.3940364366227197 0.5164359375 0.395925 0.5201314904685101 0.6077182508772803
0 0.8576453125000001 0.8320640625 0.8539390127109243 0.6196709101427815 0.7553890352423862 0.6213906254756505 0.7590953350314619 0.8337837778328689
0 0.5152625 0.8324890625 0.5125818809966127 0.6788470162546935 0.4061078125 0.6807046875 0.4087884315033873 0.8343467337453067
0 0.42324340407971645 0.5268665265204803 0.23878281250000005 0.5247218749999999 0.2378925334202838 0.6012944109795197 0.42235312500000016 0.6034390625000001
0 0.232234375 0.6029796874999999 0.22863875273497397 0.39698327699193225 0.10808591023521115 0.3990875004759009 0.11168153250023719 0.6050839109839685
0 0.2926301427875181 0.6221729328759777 0.17092343750000005 0.6207578125000001 0.17013548221248212 0.6885255046240222 0.29184218750000007 0.689940625
0 0.27490000000000003 0.8288171875 0.2725561649401554 0.6945902622276546 0.1678421875 0.6964187500000001 0.17018602255984466 0.8306456752723455
0 0.3652726619225723 0.39829632123288694 0.23651406250000004 0.3967984375000001 0.23513671307742784 0.5151958662671133 0.36389531250000007 0.5166937500000002
0 0.502244230370969 0.5685185880155752 0.4298062500000001 0.5676765625000001 0.4293823319179356 0.60414549264461 0.5018203122889046 0.6049875181601851
0 0.5020203061767 0.5278133719191587 0.4296281250000001 0.5269703125 0.4292218813233001 0.5618538155808415 0.5016140625000001 0.5626968750000001
0 0.4991059763000171 0.3998469974200702 0.3745250000000001 0.39839843750000004 0.3731237111999831 0.5189139400799299 0.4977046875000001 0.5203625000000001
0 0.7965500000000001 0.605334375 0.796297903546869 0.5316690621457651 0.6356876890068321 0.5322187002841693 0.6359397854599632 0.605884013138404
0 0.63496875 0.8308765625000001 0.6349088660699085 0.6820965140804931 0.5242561004921937 0.682141051789337 0.5243159844222852 0.8309211002088439
0 0.7187255032851987 0.7993604088170984 0.6686531250000001 0.7987765625000001 0.6682948092148014 0.8295067786829019 0.7183671875 0.8300906250000002
0 0.3977984375 0.8310031250000002 0.3977307119074017 0.6810476378908557 0.28341559348752104 0.6810992669394966 0.28348331908011937 0.831054754048641
0 0.747929285147553 0.6259174144706138 0.2990343750000001 0.6250906250000001 0.2987269648524473 0.7919950855293865 0.7476218750000002 0.7928218750000001
0 0.608584904525233 0.34971428472006305 0.5083015624999999 0.3485484375 0.507971345474767 0.37695290277993704 0.6082546875 0.3781187500000001
0 0.7451036207169096 0.848326359757295 0.6467332625601697 0.8480515758771334 0.6466483918432603 0.8784345911198386 0.7450187500000002 0.8787093750000002