0 0.9896062691304834 0.441482647836599 0.8011566718750002 0.4317111875000002 0.7938922449320167 0.5718108537259012 0.9823418421874999 0.5815823140625002
0 0.9830992656579802 0.5933295361770926 0.8642117781250004 0.587165 0.8601758859045201 0.6650000669479076 0.9790633734375002 0.6711646031250001
0 0.7933791071881088 0.4291377867983043 0.6821935796875 0.4274905937500001 0.6797640943743912 0.5914808475766958 0.7909496218750001 0.593128040625
0 0.6715090406960461 0.42444294538561966 0.55154188125 0.42266565468750006 0.5480534749289541 0.6581331546143806 0.6680206343750001 0.6599104453125002
0 0.917401388517265 0.6844026425413391 0.8081650249999999 0.6827843265625001 0.8046680974202352 0.9188270137086614 0.9139044609375002 0.9204453296875004
0 0.5371742808144825 0.7346078143422596 0.41915455625 0.7328593734375001 0.4166203363730177 0.9039191622202403 0.5346400609375002 0.9056676031249999
0 0.44429919017545316 0.5634369684630023 0.23938604375 0.5528118421874999 0.234996658262047 0.6374642752869976 0.43990980468750013 0.6480894015625
0 0.2327292140298797 0.4099587811311932 0.09910577968750003 0.407979175 0.09571092347012047 0.6371320048063069 0.22933435781250014 0.6391116109375001
0 0.2961392320067501 0.6630705377954741 0.16078874843750007 0.6560523656249999 0.15690408518075002 0.7309708825170258 0.29225456875000005 0.7379890546875
0 0.2707401605414998 0.7413529484706919 0.15466960156250012 0.739633384375 0.1524540722710004 0.8891815890293083 0.26852463125000015 0.8909011531250002
0 0.38504317224886 0.4186102951946128 0.2414447000000001 0.41116444843750005 0.23465768556364014 0.5420568688678874 0.37825615781250005 0.5495027156250002
0 0.5299711260154367 0.6130245969525486 0.4494443796875002 0.6088491359375001 0.44735377398456366 0.6491679592974516 0.5278805203125001 0.6533434203125001
0 0.5311622525819364 0.5679738756061947 0.4507021656250002 0.5638018718750001 0.44870253023056395 0.6023662759563055 0.5291626171875001 0.6065382796875001
0 0.5332526140071572 0.4262900349000972 0.39425965625000015 0.41908299375000013 0.387351409430343 0.5523134885374029 0.5263443671875001 0.5595205296875001
0 0.8555609695323245 0.5840479915899849 0.6779878310006613 0.58141727761175 0.676761092718337 0.6642220860217654 0.8543342312500002 0.6668528000000002
0 0.67307447579839 0.7444398364043925 0.55009214375 0.740124875 0.5443108507641101 0.9048996729706076 0.6672931828125 0.909214634375
0 0.7614624402169545 0.8780871458564168 0.7057518656250003 0.8751984500000003 0.703990309783046 0.9091713197685838 0.7597008843750002 0.9120600156250003
0 0.4098910863150313 0.7320000047703352 0.2832311291066697 0.7279666204951936 0.2779197677916386 0.8947587610373586 0.40457972500000017 0.8987921453125003
0 0.8011990157874964 0.6875227966194285 0.30253970312500006 0.666551890625 0.2947762639000037 0.8511558018180716 0.7934355765625001 0.8721267078125001
0 0.6555109980565929 0.37565136828701445 0.5442242328125 0.3698809437500001 0.5425959081934072 0.4012843489004858 0.6538826734375001 0.40705477343750013
0 0.7889270222186446 0.9334387976221535 0.6797832328881017 0.9287475194625197 0.678338896606957 0.9623503734028663 0.7874826859375 0.9670416515625002