0 0.5253557578125 0.27447313906250004 0.5209086810244646 0.09951012562577717 0.39153352497730076 0.10279848493157906 0.3959806017653361 0.27776149836830194
0 0.60657685625 0.21582002031250003 0.6037735064942887 0.10551804778569356 0.5318991249603144 0.10734475156350862 0.5347024747160258 0.2176467240903151
0 0.549946724559496 0.2821614443605862 0.3978141640625001 0.2791805109375 0.39580638169050414 0.3816481040769139 0.5479389421875 0.3846290375000001
0 0.6206219717031128 0.39594265783587906 0.40246846562500005 0.3916666656250001 0.40030128758011874 0.5022322292346699 0.6184547936582315 0.506508221445549
0 0.842788428226705 0.17009300915070677 0.6241818718750001 0.16580842500000006 0.6222087327107949 0.2664812424117934 0.8408152890624999 0.2707658265625001
0 0.8565522175553697 0.5201562027798523 0.6978421484374999 0.5170450828125001 0.6957100282580173 0.6258126470994163 0.8544200973758871 0.6289237670667687
0 0.6257313328124999 0.7926023546875001 0.6209093157330278 0.6028547659808948 0.5427379015624999 0.6048413203125002 0.5475599186419721 0.7945889090191054
0 0.6332737198111926 0.8008362160594586 0.4208458765625001 0.79667370625 0.4184327661263076 0.9198234089405416 0.6308606093750001 0.9239859187500002
0 0.7174855640625 0.8654388234375 0.7142975866641927 0.7399656344226342 0.6451148375 0.7417234046875 0.6483028148983073 0.8671965937023657
0 0.861817009205241 0.7657534958352359 0.7229739671875002 0.7630338421875 0.7208786470447593 0.8700035744772642 0.8597216890625002 0.872723228125
0 0.5377816234375 0.79091628125 0.5343886425313984 0.6574117422298589 0.4135189905466389 0.6604836109792022 0.41691197145274045 0.7939881499993432
0 0.6214272859375001 0.5981315828125001 0.6195301583665784 0.5235123910659201 0.582299768775976 0.524458941101042 0.5841968963468978 0.599078132847622
0 0.5781970781250001 0.5967410375 0.5763034019748408 0.522193530349295 0.5406914563303384 0.5230981547251503 0.5425851324804978 0.5976456618758552
0 0.5363547515625 0.6499228499999999 0.5330702646574761 0.5206511753846008 0.41003827968750006 0.5237771265624999 0.413322766592524 0.653048801177899
0 0.6142749390625 0.3877032890625 0.6086342528808161 0.21992121742718945 0.5338637652350188 0.22243493568296438 0.5395044514167027 0.39021700731827497
0 0.8514659238245919 0.3977574893619996 0.6953146935758183 0.3940643703602881 0.6926432306887265 0.5070182763107886 0.8487944609375001 0.5107113953125001
0 0.8427864156249999 0.36257862968750004 0.8414746297393483 0.31090825072588507 0.8101026499999999 0.311704709375 0.8114144358856515 0.36337508833661497
0 0.8610754706093129 0.6385619920628879 0.7024933734374998 0.6345306468749999 0.699522364240454 0.7514020253418798 0.8581044614122669 0.7554333705297678
0 0.8116860195529568 0.7318881902664285 0.8021273520120553 0.2726813639554505 0.6317172531249999 0.276228553125 0.6412759206659014 0.735435379435978
0 0.3861839421875 0.509420128125 0.38356688692280805 0.40647669636357786 0.35456934062499995 0.40721387968749995 0.3571863958896919 0.5101573114489221
0 0.8927500296875 0.3870083421875 0.8901904159203438 0.28624592010193456 0.8593170015071252 0.2870301808901884 0.8618766152742813 0.3877926029757538