0 0.2912501452700666 0.5878963341711883 0.2832495765625 0.4553940937500001 0.10924853597993342 0.46590038614131196 0.11724910468750001 0.5984026265625001
0 0.22169780852646026 0.4480246762992251 0.21725232343749998 0.3744121890625 0.10719591022353973 0.381058536200775 0.11164139531250002 0.45467102343750004
0 0.40226568586948935 0.5802420040573557 0.39439022031250004 0.42835802343750007 0.28951964501113464 0.4337957568992973 0.2973951105681239 0.5856797375191529
0 0.5253910832784895 0.5710324461517763 0.5140274765624999 0.3518771484375 0.4008740335438327 0.35774436332317744 0.41223764025982224 0.5768996610374537
0 0.267788858126728 0.35285016119760604 0.256382075 0.1328622 0.15334995869139517 0.13820460600904694 0.16475674181812316 0.35819256720665293
0 0.6303296858553696 0.26453085761751904 0.6221174640625 0.1061523234375 0.5108008500821304 0.11192429706998094 0.519013071875 0.27030283125
0 0.811275947152738 0.4142754721865929 0.8064418906249997 0.3342152625 0.6154209184722619 0.3457491590634071 0.620254975 0.42580936874999986
0 0.9516300470663163 0.5370990060149903 0.9405947109374999 0.3242746921875 0.8145606201211836 0.33080979398500976 0.8255959562499999 0.5436341078125
0 0.8785887476182559 0.3086175378603026 0.8743107484374999 0.23776337499999997 0.748647200819244 0.24535062932719737 0.7529251999999999 0.3162047921875
0 0.8785300423527932 0.23013084770296635 0.8713685312499999 0.0920159765625 0.7618903761086393 0.09769262106199642 0.7690518872114327 0.23580749220246275
0 0.8186228954631908 0.5480260634581561 0.8111471546875 0.4242334781250001 0.6792060185993092 0.43220130372934407 0.6866817593749999 0.5559938890625
0 0.6099309027516745 0.3836958734332737 0.6076285890625 0.34556511875 0.5327507128733254 0.3500862031292263 0.5350530265625 0.3882169578125
0 0.6115678357679581 0.4263039604098336 0.6093655906250002 0.38983085156249997 0.534503418919542 0.3943510270901664 0.5367056640625 0.4308241359375001
0 0.6744897039031432 0.5567364131432311 0.6668816390625001 0.4307291828125 0.5393490164093567 0.43842934779426895 0.5469570812499999 0.564436578125
0 0.3973712134837024 0.43796450983296875 0.3926867953125 0.3603969375 0.2246127990162976 0.3705471698545312 0.2292972171875 0.4481147421874999
0 0.506856962319806 0.2741358147047726 0.50148745 0.11612739062499995 0.38580788210238937 0.12005846498760779 0.3911773944221954 0.2780668890673804
0 0.3521866428622852 0.15969583188687683 0.35024701093750005 0.12756523749999998 0.29860817745021484 0.13068252592562316 0.300547809375 0.1628131203125
0 0.758738311847032 0.25513623004450003 0.7505838296875 0.09787121874999997 0.630816177215468 0.10408139339299997 0.638970659375 0.2613464046875
0 0.745013561637677 0.3136917093877159 0.7327717556723965 0.1393678694167402 0.26502617997221956 0.17221507252902438 0.2772679859375 0.3465389125000001
0 0.5357925088967441 0.619049393867819 0.5339993827185036 0.5893505796931751 0.4298659285092595 0.5956378483253559 0.4316590546875 0.6253366624999999
0 0.37374381675429047 0.10641806510496103 0.37154502941282885 0.0746818417523604 0.2692323160030597 0.08177039468496891 0.2714311033445213 0.11350661803756956