0 0.2649890625000001 0.3864765625 0.09947812500000004 0.3864765625 0.09947812500000006 0.513246875 0.2649890625000001 0.513246875
0 0.20600781250000008 0.5238125 0.10123906250000006 0.5238125 0.10123906250000007 0.5942421875 0.20600781250000008 0.5942421875
0 0.37240156250000006 0.388234375 0.2720421875000001 0.388234375 0.2720421875000001 0.532621875 0.37240156250000006 0.532621875
0 0.49037031249999996 0.3899937500000001 0.3820843750000001 0.3899937500000001 0.3820843750000001 0.598640625 0.49037031249999996 0.598640625
0 0.25530781250000006 0.612725 0.1567078125000001 0.612725 0.1567078125000001 0.82225 0.25530781250000006 0.82225
0 0.6056937500000001 0.6761171874999999 0.499165625 0.6761171874999999 0.4991656250000001 0.8266609375 0.6056937500000001 0.8266609375
0 0.7703296875000001 0.5220484375000001 0.588096875 0.5220484375 0.588096875 0.5986468750000001 0.7703296875000001 0.5986468750000002
0 0.898859375 0.3979109375000001 0.778246875 0.3979109375000001 0.778246875 0.6003984375000002 0.898859375 0.6003984375000002
0 0.839878125 0.61889375 0.72014375 0.61889375 0.72014375 0.6866843750000001 0.839878125 0.6866843750000002
0 0.8442828125 0.6946062500000002 0.7395140625 0.6946062500000002 0.7395140625000001 0.8257875 0.8442828125 0.8257875
0 0.7703656249999999 0.3941250000000001 0.645053125 0.3941250000000001 0.645053125 0.5125640625000001 0.7703656249999999 0.5125640625000002
0 0.5800171875 0.5627890625 0.5086390625 0.5627890625 0.5086390625 0.599271875 0.5800171875 0.599271875
0 0.579484375 0.522078125 0.5081078125 0.522078125 0.5081078125 0.5569734375000001 0.579484375 0.5569734375000001
0 0.6323546875 0.39412031250000007 0.5112796875 0.39412031250000007 0.5112796875 0.514675 0.6323546875 0.514675
0 0.3741390625000001 0.523290625 0.21385625000000008 0.523290625 0.21385625000000008 0.597503125 0.3741390625000001 0.597503125
0 0.49006875 0.82409375 0.4894768417841272 0.6749097088157614 0.3788106720443668 0.6753487920753927 0.3794025802602396 0.8245328332596312
0 0.3451562500000001 0.7911578125000001 0.2959781250000001 0.7911578125000001 0.2959781250000001 0.8218984375 0.3451562500000001 0.8218984375
0 0.7287140625000001 0.6777484375000001 0.6140984375 0.6777484375 0.6140984375000001 0.8271593749999999 0.7287140625000001 0.8271593749999999
0 0.7125552366553631 0.7822295912879488 0.7117875987837357 0.6153016761101491 0.2646671875 0.6173578125000001 0.26543482537162744 0.7842857276777998
0 0.49767968749999997 0.3427015625000001 0.3982234375 0.3427015625000001 0.39822343750000005 0.37111718750000006 0.49767968749999997 0.37111718750000006
0 0.36811562500000006 0.8399640625 0.27017187500000006 0.8399640625 0.27017187500000006 0.8702156249999999 0.36811562500000006 0.8702156249999999