0 0.6188887491748319 0.1354180975122575 0.315165625 0.13485937500000006 0.31480819145346794 0.3291612530449411 0.6185313156282999 0.32971997555719856
0 0.3606131973934456 0.32928536544190534 0.22671250000000004 0.3256390625 0.22524237795781205 0.37962535213055604 0.3591430753512576 0.38327165507246136
0 0.363158641391062 0.5513002795516745 0.27408125000000017 0.5489671875000001 0.2733288586089382 0.5776934704483256 0.3624062500000001 0.5800265625000001
0 0.4765287025328039 0.7352534131116091 0.4739907587890813 0.5479820519894713 0.36027966816195134 0.5495230903485655 0.36281761190567396 0.7367944514707033
0 0.6313671186999603 0.5730962592351616 0.40576249999999997 0.5663890625 0.4022140721452362 0.6857446956755664 0.6278186908451966 0.692451892410728
0 0.6131349649394631 0.6681230322857657 0.4767650332347432 0.6641433556218057 0.4752420955974187 0.716329228779107 0.6116120273021386 0.7203089054430671
0 0.6141649631440461 0.719608381515924 0.4127282725399213 0.7144372465957493 0.4102508093958753 0.8109444900798254 0.6116875000000002 0.8161156250000001
0 0.3627847033308122 0.6647208222737844 0.22711093750000008 0.66393125 0.22627354740437017 0.8078216467574789 0.3619473132351823 0.8086112190312633
0 0.41226623018101993 0.7372512208899239 0.3624015625000001 0.736909375 0.3619015049196038 0.8098522004158346 0.41176617260062354 0.8101940463057584
0 0.3638526820490453 0.5821330557689302 0.22682968750000004 0.5780828124999999 0.22434785002538601 0.6620453747896157 0.3613708445744313 0.6660956180585459
0 0.7466074842020649 0.3409286813213763 0.22860655967127083 0.325578697801547 0.22133989881977278 0.5707996151051514 0.739340823350567 0.5861495986249807