0 0.8878851484375001 0.31963777656250014 0.685890926145081 0.31760665448477665 0.6825650892216355 0.6483597146729483 0.8845593115140545 0.6503908367506719
0 0.683092265625 0.6030319765625001 0.6266302446736511 0.6025087229000741 0.6253120833329306 0.7447457650489343 0.6817741042842795 0.7452690187113602
0 0.4510181796875 0.6137727671875 0.42097882011212817 0.6134630030090391 0.42000863763267127 0.7075463812064334 0.45004799720804306 0.7078561453848942
0 0.45539736073310966 0.6135619243463593 0.44875386769975006 0.49524270536987736 0.2524719882166405 0.5062637153985181 0.25911548125 0.624582934375
0 0.4384479264363644 0.33727186743100135 0.3135773524234798 0.33642553299287836 0.31194939829037854 0.5766184849869493 0.4368199723032632 0.5774648194250722
0 0.33839328281250003 0.3599223546875 0.283800374932417 0.35952247181620417 0.282736371875 0.5047825593749999 0.33732927975508303 0.5051824422462958
0 0.2835609619833037 0.5765615398221855 0.28197648511963136 0.36265713917273745 0.1804576309488277 0.3634091306005519 0.18204210781250002 0.57731353125
0 0.3290047862296616 0.6217205380444825 0.18138288271742117 0.6207195454167456 0.18036199375000012 0.771275671875 0.32798389726224053 0.7722766645027369
0 0.26037076694652034 0.6248966506923244 0.2570194675862894 0.5730291343401308 0.17849675063976903 0.5781026977103064 0.18184804999999998 0.6299702140625
0 0.41879307592483117 0.6168329579329112 0.33095267659415983 0.6162226792093756 0.3299348343750002 0.7627256843750001 0.4177752337056716 0.7633359630985357
0 0.685624931082536 0.20379679431947392 0.4290768104086743 0.20203389883815817 0.42529812706059944 0.7519326998984958 0.6818462477344612 0.7536955953798116