0 0.6050537506156746 0.18623872002449743 0.26762500000000006 0.16311990781250002 0.25283511979378676 0.37898440612562 0.5902638704094613 0.4021032183376175
0 0.3037203762387256 0.3825152725712238 0.15521192187500005 0.36854525468750005 0.14957946852602574 0.42842112228438517 0.29808792288975133 0.442391140168109
0 0.2901030996069579 0.6293870618594853 0.19130104218750005 0.6201964109375 0.18833717851804221 0.6520587709530147 0.2871392359375001 0.661249421875
0 0.4134956965561277 0.6339099340818126 0.2870358910402102 0.6271991509218945 0.27598386883591525 0.8354664343681071 0.40244367435183265 0.8421772175280253
0 0.5864980024393082 0.6734721118053308 0.3363230328125001 0.6493082171875 0.3235391768812884 0.7816627411533669 0.5737141465080965 0.8058266357711977
0 0.5592010324399943 0.7777068846754202 0.40797367768062565 0.7631835458133186 0.4024159047050021 0.8210550389621762 0.5536432594643708 0.8355783778242778
0 0.5565317491530036 0.8349891334654058 0.3330962472791601 0.8143221809228216 0.32319482156365664 0.9213689271449159 0.5466303234375002 0.9420358796875001
0 0.2812860908097979 0.7553821897884874 0.13059594843750005 0.744454978125 0.11900696667922761 0.9042711659031994 0.2696971090515254 0.9151983775666869
0 0.3308929433127598 0.8396368179711541 0.27551307812500003 0.8355633093750001 0.269554285321299 0.916573852095427 0.3249341505090587 0.9206473606915809
0 0.2885903457917455 0.6636971117019319 0.13664259218750005 0.6490469906249999 0.1276655463960228 0.7421548861061665 0.27961330000026824 0.7568050071830984
0 0.7317404501465262 0.42404445934141793 0.15732090246952732 0.3686184834130026 0.1310823225651801 0.6405478982384253 0.7055018702421789 0.6959738741668406