0 0.6225212689045534 0.2934917549814019 0.6194805015625 0.080328840625 0.2772337554162756 0.08521098783971436 0.2802745227583291 0.2983739021961163
0 0.329023708994134 0.3572035896392577 0.32835135625 0.29760395781250004 0.1804660064614317 0.2992722755134649 0.18113835920556579 0.35887190734022256
0 0.32546740659352225 0.5731644137922703 0.325065228125 0.54157445625 0.2270418465314778 0.5428224127702296 0.22744402500000005 0.5744123703125
0 0.44809198810338324 0.5401682784998283 0.3229680021552769 0.5385491742897695 0.3203181359375001 0.7433302015625001 0.4454421218856065 0.7449493057725589
0 0.6200978778322759 0.6816977903443623 0.616896176335693 0.5501673357585499 0.36573884752174024 0.5562809829596762 0.3689405490183232 0.6878114375454885
0 0.5970000880016696 0.7151754568611884 0.5960655802214364 0.6577960959242305 0.44462836565726693 0.6602624750005421 0.44556287343750006 0.7176418359375001
0 0.5966170886300273 0.8207945700566599 0.5951099209350131 0.7151924324753479 0.37121367917998593 0.718387909293688 0.37272084687499996 0.8239900468749999
0 0.3218944677830836 0.6699466937998989 0.17085474477068668 0.6678850289343168 0.16868067968750008 0.827159309375 0.31972040269989704 0.8292209742405822
0 0.3746746469364457 0.745067783550754 0.31991068845641196 0.743240792842318 0.31719747321469166 0.8245692890185078 0.3719614316947254 0.8263962797269437
0 0.32487341119257884 0.6677293540515763 0.32355486674914974 0.5753881982710178 0.17119387743157086 0.5775637692194416 0.172512421875 0.6699049250000001
0 0.7522972465022356 0.5616804142333142 0.748445516470525 0.2918303262174967 0.17464846448283766 0.3000204711735303 0.1785001945145482 0.5698705591893477