0 0.8661175359374997 0.2865865140625001 0.6549156162464205 0.2850220546422645 0.6524802265625 0.613799503125 0.8636821462535794 0.6153639625452356
0 0.6641186546875 0.19314127500000006 0.6063191317678245 0.18982363567701616 0.5979463993121924 0.3356923978769878 0.655745922231868 0.3390100371999717
0 0.42276704062500003 0.24577418593750006 0.3920096774846332 0.24404088014123335 0.386554375 0.34084475625 0.4173117381403668 0.34257806204626673
0 0.42185663379700655 0.4602920875238047 0.419301667635448 0.3383208191322609 0.21632186715394744 0.34257269359867487 0.21887683331550592 0.4645439619902185
0 0.39979553750000013 0.3872816062500001 0.2720304819345344 0.37962989337774605 0.2573539226457361 0.6246928543577216 0.3851189782112018 0.6323445672299757
0 0.29246830626437836 0.46525738170070746 0.23660384216406172 0.4619422809692647 0.22784778497076838 0.6094950953062732 0.283712249071085 0.612810196037716
0 0.24058839995496903 0.39602028584811094 0.13725385612292126 0.3902500369455781 0.12496339843750008 0.6103495265625001 0.22829794226954786 0.6161197754650329
0 0.30083826718750006 0.19625990468750004 0.1497944175683648 0.18721451357143382 0.14061482572702647 0.34049930489299945 0.2916586753461617 0.3495446960090657
0 0.21812123113755968 0.3956236071178191 0.21809158593750003 0.3420875953125 0.13786178082915995 0.3421320220178704 0.1378914260292196 0.39566803382318944
0 0.3930340171875001 0.19527509375000007 0.30315444170791384 0.18990756860406927 0.29424718028794256 0.3390602699602324 0.3841267557675288 0.3444277951061633
0 0.6639928918977146 0.19733404008402827 0.4014931028542388 0.18163785091866766 0.3678595504037539 0.7441183568569477 0.6303593394472297 0.7598145460223084