0 0.6853131436246016 0.12569033100593793 0.3811234375 0.12488437500000005 0.38061131136307685 0.318174700950364 0.6848010174876784 0.31898065695630184
0 0.7732874999999998 0.3190421875 0.640628125 0.3187953125 0.6405275844187054 0.37282123929163224 0.7731869594187052 0.3730681142916322
0 0.7259171875000001 0.54099375 0.6376772932918364 0.5407372977741918 0.6375937500000001 0.5694828125 0.7258336442081637 0.5697392647258084
0 0.6377859375000001 0.5389578125000001 0.5242403531520051 0.5386044965889785 0.5236633388937885 0.7240403037024971 0.6372089232417835 0.7243936196135187
0 0.5945255484583625 0.5545829929752384 0.3705364153067762 0.5544418883556322 0.37046113588261226 0.673940264877372 0.5944502690341984 0.6740813694969782
0 0.5239433786253749 0.650270566838784 0.3883839820839593 0.6502593645086839 0.3883796659585844 0.7024887976698999 0.5239390625 0.7025
0 0.5876187500000001 0.7022125 0.38792812500000007 0.7022125 0.38792812500000007 0.7983171875 0.5876187500000002 0.7983171875
0 0.7730812499999999 0.7985500000000001 0.7728889305534852 0.6572264782663543 0.6373085473342852 0.6574109821899694 0.6375008667808 0.7987345039236152
0 0.6379828125 0.7981296875 0.6375971100710267 0.7261162217977908 0.5877693144797873 0.7263830982993246 0.5881550169087606 0.7983965640015338
0 0.77338125 0.5714828125000002 0.6374375 0.5714828125000001 0.6374375 0.65551875 0.77338125 0.6555187500000001
0 0.773611394094471 0.5632450979277711 0.7728066929129807 0.31756590184715916 0.2584570735977863 0.3192506100070893 0.25926177477927675 0.5649298060877013