0 0.9402578125 0.6591046875000002 0.7982171874999999 0.6591046875000002 0.7982171875 0.7257531250000002 0.9402578125 0.7257531250000002
0 0.9402453124999999 0.5566109375000001 0.7979546875 0.5566109375000001 0.7979546875 0.6570718750000002 0.9402453124999999 0.6570718750000002
0 0.9473859375 0.49071562500000016 0.8716781250000001 0.49071562500000016 0.8716781250000001 0.5439312500000002 0.9473859375 0.5439312500000002
0 0.6688265624999999 0.495809375 0.5837749999999999 0.495809375 0.5837749999999999 0.5558500000000001 0.6688265624999999 0.5558500000000001
0 0.7115812499999999 0.49574999999999997 0.6720890625 0.49574999999999997 0.6720890625 0.554678125 0.7115812499999999 0.554678125
0 0.8620484375 0.1980140625000001 0.5760546875 0.1980140625000001 0.5760546875 0.4833031250000001 0.8620484375 0.4833031250000002
0 0.5672421875000001 0.6005828125000001 0.3184312500000001 0.6003937500000001 0.3183448369605013 0.7141154524525068 0.5671557744605014 0.7143045149525069
0 0.9403578125 0.7280031250000001 0.7408923783536374 0.7272698340355025 0.7404470658536375 0.8484010840355026 0.9399124999999999 0.8491343750000002
0 0.739090625 0.7027640625000001 0.5765551281380503 0.7027577869981907 0.5765494922885284 0.848726289616015 0.739084989150478 0.8487325651178244
0 0.737890625 0.6306812500000001 0.5773343750000001 0.6306812500000001 0.5773343750000001 0.6996500000000001 0.737890625 0.6996500000000002
0 0.5668453125 0.4563359375 0.12815625000000005 0.4563359375 0.12815625000000008 0.6208390625 0.5668453125 0.6208390625
0 0.8551718750000001 0.496221875 0.57057548889316 0.49566217414098457 0.5700704864224224 0.7524455537479819 0.8546668725292627 0.7530052546069974