0 0.23087680625 0.7240146390625002 0.23037669993728235 0.6565003315829643 0.08353860781250001 0.6575880218750001 0.08403871412521764 0.725102329354536
0 0.2275362984375 0.6544620375 0.2267824752862028 0.5526959518019356 0.07816950312499998 0.5537967890625 0.07892332627629721 0.6555628747605643
0 0.14693884218750003 0.5404422640625001 0.14653953153481353 0.48653528310226896 0.0674784453125 0.4871209203125001 0.0678777559651865 0.5410279012727311
0 0.43911214218750005 0.5503522734375 0.43866161920135616 0.48953162506941467 0.3498313515625 0.4901896265624999 0.3502818745486439 0.5510102749305853
0 0.349618646875 0.549828025 0.3464325218220845 0.4883813135303683 0.30653234843750005 0.4904502109375001 0.30971847349041554 0.5518969224071318
0 0.44312087499999997 0.4768291734375 0.4409801689817841 0.18783375027776927 0.13852693437500002 0.19007414374999995 0.1406676403932159 0.4790695669097307
0 0.7146254954568552 0.7072150636832413 0.7130221869918657 0.5919818586796012 0.45820307031249996 0.595527309375 0.4598063787774895 0.7107605143786401
0 0.2950977375 0.8463075828125 0.2928329335436204 0.7235624763618034 0.08705507500000001 0.727359340625 0.08931987895637959 0.8501044470756967
0 0.4556083697861171 0.8469288255555538 0.45466314598359386 0.6990755006594644 0.28954366807014487 0.7001311066858672 0.29048889187266796 0.8479844315819565
0 0.4531849734375 0.6959242140625 0.45266745629061844 0.6260594502606843 0.28697494062499995 0.6272868031250001 0.2874924577718815 0.6971515669268158
0 0.9039106765625 0.6127463078125 0.902676303569292 0.4461060225467044 0.45364000156250006 0.44943221875 0.454874374555708 0.6160725040157955
0 0.46317052322329016 0.7408620982416594 0.44820413545261406 0.47579713138160706 0.1609941162738952 0.4920138972921376 0.1759605040445713 0.75707886415219