0 0.2848936216709993 0.825714776495966 0.21559544218750007 0.8221215374999999 0.20789037207900085 0.9707193156915341 0.2771885515625001 0.9743125546875001
0 0.3914216898493718 0.8320221354410255 0.2869667265625001 0.8266059515625003 0.2792212742131285 0.9759825161214744 0.38367623750000013 0.9813986999999997
0 0.455875114007423 0.9139073427006073 0.40054379531250006 0.9110383109375 0.3964229016175774 0.9905126776118929 0.4517542203125002 0.9933817093750001
0 0.46609827142246746 0.6143296309839446 0.4036706109375001 0.611092640625 0.3990409176400327 0.7003795674535555 0.46146857812500003 0.7036165578125001
0 0.4619596841533067 0.7070506262331612 0.4001304828125001 0.7029286796875 0.3973977830341934 0.7439191784543387 0.45922698437500004 0.748041125
0 0.7760911971475819 0.6234773100264163 0.47945989531250016 0.608096428125 0.4638257450399183 0.9096121915360837 0.7604570468750002 0.9249930734374999
0 0.3735876570414171 0.3324396352781827 0.2551523893610673 0.32533380457264116 0.2396503510696502 0.5837114849194583 0.35808561875 0.5908173156250001
0 0.2186783352037617 0.7623094291778667 0.09276429843750009 0.7543672078125 0.07968633510873845 0.9617020426971331 0.20560037187500008 0.9696442640624998
0 0.25142416743027496 0.5932392599153353 0.0996646605264639 0.5853761293968754 0.09090594622118911 0.7544205272940402 0.24266545312500015 0.7622836578125001
0 0.3263257232296113 0.5981592442374402 0.25461498281250006 0.594440909375 0.24591059083288877 0.7623113182625599 0.31762133125 0.766029653125
0 0.5317379002313622 0.14209001512358985 0.3606946242971564 0.13322110465105627 0.3370415950521687 0.5893866754231967 0.5080848709863746 0.5982555858957304
0 0.4720268887894977 0.6022741380634989 0.2033890890697581 0.5831221442852785 0.18235206640997492 0.8782005337950519 0.4509898661297145 0.8973525275732722