0 0.5319400875000001 0.5138061656249999 0.5297869318210494 0.43434987724649243 0.4301697006541703 0.4370493666309769 0.43232285633312106 0.5165056550094844
0 0.43119127187500006 0.4610397921874999 0.4276587096147826 0.3393795649205073 0.2758216703125 0.34378834999999996 0.27935423257271746 0.46544857726699257
0 0.38899416875 0.49352563125 0.3882001868412822 0.46213151440376443 0.282398884181201 0.46480731256818864 0.2831928660899188 0.49620142941442424
0 0.3496450278946016 0.7759921860083006 0.34499523370786034 0.6081843377428102 0.17108541111717418 0.6130032117731835 0.17573520530391548 0.7808110600386738
0 0.3538877164720623 0.8802208809583197 0.35090380392691733 0.778121421121335 0.1785344598374946 0.783159009459687 0.18151837238263954 0.8852584692966717
0 0.39917871250000003 0.8792292062499998 0.3959392388075985 0.8079833594997792 0.35157029374999993 0.8100007687499999 0.35480976744240145 0.8812466155002205
0 0.5660680496178816 0.8755150276422311 0.5623687550202996 0.7153248185804408 0.3920209271516577 0.7192586844704667 0.3957202217492397 0.8794488935322571
0 0.560562161601107 0.43123046011089566 0.557119008872806 0.28585255369194085 0.4274474863627476 0.28892371400447675 0.4308906390910486 0.4343016204234316
0 0.5745822910691584 0.2854446477909037 0.5708397728878499 0.13122535852468573 0.4033227836233132 0.13529057877685757 0.40706530180462164 0.28950986804307555
0 0.5611914788142969 0.7368112872435336 0.5560941182986487 0.5780558210824612 0.3861123656852469 0.5835136380326701 0.3912097262008951 0.7422691041937426
0 0.8451220073637298 0.6247289301802583 0.6988046054370638 0.2675634657929692 0.2104971053258589 0.4676048804357433 0.35681450725252484 0.8247703448230324