0 0.5699496322349031 0.24992445473704344 0.5660984375 0.08698281249999999 0.4484669515261147 0.08976308249864413 0.45231814626101785 0.2527047247356876
0 0.36466718750000005 0.254390625 0.3603873290197292 0.0918499623211754 0.233278125 0.09519687499999999 0.23755798348027085 0.25773753767882457
0 0.3386068776476081 0.47247345358146164 0.3322375 0.2591890625 0.23793886119114993 0.26200513187658914 0.24430823883875802 0.4752895229580508
0 0.4527855210893527 0.4690235911061567 0.4478924876847864 0.30311707665866716 0.33536093750000007 0.3064359375 0.3402539709045664 0.4723424519474896
0 0.7335244081188576 0.8287714238252815 0.7257901207651325 0.5629574875687577 0.5017524256444953 0.569476227468298 0.5094867129982203 0.8352901637248216
0 0.45157951935861274 0.2525985607152446 0.44554612821847794 0.0889915572752178 0.36178903689419284 0.09208029603391435 0.36782242803432774 0.25568729947394114
0 0.48291522369689954 0.2519039449115167 0.48045897623163414 0.1623533519909089 0.41885156503473464 0.16404315707939227 0.4213078125 0.25359375000000006
0 0.8823950972270092 0.5589075012903331 0.869813083748603 0.27951291730650313 0.6411815270056654 0.28980891262434755 0.6537635404840715 0.5692034966081775
0 0.7027062500000001 0.39293281249999995 0.6988761128630014 0.2832003238205202 0.6427127690417047 0.28516066675538526 0.6465429061787034 0.39489315543486503
0 0.5781033593319356 0.5620374166891697 0.5723833314668625 0.3992638037941295 0.45161747213492703 0.40350763710495985 0.45733750000000006 0.5662812500000001
0 0.5097468750000002 0.39751875000000003 0.5069790359634969 0.3016332356174803 0.4277484375 0.3039203125 0.43051627653650326 0.3998058268825198
0 0.5727635551071841 0.3482726501585472 0.5707150065010206 0.25389735574283645 0.5408640625000001 0.2545453125 0.5429126111061637 0.34892060691571075
0 0.7535299537529987 0.46320034491138573 0.4318278177816435 0.15852820763502581 0.30207946113300754 0.2955289975522798 0.6237815971043628 0.6002011348286398