0 0.7337140678285164 0.7607240509030733 0.7254095782762173 0.6518672436776873 0.5106031182602009 0.6682544412121139 0.5189076078125001 0.7771112484374999
0 0.7302106422798832 0.6493783273140108 0.7254060067583487 0.5863170685540903 0.5137824192119154 0.6024406637044996 0.5185870547334499 0.6655019224644201
0 0.5221395493283701 0.7770342963282513 0.516117765625 0.6985203515625 0.37575630848412983 0.7092856536717488 0.3817780921874999 0.7877995984375
0 0.38428262317194917 0.78722495038252 0.3781593694978383 0.7092225842502631 0.2582303307008891 0.7186371182427431 0.26435358437499995 0.7966394843750001
0 0.48012115411179235 0.7011794359270893 0.4699972814344651 0.5730569999288964 0.25551817263517285 0.590004532751807 0.2656420453125 0.71812696875
0 0.5725697289889837 0.5674249662544235 0.5550159546207307 0.28745423813317905 0.04706888236767511 0.3193018114747874 0.0646226567359281 0.5992725395960319
0 0.732775104143681 0.4729147033744554 0.7268808185542265 0.39309999587252265 0.5147544894105456 0.40876544406056736 0.520648775 0.4885801515625
0 0.8962637824649704 0.42392761722239386 0.8811240671875 0.21901132343750004 0.6041981405929866 0.2394712859136499 0.6193378558704572 0.4443875796985437
0 0.6102249817860323 0.40701831609694494 0.6061211921874999 0.35495181406250004 0.5574463582207507 0.3587882783828973 0.5615501478192831 0.4108547804173422
0 0.7350213501329931 0.5836355075491229 0.7269731203125 0.4757405031250001 0.5080461576795069 0.4920709580758772 0.5160943874999999 0.5999659625
0 0.5167575890625 0.5702882984375 0.4728560088028617 0.5698221499836552 0.4714461914067722 0.7025979021187543 0.5153477716664105 0.7030640505725991