0 0.5370037685002735 0.5215855959217197 0.5325278214314586 0.44620909995005215 0.43450296855618503 0.4520299337158325 0.438978915625 0.5274064296875001
0 0.6781091125822217 0.6108589200772198 0.6753021625000001 0.4930826296875 0.5272575655427784 0.4966109611727802 0.5300645156250001 0.6143872515625
0 0.6778471454837686 0.4903079897901489 0.6760385566538477 0.46053064276272027 0.5731356236700791 0.46678066547257124 0.5749442124999999 0.49655801249999987
0 0.795815828125 0.1857590890625001 0.6314751759130869 0.18303378780581275 0.6287428217082829 0.3477997456938141 0.793083473920196 0.35052504695050146
0 0.8036650874831253 0.1828016327079895 0.7976192231618711 0.08598841389514243 0.6256628622412457 0.09672687337465291 0.6317087265625 0.19354009218749998
0 0.6343649312500002 0.09588574843750008 0.5921026484393261 0.09483853583745008 0.5903420484375002 0.16589094218750006 0.6326043312481742 0.16693815478755009
0 0.5910253559103305 0.25389106924304644 0.5888240562500001 0.09851239531249999 0.4256680254677411 0.10082387928939615 0.4278693251280714 0.2562025532199426
0 0.5284171484375 0.5246834375 0.4058931102558513 0.521356663655788 0.4019688987424443 0.6658841439767227 0.524492936924093 0.6692109178209347
0 0.5513741796123018 0.8085346361033352 0.5430988449154679 0.6621743543233066 0.3823545817030155 0.6712629715526603 0.39062991639984956 0.8176232533326889
0 0.596009238183539 0.37991987059993626 0.5873500922389796 0.22974275549830706 0.4236892789207646 0.23917936551021657 0.432348424865324 0.3893564806118458
0 0.6563400766079365 0.6098032598498129 0.6335502046651031 0.1632650543755176 0.19855914295924953 0.1854655972876832 0.22134901490208284 0.6320038027619785