0 0.5242734198032573 0.4374283228901974 0.45254082400972384 0.43671653886690837 0.4516484375 0.52665 0.5233810332935334 0.527361784023289
0 0.6135406250000001 0.3013390625000001 0.5041046593246562 0.300013549002896 0.5024388293377194 0.43754644751328475 0.6118747950130634 0.43887196101038883
0 0.5040249665637061 0.30322653682304795 0.47568230014052704 0.3029390826414365 0.47471406250000003 0.39840625000000013 0.5030567289231791 0.3986937041816116
0 0.37414540053400436 0.19784316184831288 0.22218571011086202 0.196967239966082 0.22128304748047462 0.35356606076601876 0.37324273790361695 0.35444198264824966
0 0.22030312500000004 0.19891875000000003 0.12812133810478546 0.19833269926519487 0.12713218473103763 0.35391978429089876 0.2193139716262522 0.35450583502570393
0 0.19087647307928762 0.39416601230572423 0.1905390625 0.35408281250000007 0.12617508942071237 0.35462461269427586 0.12651250000000003 0.39470781250000003
0 0.2705716662038108 0.3934371883560214 0.1254560236398988 0.3924245938456445 0.12438443771187542 0.5459943386092114 0.2695000802757874 0.5470069331195884
0 0.6578056604861937 0.43988358983103976 0.5262801009115946 0.43879189206972413 0.5253100186052764 0.555665465226222 0.6568355781798755 0.5567571629875376
0 0.7973231635288347 0.4232951736959607 0.6581096459440031 0.421519196715708 0.6561805339897744 0.5727365063707659 0.795394051574606 0.5745124833510187
0 0.3936566332690787 0.3933975289019674 0.2507845962406828 0.39173515225910294 0.24899655819582395 0.5454070886700225 0.3918685952242199 0.5470694653128869
0 0.6147810775600315 0.7333287388737654 0.6062816466563443 0.329582291857723 0.18881781807961737 0.3383704929477889 0.1973172489833046 0.7421169399638312