0 0.5251224170101283 0.4863426194963784 0.43310800640791225 0.4814126498208348 0.429210966941882 0.5541481458096242 0.521225377544098 0.5590781154851678
0 0.4332457683773864 0.531149248869966 0.29471447343750007 0.5273761546875 0.2916600972476137 0.639519310505034 0.43019139218750013 0.6432924046874999
0 0.3928064720249783 0.5014131136423472 0.29518349218750006 0.49636077656250005 0.2936959154750217 0.525104241045153 0.3913188953125 0.530156578125
0 0.34990500508413513 0.2409668912337899 0.1899894640625 0.232304596875 0.18166877165080772 0.3859137878787874 0.3415843126724429 0.3945760822375773
0 0.3530841020317472 0.1454251703211577 0.19194801875000006 0.13645154687500005 0.18674403390575287 0.22989760467884243 0.3478801171875 0.2388712281250001
0 0.38955226250695885 0.14538209324256604 0.34880724591906426 0.14491014196675017 0.3480352412246055 0.2115597002866842 0.38878025781250003 0.21203165156250003
0 0.5491853837790369 0.15493350816965093 0.39243454719498305 0.1471671659694293 0.3851665690671105 0.2938593438889296 0.5419174056511643 0.30162568608915125
0 0.5546201746814561 0.5600968375239326 0.4351176484375001 0.5569591531250001 0.4315783752748339 0.6917566758299476 0.5510809015187899 0.69489436022888
0 0.5691158261636587 0.6971298175786232 0.4157920033197029 0.6893517704457941 0.4086284304164033 0.830562843610862 0.5619522532603591 0.8383408907436911
0 0.5446747893819088 0.28209367163400223 0.3883418826177868 0.27293689483039324 0.3798332561824175 0.41820398299258 0.5361661629465395 0.427360759796189
0 0.8144703111824961 0.3954841953671072 0.3530120025363566 0.19643506275255895 0.21562968620855374 0.5149303533262757 0.6770879948546933 0.713979485940824