0 0.8833336868397346 0.5756696548288981 0.7365449396198274 0.5752561301013707 0.7362237527800931 0.6892677252724726 0.8830125000000004 0.6896812500000001
0 0.414359375 0.5363140625 0.26488750000000005 0.5363140625 0.26488750000000005 0.6844921875 0.414359375 0.6844921875
0 0.276845036464862 0.684460839937585 0.27654069090263556 0.534721262575687 0.1112109554868205 0.535057295120752 0.11151530104904697 0.68479687248265
0 0.8762765625 0.43543593750000004 0.688678125 0.4354359375 0.688678125 0.5680015625 0.8762765625 0.5680015625000001
0 0.37125937500000006 0.41173281250000004 0.2684468750000001 0.41173281250000004 0.2684468750000001 0.508221875 0.37125937500000006 0.508221875
0 0.8836802679008511 0.18490862656164136 0.5077 0.18447656250000005 0.5074253847930831 0.42344552157999155 0.883405652693934 0.42387758564163286
0 0.7196951373137832 0.44766902996477836 0.417725 0.4468187500000001 0.41705651902368024 0.6842244288032124 0.7190266563374634 0.6850747087679907
0 0.2765218750000001 0.4118953125 0.11214375000000007 0.4118953125 0.1121437500000001 0.5551109375000001 0.2765218750000001 0.5551109375000001
0 0.678871875 0.41229375 0.5151015625 0.41229375 0.5151015625 0.464584375 0.678871875 0.464584375
0 0.498384375 0.4073546875 0.3652937500000001 0.4073546875 0.3652937500000001 0.43560781249999997 0.498384375 0.43560781249999997
0 0.42791526775140165 0.5326324574797612 0.4138997311003788 0.4413511300692846 0.23882231671224535 0.4682329030203819 0.2528378533632682 0.5595142304308584