0 0.9197180265625 0.429098265625 0.7437149514350802 0.4277557163930369 0.7427609517779505 0.5528214267058068 0.9187640269053702 0.5541639759377699
0 0.9109165984375004 0.6477547421875002 0.7353425093825721 0.6459178899418611 0.7339284820230827 0.7810765920805458 0.9095025710780108 0.782913444326185
0 0.7328938843750001 0.6804896265625 0.5026633057463153 0.6782849595925077 0.5017030671748237 0.7785614571067238 0.7319336458035085 0.7807661240767161
0 0.6841686104770802 0.5582251107096938 0.5078103323857348 0.556056964251145 0.5063382140961546 0.6757999113539513 0.6826964921875001 0.6779680578125001
0 0.41334972065201325 0.2674064472379591 0.1297841215895688 0.26365830533516815 0.12663486493296533 0.501915253335515 0.41020046399540977 0.505663395238306
0 0.9139495515625002 0.5571875343750002 0.7403267559602431 0.5535405572430746 0.7384550750000002 0.6426462656250002 0.9120778706022572 0.6462932427569258
0 0.8361142617246011 0.5212693573119591 0.7409083570501187 0.5203089827610662 0.7402481843750002 0.5857546328125001 0.8354540890494825 0.5867150073633929
0 0.718317546875 0.1095914484375001 0.42137924372473157 0.09420604064198106 0.4086075167239245 0.34070031588781835 0.7055458198741931 0.35608572368333735
0 0.7127844593750001 0.29131791406250007 0.5962527016190557 0.2890996237680117 0.5951154296875 0.348843065625 0.7116471874434442 0.3510613559194884
0 0.5862111 0.4276561953125001 0.4107520098785614 0.4242738762178771 0.4082755265625 0.552742390625 0.5837346166839386 0.556124709719623
0 0.6895609812500001 0.49552213593750005 0.5874858512124261 0.49419508043026406 0.5863904347564123 0.5784528801855988 0.6884655647939864 0.5797799356928348
0 0.7413044112290226 0.42700315001290967 0.6410122219201508 0.4264146519174924 0.6408260216286283 0.45814701440458283 0.7411182109375 0.4587355125000001
0 0.8415959489696258 0.5730573298937724 0.5226326965966364 0.23636294106462055 0.3747857258192825 0.37642393470526087 0.6937489781922721 0.7131183235344126