0 0.5577278141230538 0.2406109567210873 0.5536260093750001 0.06992541249999999 0.43211767405889556 0.07284542232861287 0.4362194788069494 0.24353096654970013
0 0.3458598888014556 0.2515439389918677 0.341289534375 0.08139260468750001 0.20998222906943606 0.08491958804312708 0.21455258349589162 0.2550709223474948
0 0.31811298659710346 0.4780532802376535 0.31231339375 0.25472801718750004 0.21489207759118245 0.25725797712411136 0.22069167043828591 0.48058324017426485
0 0.4364215716344614 0.4717444243837471 0.4320473858657815 0.30042861429866485 0.31556341038969293 0.30340278549485344 0.3199375961583729 0.4747185955799357
0 0.7269579527969373 0.8346079552168337 0.7188017493245996 0.5593361333205866 0.48734635999119397 0.5661940719107701 0.49550256346353166 0.8414658938070174
0 0.4355432235612705 0.24558933322781612 0.429249915625 0.07723715625000002 0.3427049358137294 0.08047236364718391 0.34899824375 0.24882454062499998
0 0.46702369264956456 0.24582484534797594 0.46628374041998333 0.15286634167476543 0.40187913969002514 0.15337900405660582 0.4026190919196064 0.2463375077298163
0 0.8883916086547229 0.5475660918070413 0.8672096395160456 0.25988086966296375 0.6271798882235046 0.27755401514589967 0.6483618573621819 0.5652392372899773
0 0.6948127040231141 0.3820578058677166 0.6908068343750001 0.26906420625000005 0.632775002226886 0.2711215613197834 0.636780871875 0.3841151609375
0 0.5664053615120498 0.5638503308074622 0.5603376703125 0.39381510156250005 0.4355499541129501 0.3982681395050378 0.4416176453124999 0.56830336875
0 0.4971251955251005 0.3923413503614806 0.4927444453125001 0.29434422968749996 0.41021261305703305 0.29803363749063594 0.4145933632696335 0.3960307581646165
0 0.5606676029809118 0.3404972821442054 0.5585006328871818 0.2430951628907378 0.5276698921875 0.243781075 0.5298368622812301 0.3411831942534676
0 0.7468570327522397 0.45733749951192876 0.4212677065359599 0.14552964228145054 0.2861044045116655 0.2866669722581241 0.6116937307279453 0.5984748294886023