0 0.918584386738442 0.3216258736564261 0.7527196875 0.3189083796875001 0.7507362116990579 0.43997161696857406 0.9166009109375001 0.4426891109375001
0 0.4241670386269334 0.316173594432642 0.25227315156249996 0.31274758125 0.2491433185079297 0.4697811771330033 0.42103720557236307 0.4732071903156453
0 0.2759887812824081 0.3128546730310223 0.08889547187500005 0.3090788125 0.0856891034044471 0.46795387777496333 0.2727824128118551 0.47172973830598564
0 0.9203701617756799 0.4490587639096738 0.7105500796875001 0.44657578437500006 0.7088629866618203 0.5891407923403265 0.9186830687500003 0.5916237718750001
0 0.38201199354668414 0.6034983161250829 0.3802468472886921 0.49842423373782496 0.2683230295191168 0.5003044491404018 0.2700881757771088 0.6053785315276597
0 0.9496276594376545 0.6051709300828368 0.5308897729855164 0.5951849535436845 0.5248299613645138 0.8492885657971334 0.9435678478166516 0.8592745423362859
0 0.744726635846612 0.3232538441050289 0.41393952187500005 0.31626053906250007 0.4086125852911793 0.5682275229357912 0.7393996992627911 0.5752208279783201
0 0.2771880979383254 0.4499467187605438 0.09853113125000007 0.446877296875 0.09591390735014546 0.5992138933182642 0.2745708740384708 0.6022833152038081
0 0.7121769294990079 0.5563208560388662 0.53315236875 0.5521088593750001 0.5318470001325474 0.6075915821795604 0.7108715608815552 0.6118035788434264
0 0.5192072289576255 0.5825582242675356 0.3759218906250001 0.5798079359375001 0.3753462476048747 0.6097979569824646 0.5186315859375001 0.6125482453125001
0 0.443232089781893 0.47899766182769304 0.2500986950802592 0.4453837658026899 0.23350674631187252 0.5407151545822153 0.4266401410135063 0.5743290506072185