0 0.26708792456007385 0.903166678846634 0.26410971562499996 0.5011085187500001 0.15610307543992613 0.5019085680283661 0.159081284375 0.9039667281250001
0 0.37453876700180916 0.887441791598264 0.37299641874999995 0.6792249390625 0.27218833143569077 0.679971666214236 0.2737306796875 0.88818851875
0 0.5937085329526525 0.39098708906593155 0.5920884562500001 0.172276790625 0.49145378735984757 0.17302223280906853 0.4930738640625 0.39173253125000007
0 0.5943402850254206 0.5485383907119633 0.5931588890625001 0.389049753125 0.4936247634120795 0.3897870421005366 0.49480615937499994 0.5492756796875
0 0.4909658666710782 0.3523122765182504 0.4896911109375 0.180220309375 0.3897067630164218 0.1809609344192496 0.39098151875 0.3530529015625
0 0.45874241806211524 0.5095686944782545 0.45757540625000004 0.35202216093750005 0.3910158897503849 0.35251519458424563 0.3921829015625001 0.5100617281250001
0 0.3278242467297945 0.6811518236623504 0.32650960468750007 0.503675246875 0.27138072827020554 0.5040836091501494 0.27269537031249996 0.6815601859374999
0 0.4763631559856836 0.8804921288896608 0.47480724687500003 0.6704443828125 0.37518641276431636 0.671182314860339 0.37674232187499995 0.8812300609374999
0 0.4622486731452655 0.5507501634912482 0.45918834531249997 0.5094357406250001 0.3891005612297344 0.5146274286962518 0.3921608890625 0.5559418515625
0 0.49178904820057606 0.5510148914219388 0.49029659218750005 0.3495333328125 0.46075701273692393 0.3497521445155612 0.46224946874999995 0.5512337031250001
0 0.5004488888579683 0.6645428058757263 0.49219665468749996 0.5531376531250001 0.32191205020453156 0.5657513284992739 0.330164284375 0.6771564812500002
0 0.7388269472425717 0.8716086127768555 0.7379220734374999 0.47601012343749993 0.477182786685697 0.4766065264999303 0.47808766049076884 0.8722050158392859