0 0.5960313605573156 0.464150820685756 0.4983917609375001 0.4625364500000001 0.49714050115729486 0.5382145486161225 0.5947801007771104 0.5398289193018784
0 0.7354090453125 0.48676064062500013 0.734264992915221 0.3700802008292507 0.5861876546874999 0.3715320999999999 0.5873317070847788 0.4882125397957493
0 0.7378399671124071 0.4894288661603009 0.6351502015625001 0.4875884734375001 0.6346143573898682 0.5174873704376499 0.7373041229397752 0.5193277631604507
0 0.8665690749999998 0.7893207921874998 0.8637935712012912 0.6272635378836614 0.6972893318373992 0.6301152038016162 0.7000648356361079 0.7921724581054546
0 0.873863627952729 0.7920121442808724 0.7025500062500001 0.7885725703125 0.7005982773198661 0.8857816301198325 0.8719118990225949 0.8892212040882047
0 0.7086691484375 0.8862408515625001 0.70440740794617 0.8154943746947847 0.6622585140624999 0.8180334078125 0.6665202545538299 0.8887798846802154
0 0.66313614375 0.8855662874999999 0.6598275302197868 0.7304269651064235 0.49692626574300147 0.7339011154341488 0.5002348792732147 0.8890404378277253
0 0.5877291765625 0.46142481250000006 0.5787166948366295 0.3174410568035896 0.4565221307762323 0.3250896715398039 0.4655346125021029 0.46907342723621437
0 0.599515419123645 0.17619601317809225 0.43902064415594183 0.1739993951904798 0.4370097623893391 0.32092344772833875 0.5975045373570422 0.3231200657159512
0 0.6594298412240608 0.6034638320142369 0.4959963584420401 0.6010425949001151 0.4937628011229118 0.7518076932580345 0.6571962839049326 0.7542289303721563
0 0.7123050023692911 0.3732313326076889 0.2775409289684977 0.36655616877571395 0.2706950638708187 0.8124382880372952 0.7054591372716121 0.8191134518692701