0 0.454325 0.18184531250000002 0.08414218750000002 0.1818453125 0.08414218750000003 0.2830515625 0.454325 0.2830515625000001
0 0.27987500000000004 0.2893796875 0.09096875000000004 0.2893796875 0.09096875000000004 0.383840625 0.2798750000000001 0.383840625
0 0.739671875 0.4983468750000001 0.5409171875000001 0.498346875 0.5409171875000001 0.5926453125000001 0.739671875 0.5926453125000002
0 0.536484375 0.4988765625 0.3931812500000001 0.4988765625 0.3931812500000001 0.59214375 0.536484375 0.59214375
0 0.7393359375 0.40295625000000007 0.5842453125 0.40295625 0.5842453125 0.4966453125000001 0.7393359375 0.4966453125000002
0 0.5805890625 0.40299218750000004 0.43704687499999995 0.40299218750000004 0.43704687499999995 0.4653609375 0.5805890625 0.4653609375
0 0.44758906249999997 0.28984375000000007 0.2846484375 0.28984375 0.2846484375 0.3415015625000001 0.44758906249999997 0.3415015625000001
0 0.2810359375000001 0.3859484375 0.09033906250000004 0.3859484375 0.09033906250000005 0.479296875 0.2810359375000001 0.479296875
0 0.4329828125 0.40265312499999995 0.3940593750000001 0.40265312499999995 0.3940593750000001 0.4657796875 0.4329828125 0.4657796875
0 0.58065 0.4683578125 0.39360625000000005 0.4683578125 0.39360625000000005 0.4960375 0.58065 0.4960375
0 0.38974375000000006 0.34372187500000007 0.28478593750000003 0.343721875 0.28478593750000003 0.4964046875 0.3897437500000001 0.4964046875
0 0.4488709541796657 0.4846551895271534 0.0917425268873839 0.4788906455260971 0.08779036310044676 0.7237374256654723 0.44491879039272864 0.7295019696665286