0 0.5397354262401992 0.4463279239819097 0.4679894812051436 0.4457867879727816 0.46731967996494445 0.534591676490872 0.5390656250000001 0.5351328125000001
0 0.4905776490663625 0.31137267720917616 0.3810734375 0.31074687500000003 0.38030223348493647 0.4456938061358461 0.48980644505129894 0.44631960834502216
0 0.5187812500000002 0.3115484375000001 0.49043355593651167 0.3113860450270109 0.4898866809365117 0.4068501075270109 0.5182343750000002 0.4070125
0 0.77376875 0.2057078125000001 0.6220750405653132 0.2053856494166319 0.621745194522832 0.36069695697929915 0.7734389039575188 0.36101912006266734
0 0.8681484375000001 0.20678750000000007 0.7759570246079721 0.20589798099981138 0.7744593750000002 0.36111718750000016 0.8666507878920282 0.36200670650018885
0 0.8669375 0.36134218750000013 0.8029087900393781 0.3610312007813571 0.8027140625 0.4011234375000002 0.8667427724606218 0.4014344242186432
0 0.8666992886268267 0.40065832327008327 0.7220494418216821 0.40014982519007924 0.7215100856510402 0.5535777151363491 0.866159932456185 0.5540862132163531
0 0.46550468750000007 0.4497671875 0.33418000282869714 0.44944135673324626 0.33389154061665216 0.5657048066640615 0.46521622528795514 0.5660306374308153
0 0.3343955087029904 0.43184492986096945 0.1951373435674206 0.43119169541376545 0.1944306536753352 0.5818456269583822 0.333688818810905 0.5824988614055862
0 0.7420102914194304 0.39997820067040835 0.59877757964936 0.39977400884531666 0.5985591523418529 0.5529923640111793 0.7417918641119233 0.5531965558362711
0 0.8165730526680708 0.36543360595749125 0.4937876626961898 0.24156814780726452 0.3206514914998989 0.6927498361683051 0.64343688147178 0.8166152943185316