0 0.48111688343907827 0.6756840877880056 0.2873625000000001 0.6726828125 0.2857977025162873 0.7737019935379599 0.47955208595536536 0.7767032688259656
0 0.4811719717741255 0.6151682017368887 0.28825156250000006 0.6123140625 0.28738582901109955 0.670831760880779 0.480306238285225 0.6736859001176677
0 0.6043110310121202 0.7069470917189745 0.4798625 0.703984375 0.4781282576938157 0.7768309978450006 0.6025767887059359 0.7797937145639752
0 0.7127424045640244 0.7088779682661356 0.606820494212166 0.7060453332008687 0.6048774584909605 0.7787020823866662 0.7107993688428189 0.781534717451933
0 0.7129019529494429 0.5894312043816314 0.5217596539168696 0.5859003449828327 0.5195623884674269 0.7048488281012014 0.7107046875000002 0.7083796875000001
0 0.9062838113406269 0.587041413960206 0.9062328958539332 0.3270839107323518 0.44441514726044196 0.327174362729857 0.4444660627471356 0.5871318659577112
0 0.47928626135896096 0.43586162922702065 0.2890301063687183 0.43398944071170165 0.28829540750975735 0.5086512489846811 0.4785515625 0.5105234375000001
0 0.39193445153406603 0.2819811551324482 0.14928203560480144 0.281505565552962 0.14890615496509724 0.4732850940779632 0.39155857089436186 0.4737606836574494
0 0.444433263181699 0.3929260076098279 0.4015140625 0.3919000000000001 0.40035876334401505 0.44022763017365707 0.44327796402571407 0.4412536377834848
0 0.4828821999167735 0.5131733819809434 0.2883546875000001 0.5099578124999999 0.2866999746401977 0.6100605091728653 0.4812274870569711 0.6132760786538086
0 0.5215250193687432 0.5861325549344707 0.4810250000000001 0.5857015625 0.47975623063125694 0.7049268200655293 0.52025625 0.7053578125