0 0.88548125 0.42433125 0.88481875 0.3103187500000001 0.7380359090754437 0.31117167079475955 0.7386984090754437 0.42518417079475945
0 0.4170531629284203 0.4630815247936851 0.4161922612262402 0.31498134198730776 0.2667259416956302 0.31585018499927575 0.2675868433978103 0.463950367805653
0 0.27942919088510104 0.31553929074894965 0.1133528138107178 0.3152000025563838 0.11304690126055976 0.46493951352379714 0.279123278334943 0.465278801716363
0 0.8791296875000001 0.43199843750000005 0.6911921875 0.4319984375 0.6911921875 0.5645640625000001 0.8791296875000001 0.5645640625000002
0 0.3746645707684605 0.5877091626860748 0.37414107684132997 0.49127587046579296 0.2713119444944793 0.4918340845957503 0.27183543842160984 0.588267376816032
0 0.887715625 0.8150921875000001 0.8874410079566477 0.5761216303619625 0.5121024721941081 0.5765529569663012 0.5123770892374603 0.8155235141043388
0 0.7218599443649931 0.5523339235837967 0.7211914369118405 0.31492279741035023 0.4190984374999999 0.3157734375 0.41976694495315253 0.5531845636734465
0 0.2793718750000001 0.4448890625 0.11473593750000004 0.4448890625 0.11473593750000007 0.5881046875 0.2793718750000001 0.5881046875
0 0.682290625 0.535415625 0.5182171875 0.535415625 0.5182171875 0.58770625 0.682290625 0.58770625
0 0.5016859375 0.5643921875 0.3685812500000001 0.5643921875 0.3685812500000001 0.5926453125 0.5016859375 0.5926453125
0 0.4311095868113918 0.46744035168739756 0.2555479284994193 0.4405083269603406 0.24155680668059282 0.5317121845630072 0.41711846499256533 0.5586442092900642