0 0.7571484812500001 0.7285844921875001 0.6309124676515877 0.7283857442870955 0.6306504156250001 0.8948297828125001 0.7568864292234126 0.8950285307129047
0 0.7560955275089916 0.37692497429210303 0.7558354484375 0.20717385624999998 0.5913345646785083 0.20742589133289688 0.5915946437499999 0.3771770093749999
0 0.7571373953125 0.0370151859375001 0.5914345399938344 0.03612449558132676 0.5904254010022427 0.22386337830435138 0.7561282563209083 0.22475406866052472
0 0.6240466336367337 0.8910486626243198 0.6234156218750001 0.6799114453125 0.4748031163632665 0.6803555936256802 0.47543412812500013 0.8914928109375001
0 0.5611312146228277 0.3322438755983667 0.5609027040943999 0.21679762430019772 0.45381802514768815 0.21700958420619254 0.45404653567611586 0.33245583550436153
0 0.4652034822634631 0.9059324014293717 0.46257414599420626 0.4858070374755152 0.19534494185574316 0.4874794797961437 0.19797427812499996 0.9076048437500001
0 0.7546712031250001 0.37555547968750014 0.4918583966660372 0.3738944308379755 0.48971918226030153 0.712363068740927 0.7525319887192644 0.7140241175904516
0 0.6136460718750001 0.041963860937500076 0.45479215543841767 0.04158879316948937 0.4543586881121045 0.22517690258595718 0.6132126045486869 0.22555197035396785
0 0.5106680109375 0.4910987953125 0.4527877025585042 0.4905944175387159 0.4511881744948846 0.6741496461693732 0.5090684828738804 0.6746540239431573
0 0.4793655906249999 0.32618551718750005 0.4480884299213682 0.32604862561254355 0.44744207343750003 0.4737289750000001 0.4787192341411317 0.47386586657495655
0 0.6177655027774511 0.19862606872184085 0.5173780868593466 0.18254192551083886 0.4858105206072592 0.37956742828694867 0.5861979365253637 0.39565157149795066