0 0.30914998713041647 0.41546899196532017 0.12481790468750006 0.4114799937500001 0.1220692610544426 0.5384951432752749 0.30640134349735904 0.542484141490595
0 0.29985696098215764 0.18341446355932992 0.11488603593750002 0.17879509531249999 0.11145928027249923 0.3160108640904501 0.29643020531715686 0.32063023233728
0 0.5328051509394254 0.18841258262109392 0.295959234375 0.18250698125000003 0.2934206373317945 0.284318178062014 0.5302665538962199 0.29022377943310784
0 0.5376061140631158 0.29177380872930236 0.3506099109375 0.28746328750000005 0.34781009238741645 0.4089231784169588 0.5348062955130322 0.41323369964626117
0 0.9442803696787438 0.4704370439523903 0.6482253375000002 0.4672826953125001 0.6456337068837565 0.71052317792261 0.9416887390625002 0.7136775265625002
0 0.30104928161921674 0.32302656602237667 0.12080799531250001 0.31873079218750006 0.11866528905758993 0.4086340660579535 0.29890657536430665 0.41292983989283016
0 0.303417258054478 0.3808681320151715 0.2026978593750001 0.3790867234375 0.20152262482330813 0.4455335334716571 0.30224202350278606 0.44731494204932865
0 0.662834234375 0.8701808312500001 0.6589618910116086 0.6198309791532367 0.35518252446692494 0.6245297557018239 0.3590548678303163 0.8748796077985872
0 0.47146376761028563 0.6231865539565684 0.3498100218750001 0.621446559375 0.34894163707721454 0.6821606929184316 0.4705953828125001 0.6839006875
0 0.6454870798210839 0.41732744164843794 0.46400067500000003 0.414575025 0.4620217029914161 0.5450627239765622 0.6435081078125 0.5478151406250001
0 0.4634960871980723 0.3897179014164666 0.3545488734375 0.3873618109375 0.35269849429842215 0.4729245910611411 0.4616457080589944 0.4752806815401077
0 0.4122041397757938 0.5129369718749294 0.30932297343750004 0.5100443687500001 0.30841800015744114 0.5422315380699292 0.4112991664957349 0.5451241411948584
0 0.6886362744603197 0.5915153737686057 0.3177853905574913 0.2685465333015483 0.1922993666267724 0.41263660349178793 0.5631502505296008 0.7356054439588453