0 0.41689464687500016 0.7697940203125 0.2957230142775899 0.7676575280169695 0.2929406171875001 0.92546179375 0.41411224978491035 0.9275982860455306
0 0.46500774062500005 0.2683189375000001 0.3058385 0.2683189375 0.30583850000000007 0.4272259140625 0.46500774062500005 0.4272259140625
0 0.469144840703441 0.10693960456558878 0.30993511837512366 0.10525356087360067 0.30809183819094443 0.2793108096216525 0.4673015605192618 0.2809968533136406
0 0.5662817640625001 0.71978073125 0.42510286958479987 0.7188566393951666 0.42379757858641665 0.9182735470971295 0.5649764730641168 0.9191976389519627
0 0.5981133640625 0.2721029906250001 0.4953712078125 0.2721029906250001 0.4953712078125 0.3814053156250001 0.5981133640625 0.3814053156250001
0 0.8359464625000002 0.5264584718750001 0.5819574774128793 0.5224037964107446 0.5755165251834364 0.9258715792635561 0.8295055102705572 0.9299262547278117
0 0.5584615718750001 0.4308039859375 0.30614657956311986 0.42635552847753305 0.3004208585943443 0.7511164720670187 0.5527358509062246 0.7555649295269857
0 0.6003910046875001 0.10670099687500008 0.44816860036719436 0.10444585052652773 0.4455681054518079 0.27997928706425557 0.5977905097721136 0.2822344334127279
0 0.5936322140625002 0.5343272421875002 0.5380530499995151 0.5335038474266687 0.5354615249368819 0.7084318448843983 0.5910406889998672 0.7092552396452296
0 0.6012425125 0.37506312343750003 0.5712125573190281 0.37461823534344363 0.569110546823991 0.5165039854887317 0.5991405020049628 0.5169488735827881
0 0.5778671275144214 0.4146836640628765 0.4706941497802304 0.25044969352747026 0.3857407317742047 0.30588713285090413 0.49291370950839575 0.4701211033863103