0 0.8772987278274359 0.5911027771151611 0.72989375 0.5881140625000001 0.727582522172564 0.7021050353848389 0.8749874999999999 0.7050937500000001
0 0.4081266741104696 0.5429413301037666 0.2586428850002542 0.5412018213657884 0.2569115233897847 0.689985491262022 0.4063953125000001 0.6917250000000001
0 0.27260177138491787 0.6886828706246619 0.2696729412939616 0.5385032333899394 0.10073827835701325 0.5417978273397301 0.10366710844796953 0.6919774645744527
0 0.871950735584232 0.4507439033326621 0.684379983925371 0.44747018939271177 0.6820665328214257 0.5800217105252019 0.8696372844802867 0.5832954244651523
0 0.36647772667320966 0.4176187884545414 0.26365625000000004 0.41641875000000006 0.26252940749457127 0.512968664669698 0.36535088416778083 0.5141687031242393
0 0.8829140812791236 0.2003576633015042 0.5055531249999999 0.19333906250000005 0.5011090288311841 0.43227961881449095 0.8784699851103077 0.43929821961599513
0 0.715870457286263 0.46026544096312233 0.41252500000000014 0.4541093750000001 0.40770791208816776 0.6914755345175346 0.7110533693744305 0.6976316004806569
0 0.27229940276717834 0.4167317500337768 0.10807187500000004 0.4138640625000001 0.10557134290132497 0.5570652306297236 0.2697988706685032 0.5599329181635003
0 0.6743778883958523 0.42414903827985195 0.5103031250000001 0.42128437500000004 0.5093902498427854 0.47356967375863246 0.6734650132386377 0.47643433703848437
0 0.4937898055907789 0.4160563248024385 0.36055468749999997 0.41373125 0.36006167714768567 0.4419825098913764 0.49329679523846454 0.4443075846938148
0 0.4212431543658928 0.5401660298912836 0.40879922295927607 0.4485701515562338 0.2337345545633867 0.4723538934105541 0.2461784859700034 0.5639497717456038