0 0.5463779915202902 0.4631711073161873 0.4544948434283177 0.46315868363906504 0.45448492500000015 0.5365134890625 0.5463680730919727 0.5365259127396222
0 0.6865141408167081 0.4852042822050827 0.6862820500000001 0.373288640625 0.545801866098643 0.3735799686302069 0.5460339569153512 0.48549561021028964
0 0.6833768816287855 0.514137200403712 0.6833445407223077 0.48515476417205594 0.5857537200310222 0.4852636637683439 0.5857860609375001 0.5142461
0 0.7899445753792811 0.6192797223403579 0.6306246874960688 0.6177612565328975 0.6291371775903309 0.7738332011515701 0.7884570654735432 0.7753516669590306
0 0.7873536265625001 0.7764381250000001 0.62833837595582 0.7758520037678169 0.6279909279630005 0.8701149763702156 0.7870061785696806 0.8707010976023989
0 0.6284773046875001 0.8052780859374998 0.5875092945908844 0.8044722007937388 0.5862138474290663 0.8703276056437426 0.627181857525682 0.8711334907875038
0 0.5894267868496467 0.8704466110247233 0.58885121946537 0.7225707243916422 0.4316901563314014 0.7231824318449512 0.43226572371567806 0.8710583184780326
0 0.5454880927971782 0.460652272128669 0.5450431664771604 0.3264473214419753 0.4254217006310217 0.3268438994990569 0.4258666269510395 0.4610488501857506
0 0.5638165595148997 0.3264821579764898 0.5634297740191492 0.18411324182681563 0.40886874861227984 0.184533150641552 0.40925553410803034 0.3269020667912262
0 0.5905422629697065 0.5971862726060614 0.43357099565415674 0.5969367053547118 0.4333383370491303 0.7432728768089578 0.59030960436468 0.7435224440603074
0 0.668405301264948 0.39448341680404764 0.2514063594716684 0.35478029350201534 0.21190819964721713 0.769626519182576 0.6289071414404968 0.8093296424846083