0 0.601241991574572 0.5613359421778027 0.599875900064268 0.48251116218108353 0.49892231473969595 0.4842607621907808 0.5002884062499999 0.5630855421875
0 0.7551863289220409 0.503936786884601 0.7533278484375 0.3832244749999999 0.5980712523279591 0.38561479749039895 0.5999297328125 0.506327109375
0 0.7482702902728073 0.5346442937059738 0.7476743947047686 0.5035042724900258 0.6414680981819612 0.5055366365965519 0.6420639937499999 0.5366766578124998
0 0.8615921732679181 0.812023456547255 0.8588083856414821 0.6455410507701682 0.6813806330734195 0.6485078578623643 0.6841644206998555 0.8149902636394513
0 0.8546791689981132 0.9158754951017422 0.8531386226649254 0.8145699765986697 0.679578392729312 0.8172092955594275 0.6811189390625 0.9185148140624999
0 0.6815454375000002 0.8488104625000001 0.6375495990267174 0.8470375456875484 0.6346278505353073 0.9195422305011963 0.6786236890085902 0.921315147313648
0 0.6431960853908619 0.9195078477217804 0.6398073943048865 0.7606425834411281 0.4694552964052491 0.764276295557138 0.4728439874912246 0.9231415598377902
0 0.6050792565391561 0.47969841914696093 0.6020888610009143 0.33551601127502095 0.47184303017394436 0.3382173571404991 0.4748334257121861 0.4823997650124391
0 0.6237583538882736 0.33516979520293927 0.6206750436680681 0.18221145370969338 0.4533426488221564 0.18558451383941918 0.45642595904236183 0.3385428553326651
0 0.6455075431152006 0.7833550860045723 0.6435650875 0.6257971734375001 0.4719664283670285 0.6279127306542908 0.47390888398222925 0.7854706432213628
0 0.7326258436296261 0.41493717287424275 0.2867421080788016 0.3633444106034924 0.23584670353296158 0.8032013227451251 0.681730439083786 0.8547940850158756