0 0.5295860799588803 0.5318546587646247 0.5294332564441762 0.44304793890083555 0.45768588405994093 0.44317140574698594 0.457838707574645 0.5319781256107751
0 0.6171312500000001 0.30851875000000006 0.5076645430824256 0.3084642448078109 0.5075973284847712 0.44345616698051604 0.6170640354023458 0.4435106721727052
0 0.5077641027353037 0.40398159109763965 0.5077547277354846 0.3085159679389438 0.47940625000018083 0.30851875184130406 0.47941562499999996 0.403984375
0 0.376653125 0.20120000000000005 0.225059375 0.2012 0.225059375 0.35659843750000003 0.376653125 0.3565984375000001
0 0.22346562500000006 0.3566 0.22264704493641285 0.20124508613472725 0.13045798262959923 0.2017308392184733 0.1312765626931864 0.357085753083746
0 0.19501902449622718 0.3563487627950951 0.13099062500000003 0.3562859374999999 0.1309512880037729 0.3963762372049049 0.19497968750000005 0.39643906250000005
0 0.2754937500000001 0.39581875 0.13068437500000005 0.39581875 0.13068437500000007 0.5492421875 0.2754937500000001 0.5492421875
0 0.6632169333285806 0.4474820507793811 0.5318937499999999 0.44704375 0.5315057142967069 0.5633065681350035 0.6628288976252874 0.5637448689143845
0 0.8023610580981975 0.43004293279210104 0.6631035184340839 0.4298856854921895 0.6629334061663223 0.5805363859396203 0.802190945830436 0.5806936332395318
0 0.39828906250000007 0.395759375 0.25537656250000007 0.395759375 0.25537656250000007 0.5489765625 0.39828906250000007 0.5489765625
0 0.6186341143153012 0.7406241936206261 0.6148120633593102 0.3366302747437218 0.19406199766473448 0.34061084998428937 0.19788404862072556 0.7446047688611936