0 0.3611237140625 0.09083779531250005 0.23926691302188474 0.08517791961508309 0.23129140435820622 0.25689016638246753 0.35314820539882147 0.2625500420798845
0 0.3779935125000001 0.5906186421875 0.21961952779664498 0.5837494284334361 0.21189485312500006 0.7618465953125001 0.3702688378283551 0.768715809066564
0 0.3829132646903765 0.912118723174584 0.36877558507428754 0.7383520911204574 0.18959822663391107 0.7529299882583735 0.20373590625000002 0.9266966203125
0 0.5114488812500001 0.08785078281250007 0.36982769257783393 0.08087390130148736 0.35909758043878753 0.2986805579458284 0.5007187691109538 0.3056574394568411
0 0.5094678279553111 0.6317312587784142 0.40635402487677297 0.6272080206877899 0.40123153347552953 0.7439826761529041 0.5043453365540678 0.7485059142435284
0 0.7810588359375001 0.0611312703125001 0.5257128035316131 0.04884388378637985 0.5050378307352774 0.47849361136851787 0.7603838631411644 0.49078099789463814
0 0.48926445158520043 0.27307492007877887 0.23551819330380908 0.26129383952163737 0.21985190156250006 0.5987215390625 0.4735981598438914 0.6105026196196415
0 0.5044527560397886 0.74160982191366 0.351452984340113 0.7340736714624811 0.3424856596129322 0.916129303831247 0.4954854313126077 0.923665454282426
0 0.5259091718750001 0.29738424062500013 0.47004625166798075 0.2946325377776752 0.46106096250000006 0.4770448546875 0.5169238827070194 0.479796557534825
0 0.5216445187500002 0.4913334703125001 0.49146021602136314 0.48984638946411263 0.4842850330917893 0.6354860121614586 0.5144693358204263 0.6369730930098461
0 0.49286976819851275 0.5960804421119222 0.41360572951373903 0.5417529260319036 0.29531689671803485 0.7143367527042939 0.37458093540280857 0.7686642687843125