0 1.0009639700196393 0.44520326082667383 0.8235714834841573 0.44388924323419776 0.8226075134645182 0.574025277720024 1.0000000000000002 0.5753392953125
0 0.9959381207759656 0.2069588903149629 0.8080561328125 0.20619179687500014 0.8074816026615345 0.34690981281003735 0.995363590625 0.34767690625000014
0 0.8095909299841342 0.20536834730879816 0.5661702046875001 0.20436892187500008 0.5657415200158659 0.30877964644120204 0.8091622453125 0.3097790718750001
0 0.7608419702407624 0.31135077307114656 0.5732282328125 0.3102242203125 0.5724805268298343 0.43474560897247183 0.7600942642580967 0.43587216173111837
0 0.48504222804550273 0.4871019909587182 0.18795450497137484 0.48163015837496 0.18337064576514475 0.7305062476240146 0.4804583688392727 0.7359780802077729
0 1.0004785453650848 0.3502515096784481 0.8157871203125 0.3492883250000001 0.815306386047032 0.44146950120389555 0.9999978110996169 0.4424326858823435
0 0.919491020253337 0.40968987862414014 0.8189077921875002 0.4085449437500001 0.8181330416674912 0.47660725018181926 0.918716269733328 0.4777521850559593
0 0.8065561062500001 0.90370481875 0.7872986160907752 0.6397841776006505 0.47919476111974274 0.6622655831068093 0.4984522512789676 0.9261862242561587
0 0.7967837249999998 0.714428321875 0.7966838070466281 0.6518264108259909 0.6729170062500001 0.6520239531249999 0.6730169242033719 0.7146258641740091
0 0.6619034859375 0.5697985125 0.6617203550765537 0.43551812337910556 0.47375326093750003 0.435774471875 0.4739363917984464 0.5700548609958945
0 0.7680894781250001 0.5013784453124999 0.7632169800967908 0.41054473170112216 0.6583717465909747 0.41616883505673175 0.663244244619184 0.5070025486681095
0 0.8228476633236921 0.5407758110467932 0.7181732281250001 0.5406798546875001 0.7181429554263079 0.573702967078207 0.8228173906249999 0.5737989234375
0 0.924930075289742 0.42378764163981764 0.7676105479580075 0.2750276108645101 0.4426851262484363 0.618648901442376 0.6000046535801709 0.7674089322176837