0 0.366012303125 0.4924978218749999 0.3611435043360759 0.2667946232518555 0.24949225021321603 0.26920312917543743 0.25436104900214007 0.4949063277985819
0 0.4330216578125 0.4975270406249999 0.4281308960618947 0.2778858767140917 0.36346099364450213 0.27932588495082944 0.3683517553951075 0.4989670488617376
0 0.3364408673870459 0.6256067429555582 0.3345399582905746 0.48218129762685596 0.2539270140625 0.4832497125 0.25582792315897135 0.6266751578287022
0 0.3387387875233104 0.7441606184269908 0.33747705916859916 0.6218385663586252 0.25703921562500004 0.6226682671875 0.25830094397971126 0.7449903192558656
0 0.47099301562500007 0.75457285625 0.4668849527291944 0.5335911847739424 0.3353592288107684 0.5360362560898764 0.33946729170657414 0.757017927565934
0 0.7624748541453183 0.9802771321380275 0.7520339362302948 0.4688094611917178 0.4648109741269342 0.4746727279062741 0.4752518920419577 0.9861403988525839
0 0.6290591128207678 0.509666192123004 0.6268578429841625 0.2923052800693841 0.54406676875 0.2931437265625 0.5462680385866053 0.5105046386161198
0 0.7938385875 0.4260158265625001 0.7885097979093499 0.13781888544312523 0.578324040625 0.14170524062500003 0.5836528302156501 0.4299021817443748
0 0.6814197904023015 0.4283133608663136 0.6234309874999999 0.42352088906249996 0.619579803656398 0.47012012845071194 0.6775686065586994 0.47491260025452553
0 0.5459183000000001 0.5024545687499999 0.5413970102428092 0.28224782146380206 0.4307416375 0.28451979999999993 0.43526292725719085 0.5047265472861979
0 0.47030985722201607 0.5004552973730555 0.3342056265625001 0.4898036 0.330727372465484 0.5342476995019447 0.46683160312500005 0.5448993968750002