0 0.5544484375 0.10009062500000007 0.4368140625 0.10009062500000006 0.4368140625 0.2630421875000001 0.5544484375 0.2630421875000001
0 0.7696468750000001 0.1005578125000001 0.6425281250000001 0.10053281250000008 0.6424962318576558 0.26270146803505245 0.7696149818576558 0.26272646803505245
0 0.7698428833095469 0.267052111332318 0.6755234375000001 0.26674062500000006 0.6748180541904534 0.4803338261676823 0.7691375000000001 0.4806453125000002
0 0.673775 0.3140296875000001 0.5612727553102765 0.31387181563657224 0.5610399428102765 0.4797780656365722 0.6735421875000001 0.4799359375000001
0 0.5151468750000001 0.5799359374999999 0.2910718750000001 0.5799359374999999 0.2910718750000001 0.845928125 0.5151468750000002 0.845928125
0 0.6402265625 0.10042031250000008 0.5569478374534715 0.10023768371700328 0.5565902380588833 0.263303007649252 0.6398689631054117 0.26348563643224876
0 0.5863515625 0.2632234375 0.5859953124999999 0.1736734375 0.5244780539776557 0.17391816696229576 0.5248343039776557 0.26346816696229575
0 0.3674422096308786 0.304030055466891 0.13888125000000004 0.3008953125 0.13504325749868915 0.5807317323981689 0.3636042171295677 0.58386647536506
0 0.3659975801901151 0.2999079579541345 0.3098135245617498 0.29959052485342347 0.3091953125 0.4090109375 0.36537936812836525 0.40932837060071103
0 0.5594390625 0.4137140625 0.438634375 0.4137140625 0.438634375 0.5765359375 0.5594390625 0.5765359375
0 0.581378125 0.3136640625000001 0.502134375 0.3136640625000001 0.502134375 0.4091078125 0.581378125 0.4091078125
0 0.4669031250000001 0.266953125 0.4370787384795712 0.26675953391000307 0.43646623847957117 0.3611204714100031 0.46629062500000007 0.3613140625000001
0 0.6907264688918553 0.28434480783921506 0.5540421585537008 0.16349689831883524 0.26267960016144576 0.49304078956413305 0.3993639104996003 0.6138886990845129