0 0.5552914147751151 0.24298893242228972 0.5547044734374998 0.11710685000000001 0.4452967523409798 0.11761697751719821 0.4458836936785951 0.24349905993948795
0 0.6992462595538882 0.276541565153372 0.6938674125000001 0.112595953125 0.527803262321112 0.11804430672162798 0.5331821093750001 0.28198991875
0 0.5111341777806728 0.32112780282560205 0.51068370625 0.24384447968749998 0.44598882534432727 0.24422157529939797 0.4464392968750001 0.3215048984375001
0 0.5313219260225238 0.4849201522886262 0.5297252390625 0.43622981875000005 0.4458793521024762 0.4389793508363738 0.4474760390625 0.48766968437499997
0 0.5575265197743817 0.6183852297181457 0.556677315625 0.48646006406250014 0.4474511146006181 0.4871631546568544 0.44830031874999987 0.6190883203124999
0 0.5649714912875448 0.42507945690694504 0.5619707553072856 0.32811769446939476 0.44426443901974083 0.33176042506244985 0.44726517499999996 0.42872218750000013
0 0.7010319724955913 0.5781256610627625 0.6955654953125 0.40940386874999996 0.5304170675384335 0.41475457122817677 0.5358835447215248 0.5834763635409393
0 0.6989621888043857 0.404166095376873 0.6946991462523623 0.2782952497753397 0.5149546715299921 0.28438290526514465 0.5192177140820154 0.41025375086667787
0 0.2674789035284712 0.5259603008688079 0.2668240129450582 0.12897946076387062 0.07527345616957298 0.1292954575153678 0.07592834675298599 0.5262762976203049
0 0.3293554639483153 0.698294325612977 0.32615299977310075 0.6007018619249366 0.07524801551228551 0.6089352253744597 0.07845047968749999 0.7065276890625001
0 0.20089297187499996 0.6378126375 0.1986015938028684 0.5247777284592999 0.07609192058333833 0.5272611734518391 0.07838329865546992 0.6402960824925391
0 0.19426589704062175 0.42379291865883806 0.19263611127616168 0.3722102447230912 0.11738459079803994 0.3745878620017532 0.11901437656250002 0.4261705359375
0 0.18416334523682248 0.36810031896105194 0.1837603828125 0.2989430953125 0.14704408957949117 0.2991570322774727 0.14744705200381364 0.3683142559260246
0 0.32476211841106434 0.4202528798525901 0.3229520765625 0.1448175015625 0.1896876874232938 0.14569325733056 0.19149772927185815 0.42112863562065
0 0.32645175502341217 0.5938430811591922 0.32556143442573865 0.4708847838087865 0.18934610127732646 0.47187109639959435 0.190236421875 0.5948293937499999
0 0.20937572474361596 0.4711048375250109 0.2078833859375 0.42564093124999997 0.11798370025638405 0.4285918609124891 0.1194760390625 0.4740557671875
0 0.32769712410335894 0.4868267022205851 0.32556070312499996 0.421755875 0.20989084087257 0.4255535756107863 0.212027261850929 0.49062440283137143