0 0.4203329962588591 0.5446075996576238 0.4157347843370747 0.4771363128469801 0.303577978125 0.484779871875 0.3081761900467843 0.5522511586856438
0 0.38041445757996345 0.5161458091997055 0.3729762548386227 0.4105824160864656 0.17190231875 0.424750478125 0.17934052149134078 0.53031387123824
0 0.4282584890625 0.657082215625 0.41782410411195975 0.5162179982951084 0.27392184375 0.5268774234375 0.2843562287005402 0.6677416407673916
0 0.661016684375 0.6421637906250001 0.6512247988811879 0.4967334628944802 0.4226023133103243 0.5121267115720792 0.4323941988041364 0.6575570393025991
0 0.3638887360311965 0.32501642285160315 0.34770558268381774 0.0765897074605335 0.14696902430805012 0.08966620167536166 0.16315217765542883 0.33809291706643135
0 0.3530151453125 0.1405980828125 0.3487307189139797 0.07633167884715977 0.27282729843750003 0.08139190625 0.2771117248360203 0.1456583102153402
0 0.46399656874999995 0.1855668796875 0.4554653412207065 0.06860665400530724 0.3583025996527449 0.07569382787874498 0.3668338271820384 0.19265405356093773
0 0.45752496718750013 0.31888615625 0.44789222596588046 0.17439502513585625 0.3595194912566369 0.1802865402616428 0.3691522324782565 0.32477767137578656
0 0.6314083546875 0.307163896875 0.6204298953781469 0.14363280076515464 0.4510448192128968 0.15500425983641763 0.4620232785222499 0.31853535594626303
0 0.6538480062499998 0.16549829687499998 0.6465797913258584 0.056475074327630014 0.5162090874999999 0.0651664546875 0.5234773024241415 0.17418967723486994
0 0.520337296875 0.14774888125000002 0.5141653528172576 0.06442762077835511 0.46581315937499995 0.06800926406249999 0.47198510343274236 0.1513305245341449