0 0.5134687410735753 0.47956115711088343 0.4641636 0.4781002640625001 0.46165234955142476 0.5628549678891168 0.5109574906250001 0.5643158609375001
0 0.46433603238161814 0.4781092063256719 0.33068145625000006 0.47117896874999987 0.324936970743382 0.581965470236828 0.45859154687500003 0.5888957078125
0 0.7108354620457661 0.49050532558378696 0.6329639609375001 0.48646754375000006 0.629576780141734 0.5517917400412132 0.70744828125 0.5558295218750001
0 0.6225478035266512 0.4837082872061158 0.5234740150105865 0.48112123710643806 0.5203516636801784 0.6006949459496707 0.619425452196243 0.6032819960493484
0 0.6620706470720836 0.5925431677179707 0.5377119936365858 0.5885748296370783 0.5329732371895024 0.7370766353566076 0.6573318906250002 0.7410449734375
0 0.5324530847696762 0.5660183707349574 0.36121225912381355 0.5609445695988229 0.3562273446666374 0.7291854691763654 0.5274681703125002 0.7342592703124999
0 0.8393873556693048 0.49717097927233783 0.7123762984375002 0.49058522031250007 0.7066219755806956 0.6015614394776623 0.8336330328125001 0.6081471984375001
0 0.8354944483615698 0.5626393929889935 0.6681214531250002 0.5571006250000001 0.6619288563259305 0.7442313148235067 0.8293018515625002 0.7497700828125
0 0.5997822068572383 0.14990895612822336 0.5474084890625001 0.14835714218750007 0.5451328353302619 0.22516045168427684 0.5975065531250001 0.2267122656250001
0 0.8506103501105734 0.12126551559308534 0.448238878125 0.10027577031250004 0.43811717574013753 0.29430786708902 0.840488647725711 0.3152976123696053
0 0.5449610425778483 0.14738666622838012 0.49858640000000004 0.14601260312500003 0.49588029960965174 0.23734351658411995 0.5422549421875 0.23871757968750007
0 0.8270454085379428 0.24578274650763227 0.5481646109375 0.2313222578125001 0.541568999274557 0.35852331442986785 0.820449796875 0.372983803125
0 0.5439355067562434 0.2420062735758782 0.47798615875466915 0.2389049714388341 0.47252048168592575 0.3551328728629559 0.5384698296874999 0.35823417500000004
0 0.4456517352499973 0.0979291063417846 0.34169865312500003 0.09484901406250004 0.3383524366250027 0.2077837858457155 0.44230551875 0.21086387812500001
0 0.3647722049285895 0.09413134983723112 0.26542592656249997 0.09089413281250001 0.25713679038391046 0.345277704850269 0.35648306875 0.34851492187500005
0 0.49415013559540755 0.2145242491769827 0.37152081406250004 0.21089078906250008 0.36734983838636015 0.3516612671135925 0.48997915991926766 0.3552947272280752