0 0.55477633125 0.16790635000000004 0.4459819727439158 0.16667079094427512 0.44459384999999996 0.2888988 0.5533882085060842 0.29013435905572493
0 0.4682298246337754 0.1669898563670846 0.30742826772735254 0.16525863871005605 0.3056725812500001 0.3283329453125 0.4664741381564229 0.33006416296952856
0 0.5530305828125001 0.2923499468750001 0.4887514090730547 0.2916194731217789 0.4878970250000002 0.3668023281250001 0.5521761987394456 0.3675328018782213
0 0.5504439470176611 0.4840957880953045 0.46842748724518835 0.48321569644189494 0.4679077843750002 0.53164723125 0.549924244147473 0.5325273229034095
0 0.5497366015625001 0.5349325578125 0.44121552268495945 0.5335789861267125 0.4396141328125001 0.6619686078125001 0.5481352116900408 0.6633221794982876
0 0.5516942390625 0.37759777812500006 0.4358110070666532 0.37641212239120814 0.4348235242053562 0.47292639904521916 0.550706756201203 0.47411205477901114
0 0.46666331460574206 0.46286671617550734 0.30390500937500003 0.46022331562499996 0.30117960384516884 0.6280307956592587 0.46393790907591087 0.6306741962097661
0 0.4821743834334679 0.3318761239457245 0.3053261076115752 0.3299575503098532 0.30396703867073815 0.45523238699912066 0.480815314492631 0.45715096063499194
0 0.9224900406250003 0.17186913437500012 0.7325036980686711 0.16934515308303308 0.7273075284148443 0.5604737525598519 0.9172938709711733 0.5629977338518188
0 0.9160239948364897 0.6446042369098044 0.6690966465442826 0.6423002138785261 0.6681894173327927 0.7395300160312217 0.9151167656249998 0.7418340390625
0 0.9171715074883098 0.5651991608334023 0.7952979772665502 0.563704281491347 0.7939174015625002 0.6762589406250001 0.9157909317842596 0.6777538199670554
0 0.8774118171875 0.41289611875000015 0.8033813138923473 0.4121372494386522 0.8028552265625002 0.4634590109375001 0.8768857298576529 0.464217880248848
0 0.8499223750000002 0.33949072343750014 0.8134434571287258 0.33898647233128365 0.8125032657073975 0.4070025167565611 0.848982183578672 0.4075067678627775
0 0.8083406093122554 0.19076262545802491 0.675866907074942 0.1890846384458726 0.6724397171875002 0.45965439218750015 0.8049134194248136 0.4613323791996525
0 0.8063140734375001 0.5132424703125003 0.670674399177115 0.5119012573388565 0.6694859015625001 0.6320965078125 0.8051255758228851 0.6334377207861438
0 0.8768253843750001 0.46656017656250015 0.7884297979299668 0.4655876018065874 0.7879322390625001 0.5108098406250001 0.8763278255075335 0.5117824153809127
0 0.7853360734375001 0.46565583906250013 0.6714912814419577 0.46432561192071786 0.6707350031250001 0.5290501578125001 0.7845797951205424 0.5303803849542824