0 0.28140156250000004 0.55086875 0.28127651551253924 0.44386743224080494 0.16094526551253915 0.444008057240805 0.16107031249999998 0.551009375
0 0.32166875000000006 0.5288921875 0.16112500000000007 0.5288921875 0.1611250000000001 0.687125 0.32166875000000006 0.687125
0 0.35763593749999995 0.5072375 0.35753593749999996 0.4439671875000001 0.28353143486648563 0.44408415310315486 0.2836314348664856 0.5073544656031548
0 0.5201125 0.4440359375 0.472434375 0.4440359375 0.472434375 0.5247640625 0.5201125 0.5247640625
0 0.6486921875 0.4440953125 0.5224328125000001 0.4440953125 0.5224328125000001 0.5509125 0.6486921875 0.5509125
0 0.46265479478706617 0.5581376256946292 0.46244369096671784 0.44413530777847565 0.36750531921469737 0.4443111099318077 0.36771642303504576 0.5583134278479613
0 0.6167297199605384 0.6870304842705754 0.616663852533789 0.5268860686515678 0.4514481950732506 0.5269540218809924 0.4515140625 0.6870984375
0 0.4466874740166758 0.5132137972525979 0.32342115944973804 0.5130831151206645 0.3232366761117007 0.6870975793970147 0.4465029906786384 0.687228261528948
0 0.5460092066051196 0.08209218784574365 0.16120029378375378 0.08207031118426322 0.16118966225142767 0.26907820540552435 0.5459985750727936 0.26910008206700475
0 0.7223515625 0.0819062500000001 0.626784375 0.08190625000000008 0.626784375 0.32495156250000007 0.7223515625 0.32495156250000007
0 0.6591851991946833 0.08209797026861268 0.5483849540850008 0.08198895237946838 0.5482669423903174 0.20193004461085576 0.6590671874999999 0.2020390625000001
0 0.4495000000000001 0.19601249999999998 0.4494109375 0.12317031249999999 0.39890416091640357 0.12323206599675596 0.3989932234164036 0.19607425349675595
0 0.39382656250000003 0.15130625000000003 0.3269796875 0.15130625000000003 0.3269796875 0.18721250000000006 0.39382656250000003 0.18721250000000006
0 0.44711562500000007 0.32441250000000005 0.4470269074857501 0.1940094714600626 0.18065216790784777 0.19419069504834066 0.18074088542209774 0.32459372358827815
0 0.616890625 0.325075 0.6166972442281542 0.19178940497013106 0.4984062584142876 0.19196103043448803 0.4985996391861335 0.32524662546435695
0 0.4962671875 0.12317500000000003 0.45174531250000005 0.12317500000000003 0.45174531250000005 0.2100828125000001 0.4962671875 0.2100828125000001
0 0.51544375 0.2132265625000001 0.4517234375 0.2132265625000001 0.4517234375 0.3251859375000001 0.51544375 0.3251859375000001