0 0.5993163062500001 0.22846773437500004 0.5911041140219035 0.08710028890744631 0.47266444218750003 0.09398058124999999 0.48087663441559647 0.2353480267175537
0 0.7545972558203029 0.09603392306227841 0.576034807124695 0.0947426635496841 0.5747454731793921 0.27303883423740577 0.7533079218750001 0.27433009375000006
0 0.5558566875000001 0.312813490625 0.5507102710283421 0.225967701320244 0.4806866804162042 0.23011724688849644 0.48583309688786214 0.31696303619325245
0 0.5863039864404346 0.440529312886055 0.4933351468750001 0.440046025 0.49305985105956546 0.49300396836394506 0.586028690625 0.49348725625000006
0 0.6235486625 0.6365687890625 0.6146769447067764 0.48840493755686404 0.4964676434490104 0.49548304433281515 0.5053393612422341 0.6436468958384511
0 0.6200836898909705 0.324403511590736 0.4865942515625 0.32336502187500005 0.48577338354652966 0.4288809540342641 0.6192628218750001 0.4299194437500001
0 0.77259865 0.6021745625 0.7616499314997796 0.41460223968345966 0.5844036977429318 0.4249482176480557 0.5953524162431523 0.612520540464596
0 0.7615569828125002 0.4130351734374999 0.760683533716586 0.2754333777868953 0.5605864113819994 0.27670352582364005 0.5614598604779135 0.4143053214742447
0 0.30193120698375475 0.5146891551909845 0.277970040674784 0.07965183166102097 0.070516190625 0.09107806093750001 0.09447735693397077 0.5261153844674636
0 0.37825024789830847 0.6106016581045861 0.1038522215726243 0.6082208220868845 0.10292995476508937 0.7145146574672754 0.37732798109077353 0.716895493484977
0 0.23725612420813796 0.5221412068979496 0.09614415000000005 0.5213828328125 0.09548266329186218 0.6444668056020505 0.2365946375000001 0.6452251796875001
0 0.21653648085825447 0.3562161411022147 0.13197452343750005 0.3555579859375 0.1315378363292456 0.4116649932727854 0.21609979375000005 0.4123231484375001
0 0.202656275 0.35039134531249994 0.19809777403792037 0.2734666243685477 0.1583590015625 0.2758215140625 0.16291750252457965 0.35274623500645225
0 0.358609465625 0.41073063281250005 0.3404601619644311 0.1083209436623808 0.1962359511161666 0.11697664846220845 0.21438525477673553 0.4193863376123277
0 0.3715879453660501 0.46797033369185137 0.2148224406250001 0.466701259375 0.21375867182145009 0.5981058991206487 0.37052417656250014 0.5993749734375001
0 0.2351577357997489 0.41495660034686416 0.13531954687500006 0.41426012031250004 0.13497460795025115 0.463706013715636 0.23481279687500006 0.4644024937500001
0 0.36441404523134 0.4158860586151478 0.2353810562500001 0.4150724671875001 0.23493482351866019 0.4858435460723524 0.3639678125000001 0.4866571375000001