0 0.4270032203941458 0.4808440061335725 0.28354784062500005 0.47659347656250006 0.2800417764808544 0.5949231469914277 0.42349715625 0.5991736765625001
0 0.46398766352990106 0.509141132938303 0.4202023953125001 0.507843790625 0.41967455522009905 0.5256583795616969 0.4634598234375001 0.5269557218750001
0 0.5099831217828469 0.5312373878378893 0.4214764578125001 0.52861496875 0.4193971563421532 0.5987914090371107 0.5079038203125 0.601413828125
0 0.542505740625 0.5260785718750001 0.5340260210661728 0.382983297980433 0.461863553125 0.38725959218750006 0.47034327268382725 0.5303548660820671
0 0.833592641970772 0.4927840219476103 0.6830034218750002 0.4883221203125001 0.6794862127167285 0.6070279608648901 0.8300754328125002 0.6114898625000003
0 0.46589044369817223 0.33043346249427435 0.27401109843750004 0.32661918437500004 0.2705117094268278 0.5026578609432257 0.46239105468749997 0.5064721390625
0 0.624002640625 0.6053235546875 0.614854284277888 0.4718252010604397 0.5101571433735579 0.47899987196456434 0.5193054997206699 0.6124982255916246
0 0.5943510312499999 0.4657874921875001 0.590323043281858 0.3978151864986809 0.5445472890624999 0.4005278234375 0.5485752770306418 0.4685001291263191
0 0.8527877484375 0.96590739375 0.8451695610723562 0.8373504785789134 0.7345594515624999 0.8439051515625001 0.7421776389276438 0.9724620667335868
0 0.93431906875 0.9680347171875001 0.9177466667952935 0.689579793039268 0.812243265625 0.6958588875000001 0.8288156675797065 0.9743138116482323
0 0.7446142189606403 0.7549882803890257 0.3044631475105947 0.7427171127788902 0.2986817879249544 0.9500870792648645 0.738832859375 0.9623582468749999
0 0.6872146734374999 0.6063675125 0.683623507534225 0.5457665724310476 0.6310600406249999 0.54888144375 0.6346512065282748 0.6094823838189523
0 0.6246171593750001 0.47134216249999994 0.6206182833063163 0.4038611344633785 0.5999057796875 0.40508854218750007 0.6039046557561838 0.47256957022412155
0 0.7886976778212722 0.5076294021981643 0.7778852533129521 0.3246995614505117 0.5957523000000001 0.335464884375 0.6065647245083203 0.5183947251226526
0 0.6313222355895785 0.8329003418684586 0.48957567330738583 0.8294534872677103 0.4876136455303074 0.9101388438367517 0.6293602078125 0.9135856984374999
0 0.6213765484374999 0.8255796499999999 0.6167373690716145 0.7472935058889538 0.5639398437499998 0.7504222484375 0.5685790231158854 0.8287083925485461
0 0.8148588712525031 0.6955929188118168 0.6749135621873968 0.6914441845442878 0.6705385590917634 0.8390220048860776 0.8104838681568696 0.8431707391536067
0 0.681000153125 0.9149085218749999 0.6750430015276274 0.8143815790745862 0.6262055499999999 0.81727565 0.6321627015973725 0.9178025928004138
0 0.6762854162476196 0.7835238982373619 0.6241155703125001 0.7819781250000001 0.6231782509398806 0.8136126533251383 0.6753480968750001 0.8151584265625
0 0.6939323962350341 0.7761284888847926 0.6888337078516 0.6858128803587199 0.6184623359374999 0.689785634375 0.623561024320934 0.7801012429010726
0 0.6797062643216016 0.5192028089859131 0.6331347937500001 0.5178229140624999 0.6323182888033985 0.5453799660140871 0.6788897593750001 0.5467598609375002
0 0.59527872205732 0.3344491550735488 0.4578208640625001 0.3303763296875001 0.4561728732551801 0.3859960199264514 0.59363073125 0.3900688453125001