0 0.7839028941138698 0.9085822816994863 0.7796651484375 0.7941631484375 0.6354000683861302 0.7995062995505137 0.6396378140625 0.9139254328125
0 0.6413523328125 0.8277272843750001 0.5907292956327985 0.825477371917952 0.5867223343750001 0.9156340125000002 0.6373453715547016 0.9178839249570483
0 0.5931928140625 0.723587284375 0.5732717423677516 0.7227019032573531 0.57039444375 0.7874411109375 0.5903155154447486 0.788326492055147
0 0.758676740631579 0.8205645753460751 0.7521166484373147 0.6502419808701448 0.5706106453116684 0.657232809761522 0.5771707375059326 0.8275554042374521
0 0.5671124437499999 0.7172985187500001 0.5165359034727579 0.7150506733871699 0.5132186671875 0.78968851875 0.5637952074647421 0.7919363641128302
0 0.4699575186892381 0.9202598055938436 0.4674705921875 0.853112778125 0.3827870000607619 0.8562492069061562 0.38527392656250004 0.923396234375
0 0.5814360000000001 0.7947843828125 0.4801417477383246 0.7900983831210427 0.4741595671617742 0.9194113469056298 0.5754538194234498 0.924097346597087
0 0.3721791398686277 0.5666003143847012 0.3689746296875 0.48007851874999996 0.2641580820063723 0.48396061217779884 0.26736259218749997 0.5704824078125
0 0.3934317031250002 0.6637716671875002 0.26620818984616584 0.6581172890237644 0.25420974062500007 0.92808240625 0.3814332539038344 0.933736784413736
0 0.4301879323614909 0.8510792465425011 0.42955699999999997 0.8340440734375001 0.38754499263850917 0.835600073769999 0.38817592500000003 0.852635246875
0 0.4731556296875 0.6607307406250001 0.3955732193003865 0.6574809292772582 0.3882471404106105 0.832375653350978 0.465829550797724 0.83562546469872
0 0.5116287781250001 0.711910740625 0.4395466025633891 0.7092251979723424 0.43438603750000004 0.8477390124999999 0.5064682130616109 0.8504245551526577
0 0.5716580106442637 0.70933801239512 0.5697708140625 0.6583837046875 0.47476046904323627 0.6619026063548801 0.476647665625 0.7128569140625001
0 0.44320771697310934 0.49506157428039427 0.4425546296875 0.4774282093749999 0.4007654674018907 0.4789759554071057 0.4014185546875 0.49660932031250005
0 0.4808223737585906 0.460413378390211 0.37168401673312235 0.45621901918087604 0.3673906869271536 0.5679326178037714 0.47652904395262186 0.5721269770131063
0 0.5254211014423905 0.48934561886711014 0.5219203343750001 0.4202997531250001 0.4007614987836405 0.42644275469363596 0.4042622658510309 0.495488620435746
0 0.5273722234375 0.30291105 0.3775505111829255 0.29612175691572384 0.37035547129389024 0.4548972262516666 0.5201771835484648 0.46168651933594285
0 0.6014089625000001 0.3677059250000001 0.5857823133015827 0.36701140742982663 0.5829211859375001 0.43138678906249994 0.5985478351359175 0.43208130663267347
0 0.7752595752702276 0.4244644198061578 0.7700990536897574 0.2929755457470396 0.5223423315445299 0.30269921187838195 0.5275028531250001 0.43418808593750013
0 0.530771232166266 0.8092134908393442 0.5302883703125001 0.7961762343750001 0.5127326568962342 0.7968264466606558 0.51321551875 0.809863703125
0 0.5438919548600571 0.45297244389886354 0.5434113703125 0.4399966671874999 0.5256590092024428 0.4406541623511364 0.52613959375 0.45362993906250004