0 0.5014395531250001 0.47099093906250006 0.4537162828886564 0.46851639853127036 0.4495147328125001 0.5495462734375002 0.4972380030488438 0.5520208139687298
0 0.45150244753417523 0.46840160784667956 0.32443169218750006 0.4618127531250001 0.31886144934082505 0.5692388530908207 0.44593220468750017 0.5758277078125001
0 0.6912356046875 0.48045857187500013 0.6172167352726646 0.4766205562155271 0.6139322953125002 0.5399633234375001 0.6879511647273355 0.5438013390969731
0 0.6070891703426992 0.476095367953394 0.5111938570796644 0.47143485894931114 0.5056115471222032 0.5862972831251095 0.601506860385238 0.5909577921291925
0 0.643064656715244 0.5811391575230902 0.5227080063826985 0.574623616338879 0.5150030840091994 0.7169508032491312 0.6353597343417448 0.7234663444333422
0 0.5179660492897449 0.5551924175366877 0.3522191954297356 0.5465981357120697 0.34384887113999063 0.7080258088003821 0.5095957249999999 0.7166200906250001
0 0.8147639063692369 0.4868637437561828 0.69413183125 0.4806087468750002 0.6885520498807631 0.5882188093688174 0.809184125 0.5944738062500001
0 0.8117918307198757 0.5535646969847339 0.6498135768590161 0.5446042930928027 0.6398990226644019 0.7238308319432033 0.8018772765252613 0.7327912358351345
0 0.5922158750315774 0.15177110407850972 0.541522478125 0.14914255781250008 0.5377236780934227 0.22240513654649044 0.5884170750000001 0.22503368281250005
0 0.8335358704571298 0.12276859956627598 0.4463941875 0.10257317656250006 0.43657936234688793 0.2907211508334711 0.8237210453040177 0.31091657383724697
0 0.5391184484533504 0.1491992075068106 0.4942316562499999 0.14687174375000006 0.48969657498414926 0.2343340081181895 0.5345833671874999 0.23666147187500003
0 0.8078500675811139 0.2433627138851236 0.5404727086517493 0.2294987076939797 0.5340771598206356 0.35284147974635627 0.80145451875 0.36670548593750013
0 0.5336433652936778 0.23972924727758746 0.4700467558399205 0.23673890467645134 0.4647479983587428 0.349429340211364 0.5283446078125001 0.35241968281250013
0 0.44382011407702643 0.10253429971984943 0.34320218906250005 0.09731707500000006 0.33764629686047376 0.20446644559265068 0.438264221875 0.20968367031250007
0 0.36547430255506885 0.09875641749740308 0.269327975 0.09348655937500003 0.2559119618572556 0.338256032128324 0.3520582894123245 0.34352589025072705
0 0.48832096485165344 0.21586429177938057 0.36962599531250007 0.20970973593750006 0.36267058908570804 0.3438496725034607 0.4813655586248614 0.3500042283453413