0 0.5037687500000001 0.28083906250000007 0.4378001244225496 0.2807750001208273 0.43769383548858365 0.3902266779756048 0.5036624610660341 0.39029074035477757
0 0.5708328125 0.3537328125 0.5707406249999999 0.1570046875 0.4678163548995686 0.15705291817952224 0.46790854239956864 0.35378104317952225
0 0.4648796875 0.24893906250000009 0.3273859375 0.24893906250000003 0.3273859375 0.38977031250000005 0.4648796875 0.3897703125000001
0 0.46944979990122715 0.39471285899308434 0.32724400890025496 0.39461893772588535 0.3270968545228566 0.6174247543558768 0.4693026455238288 0.6175186756230758
0 0.8984332996092371 0.35131439623141103 0.898138384506162 0.1568806336476195 0.6550625013516292 0.15724932861182203 0.6553574164547044 0.3516830911956136
0 0.8983890625000001 0.2799921875000001 0.8355593750000001 0.2799921875000001 0.8355593750000001 0.35377187500000007 0.8983890625000001 0.35377187500000007
0 0.8983890893835976 0.36362304254899686 0.784502318880798 0.36344890948216846 0.784356909693525 0.458549645037962 0.8982436801963246 0.45872377810479037
0 0.7965078125 0.3563093750000001 0.655246875 0.3563093750000001 0.655246875 0.44263906249999996 0.7965078125 0.44263906250000007
0 0.8151859375000001 0.4478921875000002 0.655296875 0.4478921875000001 0.655296875 0.6127281250000001 0.8151859375000001 0.6127281250000001
0 0.8983890625000001 0.5180500000000002 0.791803125 0.5180500000000002 0.791803125 0.6447828125000001 0.8983890625000001 0.6447828125000001
0 0.8988921875000001 0.46879375000000023 0.8177421875 0.46879375000000023 0.8177421875 0.5161140625000001 0.8988921875000001 0.5161140625000001