0 0.5443129921875001 0.12270447343750006 0.4353384558018291 0.11794692482368854 0.4295517848739744 0.2504941319607286 0.5385263212596454 0.2552516805745401
0 0.45367871663913767 0.2905123408043982 0.44641262708789997 0.12702530930231015 0.2812502041987623 0.134365860685412 0.28851629375 0.29785289218750005
0 0.538645509375 0.24796294062500007 0.47419915045986827 0.245219754493553 0.4707414265625001 0.3264529281250001 0.5351877854776319 0.3291961142564472
0 0.532160500638325 0.48950529631346706 0.5300026241885866 0.4409530794114681 0.44328234386276166 0.444807314348001 0.4454402203125 0.49335953125
0 0.527708946875 0.49213443437500015 0.418922770205472 0.4873801503753782 0.41286453593749994 0.626002946875 0.521650712607028 0.6307572308746219
0 0.5390926189479341 0.4303392454016833 0.5346182239294055 0.33368414730358875 0.4095159143564714 0.3394754315894055 0.41399030937500003 0.4361305296875
0 0.4458623134583381 0.4321719102427183 0.2819769188307507 0.42581115050827734 0.2752353921875001 0.5995070296875 0.4391207868150874 0.605867789421941
0 0.47119764974312545 0.4173071475088349 0.4657507614892424 0.2917632653209866 0.27736997424611687 0.2999364162496517 0.2828168625 0.4254802984375
0 0.9143418171875002 0.1063288968750001 0.7239069089041184 0.09785431851445647 0.7059687273977603 0.5009488212260724 0.8964036356811421 0.5094233995866161
0 0.8943687137168179 0.679760716305325 0.8900434142049394 0.5824414751461838 0.6362066504881214 0.593723108840859 0.64053195 0.69104235
0 0.9029428084163671 0.6131303147303339 0.8965362489751119 0.5006842939429068 0.7626622733712449 0.5083117010875731 0.7690688328124999 0.620757721875
0 0.86373908355445 0.40262300005230783 0.8613908083143269 0.35119863264408824 0.7824042981973769 0.3548055232167804 0.7847525734375 0.40622989062500003
0 0.836025771875 0.27893812500000015 0.7994641386673129 0.2772918111066397 0.7962392952752771 0.3489097095689878 0.8328009284829644 0.3505560234623483
0 0.7983621278345975 0.13519065652014645 0.6654574571872464 0.12955870944546002 0.6535893500000001 0.4096264828125 0.7864940206473512 0.4152584298871864
0 0.792193731824838 0.5764824769455494 0.7866666211539683 0.4560460732270192 0.6396706174541305 0.4627920665939696 0.645197728125 0.5832284703124999
0 0.8611286295531922 0.4505540524393489 0.8591136027829931 0.4052159485535302 0.766227537292301 0.40934421798918147 0.7682425640625 0.45468232187500013
0 0.7699252411582411 0.47417424016880555 0.7670413070308605 0.4092857300844369 0.6468099596226194 0.4146293461656314 0.6496938937500001 0.47951785625000004