0 0.44269853125000014 0.4924309671875001 0.3069546637045643 0.49142545754095224 0.3061337515625001 0.6022486500000002 0.4418776191079359 0.6032541596465479
0 0.4946610265625001 0.4933128671875001 0.44537048078307695 0.4903919465861293 0.4402822234375 0.5762563078125 0.4895727692169231 0.5791772284138708
0 0.5091639201546322 0.5794144773872942 0.33166508977396636 0.5780996753479375 0.3304425453734913 0.7431436855313321 0.5079413757541572 0.7444584875706889
0 0.6028698453125 0.4936932609375001 0.5051262518222417 0.487267283460411 0.4969956828918334 0.6109389003018609 0.5947392763820918 0.61736487777895
0 0.6891917562500001 0.49456181718750003 0.6096800299488272 0.493972840288776 0.6091970359375 0.5591769046875001 0.6887087622386728 0.5597658815862241
0 0.8156836796875002 0.49617973750000005 0.6861861759936475 0.495220496816627 0.6853755781250002 0.6046512187500002 0.8148730818188529 0.6056104594333733
0 0.8112962597851967 0.5709659600872932 0.6463515761502078 0.5609115496625225 0.6351035587262707 0.7454376031187585 0.8000482423612596 0.755492013543529
0 0.6366588321957306 0.6223688509973875 0.5140155752601457 0.6154337380002701 0.5067286015625001 0.7442994375 0.629371858498085 0.7512345504971174
0 0.35413232750274165 0.11347411575072988 0.25602075894939785 0.10766009683753244 0.24098369218750007 0.36141059687500005 0.33909526074084384 0.3672246157881975
0 0.48012391875000004 0.22638165937500004 0.35855322405158047 0.21888902893836154 0.34970579375 0.36244185156250003 0.47127648844841963 0.36993448199913853
0 0.4350311953125 0.11262206718750005 0.33256204253351 0.10654982048100052 0.32574295 0.2216219953125 0.4282121027789899 0.22769424201899952
0 0.834870525 0.11546443281250005 0.43178547603182726 0.11209545513074262 0.43017456483605754 0.3048347011478055 0.8332596138042303 0.3082036788295629
0 0.5322363203125 0.15625125468750006 0.4869351344672156 0.15356673938545315 0.481540465625 0.24460175624999997 0.5268416514702844 0.24728627155204688
0 0.5271495812500002 0.24884292656250012 0.46182361188115983 0.24474096674229404 0.4543876250108457 0.36316315316264863 0.519713594379686 0.3672651129828547
0 0.6600176904603667 0.15616588040767004 0.5310303519158296 0.1554856812195807 0.5306327147493458 0.23089029902750685 0.659620053293883 0.23157049821559617
0 0.8068719810780873 0.25138089953049747 0.533241430081891 0.23516575680612703 0.5256363562499999 0.3635013859375001 0.7992669072461963 0.37971652866187056