0 0.6950289696917807 0.5165623863655824 0.69076193125 0.40135234843750006 0.5546745599957192 0.4063926214469178 0.5589415984375 0.521602659375
0 0.5562848800985823 0.5215647788035617 0.5537057671875001 0.43451969843750005 0.5022616027139177 0.4360439696339385 0.504840715625 0.52308905
0 0.6588232270508335 0.4278700839886481 0.6524685199152828 0.2562929439612445 0.4736698784273021 0.2629151140400149 0.48002458556285293 0.4344922540674185
0 0.49440797064216263 0.5245689688248064 0.49062846093750007 0.40113721093750004 0.3885339121703374 0.40426337023769354 0.392313421875 0.527695128125
0 0.38219382930940704 0.5278314111888488 0.37968327031250004 0.460046296875 0.299983723815593 0.46299813099865117 0.3024942828125 0.5307832453125
0 0.30049962815019604 0.5301482924222082 0.2962862046875 0.41638584375 0.16663236247480398 0.4211878372652918 0.1708457859375 0.5349502859374999
0 0.34084571273785447 0.4580523004176403 0.3349698734375 0.2679832828125 0.16293034616993096 0.2733017541145048 0.16880618547028542 0.4633707717196451
0 0.4738100861593787 0.39482709227991286 0.469097340625 0.26324067812499996 0.34097094942663564 0.26782950351274304 0.3456836949610142 0.39941591766765594
0 0.7881307740275283 0.909287170801084 0.7807509937500001 0.6482181828125 0.6783495505761079 0.6511128205729917 0.6857293308536361 0.9121818085615757
0 0.6711967847035952 0.7962324835089889 0.667629940625 0.6521726953125 0.5408093769191057 0.6553127053205773 0.544376220997701 0.7993724935170663
0 0.7089635779148676 0.9121426187055297 0.705556984375 0.7971700843749999 0.5986107189601322 0.8003388625444703 0.6020173124999999 0.9153113968750001
0 0.6003512932345301 0.9158914127211475 0.593120806096322 0.7155227440900792 0.17885761911179193 0.7304718110564317 0.18608810625 0.9308404796874999
0 0.5442123922471295 0.873136134126692 0.5414684453125 0.7805279031250001 0.49418794525287063 0.7819288064983081 0.4969318921875 0.8745370375
0 0.5621534693092145 0.7762059553937507 0.5585995015624999 0.6562595703125 0.4901079760032855 0.6582889492937494 0.49366194375 0.7782353343749999
0 0.4942662040687188 0.875807168149859 0.49173662993740186 0.7973926936507658 0.359980618108794 0.8016430135221435 0.36251019224011094 0.8800574880212368
0 0.4883411070278131 0.7905268826715002 0.484637446875 0.6592038281249999 0.19904364399372262 0.6672583345578151 0.20274730414653566 0.7985813891043154