0 0.580340625 0.28096718750000005 0.47368125 0.28096718750000005 0.47368125 0.401509375 0.580340625 0.401509375
0 0.8314921875 0.44843125000000017 0.79568125 0.44843125000000017 0.79568125 0.5152828125000002 0.8314921875 0.5152828125000002
0 0.7988015625 0.5205359375000002 0.7868984375 0.5205359375000002 0.7868984375 0.5361125000000002 0.7988015625 0.5361125000000002
0 0.8596765625 0.5204531250000002 0.7867875 0.5204531250000002 0.7867875 0.5708703125000002 0.8596765625 0.5708703125000002
0 0.859509375 0.5733250000000002 0.772728125 0.5733250000000002 0.772728125 0.6175265625000002 0.859509375 0.6175265625000002
0 0.7697687499999999 0.5732765625 0.657553125 0.573209375 0.6575149696427562 0.6369359202681728 0.7697305946427562 0.6370031077681728
0 0.7476640625 0.2730000000000001 0.6555093750000001 0.2730000000000001 0.6555093750000001 0.3017437500000001 0.7476640625 0.3017437500000001
0 0.7890375012507345 0.302031886165053 0.6584679849153695 0.30171585608204177 0.6578237404963944 0.5678888779217164 0.7883932568317593 0.5682049080047277
0 0.7908656249999999 0.7381828125000001 0.7907587710135844 0.6198524304005741 0.6575123998091353 0.6199727537333142 0.6576192537955509 0.7383031358327401
0 0.9010468749999999 0.8437984374999997 0.9010253769832293 0.7481009371886611 0.6575863390538341 0.7481556246831413 0.6576078370706048 0.8438531249944801
0 0.580575178161968 0.4035309506736436 0.46638455492565767 0.4035258490061621 0.4663765625000001 0.5824203125000001 0.5805671857363104 0.5824254141674816
0 0.51429375 0.40359375000000003 0.49802187499999995 0.40359375000000003 0.49802187499999995 0.44167187500000005 0.51429375 0.44167187500000005
0 0.4956634731441925 0.2810826678663195 0.33724315563832774 0.281004664896387 0.33716406250000003 0.44163906250000007 0.49558438000586486 0.4417170654699326
0 0.5115484375 0.4467796875 0.3872406250000001 0.4467796875 0.3872406250000001 0.5138734375 0.5115484375 0.5138734375
0 0.45970000000000005 0.5714796875 0.4002359375 0.5714796875 0.4002359375 0.5904265625 0.45970000000000005 0.5904265625
0 0.5804765625 0.592415625 0.4997890625 0.592415625 0.4997890625 0.639990625 0.5804765625 0.639990625
0 0.580534375 0.6423078125 0.4735296875 0.6423078125 0.47352968750000013 0.7685453125 0.5805343750000002 0.7685453125
0 0.3868953125 0.5664531249999999 0.38689154927788916 0.4467375032126468 0.3371852992778891 0.4467390657126469 0.3371890624999999 0.5664546874999999
0 0.4972504088007483 0.5716597072712226 0.3372015625000001 0.5715234375 0.3370608643634675 0.7367733988574827 0.49710971066421566 0.7369096686287053
0 0.4597765625 0.518875 0.3936953125000001 0.518875 0.3936953125000001 0.5664515625 0.4597765625 0.5664515625