0 0.552603125 0.2934781250000001 0.4454546875 0.2934781250000001 0.4454546875 0.41352031250000004 0.552603125 0.41352031250000004
0 0.48619531250000003 0.4154359375 0.4700640625 0.4154359375 0.4700640625 0.45354687499999996 0.48619531250000003 0.45354687499999996
0 0.5523671875 0.415475 0.488821875 0.415475 0.488821875 0.48976406250000004 0.5523671875 0.48976406250000004
0 0.4832828125 0.4595921875 0.3598531250000001 0.4595921875 0.3598531250000001 0.5251078125 0.4832828125 0.5251078125
0 0.5528468750000001 0.6542421875 0.4453578125 0.6542421875 0.44535781250000006 0.7806968750000001 0.5528468750000002 0.7806968750000001
0 0.46770169211573365 0.29289994617485526 0.30847197099557233 0.292890533098257 0.3084624663798388 0.4536687119234017 0.4676921875000001 0.453678125
0 0.5528720872630474 0.49939710730823406 0.4383999873354007 0.4993010262527008 0.4383200875723534 0.5944945439444669 0.5527921875 0.5945906250000002
0 0.427346875 0.5336859375 0.36964062500000006 0.5336859375 0.36964062500000006 0.5752453125 0.427346875 0.5752453125
0 0.8728843749999999 0.6818218750000001 0.7656765625 0.6818218750000001 0.7656765625000002 0.7822437500000002 0.8728843749999999 0.7822437500000002
0 0.8729839264703744 0.7603108665720796 0.6293126338016685 0.760040245114995 0.6292062500000001 0.8558296875000002 0.872877542668706 0.8561003089570847
0 0.8728656250000002 0.294390625 0.6854418287122619 0.29432367869217624 0.68530431508127 0.679308715203101 0.8727281113690083 0.6793756615109248
0 0.5520421875 0.6040015624999999 0.5015390625 0.6040015624999999 0.5015390625 0.6517234375000001 0.5520421875 0.6517234375000001
0 0.4315609375 0.5835250000000001 0.37228281250000006 0.5835250000000001 0.37228281250000006 0.6023296874999999 0.4315609375 0.6023296874999999
0 0.4699791688728469 0.5842608381872344 0.30940468750000005 0.5835 0.30862121678598575 0.7488510637143019 0.46919569815883255 0.7496119019015363
0 0.8317560872975525 0.46036260724969286 0.7587380656927184 0.46023236629102265 0.7585187500000001 0.5831890625000001 0.8315367716048343 0.5833193034586703
0 0.7521312499999999 0.532471875 0.685675 0.5324718749999999 0.685675 0.58040625 0.7521312499999999 0.5804062500000001
0 0.7629751878532373 0.6317930251885537 0.629374538538305 0.6315713660474276 0.6291774756850679 0.7503470908588741 0.7627781250000002 0.7505687500000001
0 0.8313499999999999 0.5852203125000002 0.7444890625 0.5852203125000002 0.7444890625 0.6295593750000001 0.8313499999999999 0.6295593750000001
0 0.74125625 0.585221875 0.7126109375 0.585221875 0.7126109375 0.62979375 0.74125625 0.6297937500000002
0 0.707248722836135 0.5853470535245869 0.6293546875 0.5850500000000001 0.6291111388560674 0.6489138666312309 0.7070051741922024 0.6492109201558177
0 0.4983375 0.6075437499999999 0.473384375 0.6075437499999999 0.473384375 0.6473875 0.4983375 0.6473875
0 0.3588625000000001 0.458984375 0.30849843750000006 0.458984375 0.30849843750000006 0.578653125 0.3588625000000001 0.578653125