0 0.41227576652881137 0.5015139436266769 0.4074309306303922 0.43041842829327753 0.28861680160158093 0.43851507060410067 0.2934616375 0.5096105859375
0 0.37743905760221885 0.47024320725670404 0.36884126387002114 0.35847294199864554 0.15160432394526696 0.37518363330974275 0.16020211767746467 0.48695389856780125
0 0.4139585904781045 0.6278856271545497 0.4106254602121425 0.47789477757039817 0.2582251635634984 0.4812814511088808 0.2615582938294604 0.6312723006930323
0 0.6601233952239772 0.6157794242229896 0.6568312507653481 0.46126951186227316 0.41572224904758714 0.46640682410200573 0.4190143935062163 0.6209167364627222
0 0.367425222245385 0.2691406159839539 0.35036882520427176 0.007329352063673097 0.1374908623338868 0.02119785795471917 0.15454725937499997 0.283009121875
0 0.36568836868711807 0.0741482827243007 0.3611734609375 0.0064246625 0.278406150062882 0.011942482900699294 0.2829210578125 0.079666103125
0 0.47722899285168524 0.12417330139889278 0.47460307168433563 -0.0003173488360173907 0.3717144739760108 0.001852913316934629 0.3743403951433605 0.12634356355184478
0 0.4631815515065085 0.26692399593472127 0.4595684663529248 0.11167286670760206 0.3661448742214162 0.11384706921038072 0.369757959375 0.26909819843749994
0 0.6471471343112202 0.25823313086911437 0.6429977135163821 0.08221765917981691 0.4647374042051619 0.08642000018570248 0.46888682499999995 0.26243547187499994
0 0.6784757532810526 0.10676520043779784 0.6760354684950464 -0.003047637087790904 0.538891771875 0 0.5413320566610061 0.10981283752558875
0 0.5386664911846285 0.08418266142423661 0.5367704779304605 -0.0011379464062263353 0.4855628828125 -1.3877787807814458e-18 0.487458896066668 0.08532060783046294