0 0.7371041899991602 0.9249384807183791 0.73103925 0.8079717984375001 0.5824720334383398 0.815675284906621 0.5885369734375 0.9326419671874999
0 0.5896380984375 0.844416634375 0.537788648082174 0.8424962844299719 0.5343553921875001 0.9351941968749997 0.586204842542826 0.9371145468200279
0 0.5395233218750001 0.738590696875 0.5191196347311108 0.7378350046671989 0.5166589562500001 0.8042733156250002 0.5370626433938894 0.8050290078328013
0 0.7110160658052397 0.8352372055835241 0.7017308039051245 0.6611280312234803 0.5154093768999716 0.6710645739341387 0.5246946388000868 0.8451737482941825
0 0.5127647578125001 0.73255219375 0.46096293161053714 0.7306336075528479 0.45811819062500003 0.8074416125000002 0.509920016826963 0.8093601986971523
0 0.41530533016914983 0.9416754460356553 0.41174611250000004 0.873033384375 0.3245372932683502 0.8775553227143448 0.3280965109375 0.9461973843750002
0 0.5280231953125001 0.8116193031250001 0.4242749657168563 0.8075883410062703 0.4191005468937109 0.9407666682332382 0.5228487764893547 0.944797630351968
0 0.3126215973218401 0.5812836781256221 0.30803539375 0.49283546875000006 0.2000677604906599 0.498433790624378 0.20465396406250003 0.5868819999999999
0 0.33447914375000015 0.6804215515625 0.2041734637828143 0.6755954152957911 0.19389982343750004 0.9529837062499998 0.3242055034046859 0.9578098425167086
0 0.37367417669134606 0.8715125032225647 0.3727712046875 0.8540980406249998 0.32962812330865393 0.8563350889649353 0.33053109531249997 0.8737495515625001
0 0.4161070671875001 0.6760987234375001 0.33664907672152544 0.6733273182250414 0.3303821662040477 0.8530037198967737 0.40984015667002244 0.8557751251092324
0 0.4558990015625001 0.727882340625 0.3820704959603435 0.7256785235176592 0.3778210093750002 0.8680375437500002 0.45164951497715666 0.870241360857341
0 0.51774071962105 0.7243180610751205 0.5150398187499999 0.6722292515625 0.41737860850395003 0.6772931654873793 0.420079509375 0.7293819749999999
0 0.38430852727891524 0.5070316480826667 0.383373846875 0.48900567500000003 0.3404544617835847 0.4912311253548335 0.3413891421875 0.5092570984375001
0 0.422418345914542 0.4716267650137965 0.31063590865919 0.4681586823882523 0.30708065264495576 0.5827508721505978 0.4188630899003078 0.586218954776142
0 0.4689881388570661 0.4997144471502441 0.46421427870751436 0.42920163815249834 0.33971567563832583 0.4376304460288921 0.34448953578787744 0.5081432550266378
0 0.47462487123419017 0.4608271695238858 0.46891587812499996 0.30914831249999997 0.3035897053283098 0.3153709726636143 0.30929869843749996 0.46704982968750014
0 0.5452344828125 0.37432253750000005 0.5292292559569692 0.37372975142051923 0.5267835921875001 0.43976268437500005 0.5427888190430308 0.44035547045448087
0 0.724804553467052 0.4294616318343042 0.7174141720615925 0.29506925994344896 0.4626565779695406 0.30907865467164475 0.470046959375 0.44347102656250004
0 0.47634084794341414 0.8271481247760548 0.475649790625 0.8138205921874999 0.4575771754940859 0.8147576908489448 0.4582682328125 0.8280852234374999
0 0.48707194666044656 0.4624374307000205 0.48638414843750005 0.449172746875 0.4681106470895534 0.4501202614874796 0.4687984453124999 0.46338494531250013