0 0.9105097393647161 0.6544181981805877 0.8027265625 0.6541140625 0.8023683856352839 0.7810489893194126 0.9101515625000001 0.7813531250000001
0 0.909915625 0.6047984375000002 0.8292671875 0.6047984375000002 0.8292671875 0.6524296875000002 0.909915625 0.6524296875000002
0 0.78896875 0.5841156250000001 0.7298 0.5841156250000001 0.7298 0.6028593750000002 0.78896875 0.6028593750000002
0 0.8268855763944185 0.5840552527484364 0.6666974084371305 0.5838179838119936 0.6664526512096343 0.749061746669117 0.8266408191669223 0.7492990156055599
0 0.7890906249999999 0.53051875 0.7229875 0.5305187499999999 0.7229875 0.57810625 0.7890906249999999 0.5781062500000002
0 0.9101984375000001 0.41595312500000015 0.8470578124999999 0.41595312500000015 0.8470578124999999 0.49020625000000023 0.9101984375000001 0.49020625000000023
0 0.9095765625000001 0.4993687500000002 0.7962484375 0.4993687500000002 0.7962484375 0.5947906250000001 0.9095765625000001 0.5947906250000001
0 0.5746953125 0.2905000000000001 0.49333593750000004 0.2905000000000001 0.49333593750000004 0.3821453125000001 0.5746953125 0.3821453125000001
0 0.910040625 0.2930734375000001 0.6666828125 0.2930734375000001 0.6666828125 0.4127781250000001 0.910040625 0.41277812500000016
0 0.8438515625 0.41572500000000023 0.8278328125 0.41572500000000023 0.8278328125 0.4538078125000002 0.8438515625 0.4538078125000002
0 0.8255588695634628 0.41640566468187973 0.6669546875 0.4145421875000001 0.6660973751062598 0.48750971954398786 0.8247015571697226 0.4893731967258675
0 0.8408609374999999 0.45891406250000005 0.7161107256955964 0.4587052203462238 0.715997291297188 0.5264643627007486 0.8407475031015915 0.5266732048545248
0 0.7156703125 0.49297031249999995 0.6677562499999999 0.49297031249999995 0.6677562499999999 0.57814375 0.7156703125 0.57814375
0 0.5099875 0.41330156249999994 0.49340624999999994 0.41330156249999994 0.49340624999999994 0.45112968750000004 0.5099875 0.45112968750000004
0 0.5767051446411589 0.3846204795933703 0.47332564498682234 0.38370752842657363 0.472420485541529 0.4862047199139933 0.5757999851958655 0.48711767108078996
0 0.5091393558937505 0.4144591019651571 0.44413350604715685 0.41342615719359654 0.4423880630839189 0.523271336053081 0.5073939129305125 0.5243042808246414
0 0.4698636452070981 0.5233738358339909 0.46974059262735113 0.38239103527205326 0.33235350992025303 0.3825109494380624 0.3324765625 0.52349375
0 0.45505312499999995 0.5810187499999999 0.3958968750000001 0.5810187499999999 0.3958968750000001 0.595721875 0.45505312499999995 0.595721875
0 0.45575705122423454 0.5288406049510488 0.3320812500000001 0.5284515625 0.3313809328722966 0.7510809481782913 0.4550567340965309 0.7514699906293402
0 0.8080359375 0.5313578125000002 0.7957765625000001 0.5313578125000002 0.7957765625000001 0.5468187500000001 0.8080359375 0.5468187500000001
0 0.47396562500000006 0.5286265625000001 0.4617640625 0.5286265625000001 0.4617640625 0.5442765625 0.47396562500000006 0.5442765625