0 0.5200015625 0.4441484375 0.4725765625 0.4441484375 0.4725765625 0.524671875 0.5200015625 0.524671875
0 0.648478125 0.4441484375 0.5222015625 0.4441484375 0.5222015625 0.5509031249999999 0.648478125 0.5509031249999999
0 0.3575421875000001 0.44377812499999997 0.2839859375000001 0.44377812499999997 0.2839859375000001 0.506725 0.3575421875000001 0.506725
0 0.46251875 0.44377812499999997 0.3674015625000001 0.44377812499999997 0.3674015625000001 0.558075 0.46251875 0.558075
0 0.4464421875000001 0.6872187500000001 0.446180231796132 0.5457843490040244 0.3265924616104451 0.5460058417829552 0.32685441731431314 0.6874402427789308
0 0.6165813632219755 0.6870759430597302 0.6164909964564493 0.5266956433010141 0.4517799457344737 0.5267884502412841 0.4518703125 0.68716875
0 0.28110781250000005 0.44377812499999997 0.16122968750000005 0.44377812499999997 0.16122968750000005 0.550715625 0.28110781250000005 0.550715625
0 0.3217440607752303 0.5096607850476678 0.16095444196736952 0.5094572145161977 0.16072913119213927 0.68741830446853 0.32151875 0.6876218749999999
0 0.44939062500000004 0.12310937500000005 0.3990140625 0.12310937500000005 0.3990140625 0.19591406250000004 0.44939062500000004 0.19591406250000004
0 0.5460792541614491 0.2688708260425837 0.5460640625 0.08184374999999999 0.16136249276556636 0.0818749981814397 0.16137768442701542 0.2689020742240234
0 0.49637656249999995 0.12328906250000005 0.4517703125 0.12328906250000005 0.4517703125 0.2102046875000001 0.49637656249999995 0.2102046875000001
0 0.4465176873039696 0.32490430494898037 0.44630141449248156 0.20271950714443387 0.18037903968851193 0.20319020219545353 0.1805953125 0.325375
0 0.515190625 0.32501718749999997 0.514775355022046 0.21306316991015334 0.45158941752204607 0.21329754491015335 0.4520046875 0.3252515625
0 0.64860625 0.08193750000000008 0.5486171875 0.08193750000000007 0.5486171875 0.18841718750000008 0.64860625 0.18841718750000008
0 0.722315625 0.32521562500000006 0.72201875 0.08193750000000001 0.6266668957818742 0.08205385892754849 0.6269637707818742 0.32533198392754853
0 0.6166421875 0.1919703125000001 0.4986890625 0.19197031250000007 0.4986890625 0.3252718750000001 0.6166421875 0.3252718750000001