0 0.3495509195403351 0.3193787391421946 0.217467172635267 0.31022922769296585 0.2067307937327309 0.46522123590112346 0.33881454063779903 0.4743707473503521
0 0.10738060339232888 0.3993782192413041 0.030585356746812974 0.39405969393267165 0.019274810585342 0.5573749235802288 0.09607005723085793 0.5626934488888613
0 0.8484400244576777 0.45430631838791513 0.7757428853908378 0.4492699429540837 0.7647145687512811 0.6084572551297136 0.8374117078181211 0.613493630563545
0 0.2532915642648855 0.5505242513449924 0.18878576607024994 0.546054667154415 0.18261554684847534 0.635104318971141 0.2471213450431109 0.6395739031617182
0 0.6110153043419376 0.6125930134936322 0.6068978610224258 0.5346735283927256 0.4305690152024142 0.5439911467948317 0.434686458521926 0.6219106318957384
0 0.6825656749435708 0.5319540767588805 0.6139639912502075 0.5272021305142738 0.6077610766421317 0.6167507836378459 0.676362760335495 0.6215027298824525
0 0.36860635899318217 0.6254023428863733 0.364326600935708 0.544407800069054 0.2527998777935204 0.5503008809531331 0.2570796358509946 0.6312954237704524
0 0.8635068421583115 0.2962080905325918 0.7826183907619579 0.29060460403009475 0.7723075237319161 0.43944587744837565 0.8531959751282697 0.4450493639508727
0 0.4465520133387204 0.315156070301626 0.3574699769681219 0.3089864434513797 0.34830697186493603 0.4412892834251438 0.4373890082355346 0.44745891027539014
0 0.1831162004540697 0.6352030577056597 0.17867374618862383 0.5511330036419315 0.0048137277048498515 0.5603201653406531 0.009256181970295735 0.6443902194043812
0 0.4306118669703281 0.5452668446452701 0.3742972144332467 0.5413652160885067 0.3684832372788802 0.6252819955930874 0.42479788981596167 0.6291836241498506
0 0.6034633377282861 0.4443814035711805 0.6024342821471499 0.4249025505682191 0.5321196394489714 0.4286172290194171 0.5331486950301076 0.44809608202237855
0 0.4396390171909948 0.45295912513960007 0.4385785247131471 0.4386442440045366 0.3463809307167106 0.4454745385760634 0.3474414231945583 0.45978941971112686
0 0.14097312572749238 0.565592928354884 0.14038703040919848 0.5545005701459745 0.10551876874420611 0.5563429308535907 0.1061048640625 0.5674352890625001
0 0.14172848125000007 0.4956816281250001 0.11142746932778705 0.49358245056953687 0.10763960324019228 0.5482591858372342 0.13794061516240533 0.5503583633926975
0 0.144704259999913 0.4898559191215452 0.14341025468749996 0.46537637187499986 0.110906093125087 0.4670945636909547 0.1122000984375 0.49157411093750003
0 0.14714727554851512 0.4592994740288809 0.14607428248208718 0.4390029571047724 0.11323948818357207 0.4407387971383915 0.11431248125000001 0.4610353140625
0 0.14914248720445353 0.4323365521298578 0.14801432625216077 0.41099343538012656 0.11610570936020728 0.4126800707502688 0.11723387031250002 0.43402318749999996
0 0.15327914696932607 0.4027449487349631 0.15197488124999997 0.3780519609375 0.11775924678067391 0.37985920595253697 0.11906351249999998 0.40455219375
0 0.7838703616209226 0.46410555775343043 0.046349933699400936 0.2864187506651312 -0.007478108542372408 0.5098415325748898 0.7300423193791492 0.687528339663189
0 0.6243416390688693 0.4438326915404069 0.6147365072517651 0.3049878141835782 0.43460271662039596 0.31744926639317134 0.4442078484375001 0.4562941437500001
0 0.625685528125 0.42856363593750013 0.6101222348066939 0.4274852023295095 0.6088117952122131 0.44639666394727984 0.6243750885305192 0.4474750975552705
0 0.628039628125 0.4055967734375 0.6124762125582888 0.40451897986394086 0.6109539534011778 0.4265005099486994 0.6265173689678891 0.42757830352225856
0 0.6309831307409988 0.40226991227701614 0.6304244342926596 0.3916975546918514 0.6126640644891609 0.39263610178983527 0.6132227609374999 0.40320845937499994
0 0.7837487729824337 0.4381321615754207 0.7776276242189646 0.30050884281269374 0.610960261191327 0.30792179965953587 0.617081409954796 0.44554511842226274
0 0.7647547669275375 0.43952525333510656 0.7639556773163905 0.42440907935851274 0.7464302338263531 0.42533553071090624 0.7472293234375 0.4404517046875001
0 0.7660827156250001 0.4022974703125001 0.7506879639102232 0.40123181317845374 0.7492047921875 0.42265808593750015 0.7645995439022768 0.42372374307154653
0 0.7690430196684785 0.39946946742689143 0.7683628296875 0.38657248437499997 0.7508125490815216 0.38749809038560856 0.7514927390625001 0.4003950734375
0 0.8559791953125 0.3892982890625 0.816113902433108 0.38653760215692506 0.8125162296145968 0.4384892669054882 0.8523815224939888 0.44124995381106313