0 0.749825742372398 0.45488453029329506 0.7474376812409107 0.31807709986263993 0.6215507879914783 0.3202745360383382 0.6239388491229656 0.45708196646899346
0 0.923064808388425 0.5370095265042183 0.9204533937569848 0.38743933863535107 0.8472637759692103 0.38871718979997005 0.8498751906006505 0.5382873776688373
0 0.21362727566031253 0.6063985953697429 0.2110916266311614 0.46111851058138964 0.14180496668158762 0.4623278067646222 0.14434061571073872 0.6076078915529755
0 0.7643413850124628 0.6153126084717823 0.762951473435948 0.5357769430499297 0.7014718225788357 0.5368513199095835 0.7028617341553505 0.6163869853314359
0 0.5277463296195666 0.5356570240748082 0.36668059574306 0.5319093507898385 0.3649552945309169 0.6060585320982357 0.5260210284074235 0.6098062053832054
0 0.3620647766014493 0.6098532818538656 0.36067379417150136 0.5301615801380974 0.2952905900304886 0.5313028142467405 0.2966815724604365 0.6109945159625088
0 0.6957831534817261 0.5366401730610122 0.5961610860018329 0.5343221870570054 0.5943677111043878 0.6113975942170188 0.693989778584281 0.6137155802210256
0 0.21473821410144933 0.44633296935386557 0.21238434573949308 0.31147592778345606 0.13529073203268055 0.3128215617681568 0.1376446003946368 0.4476786033385663
0 0.6167413444356665 0.436167310807593 0.6146709209839587 0.3175922625275148 0.5297687100499872 0.3190747289584315 0.531839133501695 0.4376497772385096
0 0.9302266516343674 0.5391677032107628 0.7718908367249949 0.5354827969728726 0.7700289587550336 0.6154853659946633 0.928364773664406 0.6191702722325536
0 0.5885601014395216 0.6112204282348538 0.5872445517416633 0.5359105725701238 0.533571827995984 0.5368481541772537 0.5348873776938424 0.6121580098419838
0 0.4416241296817451 0.4292026839858276 0.37583702991154794 0.42767237483425025 0.37540584722998593 0.44620866736171916 0.4411929470001831 0.4477389765132965
0 0.6175680027821091 0.4411684696391543 0.5306141452524379 0.43604224237687356 0.5298097556626484 0.44968673650680946 0.6167636131923195 0.4548129637690902
0 0.8404701292541134 0.5383552866891178 0.8083500000000001 0.537609375 0.8081048707458868 0.5481650258108822 0.840225 0.5489109375000001
0 0.8397125000000001 0.53076875 0.8388497751776347 0.48136134774254086 0.8099703124999997 0.481865625 0.8108330373223651 0.5312730272574592
0 0.838717656202393 0.4538455421578675 0.8098656250000001 0.4531734375000001 0.8093229687976076 0.4764685203421328 0.8381750000000003 0.4771406250000001
0 0.8381224414060998 0.42892453381793916 0.8086359375000003 0.42823906250000005 0.8081869335939004 0.447553591182061 0.8376734375 0.44823906250000006
0 0.8367032137355823 0.40239420926729047 0.8081734375 0.40173125 0.8077014737644177 0.42204172823270963 0.83623125 0.4227046875000001
0 0.8364917778716215 0.3713098015202704 0.8060374999999999 0.3706015625000001 0.8054910329391891 0.394099646114865 0.8359453108108108 0.3948078851351352
0 0.946677876360226 0.5088483412257955 0.915116907615497 0.29840925085919967 0.19851095979803923 0.40588347478762526 0.23007192854276828 0.6163225651542211
0 0.527779059631348 0.32039614372938985 0.370434375 0.31716562500000006 0.3677115653686521 0.4497819812706102 0.5250562500000001 0.4530125
0 0.36944374999999996 0.4482515625 0.3691519338766337 0.43155481664139284 0.35431874999999996 0.4318140624999999 0.3546105661233662 0.448510808358607
0 0.3683890625 0.42944375 0.3680489157489299 0.40984259196084993 0.3532156249999999 0.4100999999999998 0.35355577175107 0.4297011580391499
0 0.367618581549526 0.39735796348028196 0.35163750000000005 0.3969859375 0.35140329345047416 0.4070467240197181 0.3673843750000001 0.40741875000000005
0 0.36789048838710997 0.316896821165502 0.21652187500000006 0.31466718750000006 0.21459459844586556 0.44550894151843723 0.3659632118329755 0.44773857518393917
0 0.23880392735614064 0.43211825897568534 0.22339687500000002 0.4317609375 0.22306326014385944 0.44614580352431477 0.23847031250000006 0.4465031250000001
0 0.237471875 0.429684375 0.23713959860178288 0.4105946120247599 0.2224671875 0.41085000000000005 0.2227994638982171 0.4299397629752401
0 0.23668251616138888 0.39636479320673623 0.22107812500000007 0.3960015625 0.22079244748726504 0.40827426844709647 0.23639683864865385 0.40863749915383274
0 0.176653125 0.4464765625 0.1758495966245855 0.4003860455456392 0.13785468750000002 0.4010484375000001 0.13865821587541452 0.44713895445436086