0 0.46171710851579995 0.3749541174792991 0.46097701536499597 0.24615723680947682 0.32512962536953033 0.2469378436251651 0.3258697185203344 0.37573472429498733
0 0.5414665465782174 0.14483593114341817 0.5410232166923387 0.06995803261150169 0.3899133971933927 0.07085270914953332 0.3903567270792714 0.1457306076814498
0 0.6285191324456573 0.8671821051578524 0.6281064683126119 0.7962983623707656 0.4818921437444046 0.7971495788149652 0.48230480787745006 0.8680333216020519
0 0.6250710274251274 0.29611952400340763 0.6247055158221775 0.23322267705959226 0.5454304304235504 0.233683367299978 0.5457959420265005 0.2965802142437933
0 0.6244566127168338 0.4768397213356256 0.5485876587839358 0.47675896646953014 0.548414974627158 0.6389952126424013 0.624283928560056 0.6390759675084967
0 0.6286531786359173 0.7114324664267004 0.6282644531350978 0.6445421661768853 0.5489638463230591 0.6450030127866803 0.5493525718238785 0.7118933130364953
0 0.6252037705406476 0.40394556057193476 0.6246288335578459 0.30510765583857163 0.5453625881030201 0.30556874509499365 0.5459375250858217 0.4044066498283567
0 0.4648520012420426 0.8721264924757666 0.46439189601234354 0.7932558575234688 0.32910337384978194 0.7940450860697194 0.329563479079481 0.8729157210220171
0 0.44536466376737166 0.46889110129690004 0.4448606287973898 0.3820325901103917 0.3264893054842657 0.38271949212583983 0.3269933404542475 0.4695780033123481
0 0.6248891178907716 0.06549785775116253 0.5430314689128727 0.06541158127390205 0.5428635966846738 0.2246858859903548 0.6247212456625727 0.22477216246761525
0 0.6248351502512544 0.4678450677798372 0.6245154103200087 0.4129351264545559 0.5492886239423324 0.4133731711314157 0.5496083638735779 0.468283112456697
0 0.4606497365602983 0.561659185561876 0.44168353494308715 0.5616394365964915 0.4416138182276416 0.6285928822828449 0.46058001984485275 0.6286126312482294
0 0.4608398528749844 0.38194674737272527 0.44686484442125274 0.3819318990980422 0.4467704137192202 0.47080888227392165 0.4607454221729519 0.47082373054860466
0 0.5550428812500001 0.15482907343750008 0.5442424633450466 0.15481773683775224 0.5442083765642611 0.18729233113471072 0.5550087944692146 0.18730366773445856
0 0.5366741172347731 0.18468252455500658 0.536501809375 0.15513737968750002 0.48699567182772696 0.15542610044499344 0.48716797968750003 0.1849712453125
0 0.48169513750000015 0.15607348281250005 0.4578597080974676 0.1560478525252897 0.457828857501659 0.1847380186706983 0.48166428690419155 0.1847636489579087
0 0.452150940625 0.15624121406250005 0.4323884674452253 0.15621988752312801 0.4323566545269605 0.18569967948610205 0.45211912770673524 0.1857210060254741
0 0.42607152968750006 0.15741214062500006 0.40528999891227135 0.15738989804492015 0.4052595312518312 0.18585622797668608 0.4260410620270599 0.18587847055676598
0 0.39754987500000005 0.15737220468750007 0.37350680792970814 0.1573474132354788 0.37347554218749995 0.18766932968750002 0.39751860925779187 0.1876941211395213
0 0.6377958332877554 0.7793098624814232 0.5106147863847225 0.03943921533132513 0.29731580998829665 0.07610452598520129 0.42449685689132954 0.8159751731352994
0 0.464136740625 0.47599361093750014 0.32847784584272965 0.4757641582704692 0.3282127452288491 0.6324991256627006 0.46387164001111947 0.6327285783297316
0 0.4628928205117425 0.6502469959035204 0.4628044015624999 0.635071884375 0.4462502388632573 0.6351683384714795 0.44633865781249993 0.65034345
0 0.44368354862756193 0.6511000292308174 0.4435949249999999 0.6359249203124999 0.424069701372438 0.6360389488941823 0.42415832499999995 0.6512140578124999
0 0.4210943921875 0.63669169375 0.4108002503490219 0.6366808368133363 0.41078338437500356 0.6526725234342041 0.4210775262134816 0.6526833803708679
0 0.46346418386200455 0.788885161856796 0.4623475900698863 0.6367945960334127 0.32853313013125707 0.6377770132823343 0.32964972392337544 0.7898675791057176
0 0.46399279375000013 0.7689888171875001 0.44927437354106237 0.7689730276753795 0.4492580062535141 0.7842300295369207 0.46397642646245185 0.7842458190490412
0 0.44690367843321804 0.784820480778422 0.44681615312494694 0.7698099046783896 0.42780906687922887 0.7699207332749676 0.4278965921875 0.784931309375
0 0.4253159031250001 0.7706613421875 0.41275847353885087 0.7706493911077923 0.41274369843750003 0.786174121875 0.4253011280236493 0.7861860729547078
0 0.46559551421516243 0.8710783266280895 0.4653704999464904 0.8322076579438304 0.419571081043828 0.8324727813157411 0.41979609531250006 0.8713434500000001