0 0.7389148892907673 0.5451041075672475 0.6129587981633203 0.5443722363851174 0.6121721267201552 0.6797595318573635 0.7381282178476022 0.6804914030394935
0 0.9112445821581068 0.46297911315082246 0.8380145122499234 0.4625531912307078 0.8371480811522325 0.6115213632314587 0.9103781510604158 0.6119472851515733
0 0.20080708014725177 0.3935884860589407 0.13148287034940503 0.39318542924479205 0.13064268009047036 0.5376948972301598 0.1999668898883171 0.5380979540443085
0 0.7515664497549226 0.38467599899859495 0.6900534306507576 0.384318112505864 0.6895946571037348 0.4631714543773439 0.7511076762078999 0.46352934087007486
0 0.5149827287503272 0.46436281567417537 0.5132569599890803 0.39019354026103836 0.35300953308231986 0.3939221732008297 0.3547353018435667 0.4680914486139667
0 0.3492445749216622 0.39013536502681695 0.28382596555905015 0.38975474766325263 0.28336653204698126 0.4687198825500916 0.3487851414095933 0.4691004999136559
0 0.6812539498687714 0.38631349911741836 0.5845906254512244 0.38575109432080706 0.5841320208367161 0.4645737624394136 0.6807953452542631 0.4651361672360248
0 0.20378207492166225 0.5536556775268169 0.1266466940044741 0.553206889856026 0.12586709111896516 0.6872011358028738 0.20300247203615332 0.6876499234736647
0 0.6060117600393936 0.5638213000444725 0.5210645746939304 0.5633272767613503 0.5203805334085463 0.6809480121369013 0.6053277187540095 0.6814420354200234
0 0.9174630873240419 0.460853703376823 0.9156007060894685 0.3808295097037359 0.7581409791734621 0.38449402698468954 0.7600033604080354 0.4645182206577766
0 0.5757852111270498 0.388768198367886 0.5220833866500014 0.38845510937477046 0.521647762095579 0.4631745465759984 0.5753495865726272 0.463487635569114
0 0.43072424037808404 0.570802074785359 0.43029294108511146 0.5522607692012202 0.3646089105442397 0.5537886808039556 0.3650402098372123 0.5723299863880944
0 0.606668634120137 0.5588381778842516 0.6058633563374122 0.5451843381526829 0.5189438851394843 0.5503106850571406 0.5197491629222093 0.5639645247887094
0 0.8284905074443367 0.4616475420351157 0.8282453125 0.4510890624999999 0.7962469925556632 0.45183214546488426 0.7964921875 0.462390625
0 0.8279437500000002 0.4692312500000001 0.7990486504368006 0.46906275453798835 0.7987624999999998 0.518134375 0.8276575995631994 0.5183028704620118
0 0.8275709286557589 0.5461607877032257 0.8270281250000002 0.522859375 0.7984478213442412 0.5235251497967743 0.7989906250000001 0.5468265625000001
0 0.8273131635146236 0.5710806951993443 0.8268640625 0.5517609375 0.7976008989853763 0.5524411798006557 0.7980499999999999 0.5717609375
0 0.8261908153184848 0.5976113080389591 0.8257187500000003 0.5772953125000001 0.7974248096815154 0.5779527544610409 0.797896875 0.59826875
0 0.8263044256756757 0.6286965540540541 0.8257578108108108 0.6051921148648649 0.7955768226351352 0.6058939983108108 0.7961234375 0.6293984375
0 0.9372327996973044 0.4914566993158803 0.21723890201248128 0.38369225564863835 0.18579367623684537 0.5937835427125698 0.9057875739216685 0.7015479863798117
0 0.5168296248218673 0.6796355442131574 0.5141062500000001 0.5469875 0.35830006267813286 0.5501863307868426 0.36102343750000004 0.682834375
0 0.3585078125000001 0.5517484375 0.34366657793657424 0.5516619753120395 0.34357031250000003 0.5681859375 0.3584115470634259 0.5682723996879606
0 0.3576734375 0.5705562499999999 0.34283225268231604 0.5704683673363867 0.3427171875547866 0.5898999907479188 0.35755837237247057 0.589987873411532
0 0.3571576840452683 0.6026447642960768 0.3569234375 0.5925812500000001 0.34105794095473163 0.5929505482039231 0.3412921875 0.6030140625
0 0.3575780509873005 0.683116487333756 0.35565063030000993 0.5522523323494755 0.20517101681270938 0.5544686575157194 0.2070984375 0.6853328125
0 0.2278539821009567 0.5678856182012533 0.2275203125 0.553496875 0.21227883039904333 0.5538503192987468 0.2126125 0.5682390625000001
0 0.22671718750000003 0.570315625 0.21203686900558677 0.5702300363243672 0.21192656250000005 0.58915 0.22660688099441334 0.5892355886756329
0 0.22617009485494552 0.6036385874684603 0.22588433864865382 0.5913625008461673 0.2104251812937082 0.591722350877707 0.21071093749999997 0.6039984375
0 0.16568437500000008 0.5535234375000001 0.12766889211710625 0.5533034096244677 0.12740468750000009 0.5989515625000001 0.16542017038289392 0.5991715903755325