0 0.7639490798311661 0.4873756559701733 0.6238601722288384 0.48011178641931734 0.6153744684784977 0.643764638428769 0.7554633760808255 0.651028507979625
0 0.9607892751431475 0.3871425558834769 0.8793422345813905 0.3829193762706444 0.8703884056544668 0.555600373682702 0.9518354462162237 0.5598235532955346
0 0.17032048600605948 0.34401901378561406 0.09321728749268723 0.34002106952632216 0.08449008181989567 0.5083314380094136 0.16159328033326795 0.5123293822687055
0 0.7863526017119871 0.30730572620391444 0.7179370886066921 0.3037582548998955 0.7130594310402071 0.3978273583722586 0.781474944145502 0.40137482967627747
0 0.5251145624070218 0.40734778762513857 0.5196219806917751 0.32495906035636263 0.33332873689184356 0.33737860971086847 0.3388213186070902 0.4197673369796444
0 0.3364044016269959 0.332946752843026 0.263645046088218 0.329174045248544 0.25874060127190573 0.4237597599305688 0.33149995681068367 0.4275324675250508
0 0.7132684380877095 0.3980708381179272 0.7075590432033411 0.3124299231552151 0.5898453587290711 0.32027750288098245 0.5955547536134393 0.40591841784369465
0 0.16539948139418745 0.5229234419083261 0.07960859862188527 0.518475025551159 0.07145103877412537 0.6757993864958479 0.15724192154642752 0.680247802853015
0 0.61444117982777 0.514764934090921 0.5199626134444606 0.5098660456376857 0.5127146369036086 0.6496484553202994 0.6071932032869181 0.6545473437735346
0 0.975723007121706 0.38384051845950073 0.9697968057899938 0.29494740603498576 0.7861369049752012 0.30719138668888607 0.7920631063069135 0.39608449911340105
0 0.5896742798399279 0.3204176137075971 0.5299464516311264 0.31732061479187756 0.5253489934493337 0.4059858678165048 0.5850768216581352 0.4090828667322242
0 0.4199202743540312 0.5308709279051308 0.4185471291608057 0.5102737466082141 0.34417874194151016 0.5152316382714481 0.34555188713473556 0.5358288195683648
0 0.6163930054043216 0.508963851450597 0.6148501866181687 0.49386655229908083 0.5173760321899195 0.5038276026238449 0.5189188509760723 0.518924901775361
0 0.8694202824498329 0.38950222942786267 0.8686383703124999 0.37777354375 0.8317854409876672 0.3802304049471374 0.8325673531250002 0.39195909062500006
0 0.8673675734375002 0.39808181875000015 0.8352300923323085 0.3964154305237806 0.8322337218750002 0.4542025640625001 0.8643712029801918 0.4558689522887197
0 0.8653078929804698 0.4840019866666074 0.86358218125 0.45811631718749996 0.8292850757695301 0.46040279145839247 0.8310107875 0.48628846093749994
0 0.863341490940701 0.5119125953908015 0.8619107609375 0.4904516328125001 0.8272447809342991 0.49276269679669865 0.8286755109374999 0.514223659375
0 0.8608182043567 0.5416391217518626 0.8593135843749998 0.5190698140625 0.8256329222058 0.5213151907481375 0.8271375421875001 0.5438844984375001
0 0.8596591590409451 0.5763845955725058 0.8579185312500002 0.5502751749999999 0.8218098503340551 0.5526824200524942 0.823550478125 0.578791840625
0 0.9704648580031577 0.41571970163837835 0.18834138219957475 0.33196098244440364 0.16277661207724495 0.5706800920321556 0.9449000878808279 0.6544388112261303
0 0.5220169565946754 0.6477017198732594 0.5125925546875 0.5003001171875001 0.32507295590532465 0.5122895395017408 0.3344973578125 0.6596911421875001
0 0.33843730937500005 0.5131805359375001 0.3219307087238554 0.5123246386989382 0.3208953125000001 0.5322930078125001 0.3374019131511448 0.533148905051062
0 0.3365342140625001 0.53425920625 0.32002935114603626 0.5334033988487905 0.31882544687500003 0.5566215609375 0.3353303097914639 0.5574773683387094
0 0.33530842774863745 0.5701119495130504 0.33456317031249994 0.5589331 0.3158088472513625 0.5601833895494496 0.31655410468749995 0.5713622390625
0 0.33838454340915225 0.659721294488304 0.3299210643870143 0.5141902454789398 0.153864272540362 0.5244289744281359 0.16232775156249998 0.6699600234375
0 0.19300845087859556 0.5374789840006343 0.19194288906250004 0.5214955703124999 0.17345807099640448 0.5227278925618657 0.1745236328125 0.5387113062500001
0 0.19017948750000008 0.5403505828124999 0.1738535913865345 0.5395040548932758 0.17268016093750005 0.5621345 0.18900605705096563 0.5629810279192242
0 0.1890748315962952 0.5775698516577635 0.18816572187499997 0.5639332171875 0.16964706684120476 0.5651677952172365 0.1705561765625 0.5788044296875
0 0.12283069218750006 0.5245298359374999 0.08054947098045706 0.5223374760738757 0.07770457187500006 0.57720338125 0.11998579308204307 0.5793957411136242