0 0.69493487431504 0.7352294727150717 0.6881111558706834 0.5993949119951333 0.5265245145093589 0.6075122993461497 0.5333482329537155 0.7433468600660881
0 0.6008386999830579 0.9257474426645095 0.5968709889132022 0.8467741632409537 0.4278335234040388 0.8552668056640187 0.4318012344738945 0.9342400850875745
0 0.572703131984467 0.15866216424650004 0.5689472033579248 0.0839010463995887 0.40415038634589795 0.09218028432973803 0.40790631497244023 0.16694140217664938
0 0.4510198638238384 0.7601519536234268 0.4476868783903264 0.6938146756843216 0.35507681022547805 0.6984676855421175 0.3584097956589901 0.7648049634812227
0 0.477442893383296 0.3306776968077216 0.39790792474704706 0.3235321371191555 0.3815216031222739 0.5059231090363392 0.4610565717585229 0.5130686687249053
0 0.48662688418170463 0.3234421227205091 0.48308227326026343 0.25289295442547516 0.38988148298870196 0.25757565369844143 0.39342609391014316 0.32812482199347537
0 0.4582184699674577 0.5798637453768107 0.37554643472060234 0.5724363621991329 0.3651357080216042 0.6883151238054552 0.44780774326845957 0.6957425069831331
0 0.7356482110961438 0.15469776304740557 0.7314687425761891 0.07151291675054641 0.5771439145482111 0.07926668188089943 0.5813233830681659 0.16245152817775857
0 0.7007583445164195 0.5913705128590194 0.6961558344625213 0.49976117310972124 0.5586601904879178 0.506669039550983 0.563262700541816 0.5982783793002812
0 0.4442488540791027 0.7705793143265119 0.3584354597808119 0.7628692909663942 0.3422679669638928 0.9428152355000667 0.4280813612621836 0.9505252588601845
0 0.462745792980615 0.5695482253275412 0.45983535347826976 0.5116348567638767 0.37265021631218126 0.5160163505971465 0.3755606558145266 0.573929719160811
0 0.589717943291709 0.3374098654089265 0.5698352652566918 0.33562369860330954 0.5633229838134786 0.408115021811 0.5832056618484958 0.40990118861661695
0 0.5693494139547005 0.5055307751839518 0.554708392224289 0.5041579155519492 0.5458196345414976 0.5989531089981024 0.560460656271909 0.600325968630105
0 0.4393440687500002 0.8097971750000001 0.4280216570335445 0.8087804610812903 0.4247884734375001 0.8447861015625001 0.4361108851539558 0.8458028154812098
0 0.5012137250208926 0.8407336101840093 0.4996476828125 0.809572428125 0.44292389997910747 0.8124231491909905 0.44448994218750004 0.8435843312499998
0 0.5307549156250001 0.8084366093750003 0.5057679064100672 0.8061910645497882 0.502729040625 0.8400056500000002 0.5277160498399331 0.8422511948252123
0 0.5578703953125002 0.8062141609375002 0.5371528906434963 0.8043533239739666 0.5340917515625001 0.8384343125000001 0.5548092562315039 0.8402951494635337
0 0.58663570625 0.8047700937500002 0.5648498509166859 0.8028135048795881 0.56187288125 0.8359609031250003 0.5836587365833141 0.8379174919954121
0 0.6205317515625001 0.801345575 0.5953268555976226 0.7990814281168276 0.5921309946351005 0.8346583351087083 0.6173358905999781 0.8369224819918808
0 0.6904766254187699 0.9200155244783806 0.6302231975851239 0.16544550103642341 0.39602062572669483 0.18414689033566534 0.4562740535603408 0.9387169137776225
0 0.7099610171874999 0.3267964968750001 0.5676484115364907 0.31439850690952337 0.5515313000000001 0.4994017328125001 0.6938439056510093 0.5117997227779769
0 0.5876630273799626 0.329396764459348 0.5868587561756166 0.3133916000822546 0.5671437522331539 0.3143822934354066 0.5679480234375001 0.3303874578125
0 0.6112802755952558 0.3274242034463531 0.6104744916278381 0.3114193301739119 0.5876042722825823 0.31257075797755884 0.58841005625 0.32857563125000006
0 0.6248031625000001 0.3092413171875001 0.6140116315057593 0.30827169285606476 0.61235581875 0.3267002265625001 0.6231473497442408 0.3276698508939354
0 0.7238024859375001 0.1597065531250001 0.5832605521806287 0.14827461533115613 0.5692178555533882 0.3209126907601735 0.7097597893102596 0.3323446285540175
0 0.5963867796875001 0.17133310781250008 0.580956885824482 0.16994806306608495 0.5793171750000001 0.18821502812500007 0.5947470688630181 0.1896000728714152
0 0.6199150537177871 0.1854125195827679 0.6191194342966743 0.16958090312893626 0.5968237024538872 0.1707013772961684 0.597619321875 0.18653299375000004
0 0.6353141234375002 0.1675464031250001 0.622149959648117 0.1663635874563488 0.6205100766511835 0.18461468856973956 0.6336742404405665 0.18579750423839086
0 0.6379225387627068 0.11842071677421184 0.6358639546875 0.077423615625 0.5817591565497933 0.08014037541328814 0.583817740625 0.1211374765625