0 0.6916368339809417 0.35088700635226305 0.68712570069857 0.22302815139889853 0.5432761597690582 0.22810347021023686 0.5477872930514297 0.3559623251636014
0 0.6313941106914356 0.12575669490786628 0.6291178524362198 0.0512993234101512 0.47469616852750524 0.05602019423477226 0.476972426782721 0.13047756573248734
0 0.5132786755519392 0.8477759939309282 0.510159478503737 0.7775940608727443 0.3600743037910745 0.7842645131322245 0.3631935008392767 0.8544464461904084
0 0.47115032007495444 0.28312213893993576 0.4683825816330958 0.22084802980558496 0.38508836429696525 0.22454999536575668 0.387856102738824 0.28682410450010754
0 0.4565157722453361 0.4632016600132232 0.38134617003032034 0.4604176011304772 0.37524902233157764 0.6250406161109069 0.4504186245465934 0.6278246749936529
0 0.4522196404457414 0.6959825765527489 0.4492761739804931 0.6297545563798658 0.365659254936066 0.6334708625066711 0.36860272140131445 0.6996988826795542
0 0.4658147642486784 0.2923537401640431 0.38767794099026126 0.28945978413333423 0.38381016231382165 0.393889822335957 0.46194698557223884 0.39678377836666584
0 0.6654821443710565 0.8449731179476151 0.6620114884105893 0.7668833611723843 0.5258240043765448 0.7729361384215728 0.5292946603370118 0.8510258951968037
0 0.6840286239428599 0.4440149199520579 0.6802065082151612 0.35801734138196845 0.5563662787310226 0.3635213532007126 0.5601883944587215 0.44951893177080204
0 0.4741903989855228 0.2116760298770361 0.4672051534739497 0.05450804122943553 0.3835163587295368 0.058227544054964 0.3905016042411099 0.2153955327025646
0 0.46021685009787694 0.45396211118237 0.4578005707701582 0.3995958251194346 0.3791200109089306 0.4030927388145497 0.38153629023664937 0.45745902487748513
0 0.5595801471901825 0.5418171803869608 0.5407877458846528 0.5411211655870367 0.5383020406895319 0.6082352119536439 0.5570944419950615 0.6089312267535681
0 0.5582278854824825 0.3634823969961293 0.5443044092342297 0.36346395061190434 0.5441869474587728 0.45212502482099187 0.5581104237070256 0.45214347120521675
0 0.47304097500000014 0.14247146406250008 0.4623399892518282 0.14207513112236175 0.4611152843750001 0.17514215156250007 0.4718162701231721 0.17553848450263837
0 0.5310226325456309 0.16940298983236596 0.529722515625 0.14015037031249994 0.47833821276686905 0.142434117980134 0.4796383296875 0.1716867375
0 0.5588585546874999 0.13946712500000008 0.5352410569471702 0.13859240194529993 0.5341198703125 0.16886440937500005 0.5577373680528297 0.16973913242970018
0 0.5841682546875 0.1383374953125001 0.5645877600553864 0.13761229106921236 0.5634486765624999 0.16836751406250003 0.5830291711946135 0.16909271830578776
0 0.611060846875 0.13815488437500006 0.5904691229866097 0.13739222789234642 0.58936455 0.16721569687500004 0.6099562738883904 0.1679783533576537
0 0.6426540859375 0.13654790000000008 0.6188324426060184 0.13566561737370683 0.6176506171874999 0.1675749203125001 0.6414722605189815 0.16845720293879332
0 0.7369059311306615 0.06195293682045209 0.5372719441575912 -0.0023372022769998944 0.2961342721328428 0.7464444235137745 0.49576825910591316 0.8107345626112265
0 0.6773668898850327 0.6061894576315682 0.6752245140625 0.4544436328125 0.5376610053354517 0.4563857800545147 0.5398033811579844 0.6081316048735829
0 0.5528323811727042 0.6298569976692329 0.552164609375 0.6148321343750001 0.534590723514796 0.6156131960807673 0.5352584953125 0.6306380593750001
0 0.5748446566168457 0.6296139705711921 0.5741769546875 0.6145906874999999 0.5536524043206542 0.6155028903663078 0.5543201062499999 0.6305261734375001
0 0.5874456796875 0.6146300875 0.5772463509580222 0.6142523342483199 0.5766295703125001 0.6309053968750001 0.5868288990419779 0.6312831501266802
0 0.6690453250000001 0.614478659375 0.5366085922017785 0.6084453296535398 0.5296635381083477 0.7608951899635583 0.6621002709065693 0.7669285196850185
0 0.5441930046875001 0.7480435625000001 0.5296101016607391 0.7475034550365381 0.5290083484375001 0.7637507937500001 0.543591251464261 0.7642909012134621
0 0.5660555222970505 0.7626763240135039 0.5653950609374999 0.7478159421874999 0.5453980917654493 0.748704696298996 0.5460585531249998 0.763565078125
0 0.5804271015625002 0.7478673015625 0.5679853450175436 0.747406495670673 0.5673795406250001 0.7637632109375001 0.5798212971699567 0.7642240168293271
0 0.5727655649948866 0.84805588380113 0.5710550859374999 0.8095700890624998 0.5226648303176133 0.8117207661988699 0.524375309375 0.8502065609375