0 0.22167968750000008 0.42225 0.08984375000000004 0.42225 0.08984375000000006 0.5345546875 0.22167968750000008 0.5345546875
0 0.2998046875000001 0.60584375 0.16015625000000008 0.60584375 0.16015625000000008 0.7220546875 0.2998046875000001 0.7220546875
0 0.8544921875 0.4183437500000002 0.7890625 0.4183437500000002 0.7890625 0.5267421875000002 0.8544921875 0.5267421875000002
0 0.7841796875 0.4183437500000002 0.73046875 0.4183437500000002 0.73046875 0.4993984375000002 0.7841796875 0.4993984375000002
0 0.9287109375 0.4183437500000002 0.859375 0.4183437500000002 0.859375 0.5267421875000002 0.9287109375 0.5267421875000002
0 0.7724609375 0.5394375000000001 0.63671875 0.5394375 0.63671875 0.588265625 0.7724609375 0.5882656250000001
0 0.1495406250000001 0.550015625 0.09157968750000006 0.550015625 0.09157968750000008 0.7233140625 0.1495406250000001 0.7233140625
0 0.27010468750000005 0.547690625 0.1593953125000001 0.547690625 0.1593953125000001 0.5952203125 0.27010468750000005 0.5952203125
0 0.6313464212887384 0.5890524047294705 0.630591951632111 0.5417566011593006 0.2753830303433725 0.54742294642983 0.27613750000000004 0.59471875
0 0.5122134833794028 0.7294337363502137 0.5112096612648004 0.6033305540582405 0.3046971255878795 0.6049744606313129 0.3057009477024819 0.7310776429232861
0 0.40807628159743087 0.681000354132395 0.40766449625759993 0.6043649350985876 0.36857031250000005 0.604575 0.36898209783983094 0.6812104190338075
0 0.5801887844772867 0.7280825551068201 0.5781410390972408 0.6027016926463389 0.5156765625 0.603721875 0.517724307880046 0.7291027374604812
0 0.7209390625000001 0.6011046875 0.589340625 0.6011046875 0.589340625 0.6479046875 0.7209390625000001 0.6479046875
0 0.7217953125000001 0.6510203125 0.5907640625 0.6510203125 0.5907640625 0.7159703125 0.7217953125000001 0.7159703125
0 0.7572109375 0.5992156250000001 0.73095 0.5992156250000001 0.73095 0.6312343750000002 0.7572109375 0.6312343750000002
0 0.7877890625 0.5993953125000002 0.76135 0.5993953125000002 0.76135 0.6303343750000001 0.7877890625 0.6303343750000001
0 0.7572109375 0.6348359375000002 0.731490625 0.6348359375000002 0.731490625 0.6616359375000002 0.7572109375 0.6616359375000002
0 0.7877890625 0.6353750000000001 0.7617109375 0.6353750000000001 0.7617109375 0.6618156250000002 0.7877890625 0.6618156250000002
0 0.7885109375 0.6655953125000001 0.7316703125 0.6655953125000001 0.7316703125 0.7150546875000001 0.7885109375 0.7150546875000001
0 0.8528953125 0.5988609375000002 0.7922859375 0.5988609375000002 0.7922859375 0.7155906250000001 0.8528953125 0.7155906250000001
0 0.9344109375 0.5987000000000002 0.8566296875000001 0.5987000000000002 0.8566296875000001 0.7139093750000002 0.9344109375 0.7139093750000002
0 0.9287109375 0.5397750000000002 0.7783703125 0.5397750000000002 0.7783703125 0.5849953125000001 0.9287109375 0.5849953125000001
0 0.7253265775865207 0.5300781708730657 0.7243171875 0.41753593749999995 0.5860680012505818 0.41877589297171286 0.5870773913371026 0.5313181263447787
0 0.7842703125 0.5036015625000002 0.7307875 0.5036015625000002 0.7307875 0.5283906250000002 0.7842703125 0.5283906250000002
0 0.37467031250000005 0.42119062500000004 0.3152906250000001 0.42119062500000004 0.3152906250000001 0.47676093750000004 0.37467031250000005 0.47676093750000004
0 0.375256509653385 0.5332284137832599 0.373622829809548 0.4201927608446825 0.22466632015616309 0.4223455970614226 0.22630000000000003 0.53538125
0 0.578078125 0.5305359375 0.5765503998786861 0.41730762698346 0.377248837378686 0.41999668948346003 0.3787765625 0.5332250000000001