0 0.9517421875000002 0.46404843749999997 0.9488965442598456 0.34178919912811934 0.8889546511517441 0.3431843758460234 0.8918002943918987 0.46544361421790414
0 0.8827046875000001 0.46424843749999994 0.8798322216178365 0.34084222030249595 0.794715625 0.3428234375 0.7975880908821635 0.466229654697504
0 0.9518187500000002 0.597596875 0.9490725145793313 0.4795763080457241 0.8382656250000002 0.4821546875 0.8410118604206691 0.600175254454276
0 0.8339015625 0.5976406249999999 0.8325927528461374 0.5414073746857827 0.779203125 0.5426499999999999 0.7805119346538625 0.598883250314217
0 0.8048671875 0.536646875 0.8045002424313225 0.515615056900115 0.7802890620245155 0.5160374727471401 0.7806560070931929 0.537069290847025
0 0.8341890624999999 0.4842140625000001 0.780228125 0.4841375000000001 0.7801518628428745 0.5378867570679544 0.8341128003428745 0.5379633195679544
0 0.7910234375 0.4042 0.7896227747307349 0.3440610051568627 0.7386375008471091 0.3452484738715601 0.7400381636163741 0.40538746871469733
0 0.7911953125 0.46616718749999997 0.790303125 0.40969218749999997 0.7367775272406696 0.4105377805810252 0.7376697147406697 0.46701278058102524
0 0.7646062500000002 0.4286953125000001 0.7642812616678425 0.4101465757127204 0.7380453124999999 0.4106062500000001 0.7383703008321577 0.4291549867872798
0 0.689825 0.6023921875 0.6884757276949107 0.5444253130564458 0.6361953133461049 0.545642223850008 0.6375445856511941 0.6036090982935624
0 0.6888375000000001 0.5388593750000001 0.6884958912518366 0.5193120863338155 0.667371875 0.5196812499999999 0.6677134837481634 0.5392285386661845
0 0.6883367797599949 0.4865774652412684 0.63530625 0.4865109375000002 0.6352400511277783 0.5392793194789232 0.688270580887773 0.5393458472201914
0 0.1840921875 0.6126953125 0.1813580108199465 0.495241996334898 0.06751093834626681 0.4978922238534837 0.07024511502632032 0.6153455400185857
0 0.24075312499999998 0.6107265625 0.23940250672459537 0.5527693336214732 0.18907183945579625 0.5539422247403537 0.19042245773120087 0.6118994536188805
0 0.22298124999999996 0.4770812499999999 0.22008209428212416 0.35246148073312644 0.13359843749999997 0.35447343749999993 0.13649759321787577 0.47909320676687334
0 0.13161406250000002 0.4796578124999999 0.12868212566342846 0.3537083248983965 0.06614687499999997 0.3551640625 0.06907881183657151 0.48111355010160334
0 0.2796875 0.41400625 0.27826795719942166 0.3531119466110323 0.22696711553950816 0.35430785060186654 0.22838665834008648 0.41520215399083427
0 0.2398046875 0.54914375 0.23943657604344876 0.5281307210218666 0.21684062499999998 0.5285265625 0.21720873645655123 0.5495395914781335
0 0.24097133149717767 0.5466083784314281 0.23899651522748674 0.49384196285614623 0.1862609375 0.495815625 0.1882357537696909 0.5485820405752818
0 0.5034609375 0.4716953124999999 0.5005870367502583 0.3482021989309464 0.439515625 0.3496234374999999 0.4423895257497417 0.4731165510690535
0 0.4350578125000001 0.473384375 0.4322014752205363 0.35074382427543455 0.3510921528228116 0.35263288608988275 0.35394849010227547 0.4752734368144481
0 0.3470609375 0.4103890624999999 0.345666391084395 0.3504722501187208 0.29338593749999997 0.3516890624999999 0.29478048391560496 0.4116058748812791
0 0.315934375 0.438315625 0.31558547463491426 0.4182745032128506 0.2934781249999999 0.418659375 0.2938270253650857 0.4387004967871494
0 0.3486662155141277 0.4739214309917298 0.3481875 0.41672656249999995 0.29332191706567745 0.4171857821194334 0.29380063257980515 0.4743806506111632
0 0.50363125 0.6051578125 0.5016175435082273 0.4898179510896325 0.384153125 0.49186874999999997 0.38616683149177267 0.6072086114103674
0 0.380965625 0.6068093749999999 0.3796726296235833 0.5512875565278661 0.32787812499999996 0.55249375 0.32917112037641666 0.6080155684721338
0 0.38047854543986653 0.5471903212263952 0.38027187500000004 0.4929171875000001 0.3269944012205113 0.4931200664971203 0.3272010716603778 0.5473932002235155
0 0.35171562500000003 0.547190625 0.3513408479349986 0.5256837553747131 0.32727497278026013 0.526103125474329 0.3276497498452616 0.5476099950996158
0 0.27917656249999995 0.4389374999999999 0.2788304013765025 0.4190339141461936 0.2558030983058567 0.4194344026391015 0.2561492594293542 0.4393379884929078
0 0.27965156250000006 0.4757500000000001 0.2789435754130981 0.41817670064692003 0.226859375 0.4188171874999999 0.22756736208690187 0.47639048685308005
0 0.6305890625 0.6031 0.6278774954946286 0.4865874534262078 0.5191109375 0.48911875 0.5218225045053714 0.6056312965737922
0 0.58486875 0.46844687500000004 0.581999339203759 0.3451123588476376 0.5193328125 0.34657031250000003 0.522202223296241 0.46990482865236255
0 0.6676453125 0.4670031249999999 0.6648552327097137 0.34713006788310574 0.5880062500000001 0.34891875000000006 0.5907963297902863 0.46879180711689417
0 0.7223734375 0.4045375 0.7210186237272314 0.3463213248718658 0.673728125 0.347421875 0.6750829387727687 0.40563805012813414
0 0.7235546874999998 0.42995312500000005 0.7232043059270807 0.4098510890547569 0.698254660748216 0.4102859652009025 0.6986050423211352 0.4303880011461456
0 0.7230856839529004 0.41215712757198275 0.67407445554835 0.41210533691146367 0.6740171876256214 0.46629988112024556 0.7230284160301718 0.46635167178076464
0 0.7657640625 0.6001812500000001 0.7653985221150008 0.5792181858469357 0.7047921602624153 0.5802750004749516 0.7051577006474145 0.601238064628016
0 0.7651734375 0.5747296875 0.7630749341422578 0.48456932574875033 0.7046953125 0.48592812500000004 0.7067938158577423 0.5760884867512497
0 0.2957078125 0.6095859375000001 0.2953153767532444 0.5871274257032049 0.2556625 0.5878203125 0.25605493574675564 0.6102788242967953
0 0.31138342246711714 0.6088740422957443 0.30981093750000005 0.494528125 0.2543840489817457 0.49529035552847267 0.25595653394886286 0.609636272824217
0 0.30988593749999993 0.6488734375 0.30946849219739836 0.6249303652105926 0.262278125 0.6257531249999999 0.26269557030260154 0.6496961972894074
0 0.7658828125 0.6384312499999999 0.7655006259735433 0.6165587150908868 0.7117203124999999 0.6174984374999999 0.7121024990264566 0.639370972409113