0 0.9292209679255938 0.5108163644759112 0.9210286390916733 0.39779062091858863 0.7814594976837488 0.40790686758501077 0.7896518265176691 0.5209326111423334
0 0.8566889960201243 0.3303313128638789 0.8482136193321098 0.21337323049084606 0.6994311758467138 0.22415476202348592 0.7079065525347281 0.3411128443965188
0 0.21399022938127912 0.5705978534772801 0.21302930218312072 0.45707178660647607 0.14672787669968418 0.4576329867324015 0.14768880389784259 0.5711590536032055
0 0.2733260098393215 0.5657258098704294 0.2726019806992379 0.48041808570034694 0.21817675447505844 0.48088000694048433 0.21890078361514204 0.5661877311105667
0 0.1427853387245838 0.5762012049203236 0.14182028461905777 0.46229546963977075 0.07156237232697557 0.46289072225401495 0.0725274264325016 0.5767964575345678
0 0.3701590147082275 0.4327763444422109 0.36659739019057896 0.38363455007756786 0.2262330664866965 0.39380766286619223 0.22979469100434505 0.4429494572308353
0 0.9192325536621688 0.3860382515386387 0.9177151656250002 0.2070601265625 0.8589836322753314 0.20755805627386134 0.8605010203125 0.38653618125
0 0.8536003331397717 0.38938909291838003 0.8501340468749998 0.3415525328124999 0.7349529590477282 0.3498986727066199 0.7384192453125 0.3977352328125
0 0.7359107181121162 0.3981597315776692 0.7319074671874999 0.3506293250000001 0.3693494209503837 0.38116579498483094 0.37335267187499993 0.4286962015625001
0 0.7105089752290082 0.3414468244799632 0.7001487298741462 0.21480926828208827 0.4854807077701381 0.23237130473962503 0.495840953125 0.35900886093749995
0 0.6382441467021648 0.34976600559220505 0.6371334265625 0.27011571874999996 0.5975090751728352 0.27066827878279487 0.5986197953125 0.35031856562499997
0 0.48933349289965583 0.3624829036911456 0.48570151652932897 0.23363112907105993 0.42234403144217325 0.23541700194241436 0.42597600781250006 0.3642687765625
0 0.4176715021818249 0.3669419889289337 0.414257184375 0.3198415609375 0.2779678540681751 0.3297211970085663 0.281382171875 0.37682162499999994
0 0.41696994725384784 0.31649393784620494 0.4122322775141763 0.2511284728224864 0.27535056307282846 0.26104961935128135 0.2800882328125 0.32641508437499994
0 0.27127405275391075 0.38116993762269497 0.27098522031249994 0.34709229999999996 0.24437668474608915 0.34731782643980497 0.24466551718749993 0.38139546406249997
0 0.24048452403023507 0.38323127178560795 0.2402064109375001 0.3502333328125 0.21341431341150666 0.3504591418580251 0.21369242650424164 0.38345708083113306
0 0.2704219640967893 0.3451597640842865 0.2701785859375 0.31639483124999995 0.2441163390282107 0.3166153421657135 0.2443597171875 0.345380275
0 0.23981218058176199 0.34685430588814464 0.2395710625 0.31843059062500007 0.21314460535573804 0.3186547659868554 0.2133857234375 0.34707848124999996
0 0.27314690717084733 0.31217287290827045 0.2695385609375 0.26239440937499997 0.20878922876665268 0.2667980130292295 0.21239757499999995 0.3165764765625
0 0.20917937383072616 0.3882565582425209 0.2081457109375 0.2663039031249999 0.14673052929438607 0.2668244542707216 0.14776419218761222 0.38877710938824267
0 0.14402406535916826 0.3942558015001718 0.14299621406250002 0.27272584375000003 0.06418097614157647 0.2733924311988393 0.06520882743824473 0.3949223889490111
0 0.22665563430638508 0.4428360855897277 0.22335699686683438 0.397325421762341 0.06818960787294931 0.4085720377351132 0.07148824531249999 0.4540827015624999
0 0.4258313716804315 0.5506712922362508 0.4165587093750001 0.43763639218750006 0.27026033144456857 0.44963777807624944 0.27953299375 0.5626726781250001
0 0.27363494618400824 0.4760283155609878 0.2718262010584523 0.45107755280085593 0.21644214706194403 0.45509248567736826 0.2182508921875 0.4800432484375001
0 0.6973206645265856 0.5286962471710777 0.6932673109375002 0.4727690921875 0.6295523073484146 0.47738687470392244 0.6336056609375 0.5333140296875001
0 0.7925692715153964 0.5205340944201903 0.7828886890625 0.4069674046875 0.628858322191095 0.4200971672108088 0.6385389046439915 0.5336638569434992
0 0.6369428166214407 0.5343000908453105 0.6284886203124999 0.4203383968750001 0.4208667240035592 0.4357407325921897 0.4293209203125 0.5497024265625001