0 0.578765338020395 0.21949139158322678 0.5637767282136085 0.06285721741633571 0.4425191419018698 0.07446057700887837 0.4575077517086563 0.23109475117576944
0 0.7914962696003098 0.30761098181319513 0.7756263117585276 0.14175202817269414 0.6501508392707209 0.15375795498491382 0.6660207971125031 0.3196169086254148
0 0.6367661603209951 0.8401324522544984 0.5114922915817454 0.8386052895875571 0.51062156263487 0.9100315928619805 0.6358954313741196 0.9115587555289218
0 0.5995425371712803 0.7757042447822309 0.505364298045556 0.7745569585293162 0.5046500126619169 0.8331910958193532 0.5988282517876412 0.8343383820722681
0 0.6438585541130353 0.9169855970133897 0.5188472274768632 0.9154633167687397 0.5179255033791484 0.99115631262334 0.6429368300153205 0.99267859286799
0 0.6938965118710522 0.8223867000224203 0.6804273542828019 0.6691462046453224 0.6275598825068425 0.6737930201420387 0.6410290400950928 0.8270335155191365
0 0.7779499150918545 0.08032951311250117 0.5820663250000001 0.07794197968750008 0.5812951156939945 0.1412153336815077 0.7771787057858489 0.14360286710650877
0 0.6500499437499999 0.27368720781250006 0.6379419912352483 0.147130034983654 0.5866229796875 0.15203981718749998 0.5987309322022517 0.2785969900163461
0 0.6810403859374999 0.6676772984375 0.6497841080849811 0.2758781382973977 0.5985541515625 0.2799650734375 0.6298104294150189 0.6717642335776023
0 0.8208624886818386 0.5391405351667851 0.8021455622679682 0.30088328101959827 0.6651308296875001 0.311646834375 0.6838477561013706 0.5499040885221869
0 0.7568640536231438 0.38296680197524885 0.6705538109375002 0.38144443281250007 0.66980160704034 0.4240903970776717 0.7561118497259836 0.42561276624042044
0 0.8280580611713075 0.546783517014999 0.6850096703125 0.542232840625 0.6828456786873671 0.6102569085388412 0.8258940695461744 0.6148075849288402
0 0.7546751984375 0.7671920234374999 0.7403904790108491 0.6178847486627695 0.6898593859375 0.6227192249999999 0.7041441053641508 0.7720264997747303
0 0.8290161546875 0.7690319562500001 0.8145873832624038 0.6182300405079519 0.7444593859374999 0.6249399078125 0.7588881573625963 0.7757418235545483
0 0.7406332950969021 0.7779505661318326 0.7026076234375 0.7774876250000002 0.702258628340598 0.8061538463681677 0.7402843000000001 0.8066167875000001
0 0.7428512787792576 0.8111687585462015 0.7059846421875001 0.8107200609375005 0.705633363033485 0.8395824409952573 0.7424999996252425 0.8400311386039583
0 0.7737882177975558 0.7789425335725915 0.7415230953125002 0.7785504109375001 0.7411818618899445 0.8066282039274085 0.7734469843750001 0.8070203265625
0 0.7771899563702951 0.8119792087536883 0.7452721281250001 0.8115894953125 0.744924492067205 0.8400611537463117 0.7768423203125001 0.8404508671875
0 0.8349959046875002 0.8419440140625 0.8285003682684563 0.7740477522830738 0.77509613125 0.7791568578124999 0.781591667669044 0.8470531195919261
0 0.8431219370075945 0.8461664426139498 0.708635153125 0.8445253578124999 0.7078277562545796 0.9106914744713104 0.8423145401371741 0.9123325592727601
0 0.8488710140625001 0.9148589296875 0.7151906718750002 0.9148589296875 0.7151906718750002 1 0.8488710140625001 1
0 0.7077787265625001 0.9934662375000004 0.6915516031506715 0.8238589664543087 0.6427261671875001 0.8285303250000002 0.6589532905993286 0.998137596045692
0 0.624694765625 0.7703780171875001 0.6126483342675987 0.6076920193962072 0.4907078484375001 0.6167213625 0.5027542797949015 0.7794073602912929
0 0.6309245734375001 0.8348296046875001 0.6244494169146729 0.7732842266192378 0.5977382467401402 0.7760944946396264 0.6042134032629672 0.8376398727078888
0 0.5317609781249999 0.38641135156249995 0.5249319978334545 0.31502398508682583 0.4649312356618503 0.3207637124724441 0.4717602159533957 0.3921510789481182
0 0.593378384375 0.387235621875 0.5791664257202618 0.2123847887599548 0.4567632546875 0.22233377656250003 0.47097521334223824 0.3971846096775452
0 0.611698975 0.6094693718750002 0.5929265107019831 0.38116706070740175 0.47033697500000005 0.39124715000000004 0.4891094392980169 0.6195494611675983