0 0.049642998592756 0.4860176254679778 5.967448757360216e-17 0.48564989999999997 -0.000982282967755862 0.618258262032022 0.04866071562500007 0.6186259875
0 0.15181355402464153 0.48830318863680294 0.05946611406250006 0.48761913281249997 0.05847342566285861 0.6216319269881969 0.1508208656250001 0.6223159828125
0 0.10918841391247376 0.34163433777849067 4.198030811863873e-17 0.340825534375 -0.0009491170374736422 0.4689562809715094 0.10823929687500007 0.469765084375
0 0.1747372139303916 0.34517014260257584 0.11681200156250002 0.3447410671875001 0.11635948294460847 0.40583111364742425 0.17428469531250004 0.40626018906250005
0 0.17256155721209068 0.4122590496909274 0.146262109375 0.4118694281249999 0.14592419278790933 0.4346787909340725 0.172223640625 0.43506841250000006
0 0.17301912391969762 0.41129416837268745 0.11451519942322494 0.40949715390642416 0.1127228176910274 0.4678502542837367 0.1712267421875001 0.46964726875
0 0.2121790674934679 0.5563266129578048 0.1568658625000001 0.5559168859375001 0.15638199969403227 0.6212384323546953 0.21169520468750008 0.6216481593750001
0 0.21678565000000005 0.4905159562499998 0.15873816718750006 0.4887440296874998 0.15686950448619583 0.5499605430193367 0.21491698729869585 0.5517324695818366
0 0.21481297459465326 0.5307114852738409 0.18631992500000005 0.530289365625 0.1860219285303469 0.5504041084761591 0.21451497812500012 0.550826228125
0 0.32989580571599225 0.3450503183165594 0.27317405 0.34463015625 0.27270759740900774 0.40760111918344066 0.329429353125 0.40802128125000003
0 0.29507825940402094 0.41387070116469526 0.2721314125000001 0.4135307468750001 0.2718173468459792 0.43473011602280487 0.29476419375 0.43507007031250006
0 0.3299255696310345 0.41471935872918364 0.2726090463279197 0.4132221423832486 0.27110896263438533 0.4706484336540651 0.3284254859375001 0.47214565000000014
0 0.9453316609742775 0.3520729315141367 0.8218147140625002 0.3511579906250001 0.8208694937132229 0.4787626622358636 0.9443864406250002 0.4796776031250002
0 0.8149250926888445 0.3517142724686519 0.7603204015624999 0.35130979375000004 0.7598540666861552 0.41426507596884815 0.8144587578124998 0.41466955468750005
0 0.8689699682012482 0.497489465744785 0.775139396875 0.49679442500000015 0.774136936486252 0.6321266795677153 0.8679675078125001 0.6328217203125002
0 0.9421323474789624 0.4977029775173004 0.8742828624999998 0.49720038906250014 0.8732700634585375 0.6339283474826998 0.9411195484375001 0.6344309359375001
0 0.7672234552103626 0.563590896258064 0.71156446875 0.5631786078125001 0.7110745354146375 0.6293196631169361 0.7667335218750001 0.6297319515625002
0 0.7838486755626648 0.418457214622305 0.75929853125 0.41809350937499995 0.7589609166248353 0.4408825338151951 0.7835110609375 0.44124623906250016
0 0.8158777184925347 0.4205127626590978 0.7586256885431968 0.42021133107029895 0.7583242153631622 0.47747126059870126 0.8155762453125002 0.4777726921875002
0 0.5371340179583771 0.49330818778040764 0.47087614531250005 0.49281738906250017 0.46988306954162307 0.6268827106570927 0.5361409421875001 0.6273735093750001
0 0.6330917341443025 0.4940313971764553 0.5450936859375 0.4933795593750002 0.5441072127306976 0.626553359073545 0.6321052609375001 0.6272051968750001
0 0.6951208510284933 0.5651625827137344 0.6383990953125 0.5647424218750001 0.6379169755340068 0.6298286407237658 0.6946387312500001 0.6302488015625001
0 0.697088488583004 0.5359171114581952 0.673074965625 0.53556135625 0.672752967666996 0.5572962604168049 0.696766490625 0.5576520156250001
0 0.6983278221520888 0.4972450065637736 0.6388685644225575 0.4958247820262175 0.6373874453124999 0.5578334578125002 0.6968467030420312 0.5592536823500562
0 0.6027474670489169 0.3500382066150164 0.4751311734375001 0.34814759531250006 0.47327804388858324 0.4732338699474837 0.6008943375 0.47512448125000006
0 0.6643692985759528 0.3510671402387019 0.608176384375 0.35065089687500006 0.6077296232990471 0.4109637066362983 0.6639225375 0.41137995000000005
0 0.6643813385559129 0.41673425287172117 0.6066087057653426 0.41529152454323237 0.6051394968750001 0.4741245453125001 0.6629121296655703 0.47556727364098894
0 0.6640475720555681 0.41668238454741224 0.6379053109374999 0.4162950906250001 0.637559735756932 0.439621345140088 0.6637019968750001 0.44000863906250015
0 0.7379583940375869 0.5365446277033622 0.7129459890625001 0.5361740750000001 0.7126262262749133 0.557758147296638 0.7376386312500001 0.5581287
0 0.7703763456474523 0.49750858924877106 0.7136569875000001 0.496254803125 0.712279726227548 0.558559987313729 0.7689990843750001 0.5598137734375002
0 0.4554270510165768 0.34681032973234305 0.33741718750000005 0.3459361828125 0.3364795896084232 0.47251192964265687 0.454489453125 0.4733860765625
0 0.4504957066581571 0.4939934115495362 0.3825072312500001 0.49348979375000007 0.381515404279343 0.6273865775129639 0.4495038796875 0.6278901953125
0 0.3760948558336991 0.4927771594224627 0.29271401093750005 0.4921595234375 0.291749825416301 0.6223245483900374 0.3751306703125001 0.622942184375
0 0.2826109132821927 0.5583337308894325 0.23130470781250004 0.5579536843749999 0.23083633046780747 0.6211845347355675 0.2821425359375001 0.62156458125
0 0.2579653756580319 0.5307659700992192 0.23086832343750005 0.5303645328125 0.23054537121696814 0.5521638361507808 0.2576424234375 0.5525652734375001
0 0.28566180781250006 0.49269579375 0.23257015647882281 0.4911233685054013 0.23083274125834657 0.5497857713281757 0.2839243925920238 0.5513581965727745
0 0.2565488760253926 0.34534498056077656 0.19077032031250005 0.3443704828125 0.19043350834960743 0.36710527568922346 0.2562120640625 0.3680797734375
0 0.2539015029510555 0.37244641578285953 0.19056582500000002 0.37197726249999996 0.1898406048614446 0.46988195765464036 0.2531762828125001 0.4703511109374999
0 0.7437535826830605 0.3512609897758373 0.700701996875 0.3506231890625001 0.7003411579419396 0.3749798383491628 0.7433927437500001 0.37561763906250006
0 0.7435396882827917 0.35178161015754517 0.6834212836961013 0.35089096549213583 0.6815820094758095 0.4750417475220908 0.7417004140624999 0.47593239218750005
0 0.7378660972271691 0.3083012664286104 0.6866381796875 0.307542334375 0.6862534887103309 0.3335089773213897 0.73748140625 0.3342679093750001
0 0.2502905442490747 0.3037697466035677 0.19191485156250004 0.302904921875 0.19156342762592543 0.3266260471464323 0.2499391203125001 0.32749087187500003