0 0.11939062500000006 0.519534375 0.059440625000000066 0.519534375 0.05944062500000008 0.64144375 0.11939062500000008 0.64144375
0 0.21358437500000008 0.5205375 0.12845625000000005 0.5205375 0.12845625000000008 0.64345 0.21358437500000008 0.64345
0 0.17329218750000003 0.3860390625 0.06247031250000005 0.3860390625 0.062470312500000055 0.5034140625 0.17329218750000003 0.5034140625
0 0.2337375000000001 0.388053125 0.18034062500000006 0.388053125 0.18034062500000006 0.443975 0.2337375000000001 0.443975
0 0.2320343750000001 0.44952812499999995 0.2079453125000001 0.44952812499999995 0.2079453125000001 0.47055781249999995 0.2320343750000001 0.47055781249999995
0 0.23260029318467676 0.4488474949974739 0.17866993072238385 0.4475910166261442 0.17741562500000005 0.5014281250000001 0.231345987462293 0.5026846033713298
0 0.2696921875000001 0.5821625 0.21870312500000008 0.5821625 0.21870312500000008 0.642003125 0.2696921875000001 0.642003125
0 0.27348906250000005 0.5210593749999999 0.2199703125000001 0.52021875 0.21908349115594955 0.5766786099933405 0.2726022411559495 0.5775192349933406
0 0.2718078125000001 0.5581375000000001 0.2456781250000001 0.5581375000000001 0.2456781250000001 0.5766828125 0.2718078125000001 0.5766828125
0 0.37675781250000007 0.38581562500000005 0.3244703125000001 0.385815625 0.3244703125000001 0.4434796875 0.37675781250000007 0.4434796875
0 0.3449890625000001 0.44934062499999994 0.3239796875000001 0.44934062499999994 0.3239796875000001 0.46888593749999996 0.3449890625000001 0.46888593749999996
0 0.3772571550252367 0.4498496273210949 0.3244213748816795 0.4488612162889141 0.32343453180982096 0.5016131806876386 0.3762703119533782 0.5026015917198194
0 0.9440984374999999 0.3843406250000001 0.8302375 0.3843406250000001 0.8302375 0.5011328125000002 0.9440984374999999 0.5011328125000002
0 0.823890625 0.3853203125000001 0.7735546875 0.3853203125000001 0.7735546875 0.44298437500000015 0.823890625 0.44298437500000015
0 0.8747031249999999 0.5192218750000002 0.7882078124999999 0.5192218750000002 0.7882078124999999 0.6433406250000002 0.8747031249999999 0.6433406250000002
0 0.94214375 0.5182421875000002 0.8795984375 0.5182421875000002 0.8795984375 0.6438250000000002 0.94214375 0.6438250000000002
0 0.7813671875 0.5812812500000002 0.730059375 0.5812812500000002 0.730059375 0.6418750000000002 0.7813671875 0.6418750000000002
0 0.7955453125 0.4468937500000002 0.77306875 0.4468937500000002 0.77306875 0.4679046875000002 0.7955453125 0.4679046875000002
0 0.8253515625000001 0.44835937500000017 0.772575 0.44835937500000017 0.772575 0.5011359375000002 0.8253515625000001 0.5011359375000002
0 0.568796875 0.5197109375 0.50771875 0.5197109375 0.50771875 0.6428499999999999 0.568796875 0.6428499999999999
0 0.657253125 0.519215625 0.576134375 0.519215625 0.576134375 0.641384375 0.657253125 0.641384375
0 0.7149156249999999 0.583721875 0.662628125 0.583721875 0.662628125 0.6433359375000001 0.7149156249999999 0.6433359375000001
0 0.71638125 0.55635 0.6943921875 0.55635 0.6943921875 0.5763890625 0.71638125 0.5763890625
0 0.7171656581700999 0.5206839427315003 0.6621670351580606 0.5201851470109098 0.6616484375000001 0.5773671875000002 0.7166470605120394 0.5778659832205907
0 0.6274453125 0.3863000000000001 0.5106531249999999 0.3863000000000001 0.5106531249999999 0.5016265625 0.6274453125 0.5016265625
0 0.6851078125 0.38679062500000005 0.6333078125 0.38679062500000005 0.6333078125 0.4420078125 0.6851078125 0.4420078125
0 0.6855604926524628 0.44732376250702466 0.6323042620623902 0.44638865647231735 0.6313515625000001 0.500646875 0.6846077930900727 0.5015819810347073
0 0.6851 0.44689375 0.661159375 0.44689375 0.661159375 0.46840000000000004 0.6851 0.46840000000000004
0 0.754059375 0.5563703125000001 0.7311484375 0.5563703125000001 0.7311484375 0.5762703125000002 0.754059375 0.5762703125000002
0 0.7833969055197968 0.5199421150215561 0.7314037869345201 0.5195631334124792 0.7309850064147234 0.5770163308909232 0.7829781250000001 0.5773953125000001
0 0.49248125 0.38614218750000007 0.3836968750000001 0.38614218750000007 0.3836968750000001 0.5020234375 0.49248125 0.5020234375
0 0.488940625 0.5215375 0.4262671875 0.5215375 0.4262671875 0.6445093749999999 0.488940625 0.6445093749999999
0 0.42035156249999994 0.5215375 0.3434890625000001 0.5215375 0.3434890625000001 0.6409640624999999 0.42035156249999994 0.6409640624999999
0 0.3346281250000001 0.5830234375 0.2873328125000001 0.5830234375 0.2873328125000001 0.6409640624999999 0.3346281250000001 0.6409640624999999
0 0.3115734375000001 0.5575984375 0.2867421875000001 0.5575984375 0.2867421875000001 0.577696875 0.3115734375000001 0.577696875
0 0.3369921875000001 0.522128125 0.288050994483304 0.5210416287904323 0.2868467370410025 0.5752873734202443 0.3357879300576986 0.5763738696298121
0 0.3089953125000001 0.3867015625 0.24851093750000008 0.3867015625 0.24851093750000008 0.4076625 0.3089953125000001 0.4076625
0 0.30689531250000013 0.41215156249999996 0.24851093750000008 0.41215156249999996 0.24851093750000008 0.5019750000000001 0.30689531250000013 0.5019750000000001
0 0.7581171875 0.3855015625000001 0.7185953125 0.3855015625000001 0.7185953125 0.4079578125000001 0.7581171875 0.4079578125000002
0 0.7572421874999999 0.3859843750000001 0.701821875 0.3859843750000001 0.701821875 0.5004484375 0.7572421874999999 0.5004484375000001
0 0.7523859374999999 0.34598281250000007 0.7053375 0.34598281250000007 0.7053375 0.3699234375000001 0.7523859374999999 0.3699234375000001
0 0.30293593750000003 0.3484640625 0.2492828125 0.3484640625 0.24928281250000003 0.370334375 0.3029359375000001 0.370334375