0 0.5456090553412589 0.2291537184234656 0.542296888795516 0.08010616805819452 0.42061515610391276 0.08281020554999799 0.42392732264965566 0.23185775591526908
0 0.7508845657953224 0.32003564666188367 0.7473767539075589 0.1621841150626137 0.6214626123113589 0.16498220715746884 0.6249704241991225 0.32283373875673876
0 0.5542189200540328 0.8446891390996877 0.43328651881108093 0.8411059575073475 0.4311867968153649 0.9119715880484858 0.5521191980583168 0.9155547696408259
0 0.5225417980492774 0.7802330868542757 0.4318740891367522 0.7775466356205614 0.4301504360871424 0.8357199130681229 0.5208181449996675 0.8384063643018372
0 0.5552386713935713 0.9209403216490563 0.43498143288660557 0.9173771434331923 0.43275635343453295 0.9924735585306808 0.5530135919414987 0.9960367367465446
0 0.6160756039199285 0.8283861648141719 0.6139228491394662 0.679024775764271 0.5609241978336754 0.679788648547474 0.5630769526141378 0.8291500375973749
0 0.7504909641723458 0.0944112507264626 0.5592490015624998 0.08874482187500005 0.5573889608276539 0.15152119302353753 0.7486309234374999 0.15718762187500007
0 0.6125880218749999 0.283851965625 0.6098599432643689 0.16108840099308433 0.5583616953124999 0.16223280625 0.5610897739231311 0.28499637088191565
0 0.6146003390625 0.6747168109375001 0.6121798098851371 0.28885436702752554 0.5608743875 0.2891762078125001 0.563294916677363 0.6750386517224746
0 0.7631692162851997 0.550345584798853 0.7620055645229431 0.32102407919516074 0.6248203390624999 0.3217202015624999 0.6259839908247566 0.5510417071661922
0 0.7095195769107108 0.39392545941411883 0.6251090390625 0.39096280000000005 0.6236235680554303 0.4332860606715191 0.708034105903641 0.43624872008563786
0 0.7667461044860281 0.5573547652510887 0.6277296796875 0.5505082609375 0.6244033520125247 0.6180484478567846 0.7634197768110529 0.6248949521703733
0 0.680604746875 0.7745859500000001 0.6773740376348933 0.6292040867080376 0.626666403125 0.6303309234375001 0.6298971123651067 0.7757127867294625
0 0.7544592843750001 0.7777024359375 0.751219573860902 0.6319154628030911 0.680846478125 0.6334793093750001 0.6840861886390981 0.779266282509409
0 0.6642387930503268 0.7849532065530458 0.6280308093750001 0.7838803765625001 0.6271880616371733 0.8123230903219543 0.6633960453125001 0.8133959203125001
0 0.6640053379008432 0.8179008468064609 0.6289585312500001 0.8168624234375 0.6281100683491568 0.8454980610060394 0.663156875 0.8465364843750003
0 0.697199408933423 0.7865158719335976 0.666682825 0.7856116765625 0.665857427004077 0.8134688499414026 0.6963740109375001 0.8143730453125
0 0.698142906202322 0.8193035973200754 0.6679960453125002 0.8184103578125003 0.6671591656726784 0.8466550714299249 0.6973060265625002 0.8475483109375002
0 0.7550742749999999 0.8500424984375 0.7536423169065941 0.785604348309057 0.7000532578124999 0.786795215625 0.7014852159059057 0.851233365753443
0 0.7591526777953587 0.8542555590561577 0.6291245953125002 0.8504028750000001 0.6271795628296416 0.9160477190688427 0.7572076453125001 0.9199004031250002
0 0.7571651093750001 0.9201943125 0.6305010546875002 0.9201943125 0.6305010546875002 1 0.7571651093750001 1
0 0.6173725046874999 0.9979436671874999 0.6136919814443677 0.832320100617407 0.5646959328124999 0.8334089015625002 0.5683764560556321 0.9990324681325932
0 0.5510067421875001 0.7754852609375 0.5509219998077809 0.6208574194451073 0.42889770156250007 0.6209242937500001 0.4289824439422193 0.7755521352423929
0 0.5524890015624999 0.8394430015625 0.5505941694740039 0.7797960281798071 0.5237584797390069 0.7806485295414529 0.525653311827503 0.8402955029241458
0 0.48661032031249996 0.39347172500000005 0.4851095215327142 0.3259357913776276 0.4248992843749999 0.32727379687499997 0.42640008315478567 0.3948097304973724
0 0.5478729203125001 0.3953580546875 0.5465772231584614 0.22866107037402456 0.42397231562499993 0.22961405000000004 0.4252680127790387 0.3963110343134755
0 0.5498457625000002 0.6158458515624999 0.5479268289017354 0.3961194606677937 0.4251216953124999 0.39719195312500005 0.42704062891076455 0.6169183440197064