0 0.5011100930021855 0.8119135685750068 0.38406192617848794 0.8015569809102084 0.37161786661725327 0.9421973546153618 0.4886660334409507 0.95255394228016
0 0.704207464954945 0.7424024757046916 0.5830879232060772 0.7316866718060954 0.5699087861961748 0.8806489942216853 0.6910283279450427 0.8913647981202815
0 0.5512943355706678 0.1503827002371722 0.43640945549126176 0.1432646052393484 0.43216862713339 0.21171087597335778 0.547053507212796 0.21882897097118162
0 0.5162596111911993 0.22204892213610772 0.43023663358186015 0.21671835472321815 0.426754861057304 0.27290607672753486 0.5127778386666432 0.2782366441404244
0 0.5572116341012026 0.07280970869189828 0.44316043102973746 0.06574337286690483 0.4386663484646139 0.13827821071623947 0.552717551536079 0.1453445465412329
0 0.6070804606069393 0.24003961803480958 0.5560829100325196 0.23592820418712526 0.5445777327886393 0.37863722840586606 0.595575283363059 0.3827486422535504
0 0.6916462468750001 0.8993679734375 0.5090061013824173 0.888049238437539 0.505248475 0.9486826421875001 0.6878886204925828 0.9600013771874611
0 0.5689671015625002 0.7651574078125001 0.5194296993704255 0.7607752704672306 0.5090859109375001 0.8777055187500002 0.5586233131295748 0.8820876560952697
0 0.5958474937500001 0.38824121250000015 0.546464659302088 0.38466380938845396 0.5196035828125001 0.7554568265625001 0.5689864172604122 0.7590342296740463
0 0.7307263437583964 0.5211050705691018 0.5986658738187013 0.5117002922401142 0.5831407046875002 0.7297023609375001 0.7152011746271952 0.7391071392664877
0 0.6708744350745001 0.6265860951988665 0.5901502396518503 0.6220233840756798 0.5878384046875001 0.6629247281249999 0.6685626001101499 0.6674874392481868
0 0.7360740454257328 0.4498908701989818 0.6035206613718843 0.4438491121206695 0.6005404874999999 0.5092327515624999 0.7330938715538484 0.5152745096408122
0 0.6656623093750001 0.29771579531250003 0.6168854651411303 0.29340086288635603 0.6046131921875 0.4321290484375 0.6533900364213698 0.43644398086364405
0 0.7368475671875001 0.30122854062500015 0.6691541090182993 0.2952397149509446 0.6568892984496346 0.43387247642533966 0.7245827566188354 0.43986130209939517
0 0.6515995749999999 0.25875642812500005 0.6174237475822626 0.2566399229592901 0.6157225225874758 0.2841101000996665 0.6498983500052131 0.2862266052653764
0 0.6534841437500001 0.22676082031250008 0.6204350266671675 0.2247123536301921 0.618720709375 0.2523704421875001 0.6517698264578325 0.25441890886980817
0 0.6833575046875 0.2607249093750001 0.654651954375091 0.25894686595130506 0.6529853627483297 0.2858530872250345 0.6816909130607387 0.2876311306487295
0 0.6863717265625 0.22879753125000005 0.6580312088354486 0.22704208088225714 0.6563412106883264 0.2543259183107018 0.6846817284153778 0.2560813686784448
0 0.7420563671875 0.2314935718750001 0.6905061461748316 0.22693354675221075 0.6851349546875001 0.2876538500000001 0.7366851757001684 0.29221387512278946
0 0.7485654203125 0.1642836593750001 0.6249477408857704 0.1566239180587103 0.6210189296874999 0.22002952187500008 0.7446366091142295 0.2276892631912899
0 0.7543409453125001 0.07904125000000009 0.6318391765307074 0.07145065233011987 0.6267974828125001 0.15281662968750007 0.7492992515942927 0.16040722735738028
0 0.6191402203124999 0.07664967343750008 0.5720098148935395 0.07248032281616804 0.558009790625 0.23073681875000007 0.6051401960439604 0.23490616937133207
0 0.5411539093750001 0.2854126718750001 0.42366922296904985 0.2775790423156515 0.41392303281250004 0.4237473140625001 0.5314077192184503 0.4315809436218487
0 0.5466623218750001 0.22383660156250013 0.5208571733737586 0.22130534453451595 0.5152921229314555 0.2780387981083297 0.541097271432697 0.2805700551363139
0 0.4548774750000001 0.6482816265625 0.39695977733453214 0.6431587940360511 0.391339374559359 0.7067019192524217 0.4492570722248269 0.7118247517788705
0 0.513884265625 0.6518674656250001 0.3958788284270028 0.6431401970310546 0.3842161953125001 0.80083605625 0.5022216325104973 0.8095633248439453
0 0.5298510281250001 0.43932410937500005 0.4116561222771722 0.4304702624735355 0.3960156859375 0.6392631093750001 0.5142105917853279 0.6481169562764647