0 0.5289313317235874 0.7748692955066186 0.415790277286347 0.7666700255400839 0.40540477213566684 0.9099787601478244 0.5185458265729073 0.9181780301143592
0 0.34854283430042665 0.6983475708734316 0.23146537458708596 0.6898649992947041 0.2204019283040303 0.8425639979973439 0.33747938801737093 0.8510465695760715
0 0.5806112296857415 0.19694657678256158 0.5792037482905279 0.1305912807284664 0.46349396433675405 0.13304563445520362 0.4649014457319677 0.1994009305092988
0 0.5754590458672646 0.256503639414709 0.5743049220886955 0.20203411828306922 0.48716768792921555 0.20388041969811463 0.48832181170778455 0.2583499408297544
0 0.5864382836826432 0.12548581028550845 0.5849473757085449 0.05517078010217623 0.4686801859966299 0.057636023732386264 0.4701710939707282 0.12795105391571848
0 0.4507027357443435 0.2166362966467797 0.4015107971498443 0.21307165260749197 0.3912079980165062 0.3552498495698732 0.4403999366110053 0.35881449360916096
0 0.3953584686568129 0.9085224066505597 0.3941124875 0.8497431046875 0.21282068446818703 0.8535860589744402 0.214066665625 0.9123653609375
0 0.405347090625 0.7271827156249999 0.35746169596098915 0.7237134869454576 0.34898603125000005 0.8407021859375 0.396871425914011 0.8441714146170425
0 0.4364063500000002 0.3607601406250001 0.3888437517259514 0.35675626320878695 0.3580916406250001 0.7220647265625001 0.40565423889904884 0.7260686039787132
0 0.3664977781250001 0.48546772500000007 0.23976555231843522 0.4751043884692823 0.22186424205230182 0.6940177556224649 0.3485964678588667 0.7043810921531827
0 0.3584043515581771 0.6282969788085889 0.35777989374999997 0.5886275484375 0.2766979765668228 0.5899039024414111 0.2773224343749999 0.6295733328125
0 0.371871356821058 0.47884626638432826 0.37177439218749997 0.41536306875000006 0.24107725814259134 0.41556269637088245 0.24117422277614936 0.47904589400521064
0 0.3843670906250001 0.27022352656250004 0.33721862136864494 0.2668063159165476 0.32720613594566494 0.40495213426234555 0.3743546052020201 0.408369344908298
0 0.33380052968750007 0.27042779531250005 0.268368371277531 0.26568610871423576 0.25827490989974133 0.4049692414329164 0.3237070683097104 0.4097109280311807
0 0.3895200093017632 0.2599572273045111 0.38895545 0.2333270546875 0.35397882663573677 0.23406855863298887 0.3545433859375 0.26069873125
0 0.3915932854674585 0.2290695437743727 0.3910235623992596 0.20225573209915568 0.3571246675568011 0.20297599457478296 0.35769439062499997 0.22978980624999998
0 0.353379279856432 0.26017586924792496 0.35282592656249995 0.23409245156249997 0.32319511233106785 0.23472106200207493 0.3237484656249999 0.2608044796874999
0 0.35509002510295307 0.22947899823060047 0.3545295234375 0.20303104062499994 0.3252301858345469 0.20365197051939948 0.32579068749999995 0.23009992812500002
0 0.32393068750000004 0.20294924218750002 0.27410144829859634 0.19933783892563303 0.26957661406250005 0.26177037031250006 0.31940585326390375 0.265381773574367
0 0.39766357479458747 0.19755581023806154 0.3963605296875 0.13609068750000003 0.2721954736429126 0.13872295538693852 0.27349851875 0.20018807812500006
0 0.4041988895891448 0.13213339655485165 0.4025252241597067 0.053254150327264736 0.27826718144556184 0.05589066627241309 0.27994084687500004 0.1347699125
0 0.46187343906250006 0.057780846875000055 0.4163163422638719 0.05447941309076877 0.40493597657066277 0.21151918894986027 0.450493073369291 0.21482062273409155
0 0.5708081484375 0.26284250468750014 0.45768948368561624 0.25356719674117945 0.44537492031250003 0.4037516406250001 0.5584935850643838 0.41302694857132083
0 0.4879164031250001 0.2039458906250001 0.4629401904105232 0.2021356123489811 0.4588598559090862 0.2584315441977715 0.4838360686235631 0.2602418224737905
0 0.5413562968750002 0.61821040625 0.48537207451783615 0.6141536147649954 0.48061915312500003 0.6797445156250002 0.5366033754821641 0.6838013071100048
0 0.5415499458760364 0.6249853807911495 0.4279096928441114 0.6153038589228418 0.4146085703125001 0.7714304421875 0.5282488233444251 0.7811119640558077
0 0.55779671875 0.41319474375 0.4437244456555381 0.40473423124438107 0.4280220109375 0.6164486421875 0.542094284031962 0.6249091546931188