0 0.2330246685039926 0.5712621683373115 0.22975822691305908 0.45899551044249265 0.09667442401651412 0.46286763487384563 0.09994086560744767 0.5751342927686645
0 0.3080151205571871 0.3853937801080376 0.30463378691736165 0.2692222296169585 0.16366583975215376 0.2733252966748735 0.16704717339197922 0.38949684716595256
0 0.8646576689278668 0.5575438273490836 0.8627539941567264 0.4484507172550901 0.7973112687395977 0.4495926928136192 0.7992149435107382 0.5586858029076127
0 0.7943433854011064 0.5594526041817062 0.7929183759516641 0.47782865804920827 0.7391962570214823 0.4787665510419742 0.7406212664709245 0.5603904971744721
0 0.9388777775685719 0.5554288290812186 0.9369853328053201 0.4469734090419178 0.8676334555118309 0.4481835338743898 0.8695259002750827 0.5566389539136907
0 0.7810220861733334 0.4380720263565515 0.779602035047311 0.389259550376755 0.6433489827994704 0.39322342019455786 0.6447690339254928 0.44203589617435435
0 0.15740710172307087 0.4463078596395108 0.15436875000000005 0.2723328125 0.0963960232769292 0.2733452653604893 0.099434375 0.44732031250000004
0 0.27855238789586156 0.4444354946498664 0.27717031117906954 0.39692182958844874 0.16590854828320803 0.4001582099385823 0.167290625 0.447671875
0 0.6385890625 0.438409375 0.6377690351355856 0.39110109911596896 0.2832125 0.39724687500000005 0.2840325273644145 0.44455515088403114
0 0.5188324970798484 0.3822061407698487 0.5168849610543287 0.2561407052832172 0.3096384014744803 0.2593423770133685 0.31158593749999997 0.3854078125
0 0.41457365197741425 0.3842308942210264 0.4136478001958534 0.30731684487767147 0.37454758571843916 0.3077875131566451 0.3754734375 0.3847015625
0 0.5850778977856369 0.38120268547242 0.5849351994236744 0.2551796463792517 0.5224510516380374 0.2552503984068317 0.5225937499999999 0.3812734375
0 0.7284468470965388 0.37790293361587535 0.7270859375 0.3311187500000001 0.5949422154034611 0.33496269138412477 0.596303125 0.38174687500000004
0 0.7286422785280792 0.32795616387898274 0.7267531249999999 0.26302812499999995 0.5949670964719209 0.26686258612101726 0.5968562500000001 0.331790625
0 0.7642100547434378 0.379059645280187 0.7636468750000001 0.34673281250000004 0.7373821604433765 0.3471903814584577 0.7379453401868143 0.3795172142386447
0 0.794788171101074 0.37798947625683194 0.7942421875000001 0.34674375 0.7677977663989262 0.34720583624316814 0.7683437500000001 0.3784515625
0 0.763588015113171 0.3434312580555424 0.7631156250000002 0.3163328125 0.7373901103615091 0.3167812691742601 0.7378625004746799 0.34387971472980244
0 0.7941599705113873 0.3420061728599835 0.7936937500000001 0.31526250000000006 0.7676071897579392 0.315717265114727 0.7680734102693264 0.34246093797471044
0 0.794922176436779 0.3114441894388199 0.7934827670513279 0.2620000013230927 0.7360684031145489 0.2636714368842728 0.7375078125 0.313115625
0 0.8599091963294807 0.3770293438518815 0.8578593749999998 0.25959218750000007 0.7972361161705194 0.26065034364811857 0.7992859375000001 0.3780875
0 0.9414298793733449 0.37501710792675697 0.9394031249999998 0.2589015625 0.8616076206266549 0.26025945457324295 0.863634375 0.37637499999999996
0 0.9372681610919663 0.4331878241687132 0.9359531249999999 0.38798281250000005 0.7850880889080336 0.3923715508312867 0.7864031250000001 0.4375765625
0 0.7344973478673895 0.5629134362159296 0.7335408978337485 0.4504108027398382 0.595257612466359 0.4515864290239085 0.5962140624999999 0.5640890624999999
0 0.7932243374254084 0.47357102540771284 0.7925031250000001 0.44878906250000006 0.7387303500745918 0.4503539745922872 0.7394515625000001 0.4751359375
0 0.38541833591108965 0.5678906240068347 0.38380312499999997 0.5123390624999999 0.32377697658891036 0.5140843759931653 0.32539218750000004 0.5696359375
0 0.38438127039449965 0.5691395448428248 0.382884375 0.455859375 0.23381404210550025 0.4578292051571752 0.23531093749999993 0.571109375
0 0.589309232983475 0.5635253801736463 0.5862075136173381 0.4502941767627986 0.38680765563386316 0.4557562965891523 0.38990937499999995 0.5689875