0 0.9235853764862659 0.5724553557275015 0.9229315239964487 0.4601392567895345 0.7892210123525311 0.4609176576757815 0.7898748648423484 0.5732337566137485
0 0.8490009983364504 0.38927097471076133 0.8483247693669558 0.2730475017237333 0.7066995715073693 0.27387152684655625 0.7073758004768638 0.3900949998335843
0 0.22447546314243697 0.580411679820833 0.2219292958801551 0.47097467998300846 0.15652427900959537 0.4724963967057951 0.15907044627187722 0.5819333965436195
0 0.28306919816611226 0.5800710328960424 0.281161675168008 0.4981640339316429 0.2274724058540547 0.49941439735922116 0.22937992885215897 0.5813213963236208
0 0.15416297065551915 0.5808210468237063 0.1516358882482539 0.47224175816017766 0.08232793025509552 0.4738548367084333 0.08485501266236078 0.5824341253719619
0 0.3739837995744317 0.45844911106568687 0.37369978274811505 0.40961589670150583 0.23718977467878716 0.41040984687982435 0.2374737915051038 0.4592430612440054
0 0.91889375 0.4447 0.9148358338554564 0.27038877016900975 0.8568984383463307 0.27173753635485587 0.8609563544908744 0.4460487661858462
0 0.8511328125000001 0.4474203125000001 0.8508570758021647 0.3998842450422738 0.7393171783843298 0.400531240989472 0.7395929150821651 0.4480673084471983
0 0.7341271020616126 0.4483839809447726 0.7332953124999999 0.4010703125 0.37892231958513883 0.407300304088331 0.37975410914675145 0.45461397253310365
0 0.7044734375 0.3902265625 0.7020163204297818 0.26415546816892743 0.4942084944395341 0.2682056285905121 0.4966656115097523 0.3942767229215847
0 0.6406328125 0.3917515625000001 0.638419516956548 0.3147219561234814 0.5993514663499349 0.31584450038102724 0.6015647618933869 0.39287410675754597
0 0.4935468750000001 0.3934609375 0.4881220980376185 0.26707234260591184 0.4257392396446617 0.26974990297709256 0.4311640166070433 0.3961384978711807
0 0.41994375 0.39650468750000006 0.41967088942382846 0.3496999292374755 0.28725625 0.350471875 0.2875291105761716 0.3972766332625245
0 0.41735781249999987 0.3465984375 0.41697982016415935 0.2816433979687319 0.28481562499999996 0.28241249999999996 0.2851936173358406 0.3473675395312681
0 0.27837812500000003 0.3992187499999999 0.2776221543417595 0.3667421237344564 0.25137340114879553 0.3673531258461607 0.25212937180703604 0.3998297521117042
0 0.24797343750000006 0.3992171875 0.24724401844178479 0.3678172827374396 0.22081406249999996 0.36843124999999993 0.2215434815582152 0.39983115476256037
0 0.27700937500000006 0.3636031250000001 0.27637547769949017 0.33635348465327103 0.25066558867185695 0.33695156334508686 0.25129948597236684 0.36420120369181597
0 0.24677656250000007 0.3632375 0.24615036891200362 0.33634455151652803 0.22008125 0.3369515625 0.22070744358799646 0.36384451098347204
0 0.2761140625 0.33284375 0.2758257897714187 0.2833777815078745 0.21812187500000008 0.2837140625 0.21841014772858136 0.33318003099212545
0 0.21705156250000002 0.39993125 0.2143097672374951 0.28214441924901945 0.153725 0.2835546875 0.15646679526250493 0.4013415182509806
0 0.152709375 0.4004656250000001 0.14999812838343787 0.283899410407816 0.07224843750000001 0.2857078125 0.07495968411656215 0.402274027092184
0 0.23234218750000007 0.45893593750000006 0.23207897324145424 0.41371102762720896 0.0809484375 0.41459062500000005 0.08121165175854582 0.45981553487279114
0 0.42745625 0.5787328125000001 0.4257256213349968 0.4662495787913109 0.28564158751682844 0.4684048639519675 0.28737221618183173 0.5808880976606567
0 0.28076718750000007 0.4948328125 0.28062258343836494 0.4700386658314019 0.22670468750000006 0.47035312500000004 0.2268492915616352 0.49514727166859807
0 0.6981828124999999 0.5748265625 0.6978596284564937 0.5192506059868334 0.6375078125000001 0.5196015625 0.6378309965435063 0.5751775190131666
0 0.7882171875000001 0.5731546875000001 0.7861143648000695 0.46008898719842223 0.6361235124536455 0.46287855263033234 0.6382263351535761 0.5759442529319102
0 0.6337171875 0.5764296874999999 0.6320890624999999 0.4631609374999999 0.43283587309380467 0.46602500282253567 0.4344639980938047 0.5792937528225357