0 0.5632619046625686 0.2350581983359752 0.5518407322912299 0.08087235907698813 0.43094939977488506 0.08982727188549064 0.44237057214622383 0.2440131111444777
0 0.3704733877274632 0.31507172342398976 0.35830553505633433 0.15080570532036713 0.23320928571003682 0.16007209376351028 0.24537713838116568 0.32433811186713285
0 0.6200987638244494 0.8521325682281882 0.4957089425222037 0.8484469428958213 0.49361244761415407 0.9192036268927517 0.6180022689163998 0.9228892522251184
0 0.6144028324927285 0.7885439771625615 0.5206618612700924 0.7857664663351093 0.5189408580781734 0.8438503121632532 0.6126818293008096 0.8466278229907054
0 0.6241522500000002 0.9247776515625 0.5014058375000002 0.9247776515625 0.5014058375000002 1 0.6241522500000002 1
0 0.48048594241356746 0.8299179249882845 0.4692065694385227 0.6776463799886592 0.4166451201507327 0.681539820425133 0.4279244931257774 0.8338113654247584
0 0.42082403587925077 0.09129716394629414 0.22632485937500008 0.08553422500000003 0.22446767818324936 0.14821408605370592 0.41896685468750006 0.15397702500000005
0 0.43117639687500003 0.2848331078125 0.4218868363316523 0.15942404210899336 0.37072310156249993 0.16321394843749998 0.3800126621058476 0.28862301414100655
0 0.4649711234375 0.6760388453124999 0.431461300891484 0.2855055764041604 0.3806475828125 0.2898656625 0.4141574053585161 0.6803989314083395
0 0.39001192656250006 0.542357840625 0.370412703837909 0.3073679761257139 0.23501653179491036 0.3186606322476372 0.2546157545195014 0.5536504967469232
0 0.381546981272053 0.38991560303632683 0.29441851875 0.38781000624999995 0.29339608279044704 0.4301178563386732 0.3805245453125 0.43222345312500005
0 0.3964411753385804 0.549478420427411 0.25615832699872076 0.5480752113185512 0.2554809313476404 0.6157964018286401 0.39576377968750004 0.6171996109375
0 0.4094609546875 0.772157025 0.3984989724122582 0.6241702723832874 0.348120715625 0.6279019953124999 0.3590826979002418 0.7758887479292126
0 0.35538399218750005 0.7714815187500002 0.34431717084812363 0.6220794323107992 0.27440119218750003 0.6272583937500001 0.28546801352687645 0.776660480189201
0 0.4152660586683302 0.7831645159799445 0.37758229843750013 0.7820479609375001 0.3767408475816701 0.8104469480825557 0.41442460781250007 0.8115635031250001
0 0.41753385069298943 0.8161356045472014 0.38100125468750007 0.8150531578125001 0.3801540961820107 0.8436447720152991 0.4166866921875001 0.8447272187500003
0 0.3766097540142499 0.7826042985563109 0.34464777031250005 0.7816572765625001 0.34382364129825027 0.8094716233186894 0.3757856250000001 0.8104186453125001
0 0.37849347122323235 0.8153695181121916 0.3468811062500001 0.8144328562500001 0.3460455131517679 0.8426341475128083 0.3776578781250001 0.843570809375
0 0.3449345265625 0.8433825609375003 0.3399574116904006 0.7761915033532546 0.286716446875 0.7801352781250002 0.29169356174709943 0.8473263357092458
0 0.4244397828149549 0.8498242009419312 0.2910056484375001 0.8458705968749998 0.28906360624754524 0.9114145193705687 0.42249774062500006 0.9153681234375002
0 0.4289409609375002 0.9157212421875001 0.2979994984375001 0.9157212421875001 0.2979994984375001 1 0.4289409609375002 1
0 0.49268286250000004 0.999507859375 0.4802280091948258 0.8313673333112572 0.4315502203125 0.8349730953124999 0.4440050736176743 1.0031136213762426
0 0.6088578156249999 0.7817214437500001 0.5953464131326894 0.6201467214337999 0.4744935343749999 0.63025283125 0.4880049368673104 0.7918275535662
0 0.5203022593750002 0.8438060890625001 0.5158307389763113 0.7834405677575622 0.48914634322609973 0.7854171897984953 0.49361786362478866 0.8457827111034332
0 0.5767987453125001 0.4023260140625 0.5715669684546351 0.3316970367612094 0.5117478343749999 0.336128084375 0.516979611232865 0.40675706167629067
0 0.5769378823155907 0.394420145412196 0.5624171290238229 0.22717101606285892 0.44100916406249996 0.2377117890625 0.45552991735426784 0.40496091841183707
0 0.5947043953125 0.6211983171875 0.5774832634438807 0.39394321298695006 0.45559987343749997 0.40317939687500004 0.47282100530611926 0.6304345010755499