0 0.9491646734375001 0.26260638593750013 0.8855891144263005 0.2603163286091903 0.8807008359375 0.39602255468750014 0.9442763949486996 0.3983126120158099
0 0.87579490625 0.2650173500000001 0.7855185448327693 0.26176559341126954 0.7804977843187916 0.40115363749797545 0.8707741457360223 0.40440539408670595
0 0.9406599250000001 0.40939509062500007 0.8231360662562806 0.4051610122683453 0.8182297329203896 0.5413444215835158 0.9357535916641092 0.5455784999401707
0 0.8129449968750002 0.4802795125000001 0.7563189097629262 0.4782397371422544 0.7539795439110051 0.5431827388384258 0.8106056310230793 0.5452225141961715
0 0.7859586086596441 0.4760632297583271 0.7845860703125 0.4538638250000001 0.756770822590356 0.455583578054173 0.7581433609375 0.47778298281250003
0 0.8182571546874998 0.4190698781250001 0.7612633110653694 0.4155582684876878 0.757573182745497 0.47544949163895256 0.8145670263676275 0.47896110127626484
0 0.7796959890625 0.2724909203125001 0.7256198680400203 0.27054384934926945 0.7231405937500001 0.33940088593750006 0.7772167147724799 0.3413479569007308
0 0.7762958781250001 0.3419175718750001 0.719594660862207 0.33945152856477234 0.7167637125 0.40454293125000007 0.7734649297627931 0.4070089745602278
0 0.7497012370746118 0.36321546253355086 0.7484893240341931 0.343637198257662 0.7187599213345812 0.3454774763491112 0.719971834375 0.365055740625
0 0.659541025 0.49029003281250005 0.6040913738459381 0.488292739623483 0.6016896765624999 0.5549696187500002 0.6571393277165618 0.5569669119390172
0 0.6623121390318872 0.4839071989834377 0.66103589375 0.4632748249999999 0.6366513422181128 0.46478316664156233 0.6379275875000001 0.48541554062500014
0 0.6637634959064813 0.48492589974208106 0.6622843984375 0.42850701406249997 0.6021572009685185 0.43008332994541904 0.6036362984374999 0.4865022156250001
0 0.12349739218750004 0.46234392812499997 6.1029098627012e-17 0.46234392812499997 6.907469964331157e-17 0.5937385640625 0.12349739218750007 0.5937385640625
0 0.1815956937500001 0.5203691765625 0.12821374686348325 0.518447808808057 0.12582116406250005 0.5849216671875 0.1792031109490169 0.5868430349419431
0 0.17366718281250004 0.30854928125 0.08194107757899845 0.3052441600355818 0.07686721151291978 0.44605774674688004 0.1685933167464214 0.4493628679612982
0 0.07642443750000008 0.3140491328125 0.010098279459802652 0.31166020641696573 0.005060206195819403 0.45153728431677054 0.07138636423601682 0.4539262107123049
0 0.23549255625000004 0.3062802875 0.18108154928412362 0.30432230862722787 0.17857390156250003 0.37400826875 0.23298490852837647 0.3759662476227721
0 0.18443935854724036 0.5160480064706061 0.18306649186693513 0.4938686636464672 0.15696991613219474 0.4954840009258611 0.15834278281249997 0.51766334375
0 0.1858861399401988 0.5169840856030897 0.1848633078125 0.458546290625 0.12669630224730116 0.45956438314691034 0.127719134375 0.518002178125
0 0.4721523187500001 0.29061288281250003 0.40737881064018594 0.28827943270631373 0.4024388391698828 0.42540654815035917 0.46721234727969696 0.42773999825654546
0 0.3992854437500001 0.2966712062500001 0.3132590849717865 0.29357372233923 0.3082836968750001 0.43175507656250006 0.3943100556532137 0.43485256047327014
0 0.30731163906250003 0.30029007031250005 0.2518619630341529 0.2982926740514659 0.24938548013422723 0.367042264290275 0.3048351561625743 0.3690396605513091
0 0.2722548476672588 0.39463349731880637 0.27094775289059975 0.37347966779422986 0.24547202397334092 0.3750538126629235 0.24677911875 0.3962076421875
0 0.30902054177728944 0.43073666009350714 0.3058294578125 0.37028589843750004 0.24170576603521052 0.37367086959399287 0.24489685 0.43412163125000003
0 0.4711542571936542 0.5625284063187624 0.46362576031407843 0.4407856238542226 0.32739271562042416 0.4492101894104602 0.3349212125 0.570952971875
0 0.3308131046875001 0.5121749718750002 0.27587871467326974 0.5101968678127687 0.27357311256023714 0.5742262827021425 0.3285075025744675 0.5762043867643738
0 0.33513909218750004 0.449769915625 0.2787611677120145 0.4467977633906986 0.27559448715690416 0.5068656411775694 0.3319724116323898 0.5098377934118709
0 0.3035873628060022 0.5086809317016722 0.30218429843750005 0.4859800296875 0.2744798934439978 0.48769234329832784 0.2758829578125 0.5103932453125
0 0.23312292899500173 0.3970323719915113 0.23182516406250003 0.37602366249999997 0.20538471319249826 0.3776569608209886 0.20668247812499999 0.39866567031249994
0 0.23163964450519564 0.3783118814173539 0.17649369079077928 0.37656836107698877 0.17451156562500006 0.43926116718749997 0.22965751933941642 0.4410046875278651
0 0.5987489234375002 0.43201173906250007 0.483389011205272 0.4278560392935882 0.4785479875000001 0.5622401625000001 0.5939078997322282 0.566395862268912
0 0.5588979328125001 0.28349040312500007 0.49243268468381407 0.2810955775824272 0.48749215583997624 0.41821348853465085 0.5539574039686623 0.4206083140772237
0 0.6468536734375001 0.2818079359375001 0.5653461238442887 0.2788719322686995 0.5604895004519118 0.41369855943413214 0.6419970500451232 0.41663456310293273
0 0.7066198109375 0.2781112218750001 0.6564625995096496 0.2763043388625242 0.6540686099405104 0.34275902361316946 0.7042258213683609 0.34456590662564535
0 0.7061387708678369 0.3664826612046956 0.7048272671874999 0.34526459843749996 0.6763202056946629 0.34702664035780445 0.677631709375 0.368244703125
0 0.7047262100888237 0.3513167650878684 0.6527752128963915 0.347489869066386 0.6483529043841679 0.40752372831234496 0.7003039015766003 0.4113506243338273
0 0.7403771510821466 0.5454561785437705 0.7390093140625 0.5233293109375 0.6724704426678534 0.5274426058312296 0.6738382796875 0.5495694734375001
0 0.7426187640625 0.4231671843750001 0.6807001852305746 0.42093679775059795 0.6770452801354196 0.5224019548590533 0.7389638589673451 0.5246323414834555
0 0.2378869828125 0.5777987812500001 0.23642071568526252 0.5540935706221932 0.1943589328727625 0.5566952690596931 0.19582520000000003 0.5804004796875001
0 0.26012896562500015 0.4548118125 0.20143320411503773 0.4521390959152695 0.19584215547637945 0.5749246016288809 0.25453791698634187 0.5775973182136115
0 0.252962418195946 0.6187431627564093 0.25140019687500004 0.5934708374999998 0.19885113024155399 0.5967191841185906 0.2004133515625 0.621991509375
0 0.7381878494670281 0.5861091150003364 0.73675985 0.5630224062499999 0.6773966224079719 0.5666942443746635 0.678824621875 0.589780953125