0 0.4966573799346345 0.0798757313796197 0.356226515625 0.07354959687500005 0.3532502325653656 0.13961869518288045 0.49368109687500006 0.14594482968750006
0 0.5009895736938688 0.1562840019082457 0.35708328906250003 0.14980199843750003 0.3528574606077301 0.24361917628382823 0.4967637452390988 0.2501011797545739
0 0.6491732051305764 0.09009143326653864 0.5089657562500001 0.08377611250000007 0.503464611435575 0.20590791052993662 0.6436720603161513 0.21222323129647522
0 0.6467886531042658 0.22014980599015382 0.579933140625 0.21713763906250003 0.5772817937707344 0.2759846940098463 0.6441373062500001 0.2789968609375001
0 0.5760937078125001 0.27404965937500003 0.5749406088983475 0.24541972350474275 0.5517700483143719 0.24635294069289032 0.5529231472285245 0.2749828765631476
0 0.5782463725092 0.21541541414879148 0.5162815203124999 0.21103876718750003 0.512097655876242 0.27027419186229545 0.5740625080729421 0.274650838823587
0 0.43366314769827624 0.2529122972504699 0.3627 0.24971504531250005 0.36016812151668887 0.3059101998549306 0.43113126921496503 0.3091074517929004
0 0.501947944031802 0.2574222737600719 0.43495268593749997 0.25390548437500005 0.43185934971819806 0.3128339090524282 0.49885460781250013 0.3163506984375001
0 0.45778701718750003 0.31264167656249997 0.4565521370934654 0.28198857800329613 0.436118900140824 0.28281174429823935 0.43735378023485866 0.31346484285744325
0 0.6555733113161941 0.3797081346689509 0.5868976812500002 0.3766150203125001 0.5843023793088061 0.4342378481435493 0.6529780093750002 0.4373309625000002
0 0.58133119375 0.39902300312500005 0.5803226323975746 0.3739408646955437 0.5587873765625 0.37480680468750005 0.5597959379149253 0.39988894311695633
0 0.5843342686495271 0.37595987760977967 0.5225913234375 0.3731786500000001 0.519947096975473 0.4318801848902205 0.5816900421875001 0.4346614125000001
0 0.6772536296875001 0.9332789953124999 0.5456772906250003 0.9332789953124999 0.5456772906250003 1 0.6772536296875001 1
0 0.6759364538187478 0.8765507432660223 0.6074416765625 0.8734657171874998 0.604943041420356 0.928941247426047 0.6734378186766038 0.9320262735045695
0 0.5319544371076418 0.8862475405024093 0.38658133906250014 0.8796985140625001 0.3822870185180546 0.9750224049145304 0.5276601165631962 0.9815714313544396
0 0.5294823718750001 0.9807827124999999 0.3901165203125001 0.9807827124999999 0.3901165203125001 1 0.5294823718750001 1
0 0.45743555536463915 0.8186758235875308 0.38561236718750014 0.8154416890625003 0.3830661993228611 0.8719866139124696 0.4548893875000002 0.8752207484375003
0 0.604098334375 0.8975998343750001 0.6030190772047509 0.8707578936575825 0.5798689649588106 0.8716887102813331 0.5809482221290597 0.8985306509987507
0 0.6037628093749999 0.9294193265624999 0.6021304067392581 0.8679192608791976 0.5431054218749999 0.8694859671874997 0.5447378245107417 0.9309860328708022
0 0.5165278368498695 0.5758047993629749 0.37463393593750005 0.569413046875 0.3716017037751307 0.6367271756370252 0.5134956046875001 0.643118928125
0 0.52200765663794 0.6516037492768615 0.37930009062500003 0.6451772390625001 0.37527414648706003 0.7345776554106385 0.5179817124999999 0.7410041656249999
0 0.4518295406800877 0.7439614396215704 0.3809959000000001 0.740768678125 0.37839846250831866 0.7983946405316494 0.44923210318840623 0.8015874020282198
0 0.4795595796875 0.8045681156249997 0.4785049375349314 0.7783547963765771 0.4564257203124999 0.7792431109375 0.4574803624650685 0.8054564301859228
0 0.5224583390398252 0.7469069271445348 0.4538865812500002 0.742970971875 0.45041843001136844 0.8033927019070234 0.5189901878011935 0.807328657176558
0 0.6636053953125002 0.7146471234375 0.6579662038576056 0.5745800138505084 0.5308988407642217 0.5796958271935914 0.5365380322191162 0.719762936780583
0 0.6682033983564885 0.7213263475618612 0.6022754078125001 0.7183560796874999 0.5997033702498407 0.7754449603145617 0.6656313607938289 0.778415228188923
0 0.5987795484727447 0.7151839797723798 0.5373580296875001 0.71327335625 0.5354991458659945 0.7730315797957814 0.596920664651239 0.7749422033181611
0 0.5991793031250001 0.775411059375 0.5980312351121464 0.7469012455752398 0.5743373017014787 0.7478553818329696 0.5754853697143324 0.7763651956327298
0 0.48121599374999996 0.8462520187500001 0.4801191077737491 0.8190295748433419 0.45819156718749987 0.8199131109375 0.4592884531637507 0.8471355548441581
0 0.5259522209216979 0.8234435416021373 0.46066585358151924 0.8197863852621519 0.4574555211803163 0.87709619675078 0.522741888520495 0.8807533530907655
0 0.6631716628451976 0.4454545987756938 0.5248093796875001 0.43922215781250007 0.5194091777798026 0.5591084543493066 0.6577714609375 0.5653408953125003
0 0.5110319766940635 0.48561148556770295 0.3691731640625001 0.4792215171875001 0.36606191080277284 0.5482920770025368 0.5079207234343361 0.5546820453827397
0 0.5086807211351918 0.39409315007670176 0.369405984375 0.3878196203125 0.36559037879773276 0.47252750922489517 0.5048651155579247 0.4788010389890969
0 0.4354168630097043 0.32877748514066846 0.3669050234375001 0.32569325937500004 0.36455850574029597 0.37781792735933173 0.4330703453125002 0.3809021531250001
0 0.46015408125000007 0.356663528125 0.45897232398756743 0.32729979560721606 0.4368277203125001 0.328191015625 0.43800947757493275 0.357554748142784
0 0.5042329733774592 0.33287079899905675 0.44228000208896273 0.32856509150115903 0.438540033800278 0.3823778848973446 0.5004930050887745 0.38668359239524225
0 0.6489817625000001 0.36232128750000003 0.6462099577532283 0.29343284905957223 0.6231133156250002 0.29436216875 0.6258851203717719 0.3632506071904278
0 0.6236478094642505 0.29438518477971204 0.518843509375 0.289664871875 0.5159454357780181 0.3540103042796249 0.6207497358672686 0.35873061718433685
0 0.6703071140624999 0.8592505453125 0.6685483906249999 0.81552710625 0.6438075872922768 0.8165222756972534 0.6455663107297768 0.8602457147597533
0 0.6685468881782692 0.7982149529748921 0.5409171218750001 0.791252915625 0.5375896116798881 0.8522536438932098 0.6652193779831572 0.859215681243102
0 0.7137424828125 0.8548778671875 0.711555967412177 0.800571808683175 0.685178059375 0.8016338578125002 0.6873645747753231 0.8559399163168251
0 0.6909869531250001 0.35752210624999997 0.6885156967742174 0.296105618554317 0.6644170828125 0.29707529062500004 0.6668883391632827 0.358491778320683