0 0.9777951249999999 0.47782483593749997 0.9701392103812813 0.3508436821906443 0.9096796968988905 0.35448889141620565 0.9173356115176091 0.48147004516306124
0 0.9078912328124998 0.4769916437500001 0.9000858367543488 0.34753334786267953 0.8142342359375 0.3527095765625 0.822039631995651 0.4821678724498205
0 0.9828815046875 0.6130649078125 0.9753250482058397 0.48772014074334236 0.8635612390624999 0.4944578640624999 0.8711176955441603 0.6198026311316576
0 0.8634733359374998 0.6113401781250001 0.8598707103105531 0.5515861570855702 0.8060200421875001 0.5548328640625 0.8096226678144468 0.6145868851019298
0 0.8317838140625 0.5491387718750002 0.8317276921731918 0.5278323141961907 0.8061216014897837 0.5278997614560129 0.806177723379092 0.5492062191348223
0 0.8613693734375 0.5500926171875 0.8594139556012443 0.4937034210390814 0.8048634546875 0.49559507812500003 0.8068188725237556 0.5519842742734187
0 0.8127972937499999 0.41480766562500004 0.8089627026551549 0.35122278698393616 0.757537219550086 0.3543240856539543 0.761371810644931 0.4179089642950181
0 0.8152954749999999 0.477561825 0.8122433514488294 0.41978116040544994 0.758219853087601 0.42263482075743697 0.7612719766387716 0.480415485351987
0 0.7869644281250001 0.4392167250000001 0.7869135468259505 0.4204256811086851 0.75938883125 0.4205002109375001 0.7594397125490496 0.4392912548288151
0 0.7177512296875 0.6139903999999999 0.7140461045689883 0.5525382395131058 0.6613142367346694 0.5557175934448628 0.665019361853181 0.617169753931757
0 0.7143683781249999 0.5496385609375001 0.7143156455595193 0.5298359794056371 0.6919117453083281 0.5298956390583502 0.6919644778738088 0.5496982205902132
0 0.7137060655537165 0.5488659407973875 0.7118944447821322 0.49404971609962056 0.65819614375 0.49582439062500006 0.6600077645215844 0.5506406153227671
0 0.20600316406250005 0.6168367671875 0.1984705668791102 0.4919078727688717 0.08364041963585185 0.4988315652238322 0.09117301681924173 0.6237604596424605
0 0.26330749062500003 0.6156931437500001 0.25960743349272186 0.5543526084001635 0.20884226815776308 0.5574147598958694 0.2125423252900413 0.6187552952457058
0 0.240298171875 0.4800894984374999 0.23241598096097899 0.34933045542094454 0.14518542031249998 0.3545887375 0.15306761122652102 0.48534778051655547
0 0.1478710734375 0.4813279546875001 0.13998118948368612 0.35047305722871036 0.07690594218749999 0.35427617343749995 0.0847958261413139 0.4851310708962896
0 0.2953565390625 0.4170668078125 0.29147345181631384 0.3527003079960668 0.23972977590420247 0.355821888454506 0.2436128631503886 0.42018838827093924
0 0.26003732968749993 0.5533165734375001 0.2599797446117929 0.5320290511225896 0.23600931718749996 0.53209389375 0.236066902263207 0.5533814160649105
0 0.26032168631605335 0.5497458162365058 0.25703920384833623 0.49530126133989133 0.20381569375000003 0.49851012656249993 0.20709817621771714 0.5529546814591144
0 0.5241262296875 0.4788432375 0.5163918768394826 0.35055314997175835 0.454793071875 0.35426681875 0.46252742472301744 0.48255690627824166
0 0.45492059375 0.4795274734374999 0.44717282001965025 0.35105431085680083 0.36536319709533976 0.35598796730808224 0.37311097082568956 0.48446112988878137
0 0.36344713906250004 0.41441459218749993 0.35962303248970856 0.35098704612400616 0.306891115625 0.3541663031250001 0.31071522219779146 0.41759384918849385
0 0.33297397968750003 0.44222768281249997 0.3329212709852091 0.42192491052403935 0.30949625 0.421985725 0.30954895870229093 0.44228849728846054
0 0.36683491562500004 0.47877124843749996 0.3648109751961466 0.42042599675460474 0.30961222248621023 0.4223407881730926 0.3116361629150637 0.4806860398559879
0 0.529304325 0.613997690625 0.5289951743441926 0.4971515990991433 0.40406481406250006 0.4974821390625001 0.40437396471830744 0.6143282305883568
0 0.40514791250000004 0.6138298875 0.40159297599058413 0.5548798878928748 0.349351265625 0.5580302859375 0.3529062021344159 0.6169802855446253
0 0.401506915625 0.5534388187499999 0.40013351183909773 0.496826666595324 0.34623939218749994 0.49813413124999995 0.3476127959734022 0.5547462834046759
0 0.3732916078125001 0.5530176515624999 0.3732346808273971 0.5312299700017438 0.3477507568056447 0.5312965545513254 0.3478076837907477 0.5530842361120817
0 0.295774203125 0.4423059765625001 0.29572220613160344 0.42214255925312194 0.2713734725554038 0.42220534925144176 0.27142546954880037 0.4423687665608199
0 0.29763590000000006 0.4795915843749999 0.2946251263164451 0.41855233179798673 0.24204014375 0.421146096875 0.2450509174335549 0.48218534945201313
0 0.65779201875 0.6138184953125 0.6503336339611308 0.4901079565626299 0.5406278124999998 0.4967220109375 0.5480861972888691 0.6204325496873702
0 0.6064426875000001 0.47677498906250004 0.5987138263166393 0.3485622318847642 0.5355060953125002 0.3523724906250001 0.543234956495861 0.48058524780273587
0 0.6902129046875001 0.47655480624999996 0.6826494987815149 0.3511075654031415 0.6051368953124999 0.35578091874999995 0.6127003012184851 0.48122815959685844
0 0.7432909640625001 0.41411952656250006 0.7395865997906974 0.35267543691457703 0.6918877171875001 0.355551125 0.6955920814593027 0.4169952146479231
0 0.7454404 0.439874590625 0.7453871055932787 0.4195100784707601 0.719082566242062 0.41957891806820224 0.7191358606487833 0.4399434302224422
0 0.7458145218750001 0.4758081921875001 0.7445699185362058 0.4207135424293427 0.6946951628682374 0.42184022692045725 0.6959397662070318 0.47693487667861467
0 0.7945686249999999 0.6128907406249999 0.7945128949798714 0.5916539486262345 0.7320784052168707 0.5918177904800987 0.7321341352369993 0.6130545824788641
0 0.793015940625 0.5871081453125 0.787325441149379 0.49272501114030137 0.728441690625 0.4962752 0.734132190100621 0.5906583341721986
0 0.31891502499999996 0.6153625296875 0.31885448854015663 0.5926107077000997 0.277546471875 0.5927206171874999 0.2776070083348433 0.6154724391749002
0 0.3347600796875 0.6148318671875 0.3287352457953233 0.49618302609671544 0.2727826421875 0.49902422656249995 0.2788074760796766 0.6176730676532846
0 0.3347461328125 0.6553600437499999 0.3346825386824891 0.6311043346902878 0.285668540625 0.6312328406250001 0.28573213475501097 0.6554885496847122
0 0.7961234765624999 0.6516266984374999 0.7960645296584147 0.6294685071368924 0.7404902718749999 0.6296163499999998 0.7405492187790851 0.6517745413006074