0 0.9244546874999999 0.43271250000000017 0.9007146636661494 0.43216029040642534 0.8984437500000002 0.5297890625000001 0.9221837738338508 0.530341272093575
0 0.8897487274276239 0.39966336000610403 0.88746875 0.26903124999999994 0.7030090850723761 0.2722507024938959 0.7052890624999999 0.40288281249999996
0 0.6853881905645112 0.4957800387399969 0.68470625 0.45670781250000003 0.5144508719354889 0.4596793362600032 0.5151328125 0.4987515625
0 0.6817453125 0.5010109375 0.5916792111249665 0.49891389538327635 0.587448439193192 0.6806218022789006 0.6775145405682256 0.6827188443956242
0 0.8843921875000001 0.40539062500000017 0.7021578614110474 0.39904133469615893 0.6923875 0.679465625 0.8746218260889528 0.6858149153038412
0 0.5492531250000001 0.5585000000000001 0.512450561612641 0.5576431636626137 0.5113484383464949 0.6049812136416232 0.548151001733854 0.6058380499790095
0 0.5513354915215082 0.5532037634341919 0.5509296870239795 0.529957785231784 0.5121207580024711 0.5306352717975922 0.5125265625 0.55388125
0 0.5511431919241261 0.525536460410743 0.550734375 0.5021296875000001 0.513280245575874 0.5027838520892571 0.5136890625 0.526190625
0 0.5865531250000001 0.50166875 0.5145171473608985 0.4993078546172562 0.5085446614393183 0.6815411994073082 0.5805806390784201 0.6839020947900519
0 0.693406791773153 0.4512379958809743 0.6913078125000001 0.27364531249999996 0.5035476383965256 0.27586446199571074 0.5056466176696787 0.453457145376685
0 0.495321875 0.27574375000000007 0.43084553498981515 0.2742428950953474 0.42690312500000005 0.4436078125 0.4913794650101849 0.4451086674046527
0 0.27603182311707974 0.4562257540060016 0.275628125 0.43310468750000003 0.23701192688292033 0.4337789334939985 0.23741562500000005 0.4569000000000001
0 0.27720194648730456 0.4279855004154044 0.27676875 0.403128125 0.2383699285126955 0.4037973120845956 0.238803125 0.4286546875000001
0 0.3147093750000001 0.2788609375000001 0.24355864841130237 0.2763249506383055 0.2372253335359978 0.454015127941436 0.30837606012469554 0.4565511148031306
0 0.401166087137779 0.49818860938389 0.4006078125 0.4606593749999999 0.20170421087410478 0.46361821063769976 0.2022624855118838 0.5011474450215898
0 0.5012156151293043 0.49415281539436995 0.500572658231488 0.4481166062935918 0.41250391810218356 0.44934660339922183 0.41314687499999997 0.49538281250000005
0 0.49820000000000003 0.5507953125 0.4099733568114809 0.5507399971836419 0.40989062505282137 0.6826952282511558 0.4981172682413405 0.682750543567514
0 0.3989034750236197 0.504228658563742 0.23067759816606248 0.502801799008009 0.2291343750000001 0.6847468750000001 0.39736025185755736 0.686173734555733
0 0.22132964150421514 0.6844112633578187 0.21916915779555746 0.4894626024016663 0.03238639129134232 0.49153258904384767 0.034546875 0.68648125
0 0.22942656250000004 0.28146718750000005 0.045853001693496556 0.2772895958714443 0.041106250000000066 0.4858734375 0.22467981080650357 0.4900510291285558
0 0.4176265625 0.27811406250000004 0.3202224782858871 0.27513904983808846 0.3146796875000001 0.45661406250000003 0.41208377171411303 0.4595890751619116
0 0.7918837647645806 0.2545314041492099 0.791465625 0.2305734375 0.6087521727354195 0.23376234585079012 0.6091703125000001 0.2577203125
0 0.32502274298946726 0.2619613390371027 0.32461093750000003 0.238365625 0.14441319451053275 0.2415105359628973 0.144825 0.26510625
0 0.309824789560296 0.7236957596569309 0.3094140625 0.7001624999999999 0.12734396043970397 0.703340177843069 0.1277546875 0.7268734375
0 0.7767053266710523 0.7177756757375426 0.7762999999999998 0.6945546874999999 0.5926540483289474 0.6977602617624573 0.5930593749999999 0.72098125