0 0.9218790369017114 0.5001291725364756 0.8955680951564655 0.499628015235126 0.8935266973172544 0.6068021489486506 0.9198376390625003 0.6073033062500002
0 0.8747853468054225 0.6434776468508632 0.6756154671875 0.6385254781249999 0.6720172922570774 0.7832394625241367 0.871187171875 0.7881916312499999
0 0.6564099777575043 0.5354892345289416 0.46942773281250005 0.5308400859375001 0.4683515112661697 0.5741242092200933 0.655333756211174 0.5787733578115348
0 0.6578950740975935 0.3320097161619099 0.5580768531558824 0.3301085343160681 0.554311435308289 0.5278051994041583 0.6541296562500001 0.5297063812500001
0 0.8764375833887398 0.333759831177603 0.6742870953125001 0.3322497000000001 0.6720201525487604 0.6357091563223972 0.8741706406250002 0.6372192875
0 0.5110041510649788 0.413992634865341 0.47021425 0.41321489062500005 0.46924207393502126 0.464202044822159 0.510031975 0.4649797890625
0 0.5111925637026224 0.47083735056903275 0.46912385 0.469791234375 0.4684834831723775 0.49554306661846714 0.510552196875 0.4965891828125
0 0.509676607189599 0.5014627814770132 0.4691147265625001 0.5004537499999999 0.468469682676438 0.5263837568449157 0.5090315633035368 0.5273927883219289
0 0.5505927868117639 0.32918603338878716 0.4706976879079444 0.3284236946183082 0.46879877609618054 0.5274346237295212 0.548693875 0.5281969625000001
0 0.6578493841553382 0.5847676832455562 0.456396838117375 0.580894606235048 0.45261504302453676 0.7775992542394917 0.6540675890625 0.78147233125
0 0.440550245629108 0.5925201869405241 0.36908963281250007 0.5911590156250001 0.3655653512458923 0.7761815161844762 0.43702596406250016 0.7775426875000002
0 0.20163186299771288 0.5759308147373636 0.15977131875000003 0.5748897093750001 0.15913429093123138 0.600503189199988 0.2009948351789442 0.6015442945623517
0 0.2015367340100577 0.6072001645060412 0.1599842890625001 0.6061680890625001 0.15930033005244248 0.633704999556459 0.20085277500000007 0.6347370750000001
0 0.23836748929872548 0.5769303246362069 0.15943916658032736 0.5764037133225528 0.15813358978160194 0.772083115248846 0.2370619125000001 0.7726097265625
0 0.3416835686091143 0.5304956418719146 0.12228145905654422 0.5256064256850408 0.12135506075993005 0.5671782713131265 0.34075717031250014 0.5720674875000002
0 0.4527776625000001 0.5357948859375001 0.35620832437035527 0.5337307701691144 0.35511835732697894 0.5847247103221426 0.45168769545662385 0.5867888260905282
0 0.4546019281150452 0.32730903583660464 0.3574764011142734 0.3263131747955847 0.35598003437500003 0.4722526203125 0.4531055613757718 0.47324848135351993
0 0.3415502464858994 0.523808949114986 0.34112499003927255 0.32222042566786774 0.15984386683727841 0.3226028431040152 0.16026912328390533 0.5241913665511335
0 0.14515605629809433 0.32040755399346127 3.920475055707584e-17 0.320202665625 -0.00030752130884916976 0.5380704770358029 0.14484853498924513 0.5382753654042641
0 0.1447753078697386 0.5440830144098302 6.591949208711867e-17 0.5427456953125 -0.002077832869738438 0.7676874418401699 0.14269747500000013 0.7690247609375
0 0.3533743042825146 0.5771104491285393 0.24536240000000004 0.57584034375 0.24304388165498553 0.7730110555589608 0.3510557859375001 0.7742811609375
0 0.7636769673239918 0.8034351525850261 0.5623175828125001 0.7984286171874999 0.5616576858010083 0.8249692177274742 0.7630170703125 0.8299757531250002
0 0.24678624594552087 0.7913792053657793 0.04819650156250009 0.7864416624999999 0.04754659936697932 0.8125809618217206 0.2461363437500001 0.8175185046875001
0 0.25159467707045385 0.2801238031365583 0.050928539062500035 0.2751345375 0.05028034480454626 0.30120463436344175 0.25094648281250004 0.3061939000000001
0 0.7686026117152069 0.2905091764937128 0.5661812640625 0.28547407500000005 0.5655413491487699 0.31119995944981105 0.7679626968014768 0.31623506094352377