0 0.9845869328125001 0.49723563437499996 0.9815420687382522 0.39447151522850693 0.9562796109375 0.39522003281250007 0.959324475011748 0.49798415195899304
0 0.9463766203124997 0.6732919890625 0.9422587907750162 0.5343152453080551 0.751813609375 0.5399580656249999 0.7559314389124837 0.678934809379445
0 0.7295706165725114 0.48370340778442567 0.72833896875 0.44213530156249997 0.5490299974899886 0.44744816096557444 0.5502616453125 0.48901626718750013
0 0.7261229969001772 0.4367011195997278 0.7205148265625 0.247425371875 0.6246742952873229 0.25026509133777225 0.6302824656250001 0.43954083906249997
0 0.9421842984375001 0.5283221609375001 0.9302227156250001 0.23807782656250004 0.7362241599526685 0.24607291729933353 0.7481857427651685 0.5363172516743335
0 0.5848958281530601 0.38214972438452754 0.5834519499999999 0.33341882656250005 0.5442891593469399 0.33457920530297247 0.5457330375 0.383310103125
0 0.5868707771515156 0.4124434109200476 0.586138009375 0.3877125140625 0.5458855165984844 0.3889051812674523 0.5466182843749999 0.413636078125
0 0.5868508427674148 0.44207131717031733 0.58611295625 0.4171676625 0.547308969732585 0.4183174109546826 0.5480468562499998 0.44322106562499997
0 0.6249326552564614 0.44082543356298515 0.6174719068428434 0.250214788234543 0.5407901703475665 0.25321621107178705 0.5482509187611845 0.4438268564002292
0 0.7378258265625 0.6782043796874999 0.7303956771794475 0.4886774602203653 0.5386599858442115 0.4961942015502464 0.546090135227264 0.685721121017381
0 0.5294771015624999 0.6857842249999999 0.5242248812352881 0.5085217666909735 0.455613584375 0.51055469375 0.4608658047022119 0.6878171520590264
0 0.29487830688507566 0.5293095609186831 0.2941494765625 0.504711553125 0.25409631967742435 0.505898314081317 0.25482515000000006 0.5304963218750001
0 0.29629408178478983 0.5611560468591542 0.2955105203125 0.5347108640624999 0.2557630119652101 0.5358885687658456 0.2565465734375 0.5623337515624999
0 0.33746333281249996 0.6915134234375 0.32958137936949145 0.5039177913870239 0.2538386243269374 0.5071001728868766 0.26172057776994595 0.6946958049373527
0 0.4275458343749999 0.49372299687500004 0.4265004010255008 0.45380219716921844 0.2158080623259846 0.4593197418823456 0.21685349567548373 0.49924054158812725
0 0.5348569254540492 0.5020498248463315 0.5332906484375 0.45307185937499994 0.44037989131694993 0.4560430726964942 0.44194616833349915 0.5050210381678257
0 0.5307050361012372 0.39360148714476473 0.525322929770111 0.25351320403674066 0.4321018842938737 0.257094699704476 0.437483990625 0.3971829828125001
0 0.42585302181039275 0.44762456244324894 0.418495149651754 0.25707205248763054 0.24375471875000004 0.2638193671875 0.2511125909086388 0.45437187714311833
0 0.2367910461105978 0.47227189614491605 0.2309080151112525 0.26515917295146946 0.03686706088377616 0.2706709007258977 0.04275009188312146 0.47778362391934437
0 0.24679021718749997 0.6930096218749999 0.2382813840953228 0.4772792631209769 0.04437308180391131 0.48492739103822713 0.052881914896088456 0.7006577497922502
0 0.4468721171875 0.6871544234374999 0.4399080967304987 0.4985068393510869 0.3362306265625 0.5023341453124999 0.34319464701950125 0.6909817293989129
0 0.8445848641785346 0.7190298999965619 0.8438296531250001 0.6935415281249999 0.6506203514464655 0.699266248440938 0.6513755625 0.7247546203124999
0 0.348263861075367 0.7341147781209151 0.34752006874999997 0.7090117874999999 0.15696857329963293 0.7146577578165848 0.15771236562499996 0.7397607484375001
0 0.3289888532747579 0.24339116562056273 0.3282470296875 0.21835462031249997 0.13570217797524206 0.2240596531294373 0.1364440015625 0.24909619843750005
0 0.8253273298485316 0.2259781468702287 0.8245953499999998 0.201273828125 0.6303627904639681 0.20702886719227123 0.6310947703124999 0.23173318593749995