0 0.9296219126171383 0.4704875143796771 0.905857794317412 0.47021093728838326 0.9047311942002738 0.5670109229087062 0.9284953125000002 0.5672875000000002
0 0.8880516793420805 0.6002570330030921 0.708153125 0.5971171875 0.7058717581579198 0.727828904496908 0.8857703125000003 0.7309687500000001
0 0.690119862275909 0.5041961612204273 0.5212296875000001 0.5012484374999999 0.5205473252240911 0.5403444637795727 0.6894375 0.5432921875000001
0 0.6900998509651 0.32042886989716124 0.5999437500000002 0.3193796875000001 0.5978657740349004 0.497939880102839 0.6880218750000002 0.4989890625000001
0 0.8874719318896961 0.3205474249053363 0.7049046875000001 0.3205359375000001 0.7048874431103042 0.5945978875946639 0.8874546875000002 0.5946093750000002
0 0.557994685232525 0.39544825005452433 0.521153125 0.3950187500000001 0.5206162522674751 0.44107049994547587 0.5574578125 0.4415000000000001
0 0.5585450973022044 0.44678205670327803 0.520546875 0.44611875 0.5201408401977957 0.4693788807967222 0.5581390625000001 0.47004218750000015
0 0.5573809411332289 0.47444927114650504 0.5207437500000001 0.4738093750000001 0.5203346833902719 0.4972304436354123 0.5569718745235008 0.49787033978191725
0 0.5931789005589387 0.3185966631540238 0.5210224993499205 0.31844266756327255 0.5206389112909817 0.4981772544092487 0.5927953125000001 0.49833124999999995
0 0.6917494005276664 0.5486886880077967 0.509796643061758 0.5465386138483235 0.5076972425340917 0.7242030508405268 0.6896500000000001 0.726353125
0 0.49556374367362643 0.5571433958131948 0.4310203125 0.5563921875 0.4290753188263737 0.7235050416868052 0.4936187500000001 0.72425625
0 0.2796914438340046 0.5437601730094608 0.24188125000000013 0.5431000000000001 0.24147730568980003 0.5662351667637653 0.2792874995238045 0.5668953397732259
0 0.27981470978098755 0.5719993914521135 0.24228281250000006 0.5713453125 0.2418493527190126 0.5962177960478866 0.2793812500000001 0.596871875
0 0.313003125 0.7211390625 0.31287317199385434 0.5444170654317718 0.24159141948993662 0.5444694826643455 0.24172137249608228 0.7211914797325736
0 0.4058647650641859 0.5017919156225306 0.2076954004079082 0.49884426236744683 0.20713688534372227 0.5363929717449163 0.40530625000000003 0.539340625
0 0.5062265625000001 0.5058343750000001 0.4190033570243347 0.5046163179384303 0.418360155664024 0.5506749847962153 0.5055833611396894 0.5518930418577851
0 0.5064793557712013 0.317543716876019 0.4187610137613861 0.31729409635903744 0.4183859375000001 0.4490984375 0.5061042795098153 0.4493480580169815
0 0.4059242916812206 0.31563123009993166 0.24155312500000004 0.3152531250000001 0.24113846857742086 0.49551401003842077 0.4055096352586413 0.49589211513835235
0 0.22947675848905785 0.31593120595279506 0.046907812500000035 0.31352031249999995 0.044336959816046136 0.5082024392685848 0.22690590580510395 0.5106133327213799
0 0.231757334092651 0.5178158326119626 0.046465625000000066 0.5141265625 0.04246922840734915 0.7148435423880374 0.2277609375000001 0.7185328125
0 0.4167342083970845 0.5438103982642221 0.3191828125000001 0.5433859375000001 0.31840797910291563 0.721461476735778 0.415959375 0.7218859375
0 0.7887824572971078 0.7454539833664036 0.6069062500000002 0.7422796875000002 0.6064878552028924 0.7662522666335966 0.7883640625 0.7694265625000001
0 0.32191049061043386 0.7380242669060524 0.14253593750000007 0.73489375 0.14212388438956627 0.7585038580939476 0.32149843750000007 0.7616343750000001
0 0.32283284879026936 0.2762899004064741 0.14158281250000002 0.2731265625 0.14117183870973066 0.29667416209352593 0.32242187499999997 0.29983750000000003
0 0.7897994950287515 0.2822101776582488 0.6069640625 0.27901718750000004 0.6065582629137052 0.3022538838889726 0.7893936954424566 0.3054468740472214