0 0.08885625000000007 0.45430624999999997 0.06509375000000006 0.45430624999999997 0.06509375000000006 0.55096875 0.08885625000000007 0.55096875
0 0.2850437500000001 0.5846375 0.10590625000000009 0.5846375 0.10590625000000009 0.7153625 0.2850437500000001 0.7153625
0 0.47304375 0.49205 0.3043812500000001 0.49205 0.3043812500000001 0.53115 0.47304375 0.53115
0 0.39646250000000005 0.30884375000000003 0.3063125 0.30884375 0.30631250000000004 0.48688125 0.39646250000000005 0.48688125
0 0.29150937500000007 0.3081687500000001 0.10896875000000003 0.30589843750000006 0.10557210179601047 0.579000173962 0.2881127267960105 0.581270486462
0 0.47435625000000003 0.3858437500000001 0.43751875 0.3858437500000001 0.43751875 0.43168125 0.47435625000000003 0.43168125
0 0.47436875 0.43694375 0.43650625 0.43694375 0.43650625 0.46020625 0.47436875 0.46020625
0 0.47385 0.464625 0.43735 0.464625 0.43735 0.48805 0.47385 0.48805
0 0.4748718750000001 0.3092765625 0.4019535733028401 0.3091023996705454 0.4015259193982402 0.4881520656368199 0.4744442210954002 0.48832622846627444
0 0.48400958397778976 0.537530563082459 0.303040396586796 0.536510585033059 0.3020390625000001 0.714171875 0.4830082498909939 0.7151918530493999
0 0.56259375 0.5487562500000001 0.49805625 0.5487562500000001 0.49805625 0.71549375 0.56259375 0.71549375
0 0.75185 0.5387687500000001 0.714175 0.53876875 0.714175 0.56190625 0.75185 0.5619062500000002
0 0.7511187500000001 0.5670000000000001 0.71373125 0.567 0.71373125 0.5918750000000002 0.7511187500000001 0.5918750000000002
0 0.7501730920411861 0.539292228489977 0.6788890088650125 0.5392038158731256 0.6786703125000001 0.7155312500000002 0.7499543956761736 0.7156196626168516
0 0.786636603275417 0.49511899900038125 0.5886001898158265 0.49460707384074915 0.5885031250000001 0.5321562500000001 0.7865395384595906 0.5326681751596322
0 0.5754365629643999 0.4972025642708191 0.4879921875 0.4968968750000001 0.48783116847589014 0.5429573990198777 0.57527554394029 0.5432630882906968
0 0.5767021487507511 0.3098719967786791 0.48899683153254314 0.30972087983544333 0.488769682781792 0.44155357055676425 0.5764750000000001 0.4417046875
0 0.7548281250000002 0.3109750000000001 0.591240910784424 0.3086938068229801 0.5887303747146329 0.48872748655779635 0.752317588930209 0.4910086797348163
0 0.9494531250000003 0.31263750000000007 0.7676451730070118 0.311866091237021 0.7668191364814401 0.5065488796534194 0.9486270884744284 0.5073202884163985
0 0.9475640625 0.5132125000000001 0.7651008371739585 0.512153157367711 0.7639265625 0.7144125000000001 0.9463897878260417 0.7154718426322892
0 0.6745609375000001 0.53770625 0.5770271356765787 0.5369285994038655 0.5756114909614125 0.7144803325185842 0.673145292784834 0.7152579831147189
0 0.3845812500000001 0.7315375000000001 0.20284375000000007 0.7315375000000001 0.20284375000000007 0.7555125 0.3845812500000001 0.7555125
0 0.8489437499999999 0.73225625 0.6697062500000002 0.73225625 0.6697062500000002 0.7558687500000001 0.8489437499999999 0.7558687500000001
0 0.8552687499999999 0.27060000000000006 0.67415625 0.27060000000000006 0.67415625 0.2941500000000001 0.8552687499999999 0.2941500000000001
0 0.3899125 0.26836875000000004 0.20721250000000002 0.26836875 0.20721250000000002 0.29160625 0.3899125 0.29160625000000007