0 0.515133580027429 0.10358978597123192 0.41070344687499993 0.09784169375000004 0.40932769395906626 0.12283608400440697 0.5137578271114954 0.12858417622563884
0 0.384371359375 0.32844609375000006 0.3763481268636901 0.12599017010258823 0.2388414734375 0.13143949375 0.24686470594880988 0.3338954173974118
0 0.4900057937500001 0.5326068218749999 0.48278388130756245 0.35037152756587703 0.44165548125245013 0.35200142974932414 0.44887739369488777 0.534236724058447
0 0.6854504765548721 0.3674578158389754 0.488477484375 0.35661573125000007 0.48325806719512787 0.4514392138485248 0.6802310593750001 0.4622812984375001
0 0.689312874039743 0.15967542143532704 0.38281184531249995 0.13926127656250004 0.3700455790852569 0.330935909814673 0.6765466078125 0.3513500546875
0 0.6043294400421417 0.5014180242684928 0.5522562156250002 0.49855280468750013 0.5501241349578585 0.5373017772940075 0.6021973593750001 0.5401669968750002
0 0.5482445921875001 0.5372094609375001 0.5465659446222294 0.4948539870618568 0.5220966625024506 0.4958237625618285 0.5237753100677212 0.5381792364374717
0 0.518995746875 0.5350519249999999 0.5173731482151612 0.49412042471792655 0.4927345893223067 0.4950971417296265 0.4943571879821455 0.5360286420116999
0 0.6879159514530919 0.4699131588640862 0.49140707656250004 0.4572313531250001 0.4865165589191466 0.5330115802866581 0.6830254338097385 0.5456933860257441
0 0.44241008914147884 0.5405277029642045 0.4353355653323745 0.332527398579198 0.2483188109375 0.33888822812499997 0.2553933347466043 0.5468885325100066
0 0.43762182048060955 0.5561100803600336 0.25513399375 0.5460655671875 0.25139746857717116 0.61395042597571 0.43388529530778064 0.6239949391482436
0 0.45236215625 0.8246816281250002 0.4506916874095336 0.7825366616339406 0.42635387832964877 0.7835013213572266 0.42802434717011517 0.8256462878482862
0 0.4225226984375001 0.8222688671875 0.4208588217923066 0.7802555015629407 0.3946932890625 0.7812917484375002 0.3963571657076935 0.8233051140620594
0 0.4519018616013465 0.7497889563049135 0.26266494375000005 0.7370342140625 0.2576214403301593 0.8118626209564994 0.4468583581815057 0.8246173631989129
0 0.49984773322305565 0.8624048187948125 0.4920089423600432 0.6508879477576606 0.45249702968750005 0.6523522546875001 0.4603358205505125 0.863869125724652
0 0.4888457281250001 0.6402656765625 0.4854037985778608 0.5450622074271161 0.4369321158210121 0.546814623789624 0.4403740453681514 0.6420180929250079
0 0.6887954684603824 0.55560641611232 0.545324459375 0.5522446640625001 0.5431163034146177 0.6464831323251803 0.6865873125000002 0.6498448843750001
0 0.7059688039642285 0.6708065029070631 0.49961141671892567 0.6550887469743114 0.48653950701193427 0.8267089925731366 0.6928968942572371 0.8424267485058884
0 0.6977433125000002 0.8453886687500001 0.4879417312500002 0.8453886687500001 0.4879417312500002 1 0.6977433125000002 1
0 0.4861545843750002 0.8272424640624999 0.2674179687500001 0.8272424640624999 0.2674179687500001 1 0.4861545843750002 1
0 0.4566330571218808 0.6405370913122137 0.25945988281250004 0.6282489546875 0.25307281006561916 0.7307347461877862 0.45024598437499996 0.7430228828125001
0 0.23344059375 0.4251530265625 0.2257307637443205 0.2306036820784561 0.20051198912677348 0.23160308130937346 0.20822181913245305 0.42615242579341733
0 0.2521392375 0.9160971406250003 0.244535701900286 0.7242268407231292 0.219698240625 0.7252111125 0.22730177622471398 0.917081412401871
0 0.7398365234375002 0.9496154015625 0.7321545421640818 0.7557679362313664 0.7073828390006768 0.75674961406495 0.715064820274095 0.9505970793960838
0 0.7226933625 0.45770891093750005 0.7149439975430729 0.26221442870202893 0.690499388899101 0.2631834084473663 0.6982487538560281 0.4586778906828374