0 0.2032828125 0.201553125 0.12143987557860128 0.20122300480980063 0.12102066264124986 0.30515369128967434 0.2028635995626486 0.30548381147987375
0 0.298853125 0.20088124999999998 0.2072828125 0.20088124999999998 0.2072828125 0.304853125 0.298853125 0.304853125
0 0.2151109375 0.2718375 0.18309687500000005 0.2718375 0.18309687500000005 0.304446875 0.2151109375 0.304446875
0 0.23903750000000007 0.30792031249999996 0.12161562500000005 0.30792031249999996 0.12161562500000005 0.42014218750000004 0.2390375000000001 0.42014218750000004
0 0.2984625 0.3517578125 0.24202343750000002 0.3517578125 0.24202343750000005 0.372846875 0.2984625000000001 0.372846875
0 0.2986625 0.30789218749999997 0.2423234375 0.30789218749999997 0.2423234375 0.348865625 0.2986625 0.348865625
0 0.3046953125000001 0.375884375 0.24213906250000009 0.375884375 0.24213906250000009 0.4200109375 0.3046953125000001 0.4200109375
0 0.7982234375 0.6633406250000002 0.6998421875 0.6633406250000001 0.6998421875 0.7594375000000001 0.7982234375000001 0.7594375000000002
0 0.8775406250000002 0.6397390625 0.7819718750000001 0.6396078125 0.781807064860389 0.7596131384425198 0.8773758148603891 0.7597443884425198
0 0.8767531249999999 0.5470937500000002 0.783384375 0.5470937500000002 0.783384375 0.6362328125000002 0.8767531249999999 0.6362328125000002
0 0.691996875 0.5782468749999999 0.6462671875 0.5782468749999999 0.6462671875 0.6181640625 0.691996875 0.6181640625
0 0.810028125 0.27427187500000005 0.777959375 0.27427187500000005 0.777959375 0.3044171875000001 0.810028125 0.3044171875000001
0 0.7865582456528909 0.2014005886329066 0.6948749155386666 0.20121825887408923 0.6946703125 0.30410156250000014 0.7863536426142242 0.3042838922588175
0 0.8721906250000003 0.20061406250000008 0.790002926391778 0.20011322111399762 0.789373238891778 0.30344447111399764 0.8715609375000003 0.3039453125000001
0 0.87203125 0.3068359375000001 0.7527046875 0.3068359375000001 0.7527046875 0.42021093750000016 0.87203125 0.42021093750000016
0 0.750190625 0.3067906250000001 0.6950875 0.3067906250000001 0.6950875 0.3475484375000001 0.750190625 0.3475484375000001
0 0.7497953125000001 0.35072187500000007 0.6952328125 0.35072187500000007 0.6952328125 0.3726031250000001 0.7497953125000001 0.3726031250000001
0 0.7508781250000001 0.3754828125000001 0.688746875 0.3754828125000001 0.688746875 0.4205531250000001 0.7508781250000001 0.4205531250000002
0 0.746259375 0.4853062500000001 0.6934609375 0.48530625 0.6934609375 0.5441875 0.746259375 0.5441875000000002
0 0.745965625 0.5988312500000001 0.7458543791010227 0.5469535791102195 0.692875 0.5470671875 0.6929862458989773 0.5989448583897807
0 0.7457671875 0.6024968750000002 0.6993578125 0.602496875 0.6993578125 0.6595515625000001 0.7457671875 0.6595515625000001
0 0.78015625 0.5470000000000002 0.7491218749999999 0.5470000000000002 0.7491218749999999 0.6694656250000002 0.78015625 0.6694656250000002
0 0.8765109739536854 0.42671709966137084 0.7236293388320683 0.4264973860842415 0.723460291425927 0.5441243629948771 0.876341926547544 0.5443440765720065
0 0.4955218750000002 0.6325171875000002 0.41192169506202525 0.6323419670498038 0.41172338853026547 0.7269568463028362 0.49532356846824044 0.7271320667530325
0 0.47973439088452946 0.5786972515666451 0.41201621013620543 0.578450012964313 0.41183133063955096 0.6290881538250643 0.479549511387875 0.6293353924273964
0 0.2985228867291464 0.7595104580114223 0.2980600487558881 0.6612703337967234 0.19996458522354899 0.661732490231175 0.2004274231968073 0.7599726144458738
0 0.21553281250000006 0.6401421875000001 0.12063750000000009 0.639703125 0.1200810679162537 0.7599657219472439 0.21497638041625367 0.7604047844472439
0 0.2150765625000001 0.5468265625 0.1213265625000001 0.5468265625 0.1213265625000001 0.63630625 0.2150765625000001 0.63630625
0 0.2478781250000001 0.54750625 0.21901093750000009 0.54750625 0.21901093750000009 0.67075 0.2478781250000001 0.67075
0 0.27731562500000007 0.427075 0.12087570189803883 0.42697329472598156 0.12079945850453248 0.5442485366668697 0.2772393816064937 0.5443502419408881
0 0.3028156250000001 0.4892015625 0.2518359375000001 0.4892015625 0.2518359375000001 0.5433749999999999 0.3028156250000001 0.5433749999999999
0 0.2983890625000001 0.5478859375 0.25238125000000006 0.5474609375000001 0.25190623056562156 0.5988835376664577 0.2979140430656216 0.5993085376664578
0 0.2990606812661504 0.6025795184263976 0.2518870141521411 0.6022768661603278 0.2515250000000001 0.6587031250000001 0.2986986671140094 0.6590057772660698
0 0.5863776835915637 0.632716172062877 0.5029539536458143 0.6322062741652549 0.5023778754089974 0.7264576830844824 0.5858016053547467 0.7269675809821046
0 0.49557042745461705 0.23337114003096743 0.4116681073497178 0.23325894791601845 0.4115408442729569 0.32843201251847354 0.4954431643778562 0.3285442046334225
0 0.5860577767233619 0.3281845222947384 0.585539821859197 0.23280588913783298 0.5020328125000001 0.23325937499999996 0.502550767364165 0.32863800815690536
0 0.6922703125 0.57841875 0.558925 0.57841875 0.5589250000000001 0.7264953125 0.6922703125000002 0.7264953125
0 0.5856437500000002 0.57829375 0.5183452155761948 0.578087944084331 0.5181861677908446 0.6300965698938559 0.5854847022146499 0.630302375809525
0 0.47976718749999997 0.3826546875 0.47956562500000005 0.3326453125 0.4119090361594635 0.3329180019944831 0.4121105986594634 0.3829273769944831
0 0.586131880271098 0.3325306939530487 0.5194687843466423 0.33168012463048213 0.5188197849408328 0.3825452434356633 0.5854828808652884 0.38339581275822987
0 0.43954906151339895 0.38262047252579556 0.43939404501164026 0.2340799586540197 0.30519295141073993 0.2342200105733241 0.3053479679124986 0.38276052444509995
0 0.43934949143902297 0.7260530919905859 0.4389394318344251 0.5780439823594206 0.30488497947127197 0.5784153805515155 0.3052950390758698 0.7264244901826808
0 0.6883505159858274 0.382632832784677 0.687950810436678 0.23304081042916897 0.559029468379279 0.2333852845195162 0.5594291739284284 0.3829773068750243
0 0.6861160091404455 0.5713528550818208 0.6859637382254811 0.3763597447486587 0.31145241658503553 0.3766522021668377 0.3116046875 0.5716453125
0 0.4405640625 0.5717187499999999 0.4403921402370231 0.5099361404047287 0.35455468749999997 0.5101749999999999 0.354726609762977 0.5719576095952712
0 0.6025609375000001 0.5096093749999999 0.4472390625 0.5096093749999999 0.4472390625 0.5717187499999999 0.6025609375000001 0.5717187499999999
0 0.6342671875 0.44786093749999994 0.60209375 0.44786093749999994 0.60209375 0.48618750000000005 0.6342671875 0.48618750000000005
0 0.455878125 0.4594609375 0.4002734375 0.4594609375 0.4002734375 0.493934375 0.455878125 0.493934375
0 0.5195875 0.45967343749999995 0.4804828125 0.45967343749999995 0.4804828125 0.5010703125 0.5195875 0.5010703125
0 0.58203125 0.4598859375 0.5430515625 0.4598859375 0.5430515625 0.50065 0.58203125 0.50065