0 0.36307657344646926 0.8650880886878898 0.3581959789875129 0.782305731056526 0.25281344475528844 0.7885187627623265 0.2576940392142449 0.8713011203936902
0 0.35716550752961607 0.7777404007922266 0.3509835448563777 0.6850109697607374 0.24569557031249997 0.69203016875 0.25187753298573834 0.7847595997814892
0 0.3583869195834325 0.8022599155694378 0.35622563281249997 0.7698406109375 0.3232034804165675 0.7720420875555621 0.3253647671875 0.8044613921874999
0 0.4796973625104596 0.8567087564068931 0.47177014843750004 0.737800528125 0.3581277437395405 0.7453766873431069 0.36605495781249997 0.864284915625
0 0.4236745781250001 0.7379697265625002 0.419864345204538 0.6808162436930698 0.3985083328125 0.6822399781249999 0.402318565732962 0.7393934609944303
0 0.3993695141492359 0.7392849169260374 0.3955660328125 0.6822326999999999 0.3540739452257642 0.6849988393239625 0.35787742656250005 0.74205105625
0 0.4714278484374999 0.734668565625 0.4672046421704019 0.6713204638060307 0.4225195156249999 0.6742994718750002 0.4267427218920979 0.7376475736939695
0 0.7842511597133164 0.24825685820079726 0.7776093877904954 0.14863027463217313 0.6802960979017304 0.15511782698365317 0.6869378698245515 0.2547444105522773
0 0.7786442873983772 0.16560376196525578 0.7725993632497056 0.06879930607456651 0.6510410343749999 0.07638997812500001 0.6570859585236717 0.1731944340156893
0 0.653846940625 0.1719747890625 0.64754356396884 0.07742415484509912 0.557276159375 0.0834419828125 0.56357953603116 0.17799261702990085
0 0.6448063297056048 0.31204746902157254 0.64171909375 0.265738925 0.6012966249818951 0.26843375597842745 0.6043838609375 0.3147423
0 0.3181973625454933 0.19986951474489947 0.31603238437500003 0.16739483125000001 0.28550548589200664 0.16942995713010056 0.28767046406249996 0.20190464062500002
0 0.32350063281249997 0.28423417656249994 0.3174953932749801 0.1913779057426864 0.21329625278683934 0.19811671608592338 0.21930149232435925 0.2909729869057369
0 0.3167826718059531 0.1878908527030112 0.31137009893223644 0.10464862889573205 0.20671867031249996 0.11145327031249999 0.21213124318621662 0.19469549411977913
0 0.4371618141312924 0.21762658228188494 0.4291060125 0.09678955624999999 0.3142958858687076 0.10444356459311499 0.3223516875 0.22528059062499994
0 0.3674693046875 0.2808785875 0.3637492624359767 0.2250779521646499 0.322475528125 0.227829534375 0.3261955703765233 0.2836301697103501
0 0.39283132816651795 0.2790399787477691 0.3891477843750001 0.22378681406249998 0.36698955620848206 0.2252640290647309 0.3706731 0.28051719375
0 0.44182616093750005 0.28237088593750004 0.4376316452931192 0.21945316377178797 0.391990821875 0.2224958859375 0.3961853375193808 0.28541360810321204
0 0.5667072781249999 0.26925052812500005 0.5631428274101439 0.2157837561934904 0.50351624375 0.2197588609375 0.507080694464856 0.2732256328690096
0 0.6221898153798204 0.26603452733976835 0.6184981 0.21239219375 0.5659712596201797 0.21600713984773162 0.5696629750000001 0.2696494734375
0 0.6831335453125 0.25549071718750005 0.6800004224902763 0.20849388120898155 0.6222235234375 0.21234567499999998 0.6253566462597238 0.25934251097851846
0 0.6898135024972675 0.2044274265001821 0.6877183546874999 0.17300021093749998 0.5637025318777324 0.18126793287481785 0.5657976796874999 0.2126951484375
0 0.5646506319930977 0.23878227906092694 0.5543242616190833 0.08388671020927674 0.435170782635302 0.09183027479579695 0.44549715300931647 0.24672584364744718
0 0.7708093030982274 0.5421964921734636 0.7653211996640082 0.45752252548148864 0.6695180374999999 0.4637319625 0.6750061409342191 0.548405929191975
0 0.6718079095140299 0.5486678269676958 0.6672332274189523 0.4800475753225433 0.6158408238482946 0.4834737345510674 0.6204155059433721 0.5520939861962199
0 0.8185088119864836 0.7539572024331949 0.8114183291667478 0.6546512259080007 0.711965905660999 0.6617521650953787 0.7190563884807348 0.7610581416205728
0 0.823845224046398 0.8340112239549367 0.8168506887154937 0.7379602684689796 0.6951090506065957 0.7468256273265429 0.7021035859375 0.8428765828125
0 0.6986171937499999 0.842408121875 0.6922880796189925 0.7474714130348902 0.6016757390624999 0.7535122359375002 0.6080048531935073 0.84844894477761
0 0.7269022145810287 0.7411619187154316 0.7249533749999999 0.7119293250000001 0.6001495776064713 0.7202495781595686 0.6020984171875 0.7494821718750001
0 0.6051862801301349 0.849173978199184 0.5950417543798217 0.6909506820406286 0.4762065390625 0.69856983125 0.4863510648128132 0.8567931274085556
0 0.5956988411799817 0.7165205687130012 0.5922571734375001 0.6648955687499999 0.5373979947575183 0.6685528484744986 0.5408396625 0.7201778484374999
0 0.6519 0.7126101265625 0.6491421984376998 0.6659961049653542 0.5970418828126998 0.6690784893403542 0.599799684375 0.7156925109375001
0 0.7125078046875 0.7090495781249999 0.7098487007407138 0.6612493891907569 0.6524953177398961 0.6644399332136857 0.6551544216866823 0.7122401221479286
0 0.7641678265625 0.45016677187500004 0.7588059224903657 0.3657252976373021 0.6634981559464995 0.37177719460086134 0.6688600600186339 0.45621866883855927
0 0.36749628865016115 0.5690621631732697 0.36124676661696964 0.4841949236584684 0.2646622896687398 0.49130728904472526 0.27091181170193135 0.5761745285595266
0 0.3614331648070411 0.4768794924552099 0.3551267058855926 0.3923649718738847 0.25846031451605156 0.39957820129367483 0.26476677343750005 0.484092721875
0 0.7600975059908633 0.3934553342757019 0.7514031640625001 0.25814852343750005 0.6016734211696505 0.26776963248213664 0.6103677630980139 0.4030764433203385
0 0.6658487363911545 0.44043350156740546 0.6608795770323673 0.3723109167406661 0.608375250016213 0.37614081204826066 0.613344409375 0.444263396875
0 0.42146072307990606 0.5651175515772844 0.41755632968749995 0.49655443125000004 0.36688795870367097 0.49943979078336015 0.3707923520960771 0.5680029111106445
0 0.41480076618176814 0.45683140901344893 0.410917093277015 0.38928941517450344 0.3595058811576799 0.39224556615791206 0.36338955406243306 0.45978755999685755
0 0.4293883919351849 0.6732248988438748 0.4203307029190719 0.5373593949092109 0.26985284907791407 0.547391239376227 0.278910538094027 0.6832567433108909
0 0.7774563595490493 0.6500269992288842 0.7680301700158387 0.5143007285783502 0.618175211108716 0.5247081555147837 0.6276014006419267 0.6604344261653177
0 0.4125050075025715 0.41586228310751305 0.4034526227186831 0.28533228263441557 0.25199401540306243 0.29583608702638325 0.2610464001869509 0.4263660874994807
0 0.6202919828125 0.654086709375 0.59445758066278 0.27474339323467417 0.3970394109124988 0.28818815467368636 0.42287381306221894 0.6675314708140122
0 0.6168419439232401 0.6110935242790985 0.6116602328125 0.5234899796874999 0.5490863539036178 0.5271911970879584 0.5542680650143579 0.6147947416795568
0 0.6108312781997028 0.5169105503258035 0.600723734375 0.3594425109375 0.5378181980681866 0.36348028563455886 0.5479257418928895 0.5209483250228623
0 0.5141413506298532 0.36568987339550973 0.511969303125 0.3331091765625 0.47315759468264673 0.33569662504199027 0.47532964218749996 0.368277321875
0 0.5356112874999999 0.5695418781250001 0.5318573843499725 0.513233332437088 0.4969475749999999 0.5155606531250001 0.5007014781500274 0.5718691988129121
0 0.5374225749471478 0.48783544208685675 0.5347825953124999 0.44823575937500004 0.4928617078653521 0.45103048603814333 0.4955016875 0.49063016875
0 0.5327728906250001 0.4245030593750001 0.530141351510191 0.3850299577118207 0.4888612875000001 0.38778196093750006 0.4914928266148091 0.42725506260067947