0 0.8950137812500001 0.31040757656250006 0.8890600155941808 0.1961584548429053 0.8045265692172885 0.20056367321335394 0.8104803348731078 0.3148127949329487
0 0.8056896697085776 0.20010761816205597 0.7054530296875 0.19691048593750007 0.7020159649709685 0.3046695007427037 0.802252604992046 0.3078666329672597
0 0.8305015156250002 0.3080745796875 0.8288864572086716 0.2717357619682977 0.7957343796874999 0.2732091875 0.7973494381038286 0.30954800521920234
0 0.9031675568704658 0.3138316608731155 0.772541775 0.3099612671875001 0.769094708754534 0.4262997485018847 0.8997204906249999 0.4301701421875001
0 0.7730853374173776 0.35546285034541436 0.7128257562500001 0.3536773812500001 0.7121779735201226 0.37554004809208585 0.7724375546875001 0.3773255171875001
0 0.7722770696414503 0.30992424195108687 0.7105924234375001 0.3080965484375001 0.7093338616085496 0.35057300336141334 0.7710185078124999 0.3524006968750001
0 0.7758506902568341 0.3805783366773229 0.7074641781250002 0.3785520687500001 0.7061087628681662 0.4242973133226773 0.774495275 0.42632358125
0 0.314610209375 0.7648839359374999 0.3100373160071876 0.6614629352087531 0.20815835418188716 0.6659676453311435 0.21273124754969955 0.7693886460598904
0 0.22531365089240732 0.6379015668494001 0.12448398281250009 0.6350523203124999 0.12096797473309676 0.7594774702674802 0.22179764281300396 0.7623267168043805
0 0.22488479612698278 0.5418990448193879 0.12102417031250005 0.5388216921875 0.1182861273105174 0.6312306208056122 0.2221467531250001 0.6343079734375001
0 0.3649979419619295 0.5783748057101306 0.3144172437500001 0.5768761187500001 0.3131911267880707 0.6182575771023696 0.36377182500000005 0.6197562640625001
0 0.2133871444492263 0.2584803441874893 0.177751009375 0.2574244578125 0.17682504930077367 0.28867558393751075 0.212461184375 0.2897314703125
0 0.2989807 0.29196752031249995 0.2958800586335992 0.17981392800407606 0.19989412031250003 0.1824675921875 0.20299476167890082 0.29462118449592395
0 0.19999107831284774 0.28634133008136364 0.1948633505370808 0.175061954689466 0.1097653671875 0.17898324999999998 0.11489309496326697 0.2902626253918977
0 0.247529202309472 0.2932801988617358 0.11483585781250005 0.28934854531250004 0.1113533726905281 0.4068824511382643 0.24404671718749998 0.41081410468750007
0 0.3018054001831021 0.29484136618999635 0.24142142812500006 0.2930522125 0.240169490441898 0.33530513381000376 0.30055346250000003 0.3370942875000001
0 0.30223153135338265 0.3404367441641281 0.24386071406249998 0.33870723906250005 0.2431885983341174 0.36139115271087197 0.30155941562500005 0.3631206578125
0 0.3118965969181716 0.3664148898449918 0.24387907656250002 0.36439955625000003 0.24249467339432842 0.4111231710925082 0.31051219375000005 0.41313850468749996
0 0.3113234125 0.5414446859375001 0.30842427106227166 0.4762139985903742 0.2537489890625 0.47864401093750003 0.2566481305002283 0.5438746982846259
0 0.3135263385817967 0.5444872498196798 0.2571284265625001 0.5432272953124999 0.2559276640088867 0.5969756651693887 0.31232557602818334 0.5982356196765686
0 0.31052384531250005 0.661121921875 0.30773085803011463 0.5982796964261079 0.2596717531249999 0.60041565625 0.2624647404073853 0.6632578816988921
0 0.259278715625 0.6698903078125001 0.2535177953395217 0.5402695966139199 0.22138022968749999 0.5416979328125 0.22714114997297838 0.6713186440110801
0 0.2783733323853342 0.4183149455308901 0.11577027343750002 0.4149184828124999 0.11322508623380836 0.5367673765672649 0.27582814518164256 0.5401638392856551
0 0.6119984125 0.7399947437500001 0.6077930611171356 0.6358080130842729 0.5210531015625001 0.6393091500000001 0.5252584529453646 0.7434958806657271
0 0.6084221675419577 0.5857868205477823 0.5350776343750001 0.5838811203125001 0.5337131306121845 0.6363966679497375 0.6070576637791422 0.6383023681850197
0 0.8333670281250001 0.7808089703125 0.8292384800091435 0.6719455434027571 0.7275574312499999 0.6758017062499999 0.7316859793658567 0.7846651331597428
0 0.9156251453125002 0.7832462484374999 0.9106393017590921 0.6521115932479716 0.8123029234375 0.6558504203124998 0.8172887669909079 0.7869850755020282
0 0.9127509209918834 0.5620030317395055 0.8084680015625001 0.5589131671875002 0.8057194961956167 0.6516752151354949 0.9100024156250001 0.6547650796875002
0 0.8101026328125001 0.687543675 0.8043131793733295 0.5572809789768913 0.774419840625 0.5586095718750002 0.7802092940641704 0.6888722678981088
0 0.9099086155525008 0.4377768831027014 0.7382743859375 0.43257999062500013 0.7345946069710475 0.5541095452137328 0.9062288365860482 0.5593064376914341
0 0.7701170640624999 0.5541955265625 0.7674415187522398 0.4939957687800618 0.7146496390625001 0.49634207499999994 0.7173251843727603 0.5565418327824381
0 0.772513059375 0.61186265 0.7695603210824038 0.5549782225124743 0.7219584781249999 0.5574491234375 0.7249112164175961 0.6143335509250256
0 0.7757655125000001 0.6740265265625001 0.7723475162891427 0.6123551379804663 0.7235660885598033 0.6150587374772947 0.7269840847706608 0.6767301260593285
0 0.5179802671875 0.736691846875 0.5131334724030545 0.6348573998507019 0.4268337103922345 0.6389648237002478 0.43168050517667983 0.7407992707245459
0 0.5939328337089566 0.3238867200065749 0.5901880817427464 0.22144921304103699 0.5032146109375 0.22462865468749996 0.5069593629037101 0.32706616165303787
0 0.49945678125 0.3229411015625 0.49567493946116414 0.2194402327524329 0.40912352187499995 0.22260275468750002 0.4129053636638358 0.3261036234975671
0 0.45752236740233965 0.5812075613440806 0.3174090208389212 0.577382348116102 0.31322385565509764 0.7306803382875199 0.45333720221851614 0.7345055515154983
0 0.49863810212754495 0.5826822335589943 0.4249161609375002 0.5801987968750002 0.42310827863751016 0.6338666006315407 0.49683021982755493 0.6363500373155349
0 0.5979199429139663 0.3308477480906976 0.5237841265624998 0.32824515468750004 0.5219651567123239 0.38005917012142143 0.5961009730637904 0.38266176352461906
0 0.484663346875 0.37887000937500004 0.48219054841892184 0.32369793442461636 0.41318936587531263 0.326790549988103 0.4156621643313908 0.38196262493848665
0 0.7065867988253298 0.38225862264376287 0.7010888491905972 0.2242206298308859 0.5616794386894994 0.229070513734754 0.5671773883242321 0.38710850654763096
0 0.7226328281249998 0.7427183390625 0.7165005759874162 0.5815787909832911 0.5776810211614885 0.5868616437774498 0.5838132732990721 0.7480011918566586
0 0.4425636716256661 0.37607754821257605 0.4373304308586343 0.21404650132149686 0.3031305921875 0.21838085624999998 0.30836383295453185 0.3804119031410792
0 0.7154160465800378 0.3795812318002068 0.31139196158803156 0.3674073625825284 0.3053009868829938 0.5695534870323216 0.7093250718750002 0.5817273562499999
0 0.6641447723556569 0.5166134133481091 0.5726711750000001 0.5136669796875 0.5706092275644661 0.5776812325818194 0.6620828249201229 0.5806276662424283
0 0.5673742989930305 0.513204191520622 0.40416829062500004 0.5083176281250001 0.4022405156033478 0.5727032588521784 0.5654465239713782 0.5775898222478004
0 0.40357215000000013 0.48399759531250003 0.40169254895167555 0.4417066007658838 0.3683754328125 0.44318736249999996 0.3702550338608245 0.4854783570466162
0 0.6146722148677048 0.4625211219938873 0.5542503609375 0.46073084531249997 0.5531914570072952 0.49646886238111276 0.6136133109375 0.4982591390625001
0 0.5306084046874999 0.5032039328125 0.5285633691067064 0.45719062555818113 0.48806861406249996 0.4589903921875 0.4901136496432934 0.5050036994418188
0 0.465582503125 0.500841125 0.4635671145310104 0.4554948874905803 0.423201803125 0.4572889015625 0.42521719171898964 0.5026351390719197