0 0.8925100660459613 0.8831638680091956 0.8856372322469527 0.7926368859639652 0.7694958646384915 0.8014543710797696 0.7763686984375 0.891981353125
0 0.8866765995389325 0.7883803514716232 0.8800008359374999 0.68684799375 0.7639650496321995 0.6944773593637126 0.770640813233632 0.7960097170853357
0 0.8091756755734568 0.8206072432305789 0.8067546937499998 0.7851161906249999 0.770237068176543 0.787607198956921 0.77265805 0.8230982515624999
0 0.7729787565618894 0.8925302492839124 0.7650513125 0.7613123078124999 0.6402747153187929 0.7688506023726416 0.6482021593806823 0.9000685438440541
0 0.7161442124354673 0.7615070544189932 0.7123506296875 0.6987251156250001 0.6888988047520326 0.7001421862060069 0.6926923875 0.7629241250000002
0 0.7648837916046131 0.7580220471929312 0.7610854546875 0.69517431875 0.7155281818328868 0.6979276699945689 0.7193265187499999 0.7607753984375002
0 0.6893315913694578 0.7634106812988453 0.6851178625000001 0.6936413328125 0.6360546167651382 0.696604513915198 0.6402683456345958 0.7663738624015431
0 0.33956691993824994 0.27711952873384554 0.33214800460552774 0.16805231908307827 0.22495614872977782 0.17534367003673273 0.23237506406250003 0.2844108796875
0 0.36004558906249995 0.18424730000000003 0.35349466406249996 0.07825372968750001 0.22007465519986832 0.08649974375214146 0.22662558019986836 0.19249331406464149
0 0.4628131621943118 0.1764353399857811 0.45650932343750006 0.072101015625 0.3573979346863713 0.07808928667078119 0.36370177344318316 0.1824236110315623
0 0.43735489797939053 0.33046154945082923 0.4342681968749999 0.2793944828125 0.38988539264560945 0.2820771599241708 0.39297209375 0.3331442265625
0 0.7663470777662478 0.16125473634463972 0.7641833843749999 0.12542136093749998 0.7306637881131341 0.12744534355384718 0.732827481504382 0.16327871896098692
0 0.8527651355318708 0.2489764474163496 0.846796428577505 0.14683362699997732 0.7324417680522682 0.15351593178418824 0.738410475006634 0.25565875220056056
0 0.8482430938343917 0.14199211853680133 0.8418755140624998 0.050884453125000007 0.7270442168724299 0.05891009445674326 0.7334117966443218 0.1500177598685446
0 0.7318907265237897 0.19245466837799569 0.723834040625 0.059116448437500003 0.5977753609762101 0.06673328318450429 0.6058320468749999 0.200071503125
0 0.7357656165087685 0.2557337467834739 0.732051246875 0.1942593890625 0.6867336756787314 0.19699754227902613 0.6904480453125 0.25847190000000003
0 0.686921512253323 0.2587404017119911 0.6832548875 0.19802887031249997 0.658925647121677 0.19949821547550886 0.6625922718750001 0.260209746875
0 0.6598509374748852 0.2680143530379614 0.6556644796875 0.19870601875 0.6055536406501147 0.2017328828995386 0.6097400984375 0.27104121718749996
0 0.5379166216581434 0.2706888788306889 0.533921884353495 0.21215624564560862 0.4680268673828515 0.21665345118991977 0.4720216046874999 0.27518608437500003
0 0.468861046875 0.2760556203125 0.46536302021262105 0.21738607930643572 0.40769159237143276 0.22082459593340387 0.41118961903381174 0.2794941369394682
0 0.4072279836066189 0.2730418754433626 0.4037162421874999 0.221590471875 0.339904603893381 0.2259458433066374 0.3434163453125 0.277397246875
0 0.4654352106977543 0.21364296527078594 0.463086934375 0.17923810468749998 0.3267157018022457 0.188546014416714 0.329063978125 0.22295087499999994
0 0.6008033971724475 0.23282786457865812 0.5890704734375001 0.06332619687499999 0.4585639290135154 0.07235987396728201 0.4702968527484628 0.24186154167094012
0 0.3930769525405299 0.5942831784778091 0.38712185 0.5014396218749999 0.2817941255844701 0.5081954746471908 0.2877492281249999 0.60103903125
0 0.45282670380519247 0.5903106764419238 0.4479987140625 0.5149830890625001 0.39170748556565776 0.5185909767334193 0.3965354753083502 0.5939185641128429
0 0.3748102631592328 0.8314879444703894 0.3680941229701212 0.722663910972471 0.25852299262338835 0.7294261586895817 0.2652391328125 0.8382501921875001
0 0.4042575234374999 0.9178042703125 0.3977523155920046 0.8125583307805749 0.26404070152950465 0.820822990155575 0.2705459093749999 0.9260689296875
0 0.5074771393157029 0.9107729336974526 0.501148596875 0.8060093234374998 0.40165840590275304 0.812019310058228 0.40798694834345595 0.9167829203181809
0 0.5003783430900156 0.8016808422589381 0.49819438125 0.7696767625000001 0.3609762100349844 0.7790405452410623 0.36316017187500005 0.8110446250000003
0 0.6423165428992377 0.901045232809804 0.630062178125 0.7278923609375 0.4990003930382622 0.7371678578151959 0.5112547578125 0.9103207296874999
0 0.5631648800286776 0.7608348314684346 0.55930870625 0.7043201515624999 0.4986641449713223 0.7084581200940653 0.5025203187499999 0.7649727999999999
0 0.4982464808054111 0.7646569450865421 0.49438650937500006 0.7136798484375 0.43695818638208894 0.7180283049134577 0.4408181578125 0.7690054015625
0 0.43707418698444356 0.7698944701644506 0.4335715092304165 0.7172536406766844 0.370867498808473 0.7214259142622339 0.37437017656250005 0.77406674375
0 0.3872511519434965 0.4931548683810523 0.3806540631479936 0.4007535191791255 0.275644487766997 0.40825078517307317 0.28224157656249993 0.500652134375
0 0.836493077118754 0.5647627522241805 0.8307529578125001 0.47179867499999995 0.7249407241468504 0.478332110961908 0.7306808434531044 0.5712961881860885
0 0.8303991124999998 0.4639369859374999 0.8248116252792468 0.37131245318509276 0.7190780854307649 0.3776907288443892 0.724665572651518 0.4703152615967963
0 0.44309357742097344 0.4272715724839381 0.4338102307574919 0.2793875310331696 0.2694545048287592 0.2897048794431569 0.2787378514922408 0.4375889208939254
0 0.445969567874139 0.4720083149129707 0.4413427203125 0.3973630390625 0.3835737642401835 0.4009438169549558 0.3882006118018225 0.47558909280542644
0 0.7256052391156944 0.571967638954795 0.7214544109375 0.49639486875000005 0.6658347121757408 0.49944977612281916 0.6699855403539352 0.575022546327614
0 0.7196679137329397 0.4520893828769406 0.7145995615107059 0.3782181504869798 0.6581742224697142 0.38208952887429326 0.6632425746919481 0.4559607612642541
0 0.8425427101572767 0.6832884156799891 0.8337369367038961 0.5341250938850706 0.6685844716015146 0.5438747774899877 0.677390245054895 0.6930380992849062
0 0.460268898429743 0.7089506412614691 0.45108363042669036 0.560375631279513 0.28629441324694743 0.5705633009555441 0.29547968125000007 0.7191383109375001
0 0.8264967540358679 0.4015551878327403 0.8181896218750001 0.258182228125 0.6518391346571286 0.2678206947170306 0.6601462668179965 0.4111936544247709
0 0.6839214038256239 0.6878338532062305 0.6589358847588271 0.2707829241111598 0.4421101606207033 0.2837729521549293 0.4670956796875 0.7008238812500001
0 0.532533821875 0.6485203828124999 0.5270275859375 0.553295075 0.45834185459128485 0.5572667066073944 0.4638480905287848 0.6524920144198945
0 0.5268969265625 0.5456779843749999 0.516541475 0.3733899828124999 0.44748254280200533 0.3775408024914598 0.4578379943645053 0.5498288040539598
0 0.5854751173135095 0.3692080749396991 0.5830414093677597 0.3335386452063853 0.5401691092417502 0.3364638015166862 0.5426028171875 0.37213323125
0 0.5858476139637101 0.5942632012958202 0.582103715625 0.5322871015625001 0.5437752625987897 0.53460247526668 0.5475191609375 0.5965785750000001
0 0.5805567341704323 0.5049883704888553 0.5775982515552562 0.4616384389563592 0.5312564095723238 0.46480110909250394 0.5342148921875 0.5081510406249999
0 0.5761247072002138 0.43560510758882137 0.573177790625 0.392391846875 0.5275404162372861 0.39550407522367864 0.5304873328124999 0.43871733593749995