0 0.8669125674540277 0.8464351906805703 0.7477259429607647 0.8391594463596019 0.7421855198469097 0.9299191404986248 0.8613721443401727 0.9371948848195932
0 0.8684398733739883 0.7401561708952457 0.7475970031250001 0.7327622171875001 0.741384032876012 0.8343037181672548 0.862226903125 0.8416976718750002
0 0.7857703675819269 0.8280102752289096 0.7474574968749998 0.825515496875 0.745146890230573 0.8610000013335908 0.7834597609375 0.8634947796875002
0 0.7438166633882175 0.7913195061286296 0.6191007062500001 0.7905278421875 0.6182248866117829 0.9285013923088705 0.7429408437500002 0.9292930562500002
0 0.6954988269130647 0.7279788388689666 0.672058399425975 0.7278302874523326 0.6716517147004104 0.7920024376458661 0.6950921421875002 0.7921509890625
0 0.7442378983978857 0.729629399662825 0.6987027650421352 0.7293413859012376 0.6982893525817496 0.7947021221759126 0.7438244859375001 0.7949901359375
0 0.6687477608467186 0.7177983351647298 0.6197083593750001 0.7174861109375 0.6192468891532816 0.7899667882727704 0.6682862906250001 0.7902790125000002
0 0.35335458746653464 0.14615590460887304 0.2461134015625 0.14469623281250002 0.24456102503346533 0.25874837820362695 0.35180221093749997 0.26020805
0 0.3854667664299857 0.06457172543055231 0.24633407812500002 0.056246965625000034 0.2399920663825144 0.16224175269444777 0.37912475468750007 0.17056651250000004
0 0.48260628848549486 0.06598184342878148 0.3835430671875 0.06535353593750003 0.38284728495200504 0.1750552831337186 0.48191050625000004 0.17568359062500005
0 0.4466725034433446 0.27250953065017136 0.402311268135494 0.2722292455445917 0.40197333187964956 0.32571503364442045 0.44633456718750014 0.32599531875000004
0 0.7851958093099746 0.1638022067501788 0.751692503125 0.1635884640625001 0.7514523266275255 0.20123516356232138 0.7849556328125 0.2014489062500001
0 0.8660085335640975 0.19292955203504375 0.7517095419697645 0.19197933050634158 0.7508287865306671 0.2979224769087979 0.865127778125 0.2988726984375001
0 0.8716998657416456 0.10217945006311849 0.7526505140624999 0.09515713750000009 0.7472729592583545 0.18632289056188173 0.8663223109375 0.1933452031250001
0 0.7494877714041627 0.08702547063931923 0.6234903541135217 0.08622674991953058 0.622601810834359 0.22639358865521145 0.748599228125 0.22719230937500007
0 0.7486496089909496 0.2273322793087995 0.7033540610798283 0.2270450744857219 0.7029484333388789 0.2910172967394225 0.7482439812500001 0.2913045015625001
0 0.699835152424757 0.22583036058043238 0.675517734375 0.22567551406250005 0.675122075700243 0.28781057223206774 0.69943949375 0.28796541875000004
0 0.6723452158019565 0.22132136165394717 0.6222587297798612 0.2210028809922687 0.6218004608529047 0.29307344277582165 0.6718869468750002 0.2933919234375001
0 0.5537275691788638 0.22168370151689243 0.48487695468750003 0.21720093906250004 0.48106667064072967 0.2757229777999604 0.5499172851320935 0.2802057402543528
0 0.48533908298494577 0.21779311423481879 0.4241711296875 0.21357746875000005 0.4201325607650543 0.27217608576518126 0.4813005140625001 0.27639173125000005
0 0.4231152600239706 0.21372897874020663 0.3567126796875 0.20940775468750003 0.3533650118510295 0.2608500728222935 0.4197675921875 0.2651712968750001
0 0.4840105782968334 0.1794146248979091 0.34594216875000006 0.17042973281250004 0.34370364503941475 0.20482852197050194 0.4817720545862481 0.213813414055911
0 0.6154650328125 0.25007730156249997 0.6150407480933539 0.07216043594986317 0.4845970078811718 0.07247150980725 0.485021292600318 0.2503883754198868
0 0.3880681407086614 0.4899880931420572 0.27989022500000005 0.4832964765625 0.2741576101599815 0.5759709921419304 0.38233552586864283 0.5826626087214876
0 0.44466520286416733 0.5079585298295387 0.3884012324087084 0.5078067874231424 0.3881903639195412 0.5859938857186038 0.44445433437500015 0.586145628125
0 0.3542245546321835 0.707578038279276 0.24249989687500006 0.7006548484374999 0.23576596161645558 0.8093253643866782 0.347490619373639 0.8162485542284544
0 0.37453525415761224 0.7990205852765215 0.2409164923229151 0.7987887430908743 0.24073019597780299 0.9061578437518527 0.3743489578125001 0.9063896859374998
0 0.47823256707067374 0.8021908478377815 0.37879072656250007 0.8015589765625 0.37809082511682646 0.9117071834122183 0.4775326656250001 0.9123390546874999
0 0.47954808474130084 0.7716044494842035 0.3407556718750001 0.7625722609375 0.33867331369619935 0.7945706536407966 0.4774657265625001 0.8036028421875001
0 0.611689285377851 0.74435746928665 0.48139651616181045 0.74344594647314 0.4801589917214595 0.9203372803114902 0.6104517609375001 0.9212488031250002
0 0.5461492921471061 0.7147899368934088 0.4826475703125001 0.7106561859375 0.4789693172278942 0.7671606552940913 0.5424710390625 0.7712944062500001
0 0.48051557429304903 0.7154122693050764 0.4213571446609083 0.7122124776662127 0.41859514693035943 0.7632768802361365 0.47775357656250017 0.7664766718750001
0 0.41989091311135535 0.7107316690917557 0.35493523593750004 0.7069211546874999 0.3518653915534827 0.7592510502416296 0.416821068727338 0.7630615646458854
0 0.3900360094393888 0.3889426074076351 0.2811394171875 0.3826157796875 0.2757614061856112 0.475181453529865 0.38465799843750004 0.4815082812500001
0 0.834389536362367 0.5197121484990792 0.7231563140625001 0.511896309375 0.7166396173921307 0.6046404354871667 0.8278728396919975 0.6124562746112459
0 0.8350911270715894 0.41892532764490814 0.7256889982316469 0.4112086391519373 0.7191648070975575 0.5037043255695293 0.8285669359375001 0.5114210140625002
0 0.45310836194113924 0.27523086952928855 0.28196601093749996 0.26409061250000004 0.2723451948505542 0.4118905312419727 0.4434875458541935 0.4230307882712612
0 0.44587671354586755 0.3911299757082095 0.3883103059351101 0.3905316201526864 0.3875081283267427 0.4677072772569768 0.4450745359375001 0.4683056328125
0 0.7180383974143721 0.5260489403407569 0.6624458468750001 0.5253928500000001 0.6615303040715454 0.6029696049226584 0.7171228546109175 0.6036256952634151
0 0.7198362931025486 0.40891668437431 0.662632946875 0.4077306703125 0.6610586131474514 0.48366329218819004 0.718261959375 0.48484930625
0 0.8333438894505434 0.5799430274700971 0.6640839151948269 0.571752402200804 0.6568164523067835 0.721935146605707 0.8260764265625001 0.7301257718750002
0 0.4463495685456966 0.5531167633129399 0.28101394510767985 0.5495132531244142 0.27769993437448337 0.7015661132489744 0.4430355578125001 0.7051696234375001
0 0.8348658905003423 0.3029452671249043 0.6660870755033084 0.29422614447832374 0.6586761052939624 0.4376826389688899 0.8274549202909963 0.4464017616154705
0 0.6708771343032488 0.2836709293764818 0.4541568326920869 0.2821867236435885 0.4512192869002763 0.7111203922642952 0.6679395885114382 0.7126045979971886
0 0.5207846203868776 0.555955163894971 0.4521323437500001 0.5553427078125001 0.4512443921131227 0.6548762142300292 0.5198966687500002 0.6554886703125
0 0.5223017487779029 0.375555515128783 0.45327638906249995 0.37509619375000003 0.45209957622209707 0.5519438942462169 0.5211249359375001 0.5524032156249998
0 0.5931908578925881 0.3489103832983015 0.5485191359374999 0.34600223750000003 0.5461974638811219 0.38166519794510456 0.59086918583621 0.384573343743406
0 0.5769644140447212 0.5441704640032724 0.5386545891555741 0.5439270700549884 0.5382472469858531 0.6080420873017162 0.5765570718750002 0.6082854812500001
0 0.5797095395637071 0.47568490675827035 0.53117700625 0.47252624843750013 0.528356151061293 0.51586846355423 0.5768886843750001 0.5190271218750002
0 0.5799069182407026 0.40619108395727654 0.5320834109375001 0.4030779312500001 0.5292708864467975 0.44628325979272354 0.57709439375 0.44939641249999995