0 0.8772064324924923 0.28619028774576216 0.8770125 0.18085156250000006 0.7952986538882445 0.18100200071548636 0.7954925863807366 0.28634072596124843
0 0.7917486723793138 0.28834650726577266 0.7915453125 0.1826375 0.6995747651206863 0.18281443023422736 0.699778125 0.2885234375
0 0.8153218750000002 0.25282343750000014 0.7833132628776098 0.2526363333517114 0.7831171875 0.2861796875000001 0.8151257996223904 0.2863667916482888
0 0.8792037383598867 0.3996209320948299 0.87659375 0.28747500000000004 0.7559071991401132 0.29028375540517015 0.7585171875 0.4024296875
0 0.7564198716216215 0.3551919797297297 0.7559296874999999 0.3341140625 0.6988785658783784 0.33544083277027026 0.69936875 0.35651875
0 0.7568386658413655 0.3312019931858837 0.7558859375 0.29025625 0.6983550841586346 0.29159488181411636 0.6993078125000001 0.33254062500000003
0 0.7567025813316529 0.4023403569000267 0.7556749263644891 0.358243715302596 0.6918348450328361 0.35973148340256933 0.6928624999999999 0.403828125
0 0.298523423611143 0.7523863041087725 0.2962889779397633 0.6563543503299363 0.19591086682862033 0.6586899212211638 0.1981453125 0.754721875
0 0.21437631863778978 0.7568232875405954 0.21430625000000006 0.6345328125 0.11859868136221022 0.6345876499594046 0.11866874999999996 0.756878125
0 0.21550485881511788 0.6311302790689176 0.21343125000000002 0.5420515624999999 0.11747170368488218 0.5442853459310822 0.1195453125 0.6333640625
0 0.3512969672669712 0.6099026711236142 0.35036874999999995 0.5700124999999999 0.3034795952330287 0.5711035788763856 0.30440781249999993 0.6109937499999999
0 0.22114691552901164 0.2992280215845904 0.22044527612940445 0.2691015633470642 0.18749992310039282 0.2698688542624738 0.1882015625 0.2999953125
0 0.3057052154645426 0.2974168748731359 0.3037046874999999 0.19448125 0.21065398423874723 0.19628966700066347 0.2126545122032899 0.2992252918737993
0 0.20883281250000002 0.1962171875 0.12664258065334727 0.19619481367889025 0.12661406250416835 0.3009562346876288 0.2088042943508211 0.30097860850873853
0 0.24814566858348908 0.41437956439363016 0.24550937499999997 0.3010812500000001 0.12288714391651087 0.3039344981063699 0.12552343749999997 0.4172328125
0 0.3040762800901392 0.34042399813523583 0.303128125 0.29969375 0.24683778240986073 0.3010041268647642 0.24778593749999994 0.34173437500000003
0 0.303235027124817 0.36549617111897614 0.3027265625 0.34362968749999995 0.24752903537518303 0.3449132038810238 0.2480375 0.3667796875
0 0.3101164159494626 0.41327737220851873 0.30906875 0.36823906249999994 0.24562733405053744 0.36971481529148126 0.24667500000000003 0.414753125
0 0.3037140625000001 0.4781703125000001 0.25092454482524296 0.47786353515169766 0.2505734375 0.53828125 0.30336295517475714 0.5385880273483024
0 0.3050380994160754 0.59176544272525 0.3039421875 0.53991875 0.2494540880839246 0.5410704947747501 0.25055000000000005 0.5929171875000001
0 0.2971375000000001 0.5955 0.25073438605615417 0.5952305912595893 0.2503953034286914 0.6536343749473335 0.2967984173725373 0.6539037836877442
0 0.24769531250000004 0.5411609374999999 0.2166661738219668 0.5409808071305275 0.21595000000000003 0.6643484374999999 0.24697913867803328 0.6645285678694723
0 0.27589450102539625 0.5376659000940837 0.2731578125 0.4200828125 0.11775549897460376 0.42369972490591634 0.12049218750000001 0.5412828125
0 0.5845232754534722 0.7151447235757038 0.584275452269732 0.6195891550987206 0.5003053018162598 0.6198069315230168 0.5005531249999999 0.7153625000000001
0 0.5853740181641895 0.6154913452839758 0.5841937500000001 0.5647765625 0.5156087943358105 0.5663727172160243 0.5167890625000001 0.6170875
0 0.7962986342384191 0.7429026391212077 0.7960312110425094 0.6439418151626797 0.6975560143040905 0.6442079260414719 0.6978234375000001 0.74316875
0 0.8777039416848972 0.7394612037266755 0.8756406250000002 0.6192359374999999 0.7803475520042612 0.620871365672781 0.7824108686891582 0.7410966318994565
0 0.8775726736519376 0.6157941755846983 0.8754921875000001 0.526375 0.7791413888480627 0.5286167619153018 0.7812218750000001 0.6180359375000001
0 0.7778046875000002 0.5293296875000002 0.7489408156633407 0.529161721107523 0.7482187409606238 0.6532453033548029 0.7770826127972833 0.6534132697472801
0 0.8799567047799595 0.5228337603115107 0.8763830828880881 0.40549792022630465 0.7186984317107483 0.4103004197954922 0.7222720536026198 0.5276362598806983
0 0.7453171875 0.4717875000000002 0.6943477112420533 0.47149054190233625 0.6940234375000001 0.5271484375000001 0.7449929137579467 0.527445395597664
0 0.7457421433214362 0.5814438638523772 0.7444343750000001 0.530059375 0.6978321789117542 0.5312454308918597 0.6991399472331903 0.582629919744237
0 0.7446461345547153 0.641743069814949 0.7443515624999999 0.5848859375 0.6971726154452846 0.585130367685051 0.6974671875 0.6419874999999999
0 0.49336875 0.6212843750000001 0.4099717809888851 0.6211878141542334 0.40986093773041665 0.7169201134954881 0.4932579067415316 0.7170166743412548
0 0.5866723587452258 0.31634559416811325 0.5866546875 0.21957343750000002 0.5026307662547743 0.21958878083188682 0.5026484375000001 0.31636093750000005
0 0.49660937499999996 0.22167031250000005 0.4131461611774386 0.220525250477825 0.41181456060538724 0.3175852010473745 0.4952777744279486 0.31873026306954955
0 0.438072153785013 0.7185492132808772 0.43719958844121887 0.5687018576424963 0.30263055965620583 0.569485456861619 0.303503125 0.7193328125
0 0.47843261023522726 0.6197508301593447 0.47829062499999997 0.56735625 0.4107688648962527 0.567539228715778 0.41091085013147993 0.6199338088751227
0 0.5859677772399274 0.3698765043185329 0.5854728014735351 0.3195791096948775 0.5175112742336078 0.32024791787634455 0.5180062500000001 0.37054531249999995
0 0.48022539375286327 0.37130595923762977 0.4785817403089484 0.320626045280946 0.41064228405608516 0.32282946104331617 0.4122859375 0.3735093749999999
0 0.6951102058469494 0.3670446516136184 0.6932312500000001 0.2180859375 0.557789666709876 0.2197943891092756 0.5596686225568253 0.368753103222894
0 0.6918214562967682 0.7119444306881527 0.691203125 0.5628828125 0.5567938819290172 0.5634403634146882 0.5574122132257854 0.7125019816028408
0 0.4388226229732292 0.2237688138989029 0.30985359423212755 0.22370800096539312 0.3097825359027589 0.3744049529743147 0.43875156464386056 0.3744657659078245
0 0.690186809142671 0.5555116847044355 0.6859309116245894 0.36065941946319086 0.3063119961306948 0.36895092789532036 0.31056789364877646 0.5638031931365649
0 0.6443481504792581 0.5559836927343814 0.6424499975821913 0.4942881243086298 0.5542127846029332 0.4970028690742484 0.5561109375 0.5586984375
0 0.5513836031337404 0.5584194637218192 0.5497857608276797 0.49636052176407935 0.39251465769393945 0.5004098080422603 0.39411250000000003 0.5624687500000001
0 0.3953015625 0.4386 0.36313201911159554 0.4384124568998108 0.362903125 0.47767499999999996 0.39507266838840444 0.47786254310018916
0 0.5978530756491341 0.4799517342249282 0.5970515625 0.445503125 0.5404469243508658 0.4468201407750718 0.5412484375 0.48126875
0 0.5168421875 0.4475812500000001 0.477745678692286 0.44735398761535555 0.4774984374999999 0.48988750000000014 0.5165949463077139 0.49011476238464463
0 0.45427343750000004 0.44925000000000004 0.41530041429609144 0.4490214411226877 0.415054687553737 0.49092186583697045 0.4540277107576456 0.4911504247142828