0 0.3574930184855873 0.5272092837402 0.2235785769891772 0.5194854602613637 0.21618178835857957 0.6477298227908279 0.35009622985498967 0.6554536462696643
0 0.2156026663590755 0.26168336232036193 0.07312886368494935 0.2534687764882674 0.06618964259444955 0.37382264904716095 0.2086634452685757 0.38203723487925556
0 0.21333094927987287 0.39220185440750677 0.07119496829836384 0.38400675151720176 0.06471077379510916 0.49646871312177626 0.20684675477661818 0.5046638160120812
0 0.2925006227555661 0.3373855249020965 0.2222484971637908 0.3363447521849309 0.22046237984117045 0.45690761514322115 0.29071450543294575 0.45794838786038683
0 0.355778781315294 0.3415434223968261 0.2974002550959375 0.34067855529460417 0.295621043696279 0.4607753182283455 0.3539995699156355 0.4616401853305674
0 0.3436693922734894 0.6758668184595409 0.3004312358364375 0.6733732124919273 0.2993502847169729 0.6921164839675507 0.34258844115402487 0.6946100899351642
0 0.7352499490619528 0.6984523030557465 0.6920114294229966 0.6959575773712555 0.6909300048454423 0.7147007995721291 0.7341685244843985 0.71719552525662
0 0.13964255542878873 0.5111972805368221 0.06884424375034295 0.510148417164357 0.06615113832155431 0.6919331210025348 0.13694945000000008 0.692981984375
0 0.4967803347831567 0.6026392414930973 0.47038335625000016 0.6011161625000001 0.4691170179604664 0.6230634842055921 0.49551399649362293 0.6245865631986894
0 0.4965396491192423 0.5341962975933523 0.47044306093750005 0.5338096812500001 0.4694998961932578 0.5974732649066478 0.49559648437500003 0.59785988125
0 0.4819185758484422 0.52911781907563 0.364445530460757 0.5279298019272372 0.3630799327373148 0.6629623000391069 0.480552978125 0.6641503171875
0 0.21756669109949733 0.5157664019839573 0.15924515781284293 0.5149023796643569 0.1572624792133457 0.6487332464303998 0.2155840125000001 0.6495972687500001
0 0.46728879386122424 0.34493880064753873 0.3597836499884427 0.34334613281232884 0.35806910612721843 0.4590779134147901 0.46557424999999997 0.46067058125000004
0 0.5564829536269066 0.35211834718441726 0.4720264271175143 0.35040024508620754 0.46953285192092575 0.4729766041473398 0.553989378430318 0.47469470624554944
0 0.6638081978371844 0.35754007972344093 0.5598100796875001 0.3554597171875001 0.5573194514484116 0.47996717461415495 0.661317569598096 0.4820475371500958
0 0.6766660521196683 0.4798781665341532 0.6549743796875 0.4786273203125001 0.6547435603803318 0.482630095965847 0.6764352328125001 0.4838809421875001
0 0.7041939940974681 0.48160162908814536 0.6807707921875 0.480249940625 0.680547546043341 0.4841185387915403 0.703970747953309 0.4854702272546856
0 0.7448557411708651 0.36303898679388086 0.6675427830940703 0.3618936098664705 0.6657075762982053 0.48577009338508964 0.743020534375 0.4869154703125001
0 0.8049920925524539 0.3661385244254827 0.7488679672109859 0.3653070562271999 0.7470277496585321 0.4895217896142173 0.8031518750000002 0.49035325781250005
0 0.9605904561606897 0.29872753362261656 0.8172840359725464 0.29660447653987115 0.8144246876243567 0.4896105804172547 0.9577311078124999 0.49173363750000004
0 0.9594385504114902 0.49849883916221216 0.8137445265625003 0.49009492500000007 0.81066651208851 0.5434567639627881 0.9563605359375 0.5518606781250002
0 0.8128979156449183 0.482357497168936 0.21189694635679407 0.4476986884802997 0.20845215537994818 0.5074330761991183 0.8094531246680725 0.5420918848877545
0 0.751713581799374 0.5492706342616044 0.49104777834999236 0.534847699917366 0.4837619512381184 0.6665245094057617 0.7444277546875 0.68094744375
0 0.8758239572467593 0.5927553564285181 0.8063991796875 0.5892524843750001 0.8049161740032404 0.6186447482589822 0.8743409515624998 0.6221476203125001
0 0.8760280567695607 0.5572502086811062 0.8214880218749998 0.5541053921875002 0.8196249432304391 0.5864164585063941 0.874164978125 0.5895612750000001
0 0.8162203212032901 0.5531424947256448 0.7522740861579272 0.5496421336286103 0.7497745317310816 0.595305163943729 0.8137207667764447 0.5988055250407636
0 0.9572289897262461 0.5582266207709727 0.8831678140512835 0.5571294187266859 0.8804823196375378 0.7384003838932133 0.9545434953125003 0.7394975859375001
0 0.8785132753926799 0.6054288889732053 0.7512007031250001 0.5980876109375002 0.7464241714823203 0.680922306339295 0.8737367437500001 0.6882635843750002