0 0.4544542263823576 0.6536525179138939 0.3256538872912623 0.6479280588246878 0.3197214100401103 0.781408806907837 0.44852174913120557 0.7871332659970429
0 0.7058729843808799 0.804123177873931 0.5850003069773593 0.7987510592147394 0.5787177058089846 0.9401095943581577 0.6995903832125052 0.9454817130173492
0 0.5739136454340558 0.802143125017525 0.4607730648946669 0.7980579968873874 0.4557095511241923 0.93829567592963 0.5688501316635811 0.9423808040597678
0 0.6351170604919909 0.7195986705816747 0.5150631209567998 0.717820093102882 0.5140191588282478 0.7882875131352627 0.6340730983634388 0.7900660906140554
0 0.6379389307981622 0.6561066080988371 0.518237646752852 0.6543332555138709 0.5173701291205973 0.7128906881379099 0.6370714131659075 0.7146640407228763
0 0.30430874876353575 0.6591350274644988 0.285484315634125 0.6582983856224789 0.28356620586081754 0.7014558364563059 0.3023906389902282 0.7022924782983259
0 0.3217677616329428 0.2663072205257802 0.30294332843360716 0.2654705796267524 0.30102652465381885 0.30859869438995624 0.3198509578531545 0.30943533528898404
0 0.44536148124999997 0.8675311109375 0.2639380749088843 0.8648433572027459 0.262885996875 0.9358586359375 0.4443094032161158 0.9385463896722541
0 0.39332419687500014 0.5081130875000002 0.3712833620997476 0.5071334949032531 0.3701192593750001 0.5333258078125 0.39216009415025266 0.5343054004092471
0 0.4607784828125 0.5094269015625 0.397258946697557 0.5084858702847145 0.3968711453125 0.5346624328125 0.46039068142744305 0.5356034640902856
0 0.46184585518752275 0.5284402103312299 0.33018737826865385 0.5201086572715312 0.3226469889809752 0.6392648532265548 0.4543054658998441 0.6475964062862534
0 0.44929802500000016 0.7893585890625 0.31581503017348755 0.7873810627558948 0.3149483593750001 0.8458813281250002 0.44843135420151264 0.8478588544316054
0 0.6438583421875002 0.5442920984375001 0.5291843925835852 0.5425932260386694 0.5275868437500002 0.6504278312500001 0.6422607933539151 0.6521267036488307
0 0.6476519937500002 0.4547893718750001 0.5232412711091372 0.4536335594850696 0.5224544265625001 0.5383288781250001 0.646865149203363 0.5394846905149306
0 0.6520416578125 0.34712319843750006 0.5292140810866364 0.34594218372360364 0.528211259047601 0.45023741348888163 0.6510388357734647 0.451418428202778
0 0.5347376374999999 0.3308233984375001 0.5307175310874334 0.33064472707371206 0.5297526640625 0.3523542390625001 0.5337727704750665 0.3525329104262881
0 0.535828925 0.3031959796875 0.5319451469757904 0.3030233672904152 0.530902928125 0.3264732859375 0.5347867061492095 0.32664589833458485
0 0.6558553093749999 0.2657832796875001 0.5340977395853808 0.26397946361815217 0.5329488521533191 0.3415293557976988 0.6547064219429383 0.34333317186704676
0 0.6593967546874999 0.2054706281250001 0.5355314540863321 0.20363558661114847 0.5346974609374999 0.25993012343750005 0.6585627615386678 0.26176516495135166
0 0.73910031875 0.05157636718750008 0.5473836743068203 0.048736119869270976 0.545254109375 0.19248171562500005 0.7369707538181797 0.19532196294322918
0 0.5449377421875001 0.049179565625000074 0.49134319318146674 0.04679758600545787 0.484878025 0.19226389062500007 0.5384725740060333 0.19464587024454227
0 0.5460836867494178 0.1967955745201233 0.4860927939225556 0.19412931298079333 0.45934816134863643 0.7958836280653514 0.5193390541754985 0.7985498896046813
0 0.4726495593750001 0.25916020000000006 0.34045733359893415 0.25297585188657823 0.3281227249165642 0.5166316723376521 0.4603149506926301 0.5228160204510739
0 0.44199474531250005 0.12921132187500006 0.4125119378901224 0.12768829631417342 0.40896962325658637 0.19626060583820343 0.438452430678964 0.19778363139903007
0 0.4775895234374999 0.13007061718750004 0.44513699204896817 0.12862828313525554 0.44272405625000005 0.18291936406250003 0.47517658763853177 0.18436169811474454
0 0.4756050781250001 0.18948032968750006 0.42976930876072184 0.18731085854112106 0.42668558152699443 0.252462686212758 0.47252135089127273 0.25463215735913697
0 0.48180278593750003 0.04728010625000002 0.3009396122147971 0.04460065118006702 0.29983904687499996 0.11888879375000005 0.4807022205977029 0.12156824881993307
0 0.42755307440497703 0.1285867621498541 0.34429756779271764 0.1270518924948466 0.3420074078125 0.2512764015625001 0.42526291442475933 0.25281127121750757