0 0.7663535499306457 0.6359197491304044 0.7656136138562005 0.508969932436381 0.6376042435147363 0.5097160441949427 0.6383441795891815 0.6366658608889659
0 0.9186502996052429 0.3733153563231718 0.9179573898338994 0.25417800858963757 0.7815393289645354 0.2549714239976719 0.782232238735879 0.3741087717312062
0 0.9186048631859952 0.4944093705840393 0.9179573927524431 0.38308476039748063 0.7815847683023268 0.38387791154464745 0.782232238735879 0.49520252173120616
0 0.76953125 0.32829062500000006 0.7001953125 0.32829062500000006 0.7001953125 0.4448875 0.76953125 0.4448875000000001
0 0.6953125 0.3287218750000001 0.6376953125 0.3287218750000001 0.6376953125 0.44525625 0.6953125 0.44525625
0 0.6876022011489844 0.6754406023840508 0.6874943160770632 0.6568865421962738 0.645405602265957 0.6571312726687755 0.6455134873378781 0.6756853328565524
0 0.3008834511489843 0.6776906023840508 0.3007755660770632 0.6591365421962738 0.258686852265957 0.6593812726687756 0.2587947373378781 0.6779353328565525
0 0.9183609374999999 0.5076750000000001 0.8484859374999999 0.5076750000000001 0.8484859374999999 0.6846000000000002 0.9183609374999999 0.6846000000000002
0 0.5209412000659431 0.5986180241776797 0.520815625 0.5768921874999999 0.49554942493405696 0.5770382258223201 0.49567500000000003 0.5987640624999999
0 0.521740625 0.510475 0.49598437500000003 0.510475 0.49598437500000003 0.5723890625 0.521740625 0.5723890625
0 0.6260961139935678 0.5089883903253097 0.5101398179105294 0.5087379203107057 0.5098593750000001 0.6385703125 0.6258156710830385 0.638820782514604
0 0.8290890624999999 0.5077406250000002 0.771528125 0.5077406250000002 0.771528125 0.6377671875000002 0.8290890624999999 0.6377671875000002
0 0.6337171875000001 0.3281984375000001 0.5276140625 0.3281984375000001 0.5276140625 0.43855468750000004 0.6337171875000001 0.43855468750000004
0 0.523519524523397 0.44888731984201796 0.5227392946626427 0.32896787789696635 0.4394086701891006 0.3295100505461633 0.44018890004985495 0.4494294924912149
0 0.436165625 0.32991718750000004 0.33353890304025485 0.3295884020598869 0.33315338573875086 0.44992334419877145 0.43578010769849607 0.4502521296388845
0 0.3404855133025154 0.4505451788394428 0.34046249999999995 0.44658281249999987 0.3191863616974845 0.4467063836605571 0.31920937499999996 0.45066875
0 0.3150065187111525 0.4506936219581329 0.314984375 0.4468640625 0.2919934812888475 0.4469970030418671 0.29201562499999995 0.45082656249999997
0 0.3297929742162201 0.4499867041841482 0.3293710884258057 0.3305163189895076 0.25304061420958557 0.33078586480535943 0.25346250000000003 0.4502562500000001
0 0.24947031250000004 0.3299609375 0.19407812500000005 0.3299609375 0.19407812500000005 0.45057187499999996 0.2494703125000001 0.45057187499999996
0 0.18296562500000005 0.25866875 0.041528125000000034 0.25866875 0.04152812500000004 0.444025 0.18296562500000005 0.444025
0 0.18393738871594395 0.5025982076052822 0.18362968750000003 0.4497750000000001 0.041693861284056076 0.450601792394718 0.0420015625 0.5034250000000001
0 0.7790808002286387 0.4974685144081602 0.7786734396594697 0.4384555118263666 0.18653260403710814 0.44254299792729873 0.18693996460627718 0.5015560005090923
0 0.505533243679684 0.6393926167814279 0.5043886859238493 0.5090825672490915 0.24809294224416528 0.5113337004676635 0.2492375 0.6416437499999998
0 0.18942812500000006 0.54799375 0.1219468168408987 0.5478996031718935 0.12190625000000006 0.5769765625 0.1893875581591014 0.5770707093281064
0 0.1752387624699307 0.5445254850755511 0.175053125 0.512540625 0.12237061253006931 0.512846389924449 0.12255625 0.54483125
0 0.24392322063035624 0.5567221559198691 0.24365985949145652 0.5114931183606358 0.18102812499999998 0.5118578125 0.18129148613889967 0.5570868500592332
0 0.11414687500000006 0.51236875 0.04105156250000007 0.51236875 0.041051562500000076 0.6886671875 0.11414687500000009 0.6886671875
0 0.24510601433175094 0.6401933500037548 0.24375677969092754 0.5590036744286089 0.12018670285917661 0.5610571994248542 0.1215359375 0.6422468750000001