0 0.36230468750000006 0.35962031250000004 0.234375 0.35962031250000004 0.23437500000000006 0.48657500000000004 0.3623046875000001 0.48657500000000004
0 0.21777343750000008 0.621340625 0.08203125000000007 0.621340625 0.08203125000000008 0.74048125 0.21777343750000008 0.74048125
0 0.21777343750000008 0.500246875 0.08203125000000007 0.500246875 0.08203125000000007 0.611575 0.21777343750000008 0.611575
0 0.2998046875000001 0.551028125 0.23046875000000008 0.551028125 0.23046875000000008 0.6672390625 0.2998046875000001 0.6672390625
0 0.3623046875000001 0.551028125 0.3046875000000001 0.551028125 0.3046875000000001 0.6672390625 0.3623046875000001 0.6672390625
0 0.3544921875 0.32055781250000004 0.3125 0.32055781250000004 0.3125 0.33911250000000004 0.3544921875 0.33911250000000004
0 0.7412109375 0.3205578125000001 0.69921875 0.3205578125000001 0.69921875 0.3391125000000001 0.7412109375 0.3391125000000001
0 0.15151406250000005 0.3104625 0.08163906250000005 0.3104625 0.08163906250000005 0.48698125000000003 0.15151406250000005 0.48698125000000003
0 0.5043249999999999 0.3983515625000001 0.479184375 0.3983515625000001 0.479184375 0.4200765625 0.5043249999999999 0.4200765625
0 0.504015625 0.42472656249999996 0.47825937500000004 0.42472656249999996 0.47825937500000004 0.48649062499999995 0.504015625 0.48649062499999995
0 0.4901406250000001 0.35846406250000007 0.3741513952773686 0.3582405644625897 0.3739014012796317 0.4879804564489443 0.48989063100226315 0.4882039544863546
0 0.22847187500000005 0.35774374999999997 0.17091093750000003 0.35774374999999997 0.17091093750000003 0.4874359375 0.2284718750000001 0.4874359375
0 0.4723859375 0.5583765625 0.36628281250000005 0.5583765625 0.36628281250000005 0.668115625 0.4723859375 0.668115625
0 0.5604875 0.667934375 0.559824148348587 0.5478108165691906 0.4764819537359849 0.5482710525391441 0.4771453053873979 0.6683946109699535
0 0.6664656250000001 0.5480375000000001 0.563834375 0.5480375000000001 0.563834375 0.6675453124999999 0.6664656250000001 0.6675453124999999
0 0.680790625 0.547475 0.6595375 0.547475 0.6595375 0.5514375 0.680790625 0.5514375
0 0.707984375 0.547475 0.6850140625 0.547475 0.6850140625 0.551303125 0.707984375 0.551303125
0 0.7465375 0.5482687500000002 0.6702328125 0.5482687500000001 0.6702328125 0.6677406250000001 0.7465375 0.6677406250000002
0 0.8059203125 0.5482984375000002 0.7505296875 0.5482984375000002 0.7505296875 0.6685875000000002 0.8059203125 0.6685875000000002
0 0.9584718750000001 0.5557343750000002 0.8170343750000001 0.5557343750000002 0.8170343750000001 0.7402656250000001 0.9584718750000001 0.7402656250000001
0 0.958 0.49633125000000017 0.81636875 0.49633125000000017 0.81636875 0.5491578125000002 0.958 0.5491578125000002
0 0.8132796875 0.4976078125000001 0.22121562500000008 0.49760781249999997 0.22121562500000008 0.5567390624999999 0.8132796875 0.5567390625
0 0.7510670457021004 0.48722496349495037 0.7507624999999999 0.35690624999999987 0.49468457766760265 0.3575046861612973 0.4949891233697031 0.48782339965624777
0 0.87809375 0.4223140625000002 0.8106488504916337 0.4221336172039292 0.810571060093649 0.4512092744198843 0.8780159596020154 0.45138971971595526
0 0.87744375 0.4544546875000002 0.824946875 0.4544546875000002 0.824946875 0.4864421875000001 0.87744375 0.4864421875000001
0 0.8189718750000001 0.4418593750000002 0.756296875 0.4418593750000002 0.756296875 0.4870875000000002 0.8189718750000001 0.4870875000000002
0 0.9589484374999999 0.3110953125000001 0.885853125 0.3110953125000001 0.885853125 0.4869671875000002 0.9589484374999999 0.4869671875000002
0 0.8784640625 0.3570468750000001 0.756234375 0.3570468750000001 0.756234375 0.4390453125000001 0.8784640625 0.4390453125000001