0 0.9504144827784742 0.47111043261980046 0.9405710171306525 0.13283300268886805 0.7436387642248442 0.13856349398065249 0.7534822298726658 0.4768409239115849
0 0.6192206894950069 0.3560932440294453 0.6125897058299561 0.12822438956034823 0.5014498020868448 0.13145856075927279 0.5080807857518955 0.35932741522836986
0 0.4729485366582818 0.828575894614494 0.4630815263581022 0.48950337570797914 0.3314677421329718 0.49333333682893044 0.3413347524331514 0.8324058557354453
0 0.7403709785411914 0.3615698007190894 0.7336801819334504 0.1316349832793125 0.6215668115568208 0.1348973328727786 0.6282576081645618 0.36483215031255556
0 0.7457413627685056 0.3764752707553126 0.5114223753882021 0.369657396219054 0.5088409669650225 0.45837610239612364 0.743159954345326 0.4651939769323823
0 0.504159375 0.45594999999999997 0.4972733515895011 0.11590545214243746 0.19767648432322668 0.12197239559059962 0.20456250773372564 0.46201694344816213
0 0.28993137308610184 0.30754933054392464 0.2808377243618673 0.10602840870076888 0.10656934853929098 0.1138922839697933 0.11566299726352551 0.31541320581294907
0 0.29608593750000006 0.379515625 0.2945965743478002 0.32834078679726325 0.2732343295643802 0.3289625013223323 0.27472369271658004 0.38013733952506906
0 0.29772187499999997 0.4512796875 0.29595769939324074 0.39063615101765115 0.272815625 0.39130937499999996 0.27457980060675924 0.4519529114823488
0 0.2638437914529571 0.32856796535992683 0.11652343750000005 0.32502187500000007 0.11311960967965931 0.4664320107806016 0.26043996363261634 0.46997810114052835
0 0.29878750000000004 0.6015203125000002 0.29520552709671416 0.4784233586925519 0.185984375 0.48160156249999997 0.18956634790328586 0.6046985163074481
0 0.3020734375 0.6973828125 0.29946390669082074 0.6077226840808995 0.22470629676004608 0.609898481615151 0.22731582756922536 0.6995586100342516
0 0.30673437500000006 0.823271875 0.30516131450859935 0.7019111621461936 0.2274659654607402 0.7029182383331967 0.22903902595214087 0.8242789511870029
0 0.21530838949517656 0.8191768030213196 0.21123654634414696 0.6792764995020859 0.1278897950253244 0.6817023333993758 0.13196163817635398 0.8216026369186095
0 0.20878437500000002 0.67246875 0.2040475708410288 0.480592902484018 0.12350468750000002 0.48258124999999985 0.12824149165897122 0.6744570975159818
0 0.962678125 0.841053125 0.9528573513983327 0.5035750523098721 0.8363969671841165 0.5069641052868967 0.8462177407857838 0.8444421779770245
0 0.8194033131641142 0.5107463960355768 0.5058250000000001 0.5016218750000001 0.503151373014041 0.5935052118916812 0.816729686178155 0.6026297329272579
0 0.8242437499999999 0.8370640624999999 0.817343685671917 0.5999317424416041 0.6255515624999999 0.6055125 0.632451626828083 0.8426448200583957
0 0.60925625 0.8308125000000002 0.6024953721069723 0.5984057218405531 0.5075156250000001 0.60116875 0.5142765028930277 0.8335755281594471