0 0.5446424729333262 0.21929596458366837 0.45265056241952484 0.21846854019714373 0.4469789488611987 0.8490307709259755 0.5389708593750001 0.8498581953125001
0 0.43811126672087986 0.35626244913624167 0.17684191250000003 0.35239179218750005 0.17523156609162027 0.46109017898875837 0.4365009203125001 0.4649608359375
0 0.4391320780445674 0.476181302354204 0.16878369062500007 0.47217614218749987 0.16529442039293274 0.7077019492082959 0.4356428078125 0.711707109375
0 0.437684611577194 0.717299869952668 0.1735942890625001 0.7133874203125 0.17188054934384897 0.8290648389706969 0.4359708718585429 0.832977288610865
0 0.8264767031158418 0.7244648984056895 0.566608959375 0.7206150046875 0.5649569875024725 0.8321230707956081 0.8248247312433141 0.8359729645137974
0 0.8201409087800539 0.4915747914157137 0.6523038109375001 0.4890883156250001 0.6508376459074461 0.5880544445217866 0.8186747437499999 0.5905409203125002
0 0.639819831458213 0.4842708763915587 0.5631496890625001 0.4835811109375001 0.5622177201042872 0.5871731251709417 0.6388878625000001 0.5878628906250002
0 0.8158482074163158 0.3604534040427648 0.5601353046875002 0.35666506562500017 0.5584421628961844 0.4709521631447354 0.8141550656250001 0.47474050156250014
0 0.8185166924554341 0.2238887708291466 0.5585699156249999 0.22003770625000002 0.5567115637714227 0.3454764166705106 0.8166583406018569 0.3493274812496572
0 0.43811557871639034 0.21408131321100562 0.17532686875000006 0.21018814843750003 0.17338615253360984 0.34118653678899447 0.43617486250000004 0.3450797015625001
0 0.8214114049662781 0.6038677837480592 0.5585492125000001 0.5967958781250001 0.5556401886305854 0.7049240734105491 0.8185023810968632 0.7119959790336081