0 0.19663437500000006 0.30859375 0.03974687500000003 0.30859375 0.03974687500000004 0.4521484375 0.19663437500000006 0.4521484375
0 0.65646009515538 0.6894417711654646 0.6547914846240984 0.546045553633465 0.5815587870581227 0.5468977159324145 0.5832273975894042 0.6902939334644141
0 0.570500731890381 0.6874886217980762 0.5688560859780609 0.546227002867081 0.5112455772083473 0.5468977362798212 0.5128902231206673 0.6881593552108164
0 0.9753359375 0.4651218750000001 0.04302968750000006 0.465121875 0.043029687500000066 0.5330343750000001 0.9753359375 0.5330343750000002
0 0.20125625000000008 0.54455 0.043187500000000066 0.54455 0.04318750000000008 0.6860734374999999 0.20125625000000008 0.6860734374999999
0 0.9759234375 0.451690625 0.9742353853273477 0.30661244274255095 0.900909375 0.3074656249999999 0.9025974271726523 0.4525438072574489
0 0.897715625 0.3074609375000001 0.6727453125 0.3074609375000001 0.6727453125 0.4533203125000001 0.897715625 0.45332031250000016
0 0.666275 0.3074656250000001 0.5162921875 0.3074656250000001 0.5162921875 0.451690625 0.666275 0.451690625
0 0.9786828125 0.6888124999999999 0.9769861593732067 0.5429788798516314 0.9093625 0.543765625 0.9110591531267932 0.6895992451483686
0 0.9028984375 0.6888156249999999 0.9012187662613552 0.5444645529327864 0.8205578124999999 0.5454031249999999 0.8222374837386447 0.6897541970672135
0 0.7350281249999999 0.6879953125 0.7333411762492041 0.5430103921627578 0.6681640625 0.54376875 0.6698510112507957 0.6887536703372422
0 0.8132359375000002 0.6887140625 0.8115464465753718 0.543504282052535 0.7391265625 0.5443468749999999 0.7408160534246282 0.6895566554474649
0 0.5070609374999999 0.6887140624999999 0.5053607872841 0.5426128096729735 0.42348124999999986 0.5435656249999999 0.4251814002158997 0.6896668778270263
0 0.41895625000000003 0.6887140624999999 0.4172637985297659 0.5433015236451838 0.34610937499999994 0.5441296875 0.34780182647023394 0.6895422263548161
0 0.3404390625 0.687590625 0.3387381177950247 0.5414452032547847 0.20488125 0.543003125 0.2065821947049753 0.6891485467452153
0 0.5129125 0.44979687499999993 0.5112560928672523 0.30729552442486235 0.42914218749999994 0.30824999999999997 0.4307985946327477 0.45075135057513754
0 0.4254500000000001 0.451859375 0.4237584637412848 0.30653817448360426 0.3478375002116732 0.3074218931850091 0.3495290364703885 0.45274309370140486
0 0.3445671875000001 0.45185937500000006 0.3428766566889419 0.3066245532767492 0.27437812500000003 0.307421875 0.2760686558110582 0.4526566967232508
0 0.2698390625 0.307425 0.19720781250000002 0.307425 0.19720781250000002 0.4522734375 0.26983906250000006 0.4522734375