0 0.259765625 0.11679687500000002 0.06250000000000003 0.116796875 0.06250000000000003 0.4439453125 0.25976562500000006 0.4439453125
0 0.501953125 0.11679687500000005 0.390625 0.11679687500000005 0.390625 0.3384765625000001 0.501953125 0.3384765625000001
0 0.6826171875000001 0.483984375 0.55078125 0.483984375 0.5507812500000001 0.816015625 0.6826171875000002 0.816015625
0 0.3818359375 0.11679687500000005 0.26953125 0.11679687500000005 0.26953125 0.3404296875 0.3818359375 0.3404296875
0 0.4990234375 0.355078125 0.26953125 0.355078125 0.26953125000000006 0.4439453125 0.4990234375 0.4439453125
0 0.80695 0.11174062500000007 0.5086921875 0.11174062500000004 0.5086921875 0.44343750000000004 0.80695 0.4434375000000001
0 0.8961703124999998 0.11085000000000012 0.7214999388522088 0.10847888388717526 0.7188249388522088 0.3055351338871753 0.8934953124999998 0.30790625000000016
0 0.7361140625 0.32128593750000006 0.714715625 0.32128593750000006 0.714715625 0.3712140625000001 0.7361140625 0.3712140625000001
0 0.7383484375 0.3836953125000001 0.7151671875 0.3836953125000001 0.7151671875 0.4429921875000001 0.7383484375 0.44299218750000013
0 0.8930979285294935 0.32190441013080157 0.752510225493662 0.32119793926127477 0.7517987278104642 0.4627859782176406 0.8923864308462957 0.46349244908716736
0 0.8278828125000001 0.47659375000000004 0.7184765625 0.47659375 0.7184765625 0.5933281250000001 0.8278828125000001 0.5933281250000002
0 0.7928640625 0.6038718750000001 0.7179796875 0.6038718750000001 0.7179796875 0.6891750000000001 0.7928640625 0.6891750000000002
0 0.7939686747667087 0.8152719285876417 0.7934640360561162 0.6968500445018917 0.7155103979224464 0.6971822333007566 0.716015036633039 0.8156041173865068
0 0.8918546875000001 0.814190625 0.8912880368574863 0.677900942624494 0.808060749596968 0.6782469761244542 0.8086274002394818 0.8145366584999602
0 0.8907562845476207 0.6668241908143869 0.8904436104085333 0.47931003544647854 0.8101342395023297 0.47944394887482467 0.8104469136414171 0.666958104242733
0 0.17765625000000007 0.483034375 0.06100000000000007 0.483034375 0.061000000000000075 0.81373125 0.1776562500000001 0.81373125
0 0.5083562500000001 0.48731562500000003 0.2001296875000001 0.48731562500000003 0.2001296875000001 0.57935625 0.5083562500000001 0.57935625
0 0.39155156250000006 0.5878078125 0.1994343750000001 0.5878078125 0.1994343750000001 0.8137703125 0.39155156250000006 0.8137703125
0 0.5095625000000001 0.5868984375 0.41442187500000005 0.5868984375 0.4144218750000001 0.8137734375000001 0.5095625000000001 0.8137734375000001