0 0.4676995074197074 0.000013941066606898422 0.3088508277291293 -0.0035160293264748454 0.3050259136219616 0.1686051185007834 0.46387459331253955 0.17213508889386517
0 0.7171269792016418 0.5953844189145512 0.5579152961402416 0.5947094543171758 0.5575714570860821 0.6758147370651045 0.7167831401474823 0.6764897016624799
0 0.7166950043726393 0.5175193061909666 0.5599559942722455 0.5168561281171551 0.5596860346149775 0.5806598199431804 0.7164250447153713 0.5813229980169918
0 0.5572473562500001 7.077671781985372e-17 0.4820996131175326 -0.0016699497687846982 0.4599196468750001 0.9964285781250002 0.5350673900074676 0.998098527893785
0 0.7266744812500001 8.881784197001253e-17 0.5700734573087101 -0.0034800234793483016 0.5661779692397018 0.1718169031011601 0.7227789931809918 0.1752969265805085
0 0.44606047812500016 0.9509626171875001 0.28555331506340786 0.9502820692745587 0.2853521718750001 0.9977216718750002 0.4458593349365924 0.9984022197879415
0 0.4534787000000001 0.6983316031250001 0.29207979835770054 0.694744960299571 0.28652145218795677 0.9448704984166769 0.44792035383025636 0.948457141242106
0 0.45552433750000015 0.525088915625 0.29593393057661416 0.5215424626777367 0.29222099062500007 0.6886247859375001 0.45181139754838606 0.6921712388847634
0 0.7084093796875002 0.9583862609375 0.5471602236571848 0.9577045236281491 0.5469992312500002 0.9957835453125 0.7082483872803156 0.996465282621851
0 0.7105984234375 0.8600350249999998 0.5502364795095964 0.8593567412647282 0.54985863125 0.9486887984375002 0.7102205751779037 0.9493670821727719
0 0.7134396765625001 0.6913116500000002 0.552485045524398 0.6906309671606057 0.5521797781250002 0.7628146609375002 0.7131344091631022 0.7634953437768947
0 0.7124893890624999 0.769881878125 0.5512347255675075 0.7692000121087501 0.550895578118421 0.8494050765558653 0.7121502416134134 0.8500869425721153
0 0.7202559015625001 0.4203887984375001 0.5579481013452346 0.4197021594798197 0.5575644750000002 0.5103838015625002 0.7198722752172656 0.5110704405201806
0 0.7221598625000001 0.3347105984375002 0.5606903336880867 0.3340271548739918 0.5603567859374721 0.41283073281911353 0.7218263147493855 0.41351417638262183
0 0.724390965625 0.17834265000000007 0.561668807518395 0.17765394480129587 0.561041368749972 0.32590052500661304 0.7237635268565772 0.3265892302053173
0 0.4555727031250001 0.4285681140625 0.2972458638368515 0.4279003747592964 0.2968623218684104 0.5188415359374724 0.45518916115655894 0.519509275240676
0 0.4598561312500002 0.3385650390625001 0.2984534073292217 0.3378834597321296 0.2980983395636544 0.4219659751274822 0.45950106348443287 0.4226475544578527
0 0.46166366718749996 0.2572259390625001 0.3004097182070059 0.25654324180175864 0.30008854218750003 0.3324054203125001 0.4613424911679941 0.3330881175732415
0 0.4635102761054677 0.17366434408135617 0.3031793443700817 0.171092922610768 0.30188938906249996 0.2515230421875001 0.462220320797886 0.2540944636580883