0 0.451622401559153 0.2398814929587852 0.44556441843996747 0.03542456731662269 0.08948044723326468 0.0459752037394659 0.09553843035245017 0.2504321293816284
0 0.3217285902609315 0.494966994896361 0.31830972932425705 0.3795804118868236 0.07898983096701744 0.3866713702159633 0.08240869190369182 0.5020579532255007
0 0.8092967184111327 0.6679350765715864 0.8052480664240915 0.5312930702087028 0.4500382046381038 0.5418178067155509 0.4540868566251449 0.6784598130784345
0 0.3303113670919329 0.3701073511240648 0.32686251847846715 0.2537085994527838 0.0853482032676712 0.26086457234069915 0.08879705188113693 0.37726332401198015
0 0.43455931150857097 0.2508468770482687 0.3426188023186905 0.24607959628098555 0.32989220822023013 0.49152130588102594 0.42183271741011064 0.49628858664830916
0 0.4284718852026054 0.8081972619778706 0.41931245781250015 0.4990664859375 0.05927391737451766 0.5097342910361116 0.06843334476462296 0.8188650670764821
0 0.2658786998102585 0.9027091683655355 0.258074304865793 0.721943298257329 0.046940639430534524 0.7310587939542935 0.054745034375 0.9118246640625
0 0.33568562655719775 0.7374637744368063 0.3350284859374999 0.7152852578124999 0.2813451921928022 0.7168758724381935 0.2820023328125 0.7390543890625
0 0.41029072692355506 0.7375711142246766 0.4095788359375 0.71354479375 0.346010980888945 0.7154282857753236 0.346722871875 0.73945460625
0 0.4280423751080377 0.7527617416984002 0.2814159653792409 0.7459750656115145 0.2742003000000001 0.9018698062500002 0.420826709728797 0.9086564823368859
0 0.5689535758102655 0.8257498029657293 0.5655937343749999 0.7123551578124998 0.4350574866897345 0.7162228985967705 0.438417328125 0.8296175437499999
0 0.667501355005973 0.7865026488099711 0.665201671875 0.708888371875 0.570241190306527 0.7117020168150289 0.5725408734374999 0.78931629375
0 0.7961123038607606 0.7855500158183196 0.7960216937500001 0.7039764796875 0.6691036759857683 0.7041174574628004 0.6691942860965286 0.7856909935936202
0 0.791609047702351 0.8855392260251207 0.7894103163137052 0.7992380736261784 0.6425997654863542 0.8029784288510575 0.644798496875 0.88927958125
0 0.6394511018129306 0.8888950042375633 0.6371229826940812 0.8056425575841099 0.4356280136936507 0.8112772783465466 0.43795613281250007 0.8945297250000002
0 0.8335860950214469 0.1433866725770711 0.8300036078125 0.0224777296875 0.47655543935355305 0.032950268047928874 0.4801379265625001 0.1538592109375
0 0.5790019109375002 0.17424306093750008 0.48377822331003556 0.16930553673801496 0.4667704906249999 0.49731183281250013 0.5619941782524644 0.5022493570119853
0 0.8284863219783466 0.3654252516350168 0.8225864468749998 0.16630445 0.5715705920841532 0.1737419561774831 0.5774704671875 0.3728627578125
0 0.8139296242498242 0.48827695749507855 0.8110078765624997 0.38966798906249994 0.5672464210626755 0.3968905518799214 0.5701681687499999 0.4954995203125