0 0.2041974726533602 0.4582831878101163 0.19638192960134387 0.30426224334819696 0.02693955023907594 0.3128603221053968 0.034755093291092255 0.4668812665673161
0 0.7127866601824441 0.6877145974627445 0.7023318385886378 0.5335912185758909 0.6236910753734024 0.5389257444301393 0.6341458969672087 0.693049123316993
0 0.6202675741474859 0.6903106028850218 0.6099737950426998 0.5385636289940702 0.5481095269159488 0.5427602010524604 0.558403306020735 0.694507174943412
0 1.003697635955033 0.5047180038307071 0.9999999999684104 0.4318529228150011 0.039881096875 0.480575440625 0.043578732861622546 0.5534405216407061
0 0.2232702078125 0.7089393484375 0.2155632041731596 0.5570986990179372 0.044835532812499995 0.5657643546874999 0.05254253645184037 0.7176050041070626
0 1.0078572035747624 0.41700791382412794 0.99999989860233 0.26226553119130236 0.9525551078125 0.2646746203125 0.9604124127849325 0.41941700294532563
0 0.957905034375 0.42129524062500023 0.9499636927611252 0.26480247630578935 0.7072947796875001 0.277116890625 0.7152361213013749 0.43360965494421083
0 0.7090232296875001 0.43217257031250006 0.7011704216183048 0.27743171656261356 0.5391161453084863 0.2856556671084097 0.5469689533776816 0.44039652085829617
0 1.0078988801938107 0.6720688782728026 0.9999999993507306 0.5164479106458247 0.9758709546874998 0.5176726328125001 0.9837698355305798 0.6732936004394778
0 0.9776553328124999 0.6736079421875001 0.9671268369350916 0.5183963030947115 0.8805097671946562 0.5242718126055039 0.8910382630720646 0.6794834516982926
0 0.7971561890625002 0.681884353125 0.7865881450799312 0.5260871503082837 0.7165965328125001 0.530834825 0.727164576795069 0.6866320278167163
0 0.8812672999999999 0.6783893859375001 0.8706800873338946 0.5223072283253034 0.7929126015625 0.5275822765625 0.8034998142286053 0.6836644341746967
0 0.55214873125 0.69509234375 0.5414922191358983 0.5379976644438342 0.4535666296875001 0.5439620937499999 0.46422314180160174 0.7010567730561655
0 0.45744176093750005 0.6998974015625001 0.4468389290306491 0.543603610862785 0.3704287070662112 0.5487872124366354 0.3810315389730621 0.7050810031363506
0 0.37297203593750006 0.7029745218750001 0.36229326922898336 0.5455355121645095 0.2185504109375 0.5552852968750001 0.2292291776460167 0.7127243065854907
0 0.5440544734375001 0.43850739374999986 0.533660244779128 0.28527033553140824 0.44548296093749995 0.29125149218750007 0.4558771895958721 0.44448855040609175
0 0.450161371875 0.445489375 0.4395630522519164 0.2892673651479374 0.3580376953125 0.294798159375 0.3686360149355835 0.4510201692270627
0 0.36321588281249995 0.44990299531249994 0.3526284977281135 0.29381650260566017 0.2790718859375 0.2988058656249999 0.28965927102188643 0.4548923583318397
0 0.2820645031250001 0.45446650625 0.27419455625000005 0.29905773125 0.19612016937050902 0.3030114415668067 0.20399011624550903 0.45842021656680665