0 0.7688560640478693 0.5337782322135607 0.7683374909073304 0.4446687500529148 0.15753298935946097 0.448223330339354 0.15805156250000002 0.5373328125
0 0.6346703125000001 0.1794593750000001 0.5293687499999999 0.17945937500000006 0.5293687499999999 0.4325640625 0.6346703125000001 0.4325640625
0 0.5185390625 0.17337343750000006 0.2903734375 0.17337343750000006 0.29037343750000005 0.43527343749999997 0.5185390625 0.43527343749999997
0 0.2849859375 0.18149375000000006 0.17292343750000005 0.18149375000000004 0.17292343750000005 0.43733125 0.28498593750000006 0.43733125
0 0.2836250000000001 0.562246875 0.17560156250000009 0.562246875 0.17560156250000009 0.8139937500000001 0.2836250000000001 0.8139937500000001
0 0.5090968750000001 0.6419234375 0.4132234375 0.6419234375 0.4132234375000001 0.804515625 0.5090968750000002 0.804515625
0 0.5135836153773186 0.6297631115326396 0.5131515624999999 0.5554953125000001 0.41280544712268147 0.5560790759673605 0.41323750000000004 0.6303468750000001
0 0.63603125 0.5507546875 0.525315625 0.5507546875 0.5253156250000001 0.7984765625 0.6360312500000002 0.7984765625
0 0.7683375000000001 0.5472781250000002 0.64681875 0.5472781250000001 0.6468187500000001 0.7991015625 0.7683375000000001 0.7991015625000001
0 0.772378125 0.17595156250000007 0.6454734375 0.17595156250000007 0.6454734375 0.43052812500000004 0.772378125 0.4305281250000001
0 0.40343281250000007 0.5526640625000001 0.2986449672648615 0.552349372619233 0.29788282619702067 0.8061329390612286 0.4026706714321593 0.8064476289419955