0 0.47878295918986763 0.9581301114971732 0.4740474546542928 0.798306840413791 0.32815016267406316 0.8026297233282571 0.33288566720963797 0.9624529944116393
0 0.7046510000900497 0.39761930660964456 0.7013462950988361 0.3232634388700636 0.5554489111106856 0.3297477665731482 0.5587536161018993 0.4041036343127292
0 0.704548584304517 0.4691464914431573 0.7019488825605005 0.4106532084992299 0.5582703159369784 0.4170389232587694 0.560870017680995 0.4755322062026968
0 0.5608752885836785 0.9518621365716221 0.532806465625 0.004539364062500004 0.46378573329132156 0.006584422803377787 0.49185455625 0.9539071953124999
0 0.7163993847307247 0.9468370847508905 0.7116280421875001 0.7858042671875001 0.5677951465192753 0.7900659824366097 0.5725664890624999 0.9510987999999999
0 0.45343422531352073 0.08110275523460324 0.45012536093750005 0.0066532984374999965 0.3025095715614793 0.013213999452896771 0.3058184359375 0.08766345625000002
0 0.4609209884568138 0.3150570986873826 0.4541355328125 0.08604797187499999 0.30589594435568623 0.09044025600011737 0.31268139999999994 0.31944938281249996
0 0.4639739805451059 0.4740441977054438 0.45944571406250007 0.32121520312500007 0.31286717101739414 0.32555827104455626 0.3173954375 0.478387265625
0 0.6940026919566875 0.06460954278105316 0.6909511530569878 -0.00405007117709501 0.5426460267253003 0.0025412688543518442 0.545697565625 0.0712008828125
0 0.6969352912211675 0.1548329537518725 0.6932953562499999 0.0729344265625 0.5463947509663326 0.07946334312312749 0.5500346859375 0.1613618703125
0 0.7004558550165212 0.3096739782210407 0.6975145796875 0.2434952734375 0.5500195715459786 0.2500506061539593 0.5529608468749999 0.3162293109375
0 0.6991589683548021 0.23755256533109473 0.6958909234374999 0.16402155312500002 0.548144276957698 0.17058807060640538 0.5514123218750001 0.24411908281250003
0 0.7088017434634788 0.5581938683122144 0.70510681875 0.47505806093749986 0.5564244159115213 0.48166616762528547 0.560119340625 0.564801975
0 0.7109697523306424 0.6368089665273495 0.7077588125000001 0.5645628218749998 0.5598105429818575 0.5711383006601504 0.5630214828125 0.6433844453125
0 0.7150209548374089 0.7802733807976527 0.7089804828124999 0.6443627515624999 0.560087099850091 0.6509802348273472 0.5661275718749998 0.7868908640625001
0 0.4658429487606002 0.5604490555696626 0.46213744843749993 0.47707530781250007 0.3171102543643997 0.4835209616178375 0.32081575468749995 0.5668947093750001
0 0.47029209121026716 0.6429441950412735 0.46686605468750014 0.5658583765625 0.31899538691473295 0.5724304065212266 0.32242142343749997 0.649516225
0 0.47239178157384354 0.7175761340114366 0.469300621875 0.64802504375 0.32154143248865646 0.6545921191135634 0.32463259218750007 0.724143209375
0 0.4737375564153596 0.7990964705577225 0.4719944625000001 0.724726984375 0.324758877899083 0.7281779353606191 0.32650197181444246 0.8025474215433416