0 0.7715942969557064 0.4890344814717297 0.7710240446855628 0.3910446734957064 0.09934899147985657 0.3949534904614767 0.09991924375 0.49294329843749995
0 0.6240360828125 0.09940549843750006 0.50824055 0.09940549843750006 0.50824055 0.37773367656250006 0.6240360828125 0.37773367656250006
0 0.49633161562500006 0.09271305781250007 0.245427834375 0.09271305781250004 0.24542783437500004 0.38071305781250003 0.49633161562500006 0.3807130578125001
0 0.23950343593750004 0.10164261093750004 0.1162731953125 0.10164261093750002 0.11627319531250002 0.3829759453125 0.23950343593750006 0.3829759453125
0 0.2380068734375001 0.52034020625 0.11921821250000005 0.52034020625 0.11921821250000006 0.7971752578125 0.2380068734375001 0.7971752578125
0 0.48594845312500007 0.6079570453125 0.3805206187500001 0.6079570453125 0.3805206187500001 0.7867525765625001 0.4859484531250001 0.7867525765625001
0 0.4908823278432507 0.5945848641634056 0.49040721717841046 0.5129158062500528 0.38006097214765966 0.5135577467741472 0.38053608281249995 0.5952268046875
0 0.6255326453125001 0.5077027484375 0.5037835046875 0.5077027484375 0.5037835046875001 0.780111684375 0.6255326453125002 0.780111684375
0 0.7710240546875001 0.5038797250000002 0.6373951890625 0.5038797250000001 0.6373951890625001 0.78079896875 0.7710240546875002 0.7807989687500001
0 0.7754673546874999 0.09554810937500009 0.6359158078125 0.09554810937500009 0.6359158078125 0.3754948453125001 0.7754673546874999 0.3754948453125001
0 0.36975429531250004 0.5098024062500001 0.25452367553318556 0.509456355517288 0.25368558224951665 0.7885310673470013 0.36891620202883113 0.7888771180797133