0 1 0.03147897500000011 0.8179281250000001 0.031478975000000096 0.8179281250000001 0.3957257125000001 1 0.3957257125000001
0 0.69529392360819 0.2763779829977606 0.6705500809410994 0.018168723795335018 0.5478205743955882 0.029929725743723944 0.5725644170626788 0.28813898494614953
0 0.5677361093998932 0.8046373379315945 0.5310909951563266 0.42223478240682943 0.38575260266013534 0.4361623619170933 0.42239771690370187 0.8185649174418584
0 0.8303110248040989 0.2794716661733068 0.8053385817898782 0.018873236649137547 0.681534075851377 0.030737087767113015 0.7065065188655977 0.29133551729128226
0 0.8415788819012266 0.296024616102696 0.5766281847366865 0.29420678365524594 0.5759516192137023 0.39281681080248176 0.8409023163782425 0.3946346432499318
0 0.5748539359374999 0.3902661265624999 0.5325490685803465 -0.001402238000641176 0.2063499392606508 0.03383116899989793 0.24865480661780426 0.42549953356303905
0 0.3253038139513227 0.22596233731426754 0.29985497810397016 -0.0014543936252034372 0.10775227231498481 0.02004266248522557 0.13320110816233735 0.24745939342469656
0 0.3379994203125 0.310476659375 0.3324539479982943 0.25261009439170223 0.30886407144061895 0.25487076093349326 0.31440954375482466 0.31273732591679104
0 0.34513298750000004 0.39017411249999995 0.3385724708971737 0.32170670027739984 0.31301712968750006 0.32415540156249995 0.3195776462903265 0.39262281378510006
0 0.304343879071601 0.25467521834352913 0.13444895781250002 0.2543616890625 0.13415886806496463 0.41155522024985247 0.3040537893240656 0.4118687495308816
0 0.3574459484375 0.5570818281250001 0.3438369598575643 0.4150662252408289 0.22322627343749998 0.4266240359375 0.2368352620174357 0.5686396388216711
0 0.3681979171875 0.6635145828125 0.3583073602410455 0.5603087903680535 0.2757541123623838 0.5682201447593119 0.28564466930883825 0.6714259372037584
0 0.3827018515624999 0.8032762343750001 0.37166409861917404 0.6647005871146098 0.2857138980413949 0.6715466462755255 0.2967516509847208 0.8101222935359159
0 0.2815349418789223 0.8002768525031808 0.26439225573300656 0.6406654542966437 0.1717802625122058 0.6506122272149379 0.18892294865812156 0.810223625421475
0 0.26269791718749996 0.6381357249999999 0.24286204734473166 0.4211217240506631 0.1538769671875 0.4292552843750001 0.17371283703026835 0.646269285324337
0 1 0.43874498437500015 0.9477872671875 0.43874498437500015 0.9477872671875 0.8060618640625 1 0.8060618640625
0 0.9337202976722084 0.4433983415467231 0.5800877312500001 0.44097152812500007 0.5793868785403408 0.5430990094477408 0.9330194449625491 0.5455258228694639
0 0.9587339125 0.8058228781250001 0.9326049886481285 0.5331540268519467 0.7208128468749999 0.5534493437500002 0.7469417707268714 0.8261181950230536
0 0.7193958328125001 0.8041850296874999 0.6942243342207859 0.5414874828780516 0.5893400453125002 0.5515374234375 0.6145115439042144 0.8142349702469485