0 0.9131728504994158 0.07608179047501909 0.5533798189267841 0.06009098900050671 0.543914047691983 0.2730708408341028 0.9037070792646148 0.28906164230861525
0 0.9052014883632719 0.4306908043525528 0.6621448329930397 0.41988828587216853 0.6568027638494764 0.5400848364403317 0.8998594192197084 0.5508873549207158
0 0.506363794925888 0.5862205785571669 0.14353986102846222 0.570095070526006 0.1372137268093403 0.7124330917101795 0.5000376607067661 0.7285585997413404
0 0.9072033666298427 0.29978141685758525 0.6619727876799546 0.2888822796210614 0.6565838583009249 0.4101331862626404 0.901814437250813 0.4210323234991643
0 0.6461145092683538 0.2854548020689098 0.5499997101936184 0.28403087869726484 0.5462847759554679 0.5347888653880859 0.6423995750302034 0.5362127887597309
0 0.914263538573781 0.563266520131509 0.5486475093750001 0.5425682046875 0.5305347786563704 0.8625123422288457 0.8961508078551514 0.8832106576728547
0 0.9114426678571043 0.7893731449169635 0.6961101040710076 0.7763441018710988 0.6847039896531075 0.9648543287387223 0.9000365534392042 0.9778833717845871
0 0.6761602977024859 0.7711101334883592 0.6214998625000001 0.7686807796875 0.6204730601100142 0.7917838227616409 0.6751334953125 0.7942131765625001
0 0.6087404653297722 0.7686021930348077 0.5438946578125001 0.7657201578125001 0.5427823081077281 0.7907480319651925 0.6076281156250002 0.7936300671875001
0 0.6750425882095832 0.8080849650848296 0.5218958772189702 0.8050458631368833 0.5188093936968871 0.9605802308645537 0.6719561046875 0.9636193328125
0 0.5110132359251999 0.7678388205704062 0.3813163171875001 0.7620745125000001 0.3760664687623002 0.880196090367094 0.5057633875 0.8859603984375
0 0.3723195955775632 0.7611371423665821 0.2777060312500001 0.7569320953124999 0.27411271223493694 0.8377817779459178 0.3687262765625001 0.841986825
0 0.27056881933734034 0.7534529142083279 0.1416544546875001 0.7498052546875 0.13927742848905306 0.8338133207855293 0.2681917931388933 0.8374609803063573
0 0.2881186866508208 0.8530955492649577 0.1411116704135414 0.8504135226369535 0.13943846657522077 0.9421250296219957 0.28644548281250015 0.9448070562499999
0 0.5052209865923161 0.8663585620942384 0.30024085312500015 0.858153303125 0.29675425090768426 0.9452540504057616 0.5017343843750001 0.9534593093750001
0 0.5148123273904732 0.05675418881898564 0.1535728234375 0.040699100000000016 0.14797508510952667 0.16664821430601442 0.5092145890625 0.18270330312500005
0 0.5042699447200696 0.20384560524778045 0.40472289843749987 0.20237083437500006 0.3997426693424303 0.5385363400647196 0.49928971562499996 0.5400111109375001
0 0.401738982494965 0.20148603021429934 0.15131342656250005 0.19035600468750002 0.1420947018800351 0.3977772947857008 0.39252025781250005 0.4089073203125001
0 0.3961786136147764 0.4338108561341157 0.14786680312500006 0.42277477500000005 0.14330148951022367 0.5254943251158843 0.39161330000000005 0.53653040625