0 0.11914975000000005 0.2534602078125 3.103992322088011e-17 0.2534602078125 4.077300495842131e-17 0.4124134953125 0.11914975000000005 0.4124134953125
0 0.6088618499504884 0.5173683683745274 0.5280776960325776 0.5123243906248176 0.5179224029453743 0.6749711746803856 0.5987065568632852 0.6800151524300952
0 0.5137061347382452 0.517368361334808 0.45015500914603734 0.5134007678400192 0.44020293401369714 0.6728086248871563 0.5037540596059051 0.676776218381945
0 0.9683867749999999 0.42677854687500005 5.226529813752273e-17 0.42677854687499994 5.686980056527552e-17 0.501975778125 0.9683867749999999 0.5019757781250002
0 0.10503992031250005 0.51472664375 6.303583367042974e-17 0.51472664375 7.263119555163562e-17 0.6714307953125 0.10503992031250006 0.6714307953125
0 0.9813176984375002 0.25221107343750016 0.9014479832665512 0.24629479800810694 0.8891905930601354 0.4117695593185367 0.9690603082310844 0.41768583474792986
0 0.8955949000000001 0.2522058828125001 0.6382889921875 0.2522058828125001 0.6382889921875 0.4137110734375001 0.8955949000000001 0.41371107343750013
0 0.6393488406250001 0.2522110734375001 0.46516660156249995 0.2522110734375001 0.46516660156249995 0.411906575 0.6393488406250001 0.411906575
0 0.961936434375 0.5138581312500001 0.8913755030961912 0.5086313956505679 0.8791018277709487 0.6743260141533539 0.9496627590497575 0.6795527497527861
0 0.8818488406250001 0.5156712796875003 0.7928704644564534 0.5101156425115895 0.7826086765625002 0.6744671281250001 0.8715870527310468 0.6800227653009108
0 0.6960953484375001 0.5138615921875002 0.6241974477527183 0.5093723779279619 0.613945853125 0.6735588234375001 0.6858437538097818 0.6780480376970385
0 0.7826430859375001 0.5145017296875001 0.7027555776069733 0.5095136140554832 0.6924630265625 0.6743546718750001 0.7723505348930269 0.6793427875070169
0 0.44367948281250014 0.513636678125 0.3533568572352535 0.5079971785356441 0.3429699468750001 0.6743546718750001 0.4332925724522467 0.679994171464356
0 0.3460847750000001 0.5142612453125001 0.2675931699879971 0.5093606128955027 0.257291746875 0.674354671875 0.33578335188700303 0.6792553042919973
0 0.2592377296875001 0.513013840625 0.11157803752138969 0.5037946550098964 0.10100672812500007 0.6731107265625 0.2486664202911105 0.6823299121776035
0 0.4695076890625002 0.25307958437500006 0.3789267019538224 0.24742277718931555 0.36878559531250005 0.4098096890624999 0.4593665824211778 0.4154664962481845
0 0.3726915281250001 0.2521626296875001 0.28894186057913646 0.24693379585462782 0.27863027031250004 0.4120934250000001 0.3623799378583637 0.41732225883287244
0 0.2831327046875 0.2521626296875001 0.2075708443842938 0.2474449941051044 0.19729117031250004 0.4120934250000001 0.2728530306157063 0.41681106058239575
0 0.20225009531250002 0.252166090625 0.12233345444887216 0.24581013141371805 0.10915132470684111 0.4115556142578666 0.18906796557046895 0.4179115734691486