0 0.7251374177133456 0.9462259261740151 0.7203716757025531 0.7853820895900812 0.5744424044340322 0.7897059186746094 0.5792081464448247 0.9505497552585431
0 0.4683818697496478 0.40792416004374504 0.464528278184694 0.33360490215079747 0.31812594900137126 0.3411961348517901 0.3219795405663251 0.4155153927447376
0 0.4701464841807718 0.47937097274108964 0.4671149922045279 0.42090648879183085 0.3230485767268617 0.42837659975604997 0.3260800687031057 0.4868410837053088
0 0.5660320984964813 0.9513450742524456 0.5379481468750001 0.0035117093749999994 0.4689122858785189 0.00555721637255453 0.4969962375 0.9533905812500002
0 0.4854154505585343 0.95796702718705 0.48061258125000006 0.7958701812500001 0.3367481588164659 0.8001328306254504 0.34155102812500004 0.9622296765625002
0 0.7003644403813757 0.0713998815066848 0.6981412772578881 -0.003631844234831211 0.5515306056265123 0.0007121773834839751 0.5537537687499999 0.07574390312499998
0 0.7072380185886217 0.30322221406773137 0.7004200703125 0.07311646093749999 0.5521479892238783 0.0775097078072686 0.5589659375 0.3076154609375
0 0.7119414419568174 0.46212369262195363 0.707381046875 0.30821035781250006 0.5607703752306827 0.3125543776905465 0.5653307703125001 0.46646771249999996
0 0.4615682754915523 0.07472134003905277 0.45800989999999997 0.006095531249999997 0.3091380151334476 0.013814814648447235 0.312696390625 0.08244062343750001
0 0.46287201284801727 0.16502729284403897 0.4586275140625 0.08316908906250002 0.3111223449644827 0.09081750403096103 0.31536684374999996 0.17267570781249997
0 0.4687701860947861 0.3197529289100262 0.46534038750000006 0.2536068078125 0.31735685609271397 0.2612800273399738 0.3207866546875 0.3274261484375
0 0.4662101129397052 0.24769079918616557 0.46239927031250005 0.17419599062499996 0.3141098276852949 0.18188507425133438 0.31792067031250004 0.25537988281249996
0 0.4767174422531181 0.5682862215508484 0.47240881874999985 0.4851913468749999 0.32311271712188183 0.49293262688665135 0.32742134062499995 0.5760275015624999
0 0.47823204735280617 0.6469363938391981 0.4744877953125 0.5747258203125 0.3260062120221939 0.5824248655358019 0.3297504640625 0.6546354390625
0 0.48503892728904086 0.7902593967894326 0.47799517968750005 0.654415684375 0.32809852114845917 0.6621881032105675 0.33514226874999997 0.7980318156250001
0 0.7155207203742234 0.5473589760838695 0.7111997656249999 0.46402627812499986 0.5655571171257765 0.4715781192286303 0.5698780718750001 0.5549108171875
0 0.7186694780270891 0.6299067114304181 0.714674403125 0.5528588468750001 0.5662346969729108 0.5605557213820821 0.570229771875 0.6376035859375001
0 0.7207135479194882 0.7045423601915892 0.7171089703125001 0.6350255140625001 0.5688363630180119 0.6427137241834108 0.572440940625 0.7122305703125
0 0.7214906984374999 0.78301615625 0.7193045031249999 0.709232028125 0.572060081572195 0.7135948236525852 0.574246276884695 0.7873789517775852