0 0.9935232109375001 0.42582119687500003 0.9839762149447153 0.23764622186975864 0.9012081096799541 0.2418454346995786 0.9107551056727388 0.43002040970482
0 0.9021511734375002 0.4314116046875 0.8925408565851096 0.24192899474163948 0.7862878406250001 0.24731801250000002 0.7958981574773906 0.43680062244586065
0 0.7849508015625001 0.4407020609375 0.7750922825689472 0.24638923622496717 0.703441998743494 0.25002443469954894 0.7133005177370468 0.44433725941208185
0 0.7032081484375001 0.4408773328125001 0.6935974021984717 0.2514192511115244 0.5947613576543833 0.2564329625080209 0.6043721038934118 0.4458910442089966
0 0.5957153093749998 0.44598844531250004 0.586169191757847 0.25779780510863404 0.49845092656249995 0.26224738281250004 0.5079970441796529 0.450438023016366
0 0.49822265312500014 0.4531083203125001 0.4884887705454052 0.26120542761822857 0.3983020984375 0.26577996249999997 0.40803598101709493 0.45768285519427143
0 0.40048086406250005 0.45528295156250004 0.39099615876134364 0.26832847096280915 0.30327959093067347 0.2727785691537384 0.3127642962318299 0.4597330497534293
0 0.1310133328125 0.6614308890624999 0.12485439348699574 0.5400101027347773 0.040318378125 0.5442981015624999 0.04647731745050428 0.6657188878902225
0 0.20274308749999995 0.6592559765625001 0.19633690778160018 0.5329580034963604 0.13209175044718222 0.5362166941461748 0.138497930165582 0.6625146672123146
0 0.2670640734375 0.5843168390625 0.26465133040844846 0.5336161211992068 0.2002372234375 0.5366814562500001 0.2026499664665516 0.5873821741132934
0 0.5101566046875001 0.6462617046875001 0.5038095716071749 0.5211222361011606 0.41485709843749996 0.5256338765625002 0.4212041315178251 0.6507733451488396
0 0.305331853125 0.4598048640625 0.2957713019230281 0.27132891393785546 0.11663382500401014 0.2804157657040553 0.126194376205982 0.4688917158286999
0 0.122645925 0.4722226546875 0.11297312624771758 0.28154950976679904 0.0212003796875 0.28620511718749997 0.030873178439782413 0.47687826210820095
0 1.0031016394843255 0.618684898763193 0.9972186594488583 0.49504112278463974 0.8079846906249999 0.5040448890625 0.8138676706604672 0.6276886650410533
0 0.7142932109375 0.6349096421875 0.7084685686482805 0.5124994466638414 0.5103827155508196 0.5219249625035298 0.5162073578400391 0.6443351580271883
0 0.8083856781250001 0.6341582109375 0.80679840343643 0.6007738500627942 0.76467858125 0.60277645625 0.7662658559385702 0.6361608171247058
0 0.762559753125 0.6338556296875 0.7610256259785535 0.6016164313975485 0.7184770984375 0.6036411359374998 0.7200112255839465 0.6358803342274514
0 0.8106469140624999 0.5941315296874999 0.8091559522179035 0.5627953544467306 0.7641972828124998 0.56493446875 0.7656882446570964 0.5962706439907695
0 0.7615099390625001 0.5952538640625 0.7600470568447273 0.5645186220855576 0.7168930249964683 0.566572592113299 0.7183559072142411 0.5973078340902414
0 0.41431827187500003 0.6502687046874999 0.40813051862673566 0.5250787104421115 0.20144397487673565 0.5352945854421114 0.20763172812500003 0.6604845796874999
0 0.8067825921875 0.559138259375 0.8040635158398881 0.5055294381357511 0.7607314203125 0.507727271875 0.7634504966601118 0.5613360931142488
0 0.7583718515625001 0.5599631109375001 0.7558402682242253 0.5100611328080925 0.713432159375 0.5122125437500001 0.7159637427132747 0.5621145218794077
0 0.9952370359374999 0.4944265796874999 0.9926838164742506 0.44076800609451094 0.03602137651430226 0.48628858179957424 0.038574595977551626 0.5399471553925632