0 0.193047701394735 0.511380302512609 0.18568242804409768 0.4153337331393767 0.04550287039936263 0.42608331812676764 0.05286814375 0.5221298875
0 0.23347273750000008 0.263752275 0.054618354381072376 0.2618165347143219 0.05298751572917011 0.4124992700019804 0.23184189884809778 0.4144350102876585
0 0.24223004041539292 0.6515748406822867 0.23016811614697952 0.5045116691601601 0.03907785541908655 0.5201846362903735 0.0511397796875 0.6672478078125
0 0.3359640990248721 0.5004152627370076 0.2354559643360279 0.4989342357638195 0.23320003593750008 0.6520301343749999 0.3337081706263443 0.653511161348188
0 0.43967283125000006 0.48830325781250006 0.34330005105359856 0.48656841674042905 0.3404923234375 0.642541503125 0.4368651036339015 0.644276344197071
0 0.5434977953125002 0.47877211562500016 0.4468090400955843 0.4770308946542404 0.44398826718750006 0.633666396875 0.540677022404416 0.6354076178457598
0 0.6491806265625001 0.4706677328125001 0.5506031939260858 0.46889320832680176 0.5477746125000001 0.626025046875 0.6463520451364143 0.6277995713606984
0 0.7498492390625 0.46168691875 0.6547329157422664 0.4599743771647984 0.6519040328125 0.6170934484375 0.7470203561327335 0.6188059900227016
0 0.8654460251230077 0.6010361680283989 0.8585872718658711 0.5115665842559183 0.7466264326803635 0.5201495209150193 0.7534851859375 0.6096191046874999
0 0.9452038738380913 0.5928166367427643 0.9348411396412377 0.46921940479242236 0.8106378413713499 0.4796329532678486 0.8210005755682035 0.6032301852181905
0 0.8109671394836383 0.5077385452432176 0.8064402259735717 0.44632191093906554 0.7511074286774333 0.4504003953833481 0.7556343421875 0.5118170296875001
0 0.9460755438922037 0.4520400120052469 0.9388454640624998 0.35775152343750005 0.804152093607796 0.36807986611975313 0.8113821734375 0.46236835468750004
0 0.94363789073361 0.3385390211221536 0.9395403437408687 0.28509597956840116 0.8238939670697587 0.29396273657124755 0.8279915140625 0.34740577812500006
0 0.8538238390625 0.2524775437500001 0.8296990593868451 0.25204299479066833 0.8290382597669627 0.2887284933911803 0.8531630394426177 0.289163042350512
0 0.8809066578125002 0.2496816921875001 0.8573824047438936 0.2492582350104498 0.8567187765625001 0.2861246718750001 0.8802430296311066 0.28654812905205046
0 0.9049578531250001 0.24759778437500007 0.8856532179619598 0.2472507763782859 0.8850064109375 0.2832337328125001 0.9043110461005401 0.28358074080921425
0 0.9416493078125002 0.20725485312500008 0.9120562708251109 0.20672259036318322 0.9107443859375002 0.27966148593750007 0.9403374229248895 0.280193748699317
0 0.9082057439987086 0.24161287075449014 0.9057654718749999 0.20978565312499997 0.8267356888137911 0.21584506362050987 0.8291759609374998 0.24767228125000001
0 0.8244704531249999 0.21638639375000004 0.765710031432249 0.21501557062780496 0.7618932718749999 0.37862121562500006 0.8206536935677509 0.37999203874719517
0 0.7489043015625001 0.22117396875000014 0.66365765841668 0.21963849122712126 0.6608182439986059 0.37727710464480935 0.7460648871444261 0.37881258216768826
0 0.6570331453125001 0.22862099062500002 0.5742123117126863 0.22712999376502546 0.5714149906250002 0.38251359687500014 0.654235824224814 0.3840045937349747
0 0.5664385609375001 0.23536372500000002 0.4253999322985377 0.23420558826719215 0.4239916073951089 0.4057122916044767 0.5650302360340713 0.40687042833728454
0 0.7974873225192599 0.4388589393401986 0.7929959791668475 0.3839060441047291 0.19544235352258751 0.43274457195203037 0.19993369687499998 0.4876974671874999
0 0.32342267968750005 0.2564301578125 0.2406571114734596 0.254940635303023 0.23786945625000006 0.40983716562500005 0.3206350244640405 0.411326688134477
0 0.41894384687499997 0.2505895812500001 0.33023603009731683 0.2489925545192774 0.32747736718800635 0.40222415622187907 0.4161851839656894 0.40382118295260183
0 0.19604959255157042 0.6918007549011437 0.19505539218749995 0.6788344125 0.15120095901092956 0.6821969716613564 0.152195159375 0.6951633140625001
0 0.5094271917959916 0.6680767682021005 0.5082336029967409 0.6525124577025117 0.46905725495074935 0.6555167957504113 0.47025084375 0.6710811062500002
0 0.8323462563873905 0.6431709844248947 0.8310825609374998 0.6266883265625 0.7910503920501093 0.6297575202626052 0.7923140875 0.646240178125
0 0.8178223176135259 0.19547616383457259 0.8165090123808818 0.17834996407163445 0.7715542182048563 0.1817972767995619 0.7728675234375001 0.19892347656250003
0 0.6437189637987559 0.20991882838875314 0.6423941748808776 0.19264348282163507 0.5944424642071218 0.19632074037038189 0.595767253125 0.21359608593749999
0 0.5245931066768338 0.21921830845763962 0.5233633233527273 0.20318312232341143 0.4789870588633935 0.20658646230327182 0.4802168421875 0.2226216484375
0 0.3863971941008899 0.23074571988853596 0.3851917118369644 0.21502600379109643 0.3420980802360745 0.2183306823400605 0.34330356250000005 0.23405039843750003
0 0.22166591688446466 0.24488555371879211 0.2204400265625 0.228897375 0.1747565284280353 0.23240014784370783 0.17598241875 0.24838832656249998