0 0.5631875 0.38257656250000005 0.517528125 0.38257656250000005 0.517528125 0.4767625 0.5631875 0.4767625
0 0.6183562499999999 0.3830531250000001 0.5688890625 0.3830531250000001 0.5688890625 0.4767578125 0.6183562499999999 0.4767578125
0 0.6749640625 0.3821062500000001 0.625015625 0.3821062500000001 0.625015625 0.4767625 0.6749640625 0.4767625
0 0.729196875 0.3811546875000001 0.678296875 0.3811546875000001 0.678296875 0.4762812500000001 0.729196875 0.47628125000000016
0 0.7919765625 0.3806781250000001 0.7353734375000001 0.3806781250000001 0.7353734375000001 0.4762875000000002 0.7919765625 0.4762875000000002
0 0.5122828125 0.38162031250000006 0.46757499999999996 0.38162031250000006 0.46757499999999996 0.4486921875 0.5122828125 0.4486921875
0 0.46377187500000006 0.3816250000000001 0.4124 0.3816250000000001 0.4124 0.47628125 0.46377187500000006 0.47628125
0 0.8471546875 0.3811546875000001 0.8010140625 0.3811546875000001 0.8010140625 0.47818593750000016 0.8471546875 0.47818593750000016
0 0.8880609375 0.4862718750000002 0.742503125 0.4862718750000002 0.742503125 0.5181453125000002 0.8880609375 0.5181453125000002
0 0.96559375 0.48674218750000015 0.8918671874999999 0.48674218750000015 0.8918671874999999 0.5167109375000002 0.96559375 0.5167109375000002
0 0.90375625 0.5214656250000002 0.8557109374999999 0.5214656250000002 0.8557109374999999 0.5785500000000001 0.90375625 0.5785500000000001
0 0.8509671875 0.5209953125000002 0.79198125 0.5209953125000002 0.79198125 0.5804531250000002 0.8509671875 0.5804531250000002
0 0.787703125 0.5228937500000002 0.7425125 0.5228937500000002 0.7425125 0.5794953125000002 0.787703125 0.5794953125000002
0 0.7399265625 0.4530968750000001 0.33989531250000005 0.45309687500000007 0.33989531250000005 0.579146875 0.7399265625 0.5791468750000001
0 0.4019734375 0.52051875 0.3453687500000001 0.52051875 0.3453687500000001 0.580453125 0.4019734375 0.580453125
0 0.40721093750000004 0.38115468750000003 0.3458500000000001 0.3811546875 0.3458500000000001 0.477715625 0.40721093750000004 0.477715625
0 0.3368062500000001 0.381625 0.2901953125000001 0.381625 0.2901953125000001 0.47628125 0.3368062500000001 0.47628125
0 0.9680168323246846 0.38124934485986867 0.8559030682236356 0.38042800478048344 0.8551940494925871 0.47720978951392823 0.9673078135936362 0.4780311295933134
0 0.5699640625 0.520540625 0.5104656249999999 0.520540625 0.5104656249999999 0.57933125 0.5699640625 0.57933125
0 0.6347343750000001 0.579334375 0.6343951912417668 0.5202349969654398 0.5731045878192548 0.5205867566269557 0.573443771577488 0.5796861346615159
0 0.96770625 0.5209390625000002 0.9060406249999999 0.5209390625000002 0.9060406249999999 0.5811906250000002 0.96770625 0.5811906250000002
0 0.09692968750000006 0.382884375 0.023560937500000045 0.382884375 0.023560937500000052 0.4771109375 0.09692968750000006 0.4771109375
0 0.16154062500000005 0.5222187500000001 0.10230781250000005 0.5222187500000001 0.10230781250000007 0.578084375 0.16154062500000008 0.578084375
0 0.2126859375000001 0.5208671875 0.16624843750000004 0.5208671875 0.16624843750000007 0.578084375 0.2126859375000001 0.578084375
0 0.23767656250000008 0.44069843750000004 0.20345000000000008 0.44069843750000004 0.20345000000000008 0.4712921875 0.23767656250000008 0.4712921875
0 0.27724687500000006 0.4404640625 0.2422828125000001 0.4404640625 0.2422828125000001 0.470565625 0.27724687500000006 0.470565625
0 0.2801593750000001 0.38146562500000003 0.2486031250000001 0.38146562500000003 0.2486031250000001 0.40477187499999995 0.2801593750000001 0.40477187499999995
0 0.2796718750000001 0.407684375 0.2485968750000001 0.407684375 0.2485968750000001 0.42977187499999997 0.2796718750000001 0.42977187499999997
0 0.24520156250000008 0.3809796875 0.20927031250000008 0.3809796875 0.20927031250000008 0.404528125 0.24520156250000008 0.404528125
0 0.24520156250000005 0.4297765625000001 0.24504935293916877 0.4071945556556328 0.20911810293916874 0.4074367431556327 0.20927031250000003 0.43001875000000006
0 0.17480156250000006 0.4336609375 0.15076875000000006 0.4336609375 0.15076875000000006 0.45404999999999995 0.17480156250000006 0.45404999999999995
0 0.17455000000000004 0.4581765625 0.15148906250000005 0.4581765625 0.15148906250000005 0.477603125 0.17455000000000004 0.477603125
0 0.33687244206002176 0.3823125576608231 0.16741250000000005 0.38185781250000006 0.1668822454399784 0.579456192339177 0.33634218750000006 0.5799109375
0 0.16401406250000003 0.3810140625 0.09998593750000004 0.3810140625 0.09998593750000005 0.4772140625 0.16401406250000003 0.4772140625
0 0.1750531250000001 0.48478437499999993 0.022654432332196172 0.4844687527075243 0.022456832338295932 0.5798802032276014 0.17485552500609983 0.580195825520077