0 0.5397780296875001 0.7888745203124999 0.44119088372181414 0.7805824998819247 0.42922251093749997 0.92287926875 0.5278096569031859 0.9311712891805752
0 0.6956279218750001 0.7432404281250001 0.5415068947134477 0.7414794983146367 0.539407376775977 0.9252346140283741 0.6935284039375295 0.9269955438387376
0 0.44847272656250003 0.7411186156250001 0.2965894153620341 0.7283425366754538 0.2803548703125001 0.9213404406250001 0.43223818151296606 0.9341165195745464
0 0.4543440900844319 0.6325481681964984 0.29812576792795864 0.6313753861109765 0.2973504328125002 0.7346525015625001 0.4535687549689733 0.7358252836480219
0 0.4668649343750001 0.5262767671875 0.3083198054321902 0.5256050810714765 0.3079002171875001 0.6246449015625 0.4664453461303101 0.6253165876785235
0 0.47743192656250005 0.4198322140625 0.3182120259317537 0.4191588119112538 0.31779177500000005 0.5185233765625 0.4770116756307464 0.5191967787137461
0 0.486549565625 0.31144644062500004 0.32684921206477524 0.31076985262264617 0.3264200203125 0.41207533593750006 0.4861203738727248 0.41275192393985394
0 0.4965280296875 0.20823192656250003 0.33678814156726555 0.20755571211817925 0.33637435000000004 0.30530431718750006 0.4961142381202346 0.3059805316318208
0 0.44619188281250005 0.09538312812500008 0.35435588992055106 0.0876600590670668 0.34481450156250004 0.20111791718750008 0.43665049445444903 0.20884098624543332
0 0.4890231593750001 0.01788646093750007 0.3624442394364594 0.007548279386150924 0.3520892146660458 0.1343334248070825 0.47866813460458646 0.14467160635843163
0 0.5127994402495232 0.15002631443453293 0.4497351791190674 0.14472258947221736 0.44499126942902195 0.2011303333876767 0.5080555305594777 0.20643405834999226
0 0.6045784640625 0.01644474531250007 0.5077960945202629 0.008303740282969273 0.49629750951648666 0.1450018873804692 0.5930798790587238 0.15314289241
0 0.6791100640625001 0.017390296875000082 0.6242534854870003 0.012776449001066142 0.61434664375 0.1305643468750001 0.6692032223254998 0.13517819474893403
0 0.7119158015625 0.10619420312500012 0.6746475067666149 0.10603673127556665 0.6745427499181723 0.13082915686585941 0.7118110447140574 0.13098662871529287
0 0.7149898265624999 0.07843513593750008 0.6775267835733384 0.07827640285082008 0.6774243515558516 0.10245167188159232 0.714887394545013 0.10261040496827231
0 0.7173104984374999 0.05377427812500009 0.6806896517298108 0.05361817971358941 0.6806050874999716 0.07345703438166021 0.7172259342076608 0.07361313279307088
0 0.7589715359375001 0.017001551562500095 0.6845945670687386 0.016685310616636535 0.684465259375 0.04709729375000009 0.7588422282437615 0.04741353469586365
0 0.7561023796875 0.053808200000000084 0.7234333516605265 0.05106045186748061 0.7166571421875 0.13162539687500008 0.7493261702144736 0.13437314500751957
0 0.749561137336215 0.1953081078795308 0.7486862865093011 0.13535925651440228 0.5809493913605862 0.1378070892598715 0.5818242421875002 0.19775594062500002
0 0.7432266234375 0.2146958875000001 0.5828036350748462 0.2140179811211548 0.5824334354072491 0.3016237904483089 0.7428564237699029 0.30230169682715424
0 0.73488841875 0.3089075640625001 0.5767419685605832 0.3082377730877179 0.57638149375 0.39335061250000003 0.7345279439394169 0.39402040347478223
0 0.7272823593750001 0.4018238687500001 0.5531816801355184 0.3993792842319828 0.5511472610310267 0.5442684240180127 0.7252479402705084 0.54671300853603
0 0.5730141765625002 0.16530479843750007 0.5165546463102151 0.1606094460289092 0.46566114687500004 0.7725812046875 0.5221206771272853 0.7772765570960909
0 0.7038233765625002 0.6509996156250002 0.5461757710993714 0.6503310233320622 0.545815043749972 0.7353870484441267 0.7034626492131009 0.7360556407370648
0 0.7105415578125002 0.553001490625 0.5546923226756629 0.5523415171421762 0.5543062765625002 0.6435042578125001 0.7101555116993374 0.644164231295324
0 0.2695655843750001 0.77322734375 0.2562562892779966 0.7721078768438764 0.2524899359375001 0.81688589375 0.26579923103450365 0.8180053606561237
0 0.29894956718750004 0.4520919421875001 0.28297358964116087 0.4507479825820738 0.2796136359375 0.4906885765625 0.29558961348383916 0.49203253616792625
0 0.32789653750000003 0.12101014843750005 0.3109779227721578 0.11958721885195596 0.307546103125 0.1603915109375 0.32446471785284225 0.16181444052304408
0 0.787667965625 0.1462217890625001 0.7700887858503069 0.14474302557514096 0.7662324671875 0.19058600156250008 0.783811646962193 0.1920647650498592
0 0.7716808453125001 0.32476828906250016 0.7539485736297651 0.32327659899222316 0.7498337642039979 0.37219086081796127 0.7675660358867331 0.3736825508882382
0 0.7599620140625002 0.4468110750000001 0.7435026056761346 0.44542696843590973 0.7396961031250001 0.49069283281250015 0.7561555115113657 0.4920769393765905
0 0.7467638531250003 0.5884882390625001 0.730628355757957 0.5871308961640449 0.7269307359375001 0.6310865796875001 0.7430662333045432 0.6324439225859554
0 0.7312810609375002 0.7574253609375001 0.714870003796882 0.7560450104528722 0.7109497828234767 0.8026527170569999 0.7273608399640948 0.8040330675416278