0 0.6631615906249999 0.4821736124999999 0.6628156759224038 0.43547517311425654 0.564374571875 0.4362043671874999 0.5647204865775961 0.4829028065732433
0 0.659867803125 0.42966537812500005 0.6594930412467429 0.37907247174949565 0.5613660624999999 0.3797993375 0.561740824378257 0.4303922438755044
0 0.6577693171874999 0.37227394374999995 0.6573909085423549 0.3211888352176891 0.558267175 0.3219230859375 0.5586455836451449 0.37300819446981087
0 0.65583203125 0.3177915390625 0.6554464136452763 0.2657332142793917 0.5557946046875 0.2664713765625 0.5561802222922237 0.31852970134560826
0 0.653199953125 0.2594323859375 0.6527711292094629 0.20154115086223007 0.5523601343749143 0.20228493592592653 0.5527889582904514 0.2601761710011965
0 0.6668700859375 0.5332388468749998 0.6665313796520089 0.4875136244017555 0.5958547750000001 0.4880371562499999 0.5961934812854911 0.5337623787232442
0 0.6698789734374999 0.589650265625 0.6694897813485229 0.5371093276749056 0.5702969828125 0.5378440890624999 0.570686174901477 0.5903850270125943
0 0.6491272984375 0.192324471875 0.6487777382065678 0.1451338288066894 0.5474037749999143 0.1458847468634266 0.5477533352308466 0.19307538993173717
0 0.544854265625 0.252942609375 0.5368216009109029 0.10262745067531745 0.5043168609374999 0.10436446562500001 0.5123495256515971 0.2546796243246826
0 0.536212459375 0.1002351203125 0.5321099405604717 0.023450358692035406 0.5015444921875001 0.025083434375 0.5056470110020285 0.1018681959954646
0 0.5026889125 0.137464525 0.5023249216154031 0.08832584898631465 0.4417046265624999 0.0887748890625 0.4420686174470968 0.13791356507618532
0 0.5066521843749999 0.20261871875 0.5062053082449091 0.14229044739051538 0.44264084687491423 0.14276129530092657 0.4430877230050051 0.20308956666041117
0 0.5074144 0.253210353125 0.5070720368365903 0.20699133105645315 0.4470759078125 0.20743574687499997 0.44741827097590975 0.2536547689435468
0 0.5988276982214414 0.6632166074389116 0.5811738012446414 0.25068584485199014 0.4505295359375 0.256276653125 0.4681834329143001 0.6688074157119215
0 0.5308011698071703 0.6592409056994504 0.5303723349366557 0.6013480724961535 0.46719558422474866 0.6018160474113895 0.4676244190952633 0.6597088806146864
0 0.6739955390625001 0.657687978125 0.6735306700633795 0.5949306572839699 0.571923382805813 0.5956833037847729 0.5723882518049337 0.6584406246258031
0 0.6765558515624999 0.71459335 0.6762027282149423 0.6669216934615566 0.577233546875 0.6676547984375 0.5775866702225575 0.7153264549759434
0 0.6468483870821349 0.1358405013818508 0.6396407873654109 0.01722472181250422 0.5410092729075482 0.023217992507580238 0.5482168726242722 0.14183377207692682
0 0.5224984140625 0.49043917812500004 0.5190992424912271 0.4268476958249776 0.4591397327336689 0.43005272665023453 0.4625389043049418 0.49364420895025696
0 0.5186566228038173 0.42639976000360597 0.5185911032335353 0.3637651440190803 0.455599040625 0.3638310375 0.45566456019528206 0.42646565348452575
0 0.5004783703125001 0.086003040625 0.4969575188916723 0.0201277236694284 0.4355107562499999 0.023411881250000002 0.43903160767082766 0.0892871982055716
0 0.689835971875 0.9872120812500003 0.6892801324766695 0.9121736882338013 0.5894931953124999 0.91291285 0.5900490347108304 0.987951243016199
0 0.5430827 0.9077558156249997 0.5397071127531985 0.8445747531353784 0.4827321249999999 0.8476187671875 0.4861077122468013 0.9107998296771213
0 0.5409708671875001 0.8423721578125001 0.5406190585395544 0.7948778850420759 0.4799370265575275 0.7953273805787143 0.4802888352054732 0.8428216533491385
0 0.6209007343749999 0.8037298421874999 0.6189532242248263 0.7673000248982882 0.5877504586595961 0.7689681008639002 0.5896979688097697 0.8053979181531121
0 0.6190177140625001 0.7640250859375 0.6170333182521259 0.7268659868056568 0.5863323406250001 0.7285055015625 0.5883167364353741 0.7656646006943432
0 0.67899103125 0.757116340625 0.6772076067256979 0.723758696752885 0.6534386343749999 0.725029475 0.6552220588993022 0.7583871188721151
0 0.6521847000000001 0.7573212984375001 0.6504319806153578 0.7245137856929437 0.62790586875 0.7257172281250001 0.6296585881346421 0.7585247408695566
0 0.681635971875 0.7973268593749998 0.6796156729952587 0.7594864837888552 0.6555980703125 0.760768784375 0.6576183691922413 0.7986091599611445
0 0.654515472187661 0.7972972149269898 0.6528349722068667 0.7599235545902806 0.629784971875 0.7609599937499999 0.6314654718557944 0.7983336540867091
0 0.6309725937499999 0.857538303125 0.6296092815847536 0.8320107707147004 0.6088137015625 0.8331213703125 0.6101770137277464 0.8586489027227996
0 0.6058714468749999 0.8569874921874998 0.6045629933379512 0.8324983459364441 0.5847506687499999 0.8335569171874997 0.5860591222870487 0.8580460634385554
0 0.6830233468750001 0.840129296875 0.6826440705479091 0.6676881693517215 0.4713111057736218 0.6681529864856852 0.47169038210071285 0.840594114008964
0 0.6875732109375001 0.9090603609375002 0.6870881358435525 0.8435751554098696 0.5864796959422077 0.8443204023407427 0.5869647710361552 0.9098056078683733
0 0.5853845828125002 0.98891431875 0.5773194304618292 0.8319192112075628 0.4803159844738064 0.836902472040847 0.48838113682447737 0.9938975795832843