0 0.4385895171875001 0.5555309109375 0.38826054884193223 0.5515092572360529 0.3797200977867986 0.658388696073873 0.43004906613236643 0.6624103497753199
0 0.3817416375000001 0.5539418312500001 0.3272172758664339 0.5495851224167121 0.3187024117311476 0.6561489413769667 0.3732267733647138 0.6605056502102545
0 0.3196234781250001 0.552194040625 0.26456860019404393 0.5477954376361255 0.25596840104731394 0.6554393680846605 0.31102327897827015 0.659837971073535
0 0.26060950937500016 0.5510715109375 0.2045039782999773 0.5465896623169612 0.1958591562500001 0.6548089203125002 0.2519646873250229 0.659290768933039
0 0.1974382281250001 0.5492933874999999 0.13504839458521806 0.544308293693489 0.12633275625000007 0.653386928125 0.1887225897897821 0.658372021931511
0 0.49139484843750003 0.5881591703125 0.44211646595665116 0.5842214137465737 0.4359789171974139 0.6610287201884353 0.48525729967826275 0.6649664767543617
0 0.5549013187500001 0.5593269515625001 0.49827748176632214 0.554802997619129 0.489670620616412 0.6625303327764166 0.5462944576000899 0.6670542867197876
0 0.12495751562500008 0.5451525953124999 0.07409804206327217 0.5410890501161714 0.06530469062500008 0.6511469437499999 0.11616416418672797 0.6552104889463284
0 0.1932501593750001 0.5027312187499999 0.030321794747753233 0.4981589251562239 0.029330065359223684 0.5334980485331322 0.19225842998647052 0.5380703421269083
0 0.027807829687500063 0.49967858437499996 6.38378239159465e-17 0.49889881562499994 -0.000931787083817226 0.5321278678687623 0.02687604260368277 0.5329076366187623
0 0.07329482343750006 0.4323417921875 0.020337602392219257 0.4281111709971183 0.01507010156250006 0.49404763593749995 0.06802732260778085 0.49827825712788165
0 0.14400012812500007 0.43221299375 0.07898207125878269 0.42701855625361074 0.07345450468750007 0.4962063437500001 0.13847256155371745 0.5014007812463894
0 0.19866628125000008 0.43480722812500006 0.1488574536748506 0.43082704855638976 0.14364398281250004 0.49606954999999997 0.19345281038764953 0.5000497295686103
0 0.6406744771075583 0.44759347973103986 0.1976745957819846 0.4351649530202456 0.19375368450813643 0.5749211179640994 0.6367535658337101 0.5873496446748936
0 0.6383044343750001 0.44607770000000013 0.5759126634636093 0.44109354871722617 0.5704383562500001 0.5096211078125001 0.6328301271613909 0.514605259095274
0 0.628686146875 0.5598055359375 0.5610504456894934 0.5544007896153772 0.5522280070994545 0.664805938097717 0.6198637082849612 0.6702106844198399
0 0.6901578875000001 0.5631211453125002 0.6387801103520904 0.5590154792738699 0.6301932047387415 0.6664709125316506 0.6815709818866512 0.6705765785702809
0 0.06278503479357475 0.5445117708406864 6.38378239159465e-17 0.54227111875 -0.003829459778488095 0.6495759370358802 0.058955575015086595 0.6518165891265666
0 0.4554798156250001 0.44219342656250005 0.38625425869971436 0.44025066787225525 0.38442490000000007 0.5054354875 0.4536504569252858 0.5073782461902449
0 0.38576912656250006 0.4398436765625 0.31503486934336256 0.43826818925354205 0.31357558592548274 0.5037852696191135 0.38430984314462024 0.5053607569280715
0 0.017411701562500048 0.42909838437500003 5.2735593669694933e-17 0.4282875625 -0.003063199049820051 0.4940671243575278 0.014348502512679944 0.49487794623252784
0 0.9594420171875002 0.5697549906250002 0.9037179790884247 0.5656272844391194 0.8957995656250004 0.6725258750000003 0.951523603724076 0.6766535811858811
0 0.9071134171875002 0.45624844375 0.8383516600189342 0.4543187070301663 0.8366134171875002 0.5162570171875001 0.9053751743560662 0.5181867539073338
0 0.8363446109375001 0.45426335937500006 0.7851579355535422 0.4501734824169425 0.77988504375 0.5161661281250001 0.831071719133958 0.5202560050830577
0 0.7857245937499999 0.5713379093750002 0.7460855380723128 0.5702267555205087 0.7451346921875002 0.6041470203125001 0.7847737478651873 0.6052581741669915
0 0.7426799953125001 0.5709376390625001 0.7022535693505538 0.5698039279207381 0.7013175703125002 0.6031802390625001 0.7417439962744465 0.604313950204262
0 0.7298645390625 0.643582390625 0.6936019171812278 0.6425642418366586 0.6928763937061642 0.6684046531237693 0.7291390155874364 0.6694228019121108
0 0.7320811234375 0.615904421875 0.6964214695390453 0.6149035512688737 0.6957340765625 0.639394425 0.7313937304609548 0.6403952956061263
0 0.7730375565853664 0.6453944734507615 0.7327445505045552 0.6439269813122748 0.7317935406250001 0.6700389078125 0.7720865467058113 0.6715063999509867
0 0.7756309750000001 0.6168531328125002 0.7351848916838908 0.6159913242993575 0.7346514796875001 0.6410252218750001 0.7750975630036094 0.6418870303881427
0 0.8425067281250002 0.5920625140625002 0.8147371265512561 0.5912843939891376 0.8141036936144275 0.6138903912915905 0.8418732951881716 0.6146685113649532
0 0.8437916187500001 0.5659668203125001 0.8171545149908553 0.5652193500025747 0.8165501075054852 0.5867582187533792 0.8431872112646299 0.5875056890633046
0 0.8270262237182802 0.45272728604702844 0.6430004343717722 0.44678781520994065 0.6359380644629496 0.6656049847484589 0.8199638538094577 0.6715444555855467
0 0.9007318328125 0.5683447140625002 0.8301573206020963 0.5627056726565515 0.8214393187500001 0.6718144171875002 0.8920138309604038 0.6774534585934489
0 0.96783199375 0.4564902968750001 0.8226822982350225 0.45058997462592476 0.8183451875 0.5572841984375001 0.9634948830149774 0.5631845206865755