0 0.142125 0.48588906249999997 0.1380102539706861 0.30906020766086084 0.0604905886608446 0.3108640633455996 0.06460533469015851 0.48769291818473864
0 0.24979843750000005 0.4857984375 0.24564963235604834 0.30755708716466146 0.14613437499999998 0.30987343749999996 0.15028318014395173 0.4881147878353385
0 0.32742031250000003 0.4883640625 0.32317399528230706 0.3058759908518305 0.25606715116184314 0.307437500845553 0.2603134683795361 0.4899255724937225
0 0.4292000000000001 0.4837109375 0.42505303020438473 0.3055500095824547 0.332484375 0.3077046875 0.3366313447956154 0.48586561541754536
0 0.5194703125000002 0.48265468750000007 0.5153543286017379 0.3057726359515108 0.4331984375000001 0.307684375 0.4373144213982624 0.48456642654848936
0 0.6132734375 0.4838828125 0.609077149877807 0.3035037158865763 0.524609375 0.30546875 0.528805662622193 0.4858478466134237
0 0.7023453125 0.4805328125 0.6982558499802513 0.3048053245163421 0.6161015261577828 0.30671718834574213 0.6201909886775315 0.4824446763294
0 0.98085 0.6578984374999999 0.9781836328655112 0.5433661360834691 0.8833030886439517 0.5455750008463862 0.8859694557784404 0.6601073022629171
0 0.8790281249999999 0.6602390624999999 0.8762633697129474 0.5414866144029677 0.8160921511420979 0.5428875008464726 0.8188569064291504 0.6616399489435049
0 0.8138093750000002 0.5938500000000001 0.8132573324378904 0.54638419756147 0.7525171693300797 0.5470906252113219 0.7530692118921893 0.5945564276498521
0 0.614334375 0.6648468750000001 0.6115914895221297 0.5469799972622702 0.5282796875 0.5489187500000001 0.5310225729778703 0.66678562773773
0 0.8771171875000002 0.47849375 0.8729764236483353 0.30061468691319815 0.7051984375000001 0.3045203125 0.709339201351665 0.48239937558680185
0 0.976734375 0.48081406250000003 0.9725599160602915 0.301456979777072 0.8765234011531741 0.30369218834595674 0.8806978600928825 0.4830492710688848
0 0.24587031249999997 0.6652828124999999 0.2445231393800415 0.5495280601289791 0.06609374957678568 0.551604651135654 0.06744092269674416 0.6673594035066748
0 0.5248609375 0.66435625 0.5235275373381368 0.5497563560305581 0.33700781250000006 0.5519265625 0.3383412126618632 0.666526456469442
0 0.29115156249999996 0.6705546875 0.2907867414901193 0.6393004467657681 0.25107031228713583 0.6397640442639092 0.2514351332970165 0.6710182849981411
0 0.334309375 0.667734375 0.3339582812430811 0.637552173180541 0.29384841932671446 0.6380187502114003 0.29419951308363335 0.6682009520308594
0 0.28893906249999995 0.6332890625 0.28859761997237576 0.6039522768917058 0.24623593749999997 0.6044453125 0.24657738002762414 0.6337820981082941
0 0.33319375000000007 0.6316390625 0.3328593345932696 0.6028648461868833 0.29219062500000004 0.6033375 0.29252504040673044 0.6321117163131167
0 0.8143625000000002 0.6623578125 0.8132142352625115 0.5451458991564558 0.6187226701052805 0.5470512328349058 0.6198709348427691 0.6642631461784501
0 0.28870000000000007 0.600428125 0.2875249661012765 0.5498953584480492 0.246940625 0.5508390624999999 0.24811565889872353 0.6013718290519507
0 0.33307968750000005 0.59853125 0.33198456323351466 0.5514756222959739 0.29226562500000003 0.5524 0.2933607492664854 0.5994556277040262
0 0.9800718749999999 0.5403078125 0.9794873638397468 0.4900728895574119 0.066559375 0.5006953125 0.06714388616025338 0.5509302354425881