0 0.4379290656250002 0.9555055875000003 0.24232484095177526 0.9453631457557676 0.23949181875000014 1.0000000000000002 0.43509604342322505 1.0101424417442328
0 0.44716251406250007 0.836378559375 0.24945439748599957 0.8261270279061854 0.24373483281250014 0.9364329234375003 0.44144294938900064 0.9466844549063149
0 0.45672548906250005 0.7507194921875 0.2544283659387493 0.7402300113801141 0.2505715109375001 0.8146122125000002 0.45286863406125094 0.825101693307386
0 0.4604054203125001 0.6377349609375 0.2628110064209256 0.6274893251631707 0.25749077343750015 0.7300938234375 0.4550851873290746 0.7403394592118293
0 0.467062053125 0.5377813140625001 0.2709200684516057 0.5276109900384125 0.26619838437500004 0.61867205 0.4623403690483944 0.6288423740240876
0 0.4765482125 0.434108125 0.27652756640814335 0.42373668463930014 0.2716730109375 0.517360259375 0.4716936570293567 0.5277316997356999
0 0.4805685125 0.33528859375 0.28570504942820213 0.3251845621566451 0.280983275 0.416247353125 0.47584673807179784 0.4263513847183549
0 0.7007407140625 0.04193010468750008 0.5735946261724159 0.03533734468013534 0.5681415218749999 0.14050435781250006 0.695287609765084 0.1470971178198648
0 0.6945026515624999 0.15477157500000005 0.562803453895032 0.14794272767855493 0.5593452125 0.21463738281250005 0.691044410167468 0.22146623013394517
0 0.6154732421875 0.22140183281250003 0.5629764685333225 0.21790204716371092 0.55848200625 0.2853189671875 0.6109787799041775 0.2888187528362891
0 0.6766512109375001 0.4479855187500001 0.5458536587089513 0.4412034230749892 0.5410656281249999 0.5335440078125002 0.6718631803535489 0.5403261034875111
0 0.4934627453124999 0.14177093437500002 0.2959195802189903 0.13152795655925997 0.286276815625 0.31749557968750003 0.4838199807185097 0.3277385575032401
0 0.5046632062499999 0.03175791406250004 0.30573349609078615 0.021443040412384963 0.30021395625 0.12789131093750006 0.4991436664092137 0.13820618458761513
0 0.6451973484375002 0.8556538375 0.5171676521960978 0.847118523862888 0.5069755531250002 1 0.6350052493664026 1.008535313637112
0 0.6683536343750001 0.5469287453125001 0.5416046841472639 0.5384788145246537 0.5278098031249999 0.7454020109374999 0.6545587533527362 0.7538519417253463
0 0.6549486734375 0.8059970390625001 0.620380620582135 0.8036925022054758 0.617441521875 0.8477789828125 0.652009574730365 0.8500835196695242
0 0.6555728953125001 0.7580145203125 0.6221905269535188 0.7557890286146661 0.61922260625 0.8003078296874999 0.6526049746089813 0.8025333213853341
0 0.6135674750000001 0.8053443796875 0.5811219002568324 0.8031813414439283 0.5779881203125001 0.8501880421875002 0.6104336950556678 0.8523510804310719
0 0.6155801609375 0.7562481093750001 0.583755083251394 0.7541264372323455 0.5807463656250001 0.7992571953125001 0.6125714433111062 0.8013788674551545
0 0.6912408312500002 0.2264850187500001 0.5616189297451734 0.21760421591002288 0.5468386367177513 0.433333550468462 0.6764605382225781 0.44221435330843917
0 0.5772290671875002 0.8028768421875 0.5211324525569928 0.7999681298787217 0.5188001156250002 0.8449489296875001 0.5748967302555076 0.8478576419962784
0 0.578979815625 0.753621159375 0.5267364386180736 0.7509122441044705 0.5244537484375 0.7949355640625001 0.5766971254444264 0.7976444793330295
0 0.5707070359375002 0.03301230312500007 0.5151440761785101 0.02930810578379246 0.4504312828125002 1 0.5059942425714903 1.0037041973412077