0 0.633729471875 0.9048160656249999 0.5055415055745816 0.9029169858988058 0.5043094343750002 0.9860818468750001 0.6324974006754187 0.9879809266011943
0 0.6303100546875001 0.8009246750000001 0.5068682956247036 0.799095909235265 0.5054138078125001 0.8972738921875003 0.6288555668752965 0.8991026579522355
0 0.4393335531250001 0.8985792828124998 0.26317219975190753 0.8959694855423577 0.2618753000000001 0.9835102375000002 0.43803665337309267 0.9861200347701423
0 0.37573996406250004 0.7996442499999998 0.2653644958028966 0.798009058587651 0.2641213484375001 0.8819215421875001 0.37449681669710355 0.8835567335998489
0 0.394455846875 0.6972959453124999 0.2669191365757021 0.6954065125789641 0.2654944265625001 0.7915744390625 0.393031136861798 0.7934638717960357
0 0.40222615781250015 0.8452301999999998 0.37917585242618845 0.8447179706295932 0.37828725000000013 0.8847050515625 0.4013375553863118 0.8852172809329065
0 0.4480847655589161 0.8466802813124354 0.4057962866200322 0.8453829498331104 0.4045758468750001 0.8851650265625001 0.4468643258138839 0.8864623580418252
0 0.4508489984375002 0.6985872859375001 0.399218150823175 0.6974399333942629 0.39707941718750006 0.793682915625 0.44871026480182524 0.7948302681682373
0 0.4532315843750001 0.5952820156249999 0.2701069495579692 0.5925427012112157 0.26863812566454365 0.6907343646948161 0.4517627604815745 0.6934736791086004
0 0.5052458296875002 0.6002818578125 0.3847429652454639 0.5979347236496545 0.3772126902454639 0.9845422392746548 0.4977155546875002 0.9868893734375002
0 0.45733572017990964 0.2994599490650212 0.2753800997205357 0.296442817469548 0.2705773050309936 0.5860872893864427 0.4525329254903675 0.589104420981916
0 0.6380186156250001 0.30180080156250005 0.4641824217432339 0.2990504232625186 0.4563837701980602 0.7919600357446677 0.6302199640798264 0.7947104140446491
0 0.5149421484375 0.20674840312500004 0.4056513624104867 0.20492338254266626 0.4041846387826286 0.2927576676596186 0.5134754248096419 0.29458268824195233
0 0.5108049187500001 0.0075674796875000675 0.4670924384315386 0.006596090978921834 0.4649858640625001 0.10139191250000006 0.5086983443809616 0.10236330120857828
0 0.6482540984375 0.009603764062500058 0.523202593233129 0.007751150148245241 0.5218106015625 0.10171063750000009 0.6468621067668711 0.1035632514142549
0 0.4528033515625 0.007590454687500031 0.28136098823562505 0.005050568311309412 0.28009551874999994 0.09046977500000007 0.4515378820768749 0.09300966137619068
0 0.6424673218750001 0.1088408859375001 0.27825873314788685 0.10303120165203324 0.27526834218750007 0.2904985437500001 0.6394769309146133 0.29630822803546697