0 0.5631875 0.526246875 0.517528125 0.526246875 0.517528125 0.6207 0.5631875 0.6207
0 0.6183562499999999 0.5265515625 0.5688890625 0.5265515625 0.5688890625 0.6205453125 0.6183562499999999 0.6205453125
0 0.6749640625 0.5268734375 0.625015625 0.5268734375 0.625015625 0.621821875 0.6749640625 0.621821875
0 0.729196875 0.5276640625000001 0.678296875 0.5276640625 0.678296875 0.6230875000000001 0.729196875 0.6230875000000002
0 0.7919765625 0.5279906250000002 0.7353734375000001 0.5279906250000002 0.7353734375000001 0.6239296875000002 0.7919765625 0.6239296875000002
0 0.5122828125 0.554028125 0.46757499999999996 0.554028125 0.46757499999999996 0.6213609375 0.5122828125 0.6213609375
0 0.46377187500000006 0.5261171874999999 0.4124 0.5261171874999999 0.4124 0.6210734375 0.46377187500000006 0.6210734375
0 0.8471546875 0.5264734375000002 0.8010140625 0.5264734375000002 0.8010140625 0.6237750000000002 0.8471546875 0.6237750000000002
0 0.8882463660938156 0.48702295384858746 0.742503125 0.4861750000000001 0.7423176964061846 0.5180457961514129 0.8880609375 0.5188937500000003
0 0.9657677796434594 0.4889056980779869 0.8918671875000002 0.4884765625 0.8916931578565407 0.5184458644220132 0.96559375 0.5188750000000001
0 0.90375625 0.42642812500000016 0.8557109374999999 0.42642812500000016 0.8557109374999999 0.4837921875000002 0.90375625 0.4837921875000002
0 0.8509671875 0.4241546875000002 0.79198125 0.4241546875000002 0.79198125 0.48395468750000015 0.8509671875 0.48395468750000015
0 0.787703125 0.4248234375000002 0.7425125 0.4248234375000002 0.7425125 0.4816890625000002 0.787703125 0.4816890625000002
0 0.7399293374078898 0.42515555731532223 0.34025759543140077 0.422831743335465 0.3395247159055211 0.5488793699123845 0.73919645788201 0.5512031838922418
0 0.4019734375 0.42155624999999997 0.3453687500000001 0.42155624999999997 0.3453687500000001 0.48158124999999996 0.4019734375 0.48158124999999996
0 0.40721093750000004 0.524296875 0.3458500000000001 0.524296875 0.3458500000000001 0.6212140625 0.40721093750000004 0.6212140625
0 0.3368062500000001 0.52540625 0.2901953125000001 0.52540625 0.2901953125000001 0.620334375 0.3368062500000001 0.620334375
0 0.9674757562291901 0.6243833984163771 0.9673301602572542 0.5275970201121348 0.8557128194594066 0.5277649263351293 0.8558584154313426 0.6245513046393716
0 0.5703052646272567 0.42398479274291934 0.5104656249999999 0.4236375 0.5101244228727431 0.4824277072570807 0.5699640624999999 0.482775
0 0.6347343750000001 0.4243578125 0.5734781250000001 0.42365 0.5727953129911212 0.48274263133793677 0.6340515629911212 0.4834504438379367
0 0.9677062500000002 0.4244406250000002 0.9063429253853725 0.42366743305182036 0.905578601059774 0.4843269908925058 0.9669419256744016 0.4851001828406856
0 0.09692968750000006 0.523025 0.023560937500000066 0.523025 0.023560937500000073 0.6176796875 0.09692968750000006 0.6176796875
0 0.16186482304222877 0.42285813144159146 0.10230781250000005 0.4225125000000001 0.10198361445777135 0.47837624355840863 0.16154062500000005 0.478721875
0 0.2126859375000001 0.42288437500000003 0.16624843750000004 0.42288437500000003 0.16624843750000004 0.4803703125 0.2126859375000001 0.4803703125
0 0.23785532836582082 0.5300916696030964 0.20345000000000013 0.5298906250000001 0.2032712250041556 0.5604848928435533 0.23767655336997628 0.5606859374466495
0 0.27742175430349014 0.5310478909677103 0.24228281250000006 0.5308437500000001 0.24210793319650997 0.5609458590322898 0.277246875 0.56115
0 0.2802943888510894 0.596858594665804 0.2486031250000001 0.5966750000000001 0.24846811114891074 0.6199804678341961 0.2801593750000001 0.6201640625
0 0.279799589077508 0.5718554259914982 0.24859687500000005 0.5716750000000002 0.24846916092249213 0.593761761508502 0.2796718750000001 0.5939421875
0 0.24520156250000008 0.5968984375 0.20928715030972134 0.596807905058437 0.20922778863590855 0.6203568073614045 0.2451422008261873 0.6204473398029677
0 0.24520156250000005 0.57165 0.20927031250000008 0.5711984375 0.20898655283035064 0.5937774595181977 0.2449178028303506 0.5942290220181976
0 0.17491954604236565 0.5469663076952259 0.15076875000000006 0.5468265625 0.1506507664576345 0.5672165048047741 0.1748015625000001 0.5673562500000001
0 0.17466319382421186 0.5234147220750989 0.15148906250000008 0.5232796875000001 0.15137586867578828 0.5427055904249013 0.1745500000000001 0.542840625
0 0.33674623057620423 0.4220459589436948 0.16772822931374476 0.42177554069458223 0.16741250000000008 0.6191140625 0.3364305012624595 0.6193844807491126
0 0.16401406250000006 0.5236468750000001 0.09998593750000007 0.5236468750000001 0.09998593750000007 0.61956875 0.16401406250000009 0.61956875
0 0.17569185997860098 0.42105300616718927 0.022975544292317195 0.42002817059455494 0.02233680931371627 0.5152095394273657 0.17505312500000006 0.516234375