0 0.46715745248009305 0.5382985549233902 0.37176125066067883 0.536027878216929 0.3706604544305859 0.582274787356039 0.46605665625000003 0.5845454640625001
0 0.46591368638516384 0.5903200240019941 0.3710049189797882 0.5880606222166149 0.3698121888446243 0.6381626216521208 0.46472095625 0.6404220234375
0 0.46456589920870534 0.6471654238760193 0.3686929796875001 0.6448822078124999 0.3674881914162949 0.6954716245614807 0.46336111093750015 0.697754840625
0 0.4627944359578399 0.7011191703819492 0.3664438343750001 0.6988233828125001 0.365215416948489 0.7503781344864925 0.46156601853132884 0.7526739220559416
0 0.4614218703125001 0.75892830625 0.3645855593750001 0.7566228671874999 0.363220682135453 0.8139523706691367 0.460056993072953 0.8162578097316366
0 0.4399301453125001 0.4870266765625001 0.37199652259254135 0.485409750806436 0.37091875156250015 0.5306912921875001 0.43885237428245877 0.5323082179435642
0 0.46920588331425195 0.4318100925054412 0.37333178443885695 0.4295268483927835 0.3720926620621051 0.48155796526234235 0.46796676093750006 0.4838412093750001
0 0.46176284531250006 0.8254556140624999 0.3634848453125 0.8231153765624999 0.3623719878931053 0.8698496936834237 0.4606499878931053 0.8721899311834237
0 0.5036440578125002 0.7671585562500001 0.4713615849149383 0.7663903413018675 0.4678533442899383 0.9138161147393674 0.5001358171875002 0.9145843296875
0 0.49859253437500006 0.9184059203125001 0.4682376215890317 0.917682912376369 0.4664590466193987 0.9923549669812213 0.4968139594053671 0.9930779749173523
0 0.5620957144612949 0.8832771684194094 0.5042788032988147 0.881899830277899 0.5031195609375001 0.9305616734375001 0.5609364720999802 0.9319390115790105
0 0.5655607830209128 0.8187741158756936 0.5053387953125 0.8173397687499998 0.5039158217181103 0.8770842314227221 0.5641378094265231 0.8785185785484156
0 0.5657826296875001 0.7686481234375002 0.5084539766644366 0.7672836562215425 0.5073646390262171 0.8130526265244479 0.5646932920492805 0.8144170937404056
0 0.5751378131019008 0.3608548434828982 0.447469825223245 0.3578157744031755 0.4378250325517019 0.7629830284476619 0.5654930204303577 0.7660220975273845
0 0.5763287148285017 0.3664309396168332 0.5156260882090912 0.3649857698359883 0.5142611870046626 0.42231681099322504 0.5749638136240731 0.4237619807740699
0 0.47226158125 0.36443956875000005 0.3744598921875001 0.36211186093750003 0.3729807056238441 0.4242618196166914 0.47078239468634403 0.42658952742919143
0 0.4721514567553194 0.3080355674197749 0.376278621875 0.30575392656250006 0.3751550729321807 0.35296460914272515 0.4710279078125 0.35524625000000004
0 0.4594350050837 0.880281923905501 0.3613940828755261 0.8786943239219493 0.35955455760382116 0.9922926836672857 0.45759547981199516 0.9938802836508375
0 0.571211908876824 0.5336179487168804 0.5116652359375 0.5322009953125 0.510231209873176 0.5924651372206198 0.5697778828125 0.5938820906250001
0 0.5700532581100772 0.5974158015451929 0.510203085284956 0.5956455212049405 0.5083672568623788 0.6577117634097478 0.5682174296875001 0.6594820437500002
0 0.5638479731158943 0.9346163073566659 0.5025304031250001 0.9328611234375002 0.5007512425091061 0.9950163223308343 0.5620688125000002 0.99677150625
0 0.479420546875 0.03800124375000006 0.3839832204428594 0.03572874144843829 0.38221380781250003 0.11003802187500007 0.47765113424464073 0.11231052417656184
0 0.5797890224669732 0.12019266068147352 0.5232080515625 0.11884627187500008 0.5217804556580269 0.17883990963102664 0.5783614265625 0.18018629843750006
0 0.5782470760432732 0.18495425925718742 0.5202972017086671 0.18357478884281186 0.5191775546875002 0.23060979843750004 0.5771274290221062 0.23198926885187557
0 0.46918976875000007 0.2200574296875001 0.4382034292451598 0.21931908480200235 0.4373773546875001 0.25398720156250004 0.4683636941923404 0.2547255464479978
0 0.4675165484375 0.25937149531250003 0.4370271154436932 0.2586453596377409 0.4361836859375 0.2940597984375 0.4666731189313068 0.2947859341122592
0 0.40072682279366323 0.26418623771425304 0.37712147187500006 0.2636248359375001 0.3763613381438368 0.29558630134824704 0.3999666890624999 0.296147703125
0 0.4260487848449899 0.264784716284002 0.40367625984202843 0.2642516971005073 0.4029264062500001 0.2957254578125001 0.4252989312529616 0.29625847699599483
0 0.401425750559086 0.2243422253350275 0.37757336302360356 0.22377574810281736 0.37670908590201757 0.2601674540177899 0.40056147343750004 0.26073393125000005
0 0.4272452546875001 0.2249576781250001 0.40437666606070366 0.22425918828506375 0.4032652848107037 0.2606458601600637 0.4261338734375001 0.26134435
0 0.45299688125 0.16628406093750003 0.4323461671875 0.16579254531250004 0.43176681217766133 0.19013377484890942 0.4524175262401613 0.19062529047390944
0 0.47683219687499995 0.16758258281250007 0.45715632552336316 0.16711432605188903 0.4566004661483632 0.19047120730188902 0.4762763375 0.19093946406250006
0 0.5793676815232687 0.18531774108716337 0.37947696875000003 0.18140092500000005 0.37610750597673137 0.35335801985033666 0.57599821875 0.35727483593750003
0 0.47768045028409134 0.11540975914390435 0.3802467312500001 0.11309006093750004 0.3787027769769169 0.17794039639482234 0.47613649601100816 0.18026009460122666
0 0.5839391558688732 0.03989309400800163 0.48753305156249993 0.037273992187500056 0.4833399281574633 0.19161800783101732 0.5797460324638366 0.1942371096515189