0 0.9712515625 0.47631249999999997 0.9683468110123625 0.35149479927307736 0.8891640996885082 0.3533375354969751 0.8920688511761456 0.4781552362238978
0 0.8866374999999997 0.4756656250000001 0.8838269687594327 0.35489345132382266 0.7903515624999999 0.35706874999999993 0.7931620937405672 0.47784092367617736
0 0.9776015625 0.7073796875 0.9736287605359871 0.5366974657210644 0.8902796875 0.5386374999999999 0.8942524894640128 0.7093197217789355
0 0.8807765625000001 0.7056984374999999 0.8782664497729866 0.5978344791729453 0.7983703125 0.5996937499999999 0.8008804252270135 0.7075577083270547
0 0.7946859374999999 0.7048015625 0.7917866400234166 0.5801929783980876 0.700221875 0.5823234375 0.7031211724765833 0.7069320216019125
0 0.8796661069678031 0.5749218607688714 0.8408218750000002 0.57424375 0.8404385532636628 0.596201576255097 0.8792827852314657 0.5968796870239683
0 0.8790707398299098 0.531010106557938 0.8405406250000003 0.5307250000000001 0.8402386351700907 0.5715367684420622 0.8787687500000002 0.5718218750000001
0 0.7927775207005195 0.5302006172009018 0.69940625 0.5285703125000001 0.6985474792994805 0.5777540702990984 0.79191875 0.5793843750000001
0 0.69806908903812 0.7022492995240184 0.6947695312506302 0.5250218764466015 0.6009406249999999 0.52676875 0.6042401827874897 0.7039961730774169
0 0.9736535963643842 0.4826158119716794 0.6038125 0.4771718750000001 0.6021226702808531 0.5919727037475875 0.9719637666452373 0.5974166407192668
0 0.6005968138754312 0.5275276117251329 0.3196328125000001 0.5242078125 0.3175844361245691 0.6975677007748673 0.5985484375000002 0.7008875000000001
0 0.7883336160996207 0.3572250781620105 0.31474687500000004 0.35198906250000006 0.3129156765799759 0.5176171560785132 0.7865024176795966 0.5228531717405236
0 0.31443125000000005 0.5748859375 0.31258177550790633 0.46826516673195345 0.22869375 0.46972031249999996 0.2305432244920937 0.5763410832680466
0 0.1308997915446676 0.4761686580665013 0.03837343750000005 0.47455468749999985 0.03764708345533253 0.5161954044334985 0.13017343750000007 0.5178093749999999
0 0.128415625 0.46365 0.12557014374185516 0.34142642903859793 0.034825 0.34353906250000005 0.03767048125814486 0.46576263346140206
0 0.12648125 0.6940703124999998 0.12261342860523769 0.5279516882601559 0.04128433863925815 0.5298453133466049 0.04515216003402043 0.6959639375864489
0 0.3171484375 0.6977625000000001 0.3088536488167692 0.3444454757776977 0.13036216478107404 0.34863590261911936 0.13865695346430482 0.7019529268414216