0 0.4052634041806635 0.9505370995738625 0.40285342343749997 0.8692002499999999 0.27049983175683645 0.8731218379261374 0.27290981249999996 0.9544586875000001
0 0.41258337253519073 0.8633911192605034 0.4097383359375001 0.7673711437499999 0.28084094621480926 0.7711903260519964 0.28368598281249996 0.8672103015624998
0 0.6433199586087307 0.9444818159210847 0.640783171875 0.8588652609375 0.46103241639126924 0.8641912090789153 0.46356920312499994 0.9498077640625
0 0.6489191535058041 0.8448622282331739 0.6464875078125 0.7627941890625001 0.531543083994196 0.7661999498918264 0.5339747296875001 0.8482679890625
0 0.655858707031642 0.7562173122791855 0.65307191875 0.6621632125 0.5203190351558581 0.6660966314708145 0.5231058234375 0.7601507312500001
0 0.5318747640625001 0.8104194 0.5093841166696521 0.809086621188557 0.5069514703125 0.8501375375000002 0.529442117705348 0.8514703163114431
0 0.5063298506424879 0.8502490237808165 0.5055423953125 0.8113007265624999 0.46253185728313817 0.8121703121371151 0.46331931261312614 0.8511186093554317
0 0.5239955937500002 0.6664338578125001 0.4736183347086754 0.6634485386589652 0.46778146875 0.7619456484375 0.5181587277913247 0.7649309675910348
0 0.6603367561035807 0.6580691219929926 0.6580603671875 0.5613002734375 0.47234028900159303 0.5656691497214167 0.4746166779176736 0.6624379982769093
0 0.5443708414504793 0.5748122670283929 0.4259215696460953 0.5681659229065479 0.4044151015625002 0.9514481359375002 0.5228643733668842 0.9580944800593454
0 0.6771757296875001 0.27087556250000006 0.4998559115742974 0.25948029340134326 0.480508784715847 0.5605375993633285 0.6578286028290498 0.5719328684619853
0 0.4907923437500001 0.27638358906250005 0.3202970549083292 0.26602018214210515 0.28998980625000004 0.7646248546875001 0.46048509509167096 0.774988261607895
0 0.5584098287395469 0.2694775597148168 0.5565855187500002 0.1829937109375 0.4429693665729532 0.18539035591018324 0.4447936765625 0.2718742046875
0 0.5120864203125 6.106226635438361e-17 0.46943527478939745 -0.0025274756142638966 0.4643347744713722 0.08354345621867396 0.5069859199944747 0.08607093183293793
0 0.45646720781249994 4.844653502798582e-17 0.3295677390625 4.067618361707647e-17 0.3295677390625 0.08702459218750005 0.45646720781249994 0.08702459218750005
0 0.693269340625 7.466171505372789e-17 0.5216735265625 6.415450183179164e-17 0.5216735265625 0.07383610781250007 0.693269340625 0.07383610781250008
0 0.6947329179779418 0.2645424908535164 0.6893360124999999 0.08118910312499998 0.3161506866069542 0.09217360662695775 0.3215475920848961 0.2755269943554742