0 0.4518175187500001 0.40288939375000005 0.40558526387723803 0.39946478222201864 0.39834591406250003 0.4971960031250001 0.44457816893526203 0.5006206146529815
0 0.39960546875 0.40182755937500003 0.34951762463694236 0.3981173486695087 0.34230182343750004 0.4955306640625001 0.3923896675505577 0.49924087476799145
0 0.3426592593750001 0.3991762484375 0.29208412688496194 0.3954299424488756 0.28479512031250004 0.49383153437500005 0.3353702528025382 0.4975778403636245
0 0.28860387968750006 0.3966058203125001 0.23706524672654788 0.39278814404378354 0.22973768437500014 0.49171024218750004 0.28127631733595226 0.4955279184562166
0 0.23065720156250005 0.3944036921875 0.17334388653774271 0.3901582619230047 0.16596102343750005 0.489826925 0.2232743384622574 0.49407235526449533
0 0.5026355093750002 0.4034215531250001 0.45736675505144564 0.40006831121813774 0.45217089843749997 0.47021235781250004 0.4974396527610545 0.4735655997193624
0 0.5586859500000001 0.4050870781250001 0.5066695208818247 0.40123400942664994 0.49937577968750013 0.49969951875000007 0.5513922088056755 0.5035525874483502
0 0.16393880000000005 0.39291204062500007 0.11721925677451783 0.3894513336096943 0.10976419687500003 0.4900946390625 0.15648374010048224 0.4935553460778058
0 0.21546842968750016 0.5014589296875 0.06616235702693275 0.49703504638033813 0.06520170625000007 0.5294570125000001 0.21450777891056746 0.5338808958071619
0 0.06369811875000006 0.497440859375 5.828670879282072e-17 0.4955535078125 -0.0009032443953322144 0.5260380078374645 0.06279487435466778 0.5279253593999644
0 0.09781534531250008 0.5338037625000001 0.049167215676280754 0.5302001961280772 0.04471181562500008 0.5903480765625 0.09335994526121941 0.5939516429344228
0 0.16259200468750007 0.5352442453124999 0.1028659811294648 0.530820094904304 0.09819559062500006 0.593870359375 0.15792161418303535 0.5982945097831959
0 0.2127031156250001 0.5386618234375 0.16694549211734494 0.5352723697522357 0.16253592031250003 0.5948015875 0.2082935438201552 0.5981910411852644
0 0.6257626684749142 0.4817119320882385 0.2163772574568988 0.4652197901232613 0.21113280468750006 0.59540315 0.6205182157055155 0.6118952919649772
0 0.6162772373213884 0.5489080436081888 0.5589623402386046 0.544662495305096 0.5543178050055351 0.6073637154718335 0.611632702088319 0.6116092637749263
0 0.6263276890625 0.4066124515625001 0.5641968668491038 0.40201016806904094 0.556726571875 0.5028591421875002 0.6188573940883962 0.5074614256809593
0 0.6828303937500001 0.4087654312500001 0.6356346367320149 0.40526944936228143 0.62835673125 0.5035211765625002 0.6755524882679852 0.5070171584502188
0 0.1078870207009853 0.3905139486481012 4.718447854656915e-17 0.38810897812499995 -0.00219425477570591 0.48654328662727486 0.10569276592527935 0.4889482571503761
0 0.44861034687499995 0.54325594375 0.38551542626695884 0.5413864640892687 0.38374350312500005 0.6011888531250001 0.44683842373304117 0.6030583327857315
0 0.3849476453815057 0.5417706627022698 0.3229695961719578 0.5367845282755754 0.31794485625000013 0.5992424468750002 0.379922905459548 0.6042285813016945
0 0.046726396875000076 0.5317539203125 6.38378239159465e-17 0.5303694343750001 -0.0018047873987906832 0.5912810045012903 0.04492160947620933 0.5926654904387904
0 0.95360229375 0.4180704765625001 0.8793129992052879 0.41256756509196746 0.8719784249999998 0.511584303125 0.9462677195447119 0.5170872145955328
0 0.8631205765625 0.5572462312500001 0.8004274446197005 0.5553886564758022 0.7987436796875003 0.6122157078125001 0.8614368116302996 0.614073282586698
0 0.7982667250000001 0.5539486062500001 0.7512465816680916 0.5504656331379971 0.7467865375 0.6106762375000001 0.7938066808319085 0.6141592106120031
0 0.7665073484375001 0.47138757343750004 0.730357415582665 0.47031646301626007 0.7294353328125001 0.5014367187500002 0.7655852656673352 0.5025078291712402
0 0.7270757781250001 0.4699806125000001 0.6901988419420154 0.46888796151761597 0.68929159375 0.49950755937500013 0.7261685299329848 0.5006002103573842
0 0.7250947671875 0.4098554484375 0.691986273668497 0.4088744566824346 0.691283834375 0.4325817984375001 0.724392327894003 0.43356279019256555
0 0.7231281593750001 0.43649055937500003 0.6905635326139268 0.43552568092419464 0.6898978250000001 0.45799329843750025 0.7224624517610734 0.45895817688830565
0 0.7650884765625 0.41054571406250007 0.727524613485128 0.40943271174339363 0.726814875 0.43338640781250015 0.7643787380773721 0.43449941013160653
0 0.7628736728577388 0.43747459442296605 0.7257904144042996 0.4360614541692717 0.7249149328125 0.4590356140625002 0.7619981912659392 0.46044875431619453
0 0.8205543796875 0.46582406718750013 0.7952203370981324 0.4650734292128287 0.7946058203125 0.4858133796875001 0.8199398629018676 0.48656401766217156
0 0.8179778375 0.4907071484375001 0.7936745139320317 0.4899870500214473 0.79308900625 0.5097479359375001 0.8173923298179682 0.5104680343535529
0 0.8075446218750001 0.4126976953125001 0.6368954640286466 0.39916638662609616 0.6202769175337506 0.6087500292514394 0.790926075380104 0.6222813379378433
0 0.8761049390625001 0.4138700875 0.8112734629347935 0.4090677554342609 0.8038749615089957 0.5089475142683868 0.8687064376367022 0.513749846334126
0 0.9468328046875 0.5219358968750001 0.7909189949496007 0.5169925682162919 0.7878520100667262 0.613726030729479 0.9437658198046254 0.6186693593881871