0 0.13078125000000004 0.311484375 0.05324062500000004 0.311484375 0.053240625000000055 0.4874109375 0.13078125000000004 0.4874109375
0 0.23842812500000005 0.3114890625 0.13888437500000003 0.3114890625 0.13888437500000003 0.48857343750000004 0.23842812500000007 0.48857343750000004
0 0.31596875 0.3103328125 0.24884374999999997 0.3103328125 0.24884375000000003 0.492040625 0.3159687500000001 0.492040625
0 0.41782812500000005 0.3114890625000001 0.325234375 0.3114890625 0.3252343750000001 0.48857343750000004 0.41782812500000005 0.48857343750000004
0 0.5080984374999999 0.3126406250000001 0.42592187499999995 0.3126406250000001 0.42592187499999995 0.4885671875 0.5080984374999999 0.4885671875
0 0.6018484374999999 0.3114890625000001 0.5173593750000001 0.3114890625000001 0.5173593750000001 0.490884375 0.6018484374999999 0.490884375
0 0.690975 0.3138015625000001 0.608796875 0.3138015625000001 0.608796875 0.48857343750000004 0.690975 0.48857343750000004
0 0.9652765625 0.5557031250000002 0.8703703125000001 0.5557031250000002 0.8703703125000001 0.6691296875000001 0.9652765625 0.6691296875000001
0 0.8634265624999999 0.5522343750000002 0.8032390625 0.5522343750000002 0.8032390625 0.6702859375000002 0.8634265624999999 0.6702859375000002
0 0.7997703125 0.5556984375000001 0.739584375 0.5556984375000001 0.739584375 0.6031562500000002 0.7997703125 0.6031562500000002
0 0.598696875 0.5549171875 0.515365625 0.5549171875 0.515365625 0.6718124999999999 0.598696875 0.6718124999999999
0 0.8657453125 0.3126406250000001 0.697921875 0.3126406250000001 0.697921875 0.48856718750000006 0.8657453125 0.48856718750000017
0 0.96528125 0.31380781250000006 0.8692187499999999 0.31380781250000006 0.8692187499999999 0.4920468750000002 0.96528125 0.4920468750000002
0 0.2303218750000001 0.5522234375 0.05324062500000006 0.5522234375 0.053240625000000076 0.6679640625000001 0.2303218750000001 0.6679640625000001
0 0.509259375 0.5556984375 0.3240718750000001 0.5556984375 0.3240718750000001 0.67028125 0.509259375 0.67028125
0 0.2754687500000001 0.6425109375 0.23611406250000008 0.6425109375 0.23611406250000008 0.6737609375 0.2754687500000001 0.6737609375
0 0.3186828125000001 0.6412656250000001 0.2789218750000001 0.6412656250000001 0.2789218750000001 0.67144375 0.3186828125000001 0.67144375
0 0.27412500000000006 0.607146875 0.23210468750000007 0.607146875 0.23210468750000007 0.636478125 0.27412500000000006 0.636478125
0 0.3184062500000001 0.6065734375 0.2780718750000001 0.6065734375 0.2780718750000001 0.63534375 0.3184062500000001 0.63534375
0 0.79873125 0.5543390625000001 0.605109375 0.5543390625 0.605109375 0.6716531250000001 0.79873125 0.6716531250000002
0 0.2746500000000001 0.5535625 0.23405781250000007 0.5535625 0.23405781250000007 0.603625 0.2746500000000001 0.603625
0 0.3190625000000001 0.55565 0.2793343750000001 0.55565 0.2793343750000001 0.6022453125 0.3190625000000001 0.6022453125
0 0.967234375 0.5013328125000001 0.05489062500000007 0.5013328125000001 0.05489062500000007 0.5515625000000001 0.967234375 0.5515625000000002