0 0.9278158732171775 0.5025949712473194 0.927259375 0.40700312499999997 0.7962231892828225 0.40776596625268047 0.7967796875000001 0.5033578124999999
0 0.9317265625000001 0.2620781250000001 0.7526782472537991 0.2616378954755726 0.7523188577241152 0.40780730537765064 0.9313671729703161 0.4082475349020781
0 0.9270404906840787 0.503105706561629 0.7512754304717922 0.49888002731674375 0.7477354249358986 0.6461248251610917 0.9235004851481851 0.650350504405977
0 0.7459703125 0.4989062500000002 0.6466638926864008 0.4975401176499922 0.6446281250000001 0.6455234375000001 0.7439345448135992 0.6468895698500081
0 0.6397765625000001 0.5001468750000001 0.544514629582648 0.4990389991850995 0.5428078125000002 0.6458015625000002 0.6380697454173523 0.6469094383149008
0 0.5376625 0.49918593749999995 0.44208813787918605 0.4980740714955923 0.4403734375000001 0.6454671875000001 0.5359477996208141 0.6465790535044078
0 0.4352203125000001 0.4997812500000001 0.3377791510422082 0.49864800715503543 0.33606093750000016 0.6463875000000001 0.433502098957792 0.6475207428449647
0 0.33247812500000007 0.4991296875000001 0.23845815924197483 0.49803555668618216 0.23673593750000008 0.6460281250000002 0.33075590325802534 0.647122255813818
0 0.2320612172973533 0.6463674988950081 0.23154218749999997 0.557321875 0.12785440770264667 0.5579262511049918 0.1283734375 0.646971875
0 0.17495781250000006 0.522396875 0.054856016812928676 0.521405902507985 0.05383281250000007 0.6454140625 0.17393460818707146 0.646405034992015
0 0.23164687500000003 0.48876406250000004 0.1793193250299766 0.48842092223533334 0.17891406250000005 0.550221875 0.23124161247002345 0.5505650152646667
0 0.1791852362067584 0.5053655008597745 0.17864062499999997 0.4115234375 0.05288663879324155 0.41225324914022554 0.05343125 0.5060953125000001
0 0.16541541402477805 0.39295241904124467 0.16510625 0.33976249999999997 0.05503771097522196 0.3404022684587553 0.05534687499999998 0.3935921875
0 0.16556718750000007 0.30098125 0.14172044922205113 0.30070392410782254 0.14132031250000004 0.33511093750000004 0.165167050777949 0.33538826339217753
0 0.13826406250000003 0.300428125 0.11501098366057964 0.300157431774524 0.11460781250000003 0.334790625 0.13786089133942042 0.335061318225476
0 0.11036093750000005 0.300353125 0.09127889154930997 0.3001305011305753 0.09088125000000002 0.33421406249999996 0.10996329595069007 0.3344366863694247
0 0.08541718750000006 0.2633640625 0.0561653151551203 0.26302376341015765 0.055353125000000045 0.33283906250000006 0.0846049973448798 0.3331793615898424
0 0.166791874493216 0.2943499127841068 0.1666078125 0.2626734375 0.09103156300678401 0.2631125872158931 0.091215625 0.2947890624999999
0 0.22896030220263547 0.41858353771659285 0.2278359375 0.26233437500000006 0.1700599835276684 0.26275012918503465 0.1711843482303039 0.4189992919016275
0 0.33070468750000015 0.26108593750000003 0.24644056608047685 0.2601050758656722 0.24470314339722704 0.4093640445261443 0.32896726481675037 0.4103449061604721
0 0.41896875 0.2609703125 0.33710254939104173 0.26001832892290644 0.33539062500000005 0.4072359375 0.41725682560895827 0.40818792107709356
0 0.5643062500000001 0.2606937500000001 0.4250466237312385 0.2591316862471892 0.4232518962738972 0.41913352644986174 0.5625115225426588 0.42069559020267266
0 0.7832472847600265 0.4805316328528878 0.78320625 0.425784375 0.19764423395062117 0.42622327180965874 0.19768526871064762 0.48097052966254655
0 0.7481203125000001 0.26126250000000006 0.6663088133911295 0.26030979189747416 0.6646 0.4070500000000001 0.7464114991088706 0.40800270810252603
0 0.6596734375 0.26324531250000005 0.5719881372604896 0.26222475861796796 0.5703046875 0.406865625 0.6579899877395103 0.4078861788820321
0 0.8230419571134941 0.68195494771366 0.8229671875 0.66905 0.7806721053865058 0.66929505228634 0.780746875 0.6822000000000001
0 0.50916228833879 0.6840812268941175 0.5090718658805333 0.6685890625532271 0.4715892650417432 0.6688078356591096 0.4716796874999999 0.6843000000000001
0 0.19130836213064317 0.6857858258776728 0.19121249999999998 0.66938125 0.1529572628693568 0.6696047991223272 0.15305312499999998 0.686009375
0 0.2236662075881965 0.24151078106251286 0.2235671875 0.22446562499999997 0.18050566741180346 0.2247157814374871 0.18060468749999997 0.2417609375
0 0.3984348648616967 0.24157480609028031 0.39833435673451567 0.2243796876067646 0.35232292937281895 0.22464863151648426 0.3524234375 0.24184374999999997
0 0.5124534980843958 0.2410765188349926 0.5123609375 0.22511718749999998 0.46978712691560415 0.2253641061650074 0.4698796874999999 0.24132343750000002
0 0.647555160598916 0.24121246775432348 0.6474640533502529 0.2255640534561784 0.6061292052513368 0.2258047107018549 0.6062203125 0.241453125
0 0.8126601526107613 0.24174368306897662 0.8125671874999998 0.22583125 0.7686945348892384 0.22608756693102344 0.7687874999999998 0.24200000000000005