0 0.5043018640625001 0.1978120921875 0.498270536673924 0.05708607650411886 0.3984851110072088 0.06136274537647901 0.4045164383957848 0.20208876105986015
0 0.40561606168684616 0.24430305423257512 0.4020335399797677 0.05377153761009634 0.24675653593750005 0.056691176562500015 0.2503390576445785 0.2472226931849788
0 0.6598533087303556 0.06545554791316263 0.5045890111777879 0.06172606020340725 0.5001778534477643 0.24536932695936722 0.6554421510003321 0.2490988146691226
0 0.6602920451688181 0.2531278516247055 0.501614559375 0.2509460781250001 0.5001873782686819 0.35474306243779463 0.6588648640625 0.3569248359375
0 0.6642569377779554 0.3638261524411087 0.5070249937500001 0.3619983656250001 0.5058674278470447 0.46157580849639146 0.663099371875 0.4634035953125
0 0.667878873021736 0.47062049803644107 0.5099751265625 0.46878431406250004 0.508813392603264 0.5686883254010591 0.6667171390625 0.5705245093750001
0 0.672903812571456 0.5777540845035707 0.5145654203125001 0.5759133984375 0.513381349928544 0.6777687904964295 0.6717197421875001 0.6796094765625001
0 0.6763341376412921 0.6851995727718839 0.5178634109375001 0.6833562093750001 0.5167202076712082 0.7816353944156164 0.6751909343750001 0.7834787578125002
0 0.680374909375 0.8967990203125 0.6755793629649738 0.7849256659602901 0.5826273891322209 0.7889101313139893 0.5874229355422471 0.9007834856661994
0 0.6830879698828494 0.849651148898379 0.5482961140625001 0.8480833328125001 0.5468390318055053 0.9733549276584815 0.6816308876258546 0.9749227437443604
0 0.5775995879024223 0.7892377440093139 0.510928890625 0.7888006531250001 0.5105702245975778 0.8435089872406865 0.5772409218750002 0.8439460781250002
0 0.535955640625 0.975169934375 0.5301664060477514 0.8400354106535228 0.43220739531249996 0.8442320265624998 0.4379966298897486 0.9793665502839769
0 0.4182311171875 0.9731666671875001 0.4132108629291581 0.8560064720255018 0.357687484375 0.8583856203125 0.3627077386333419 0.9755458154744983
0 0.3540341360689966 0.8583327724068592 0.3171140765625001 0.8579035953125 0.31682431236850367 0.8828306275931409 0.35374437187500013 0.8832598046875001
0 0.35472685357870776 0.886887975626294 0.3175931375000001 0.8864558828125 0.3173103042337925 0.9107623509362062 0.35444402031250016 0.9111944437500001
0 0.3549926556258304 0.9160600720782435 0.31859543593750006 0.9156356203125 0.3183628271684509 0.935582085734044 0.3547600468567812 0.9360065374997875
0 0.3550537573417034 0.9425831080023086 0.28088017500000007 0.9417205875000001 0.28052461297079667 0.9722976107476915 0.3546981953125 0.97316013125
0 0.3135183375 0.9356568624999999 0.3100794512585444 0.8553985505547604 0.2770133125028634 0.8568153594418272 0.280452198744319 0.9370736713870667
0 0.4392847983289602 0.8520605576112998 0.4389033899089245 0.7916023006132492 0.2742863624858033 0.7926408075676002 0.27466777090583894 0.8530990645656511
0 0.42841529645868104 0.6870656606332309 0.2689974578125001 0.6852107843749999 0.26797260350712315 0.7732921631545393 0.42739044215330413 0.7751470394127703
0 0.4226472482610159 0.5947355897392862 0.2654579390625001 0.5929084968750001 0.26446325798898423 0.678483364948214 0.42165256718750016 0.6803104578125001
0 0.43170043506411443 0.4428518805868899 0.2595395781250001 0.44092156875 0.2579074039682544 0.5864920906362233 0.43006826090736877 0.5884224024731133
0 0.5040827281250001 0.8240130718750001 0.4808754728915433 0.2098462613415646 0.423705034375 0.2120065359375 0.4469122896084568 0.8261733464709355
0 0.40970277167626323 0.25052158080785353 0.25301494843750005 0.24869771250000006 0.252019511136237 0.33421534731714664 0.4087073343750001 0.3360392156250001
0 0.4132330543991765 0.34299114641943956 0.25851416250000003 0.34119117656250003 0.25744783622540063 0.4328487223669112 0.4121667281245771 0.43464869222385066
0 0.6919473499999999 0.21457843124999995 0.6900315688633109 0.1698494903985976 0.6765604578125 0.17042647031249997 0.678476238949189 0.21515541116390233
0 0.7061140765625 0.5377859484374999 0.7044078660383823 0.4979897322130359 0.6882360843127197 0.4986830761233822 0.6899422948368373 0.5384792923478463
0 0.7202425562499999 0.8709901953125001 0.7184999069174768 0.8303506699018172 0.7013756952484896 0.8310849672572459 0.7031183445810127 0.8717244926679288
0 0.25460191249999997 0.8421781046874999 0.2526442439603761 0.796487638091288 0.2348513062528632 0.7972500000668247 0.23680897479248714 0.8429404666630367
0 0.24803370781249998 0.6624983656250001 0.24594187252770391 0.6137173575106433 0.22799244193443866 0.6144870679719148 0.23008427721923472 0.6632680760862716
0 0.242940328125 0.5396683 0.24100674091051055 0.49452982507368126 0.22434725156250002 0.4952434640625 0.22628083877698946 0.5403819389888187
0 0.23779526875000007 0.3970898687500001 0.23591671762753844 0.35325911931773013 0.2195818126557522 0.35395922037617705 0.22146036377821376 0.39778996980844694
0 0.2320706859375 0.2270849671875 0.23007701390232982 0.18059004099831383 0.21346653281536754 0.181302287566876 0.2154602048505377 0.22779721375606216