0 0.927815215358166 0.4287050134398823 0.7978921875 0.42643750000000014 0.7962238471418338 0.5220293615601179 0.9261468749999999 0.5242968750000001
0 0.9317304041281311 0.2836798555425379 0.7550593750000002 0.2792875000000002 0.7514259673131174 0.4254318339608999 0.9280969964412483 0.42982418950343765
0 0.927121488941039 0.5214524872634652 0.7512580550327428 0.5172231265282056 0.7477345183581726 0.6637372921149107 0.9235979522664687 0.6679666528501703
0 0.7459703125000001 0.5164031250000001 0.6466320862879145 0.5150364969822832 0.6446102112879144 0.6620036844822832 0.7439484375000001 0.6633703125000001
0 0.6397830093868293 0.5146175322727916 0.5444952945422208 0.5135093566196157 0.5428013476553917 0.6591652618468242 0.6380890625000001 0.6602734375000001
0 0.5376689568444878 0.5112793541694503 0.44206875000000007 0.5101671875000001 0.4403669806555124 0.6564487708305499 0.5359671875 0.6575609375
0 0.4352269187129975 0.5094788439992621 0.3377593752113113 0.5083452943305484 0.3360543314983139 0.6549523878312864 0.4335218750000001 0.6560859375000001
0 0.3324844812248767 0.5064569270155354 0.23843904431930948 0.5053624997884274 0.23672956309443288 0.652260260272892 0.3307750000000001 0.6533546875
0 0.23205925334037442 0.5628699554003752 0.12940937500000005 0.5610796875 0.12785637165962568 0.6501253570996248 0.23050625000000005 0.651915625
0 0.1750522132454708 0.5266107925431622 0.05508750000000007 0.524809375 0.053245136626938416 0.6475008601485881 0.17320984987240912 0.6493022776917504
0 0.23231087015438984 0.4942990830737499 0.17998076261615564 0.4933862097026839 0.17891406250000003 0.554534375 0.23124417003823425 0.5554472483710661
0 0.17918699588224676 0.4158017275820002 0.05452343750000006 0.413625 0.05288487911775337 0.507467022418 0.1775484375000001 0.5096437500000002
0 0.16541575342427026 0.3437022763553928 0.05596562500000004 0.3417921875 0.05503737157572981 0.3949820986446072 0.16448750000000004 0.3968921875
0 0.16556881307615023 0.3047774136518923 0.141715625 0.3045 0.1413186869238498 0.3386303988481077 0.16517187500000002 0.3389078125
0 0.13826563968528902 0.30359264169115496 0.11500625000000002 0.303321875 0.11460623531471101 0.337683920808845 0.13786562500000002 0.3379546875
0 0.11036222232946076 0.3028929967605104 0.09127500000000002 0.3026703125 0.09087996517053931 0.33653044073948957 0.10996718750000005 0.33675312499999993
0 0.08541917174597374 0.2652528731004605 0.05615937521143438 0.2649124818252531 0.0553511409654607 0.3343877337247927 0.08461093750000007 0.33472812500000004
0 0.16679190818637243 0.26662508799979556 0.09158437500000002 0.26531250000000006 0.09103152931362762 0.2969889745002046 0.16623906250000003 0.2983015625000001
0 0.22895937500000002 0.42389687499999995 0.22782848755045695 0.2666736351441949 0.17006221677805283 0.26708914083332413 0.17119310422759587 0.42431238068912924
0 0.33071038177399165 0.26836393979973744 0.24642343750000006 0.2673828125 0.24469743072600852 0.4156610602002627 0.3289843750000001 0.4166421875000001
0 0.4189742840415156 0.27031628543215847 0.33708591954413525 0.2693640441216214 0.33538507300261977 0.41562900868946306 0.4172734375000001 0.41658125
0 0.566028237990625 0.2739381141027549 0.4265093750000001 0.2707234375000001 0.4228503226077202 0.4295284721826612 0.562369185598345 0.43274314878541603
0 0.7832062500000002 0.4441296875000001 0.19764687500000006 0.4344640625 0.196743351199603 0.4892010124497562 0.7823027261996032 0.49886663744975623
0 0.7481258458014481 0.2782701536498976 0.6662921875000001 0.27731718750000006 0.664594466698552 0.42310484635010254 0.746428125 0.4240578125000001
0 0.6596793781835264 0.2781598929838808 0.5719703125 0.27713906250000003 0.5702987468164735 0.4207588570161193 0.6580078125 0.4217796875000001
0 0.8230424547232978 0.6883856888568227 0.780896875 0.6876500000000002 0.7806716077767022 0.7005549361431775 0.8228171875000001 0.7012906250000002
0 0.5091612149976809 0.680621873089504 0.47186093750000013 0.6799703125000001 0.47159034750231943 0.6954609394104962 0.508890625 0.6961125000000001
0 0.19130811132301787 0.6740141682798748 0.15324375000000004 0.6733499999999999 0.15295751367698224 0.689754581720125 0.19102187500000006 0.69041875
0 0.22366799480593383 0.22973144803680073 0.1808015625 0.22898281250000002 0.18050388019406619 0.2460279269631993 0.2233703125 0.24677656250000002
0 0.39843469662871145 0.2337158148278849 0.3526234375 0.23291562500000002 0.3523231158712887 0.25010918517211517 0.3981343750000001 0.25090937500000005
0 0.5124548332700443 0.23710476219259186 0.4700640625 0.23636562500000005 0.4697857917299558 0.25232492530740824 0.5121765625 0.25306406250000013
0 0.6475545068703312 0.24069845467907086 0.6064015625 0.23997968750000004 0.6061283056296687 0.25562498282092927 0.6472812499999999 0.2563437500000001
0 0.8126590051227662 0.24480629019470573 0.7689734374999999 0.24404375000000003 0.7686956823772337 0.25995620980529444 0.8123812499999999 0.2607187500000001