0 0.4859456757016898 0.04975585505111048 0.2934760703125 0.045277965625000034 0.2915200367983103 0.12935261838638962 0.4839896421875001 0.13383050781250008
0 0.4872692276225462 0.14270042281077422 0.29308965468750003 0.13817966093750003 0.2905768961177561 0.24610978414223422 0.48475646905280223 0.2506305460155084
0 0.4898565089678087 0.2620474798824287 0.2913306078125001 0.2574288140625 0.28963736446969146 0.33021014824257133 0.48816326562500006 0.33482881406250004
0 0.48627009404379595 0.3448377332397224 0.29223446406250003 0.3403220343750001 0.2898979918928583 0.44071819960912134 0.48393362187415423 0.44523389847384365
0 0.48558696548021685 0.4540530113751779 0.29302168125000005 0.44957118593750006 0.29094787257186183 0.538674066693983 0.48351315680207857 0.5431558921316608
0 0.48773146477846174 0.5532999430402558 0.29135279375000006 0.5487288140625 0.28922037201519807 0.6403390373553501 0.4855990430436597 0.6449101663331059
0 0.4847540827734644 0.65242590601554 0.2934421843750001 0.6479745765625 0.2913690312890357 0.7370757892969599 0.4826809296875 0.7415271187499999
0 0.6777610045737223 0.9383412237801962 0.5546891906250001 0.9378203390625 0.5544260236833665 0.9999999956694807 0.6774978376320887 1.000520880387177
0 0.6805552573236644 0.8679238181897537 0.5512338859375002 0.8649135593749998 0.549714823926336 0.9301727927477461 0.6790361953125001 0.9331830515625
0 0.6067767467452635 0.7961682948512846 0.555282371911858 0.7959508397094373 0.5550025251665947 0.8622198323581529 0.6064969000000001 0.8624372875
0 0.6840111439156046 0.5557028070042078 0.5554636421875 0.5527101687500001 0.5533601056702768 0.6430666840096312 0.6819076073983814 0.6460593222638389
0 0.48610853431095513 0.7491450522994925 0.2917750406250001 0.7446220343750001 0.28753989068904506 0.9265871508255078 0.48187338437500016 0.9311101687500001
0 0.48564805399885735 0.9312858302792388 0.2922533593750001 0.9304661015625 0.2919586308690272 0.999999995210057 0.48535332549288446 1.000819723926796
0 0.6802426621484754 0.05188722763108805 0.5546634247183284 0.051355932639433964 0.5538406250698531 0.245836501883346 0.6794198625000001 0.24636779687500007
0 0.6815158098031182 0.34575444724215804 0.5571894531249999 0.34522881406250006 0.5563301542593817 0.5484760621328421 0.6806565109375 0.5490016953125
0 0.6856871760007883 0.25215309636255967 0.6517802677761194 0.25200847490920836 0.6515954402128311 0.29534181917164876 0.6855023484375 0.29548644062500007
0 0.6829746589840742 0.2985502017180774 0.6502307969052628 0.298411856899829 0.6500459441711887 0.34216335049425173 0.6827898062500001 0.3423016953125001
0 0.6452562735719531 0.24689907369831493 0.6134295765625561 0.24676440623677753 0.613234145178103 0.29295177316346266 0.6450608421875 0.2930864406250001
0 0.6438135084921138 0.29674512602788455 0.6125971375 0.296613559375 0.6124102321328861 0.34095995834711557 0.643626603125 0.34109152500000006
0 0.6813211815180547 0.6511235096146583 0.5541645782946121 0.6508197226623013 0.5536582999015576 0.8627335005476432 0.6808149031250001 0.8630372875000003
0 0.6104377839953073 0.24881271084818296 0.5552860890625 0.24752881406250005 0.554261422834126 0.2915448750616542 0.6094131177669333 0.29282877184733713
0 0.6087144967534406 0.2978902643224241 0.557343503125 0.29669491562500006 0.5563411344965596 0.339772448177576 0.6077121281250001 0.34096779687500006
0 0.553942000210587 0.05209144488171413 0.49944347761747077 0.051861017185354165 0.4954346078125001 1 0.5499331304056164 1.0002304276963598