0 0.06400295781250005 0.35904045 4.4183135386710167e-17 0.35904045 5.250495740206804e-17 0.4949461171875 0.06400295781250007 0.4949461171875
0 0.1717416375000001 0.35911850625 0.07031739976170574 0.3522563985276858 0.06082624218750006 0.49253886874999997 0.1622504799257944 0.4994009764723142
0 0.05379177031250006 0.561460940625 6.893848131876263e-17 0.561460940625 8.027345311707752e-17 0.746575078125 0.05379177031250008 0.746575078125
0 0.1512069390625001 0.6244258000000001 0.06451670106363641 0.6185605792722336 0.05606147031250006 0.7435321703125001 0.14275170831136375 0.7493973910402666
0 0.2592429265625001 0.6014847046875001 0.15989199639288193 0.594761999030087 0.15012720260458093 0.7390701682732895 0.2494781327741991 0.7457928739307027
0 0.10737704202482803 0.6222076696608697 0.1060788015625 0.5983477437500001 0.061676768912672 0.6007636990891303 0.062975009375 0.6246236249999999
0 0.1084983687500001 0.55080735625 0.06726989953111533 0.5486704926268007 0.06475267343750006 0.59723764375 0.10598114265638481 0.5993745073731993
0 0.26565319099508145 0.5961891273536322 0.2627428905401653 0.5427452265671198 0.15632853079508383 0.5485400460884875 0.15923883125 0.6019839468749999
0 0.3703695859375001 0.536794715625 0.26892671477657915 0.5299467030973161 0.25526573533193314 0.7323132980959255 0.3567086064928541 0.7391613106236095
0 0.37673262909612254 0.6059239359207398 0.36951636148740846 0.4805875374218201 -0.002771440460982788 0.5020220802880146 0.004444827147731295 0.6273584787869344
0 0.6870350291444344 0.7109147271310813 0.6777181267408362 0.5224946732273514 0.35521358665890185 0.5384417195337702 0.36453048906249996 0.7268617734375
0 0.7008656984441483 0.512813397002448 0.6912885447031003 0.3318496194597991 0.16294851097955101 0.35981098166847847 0.17252566472059894 0.5407747592111273
0 0.77968820625 0.4594318671875001 0.6889172775353105 0.45346036038926324 0.6807411390066216 0.5777431775449234 0.771512067721311 0.5837146843431603
0 0.9804829248028378 0.5027667166445186 0.9780197264770208 0.45751912030479414 0.8824897407366832 0.46271960209777563 0.8849529390625002 0.5079671984375
0 0.9843762109375002 0.31449820781250015 0.8956434692253546 0.31055453049831494 0.8895016296874999 0.4487459234375001 0.9782343713996454 0.4526896007516853
0 0.9753383765625003 0.5178494734375002 0.8887106281525756 0.5139993514213366 0.8804296546875001 0.7003212609375001 0.9670574030974247 0.7041713829536638
0 0.8924518390625001 0.32321887343750016 0.6987389447409397 0.3103319583736125 0.6720132343750002 0.7120661734375001 0.8657261286965607 0.7249530885013877