0 0.6561267083758455 0.04195672730966843 0.5261110765625 0.03604483125000007 0.5224742418937935 0.11602684589981258 0.652489873707139 0.12193874195948093
0 0.6552283645718638 0.1274991202997646 0.5286702531249999 0.12174451406250006 0.5243770150479595 0.21616350306361132 0.6509351264948234 0.22191810930087588
0 0.4686478395358301 0.03244872374517538 0.2919760890625 0.024414626562500034 0.2881475542141699 0.10860503875482472 0.4648193046874999 0.11663913593750005
0 0.40872800985673213 0.12763529457314227 0.29585752500000007 0.12250309375000001 0.2921879900691441 0.203205739869534 0.40505847492587616 0.20833794069267625
0 0.42906245298496126 0.21563056881360412 0.29870309375000004 0.20970365625000004 0.2944979892025389 0.30219274368639604 0.4248573484375001 0.30811965625000015
0 0.42987531718749994 0.16592173124999998 0.42827538329200115 0.1255845877168495 0.40608734453686723 0.12646465487504588 0.407687278432366 0.16680179840819637
0 0.47395126562499995 0.1671858640625 0.4723134996426529 0.12592785891996108 0.431473909375 0.127549015625 0.43311167535734707 0.1688070207675389
0 0.4793092484375 0.31015523906250003 0.475469514256526 0.213356759006423 0.4257701109399547 0.21532820006188275 0.42960984512092876 0.31212668011795974
0 0.48721967206332983 0.315102479478125 0.30347487620655583 0.3076014689042191 0.29960464008072607 0.4024067941135942 0.4833494359375 0.4099078046875001
0 0.5335094937499999 0.4081156828124999 0.5196002584563298 0.031475906764766505 0.40357472993606613 0.03576070746530709 0.41748396522973624 0.4124004835130405
0 0.49227320625 0.6948341078125 0.4823236117675368 0.4024486366778023 0.307080484375 0.40841199062500005 0.3170300788574632 0.7007974617596978
0 0.6667818921875 0.70365741875 0.6506473717825886 0.21870233542416023 0.4832115718118466 0.22427294685607607 0.499346092216758 0.7092280301819158
0 0.5528586311612396 0.7033896760269025 0.4410708413324336 0.6989559766883117 0.43770908048369417 0.7837167569114094 0.5494968703125 0.7881504562500001
0 0.5488841765625 0.980771096875 0.5450934668081897 0.8851673158493402 0.5030161390624999 0.8868356906249998 0.5068068488168102 0.9824394716506596
0 0.6858067943354779 0.8956516548623977 0.5579006328125 0.889834528125 0.5537319181645223 0.9814956373251024 0.6816380796875 0.9873127640625
0 0.4965645238231454 0.894429119870025 0.3246071375000001 0.886608121875 0.32087077596116514 0.9687581192263732 0.49282816228431053 0.9765791172213982
0 0.6825408000651674 0.7101598177736584 0.3165775328125001 0.6934443390625 0.30834269801783 0.8737351401109701 0.6743059652704974 0.8904506188221285