0 0.56678125 0.6141468749999998 0.5662328125 0.519959375 0.5205718673620551 0.5202252507754384 0.5211203048620551 0.6144127507754381
0 0.6219468749999999 0.61335 0.6214015624999999 0.51964375 0.571934368051772 0.519931618519683 0.572479680551772 0.6136378685196829
0 0.6785578148500472 0.6139675919551556 0.6780078125 0.519309375 0.6280593635715052 0.5195995955975937 0.6286093659215524 0.6142578125527494
0 0.7327968802707944 0.6146040314872893 0.7322437500000001 0.5194750000000001 0.6813421822292057 0.5197709685127109 0.6818953125 0.6149
0 0.795579689642714 0.6147144307880044 0.7950234305523355 0.5191050558408925 0.7384203034096214 0.5194343750528881 0.7389765624999999 0.61504375
0 0.5158796875000001 0.6154 0.5154890566632141 0.5483271228004984 0.47078125000000004 0.5485875 0.471171880836786 0.6156603771995015
0 0.46736875 0.615678125 0.46681875 0.52101875 0.41544686620552085 0.5213172364001791 0.4159968662055208 0.6159766114001791
0 0.8507546904996725 0.6139177035101389 0.8501906189168473 0.5168848910629391 0.804048428417175 0.5171531250528003 0.8046125000000002 0.6141859375000001
0 0.8910498505554131 0.5085609292633959 0.890864062446914 0.4766874908926031 0.74530625 0.47753593750000006 0.7454920381084991 0.5094093758707929
0 0.9685796874999999 0.5076390625 0.968405013109118 0.4776687481022697 0.8946796875 0.47809843750000003 0.894854361890882 0.5080687518977303
0 0.9065406250000001 0.4732765625 0.9062078124999999 0.4161921875 0.8581625115905289 0.4164723005205759 0.8584953240905291 0.4735566755205759
0 0.8537546875000002 0.4740531250000001 0.8534081967381171 0.4145953102608503 0.7944206967381169 0.4149390602608502 0.7947671875000001 0.47439687500000005
0 0.7904781250000001 0.47252343750000003 0.7901484333469221 0.4159211619893388 0.744959375 0.416184375 0.745289066653078 0.4727866505106612
0 0.7429863343834515 0.5428235379618789 0.7423778819299227 0.416649017218128 0.34240433431429873 0.41857781302380104 0.34301278676782754 0.5447523337675519
0 0.404766435261497 0.4768117764851638 0.40393278073022865 0.41675842230236465 0.3473843271922199 0.4175434221607353 0.3482179817234882 0.4775967763435345
0 0.41081094538434487 0.6164779197273745 0.4102499987551189 0.5199154107036021 0.3488875 0.5202718749999999 0.3494484466292259 0.6168343840237723
0 0.3404031310814704 0.6164166716521571 0.339853125 0.5217578125 0.29324061897127907 0.5220286499262905 0.29379062505274944 0.6166875090784476
0 0.9716172725165269 0.6131187193119095 0.9703448366229589 0.5163422534616167 0.858234672476662 0.5178162998182405 0.8595071083702299 0.6145927656685334
0 0.5727552485530165 0.47614374672915527 0.5724125 0.41735156250000005 0.5129119389469835 0.4176984407708447 0.5132546875000001 0.476490625
0 0.63718125 0.41697343750000015 0.5758965700325913 0.41697031112938576 0.575893554732623 0.47607772875550236 0.6371782347000319 0.47608085512611675
0 0.9704939571443523 0.4734305852613708 0.9701421874999999 0.4131796875000001 0.9084747928556476 0.4135397272386294 0.9088265625 0.4737906250000001
0 0.10051874999999999 0.616553125 0.0999703098358775 0.5223245422718736 0.026603125 0.5227515625 0.0271515651641225 0.6169801452281264
0 0.16432098600615347 0.47684062107362735 0.16399531250000002 0.42097656250000004 0.10476182649384655 0.4213218789263726 0.1050875 0.47718593749999993
0 0.21547500000000003 0.4778953125 0.21514195923863344 0.42067967973366355 0.16870289673863342 0.4209499922336636 0.16903593749999998 0.47816562500000004
0 0.24093124999999999 0.55791875 0.24075388275778672 0.5273249956069004 0.206525 0.5275234375 0.20670236724221325 0.5581171918930996
0 0.28050312499999996 0.557925 0.28032824755239244 0.5278218652110639 0.24536249994727105 0.528024990923311 0.24553737739487858 0.5581281257122471
0 0.2837580473776028 0.616903123627671 0.283621875 0.593596875 0.25206539012239726 0.5937812513723291 0.2522015625 0.6170875
0 0.28311875 0.5906890625 0.2829910225517456 0.5685999886662334 0.25191561591308936 0.5687796785175732 0.25204334336134376 0.5908687523513397
0 0.2488001668150889 0.6175954833835556 0.24866406250000006 0.5940453125000001 0.21273414612227257 0.5942529635053355 0.21287025043736146 0.617803134388891
0 0.24851875000000007 0.568796875 0.21258593750000004 0.5687640625 0.21256531523870842 0.591347402639258 0.24849812773870844 0.5913802151392579
0 0.17809531624127603 0.5653209548180305 0.17797655714057317 0.544931892371039 0.1539437408992971 0.5450718750530084 0.1540625 0.5654609374999999
0 0.1777022678138319 0.5408093708898909 0.17758906244694245 0.5213828033950781 0.154528125 0.5215171875 0.15464133036688943 0.5409437549948127
0 0.3404650561567113 0.6157271840877206 0.3387859375 0.41813124999999995 0.1693286938432887 0.4195712534122794 0.17100781249999997 0.6171671875000001
0 0.1676161699933449 0.6180318889260368 0.16705606396721778 0.5218329053116073 0.10302739397387292 0.5222057038855705 0.10358750000000001 0.6184046875
0 0.17805156250000004 0.5141984375 0.17769569730441076 0.4191015075071653 0.02529257230441074 0.4196718200071653 0.025648437500000003 0.5147687500000001