0 0.6059419921875 0.6120322265625001 0.6007627494760861 0.5121468464515394 0.5534152953125 0.5146019000000001 0.5585945380239139 0.6144872801109608
0 0.6632518406250001 0.6110223546875 0.658089768850971 0.5114681158420349 0.606793721875 0.5141279109375 0.611955793649029 0.6136821497829651
0 0.722133921875 0.61147734375 0.7169194614271885 0.5109127537361065 0.6651243747229707 0.5135984250143644 0.6703388351707822 0.614163015028258
0 0.7785478828124999 0.611957528125 0.7733059403447118 0.5108629115165038 0.7205241093749999 0.513599746875 0.7257660518427881 0.6146943634834962
0 0.843818903125 0.6118662218750001 0.8385378335216135 0.5100170230677142 0.7798420265624999 0.513060509375 0.7851230961658863 0.6149097081822859
0 0.5530896109375001 0.6135024421874999 0.549373289084632 0.5418305267083718 0.503012578125 0.5442344156249999 0.5067288999778681 0.6159063311041281
0 0.5026731484375 0.6139504203125 0.4974554346582676 0.513323085882302 0.444184284375 0.51608529375 0.44940199815423243 0.616712628180198
0 0.9011384921875001 0.61085620625 0.8958048421145686 0.5079929411782758 0.8479583453125 0.5104738703125 0.8532919953854317 0.6133371353842243
0 0.9379883234374999 0.50125904375 0.9376903857318808 0.46813264322448356 0.784996801548448 0.4695059640626263 0.785294739254067 0.5026323645881428
0 1.000279847778042 0.5002102327261201 1.0000000000000002 0.4690606140625001 0.9403042214549702 0.4695969201779847 0.940584069233012 0.5007465388416047
0 0.9524041500000001 0.4645483046875 0.9492182237945848 0.4031054495546086 0.899396621875 0.4056887921875001 0.9025825480804153 0.46713164732039153
0 0.8975671234375 0.465529665625 0.8942281982523512 0.40113610080445455 0.8330614842941989 0.4043077078166898 0.8364004094793476 0.46870127263723516
0 0.8317161734375 0.4641495296875 0.8285627800965353 0.40333408691401235 0.7817014061691986 0.40576393594168964 0.7848547995101635 0.4665793787151774
0 0.7826810719274955 0.5388437806034962 0.7824637656561604 0.4066390508746001 0.3665366145387595 0.40732271460237834 0.3667539208100946 0.5395274443312744
0 0.43091377968749994 0.4692327921875 0.428888954124844 0.4065449246656847 0.3689085140625 0.4084823 0.3709333396251559 0.4711701675218153
0 0.4439161140625 0.6149671109374999 0.4385728836260282 0.5119190901035103 0.37494336250000004 0.5152183984375001 0.3802865929364719 0.6182664192714896
0 0.3707209953125 0.6151368203124999 0.3655142703766841 0.5147214151663715 0.31718007491919875 0.5172276328166897 0.32238679985501467 0.6176430379628182
0 1.0016420100032888 0.6100367955074993 1 0.5094258374999999 0.9062578673413577 0.5109557455995097 0.9078998773446465 0.6115667036070092
0 0.6055522734374998 0.46862922031250004 0.6050018043424806 0.40752285512319253 0.5405498546875 0.4081034625 0.5411003237825193 0.4692098276893075
0 0.6720743265625 0.4678500359375001 0.6713225122880068 0.4063482617122863 0.6060180609375 0.4071465609375 0.6067698752119932 0.4686483351627138
0 1.0005611477416743 0.46466293586456436 1.0000000000000002 0.402329303125 0.9519076537892444 0.40276224614920536 0.9524688015309184 0.46509587888876974
0 0.12135557968750002 0.6160708875 0.11611034038943298 0.5149126936565297 0.0400290640625 0.5188576484375 0.04527430336056705 0.6200158422809705
0 0.18099788437500003 0.47070464062500006 0.18047632754081572 0.41264008433745814 0.11642917134944084 0.4132153790466136 0.11695072818362513 0.4712799353341556
0 0.23422467500000002 0.47163007343749996 0.23103538259010348 0.4101222997919517 0.18288103574127995 0.41261919219767434 0.18607032815117647 0.4741269658432226
0 0.2645156437499999 0.5546886000000001 0.2642289898340949 0.5228889887046101 0.22729665781249997 0.5232219109375001 0.22758331172840504 0.55502152223289
0 0.30565274218749994 0.5545633 0.3053724687513586 0.5232753100970526 0.26769376826437086 0.5236128306245006 0.2679740417005122 0.5549008205274479
0 0.31185792500000004 0.6158317828125001 0.3116394557298806 0.5916081435473244 0.27780680625 0.5919132750000001 0.27802527552011946 0.6161369142651758
0 0.30993880468750007 0.5885957781250001 0.3097326636004395 0.5656388929246675 0.27645349635436023 0.5659377228248352 0.2766596374414208 0.5888946080251679
0 0.275300109375 0.6166674375 0.27508116067840793 0.5921906525714904 0.23724533002971876 0.5925291000362699 0.23746427872631087 0.6170058849647795
0 0.2733841515625 0.5894297609374999 0.27337183562713746 0.565965398050993 0.23556903812987465 0.5659852399198197 0.23558135406523717 0.5894496028063267
0 0.19955039687500004 0.562588190625 0.19936048928166955 0.5413949850084055 0.173475249523632 0.5416269368742139 0.17366515711696245 0.5628201424908085
0 0.197968325 0.5371212843750001 0.19778690410020677 0.5169300688953727 0.172955121875 0.5171531859374999 0.17313654277479323 0.5373444014171272
0 0.3672286556933452 0.6126708478919252 0.36271431916014296 0.40795661431910457 0.1889137551947782 0.4117892458938939 0.19342809172798042 0.6165034794667145
0 0.19114142656249997 0.6167315062500001 0.18586241585954424 0.5149220339358671 0.1194670984894712 0.5183647547658238 0.12474610919242693 0.6201742270799567
0 0.19705772031250002 0.5094706828125001 0.19637304362401475 0.4106391999357685 0.03391176959477208 0.4117646859031113 0.034596446283257344 0.5105961687798429