0 0.4767030814988481 0.029428143674032868 0.37303578125 0.02619254218750005 0.3686466981886519 0.16681690320096726 0.4723139984375001 0.17005250468750005
0 0.375617605244694 0.02537407701567601 0.21600847343749993 0.017853296875000025 0.20698217637670902 0.20941313646062767 0.36659130818390306 0.21693391660130365
0 0.6322761941561457 0.03460071755062442 0.4734251431718846 0.02879000107559983 0.4664547031121479 0.21934511318116795 0.6253057540964089 0.2251558296561925
0 0.6247914625 0.23079653437500003 0.46544387968749995 0.22506045156250004 0.4615652918371474 0.332807082648923 0.6209128746496474 0.338543165461423
0 0.6201261899298496 0.3456210536511607 0.4625232265625 0.34028357812500004 0.45902277413265047 0.4436436166613394 0.6166257375 0.44898109218750004
0 0.6156599658186502 0.4563892622195433 0.45737834218750006 0.4510282109375 0.4538660216813499 0.5547272362179567 0.6121476453125001 0.5600882875000001
0 0.6125356722106942 0.5675384924900467 0.45390841093750006 0.5621662890625002 0.4503278559143061 0.6678908106349535 0.6089551171875002 0.6732630140625001
0 0.6080304016904926 0.6789842354380375 0.4490738859375001 0.6735997359375001 0.44561831075664005 0.7756122239351718 0.6045748265096326 0.7809967234357093
0 0.6047105337005263 0.787505644667921 0.5081424359375 0.7844923156249999 0.5046769116119738 0.895551906894579 0.6012450093750001 0.8985652359375
0 0.6012987801396434 0.8495458825989107 0.46798436875000016 0.8450300937499999 0.4635798251120896 0.9750603414374442 0.5968942365017329 0.979576130286355
0 0.49996082016341514 0.7846313035626613 0.4336897951008269 0.7827235755955984 0.43205534056241185 0.8395015751579372 0.4983263656250001 0.8414093031250001
0 0.4496324387344036 0.8415407389594847 0.34786283750000013 0.8383625234375 0.34364929407809663 0.9732843469780154 0.4454188953125001 0.9764625625000001
0 0.32716000581902804 0.8531149528291287 0.26947671093750014 0.8513140484375 0.2657752738684723 0.9698717502958714 0.3234585687500002 0.9716726546875
0 0.2643515852982838 0.8511296945758977 0.2274274328125001 0.8498792078124999 0.2265511771470709 0.875753130475168 0.2634753296328546 0.8770036172385657
0 0.26290941137475354 0.8807423716781463 0.22573050781250012 0.8794828250000002 0.2248757730002467 0.9047126189468541 0.2620546765625001 0.9059721656250002
0 0.2611779653811511 0.9109913735609269 0.22452812187500015 0.9097488140625 0.22382617680634914 0.9304529951890732 0.2604760203125001 0.9316955546875001
0 0.25863211684193155 0.938462854667133 0.18340225937500013 0.9359148015624997 0.18232726753306863 0.9676533406453668 0.25755712500000005 0.97020139375
0 0.2202674393727983 0.8488995312381776 0.18591500156402177 0.8478269687012624 0.18337091531622357 0.9293099234005847 0.2177233531250001 0.9303824859375001
0 0.3574030765625001 0.7839465531250001 0.18740008058418406 0.7813927266125185 0.18645824312811804 0.8440889154386865 0.35646123910643407 0.846642741951168
0 0.3512718789084796 0.6752221256060887 0.19078568750000008 0.6697853109375 0.1876883908903339 0.7612126202808867 0.3481745822988135 0.7666494349494754
0 0.35251764771533506 0.579399721744704 0.19420634062500008 0.57403845625 0.19119823353466514 0.6628640079427961 0.3495095406250001 0.6682252734375
0 0.3720364854729118 0.42222496557277556 0.19978169789457284 0.41545383060133123 0.19384328518100485 0.5665245188747274 0.3660980727593438 0.5732956538461718
0 0.4469778384385316 0.18506015854990768 0.3876212171875 0.18290629062500005 0.3645739560915936 0.8180462320873001 0.4239305773426252 0.8202001000122078
0 0.3655416619095171 0.22234612627633235 0.20774720625 0.21699973750000004 0.20473963184048297 0.30576592841116773 0.36253408750000005 0.31111231718750004
0 0.36176860703681857 0.31825499412445135 0.20634463281250004 0.31298990468750004 0.2031217257228115 0.40812922462375784 0.35854569994713004 0.41339431406070914
0 0.6670951176529758 0.1460770067851246 0.6531 0.14563981093750009 0.6516730542220244 0.19131790727737558 0.665668171875 0.19175510312500008
0 0.6567899469641738 0.486649422850015 0.6399890144933702 0.4861252955634282 0.6387281956541966 0.5265409211509133 0.6555291281250001 0.5270650484375
0 0.645868521729679 0.8314958892503379 0.6280780906250001 0.8309410171874999 0.6267918673328211 0.8721801935621623 0.6445822984375 0.8727350656250001
0 0.16524272090774975 0.7856966849680378 0.14675762656250008 0.7851195109375 0.14530749784225044 0.8315626369069623 0.1637925921875001 0.8321398109375
0 0.17233357303229999 0.5961210245814281 0.15368581506764392 0.5955394412087947 0.152137615472844 0.6451805635023666 0.17078537343750005 0.6457621468750001
0 0.17637444848282907 0.4724079904727782 0.1590669171387457 0.47186742031097734 0.15763232959341672 0.5177988657756991 0.17493986093750008 0.5183394359375
0 0.1819498954063698 0.32585529418467074 0.1649795267893139 0.32532563435107964 0.16358776107044415 0.36991798547890886 0.1805581296875 0.37044764531249996
0 0.18915922101722865 0.14677542410216016 0.1719025109375 0.14623717500000002 0.17042590085777137 0.19357851183533992 0.18768261093750002 0.19411676093750005