0 0.10931406250000006 0.4491203125 0.05286562500000005 0.4491203125 0.05286562500000006 0.589040625 0.10931406250000009 0.589040625
0 0.17649375000000006 0.454684375 0.12163906250000005 0.454684375 0.12163906250000008 0.5866609375 0.1764937500000001 0.5866609375
0 0.23432656250000009 0.47148124999999996 0.2022078125000001 0.47148124999999996 0.2022078125000001 0.5047203125 0.23432656250000009 0.5047203125
0 0.23376875000000008 0.51365625 0.2013687500000001 0.51365625 0.2013687500000001 0.5488500000000001 0.23376875000000008 0.5488500000000001
0 0.24436096436745344 0.40420167400738843 0.053423063115763836 0.4039397177164947 0.053341686601908286 0.4632544251959335 0.24427958785359788 0.4635163814868273
0 0.11513125000000005 0.28143125 0.053104687500000046 0.28143125 0.053104687500000046 0.3999640625 0.11513125000000005 0.3999640625
0 0.2493828125 0.282753125 0.11859843750000003 0.2819875 0.11791079277828294 0.3994512520350333 0.24869516777828288 0.4002168770350333
0 0.9182796874999999 0.40382812500000015 0.18970625000000008 0.4038281250000001 0.1897062500000001 0.57150625 0.9182796874999999 0.5715062500000001
0 0.8495843750000001 0.4522187500000002 0.7990578125 0.4522187500000002 0.7990578125 0.5917328125000002 0.8495843750000001 0.5917328125000002
0 0.9180203125 0.4505359375000002 0.8618859375 0.4505359375000002 0.8618859375 0.5184015625000001 0.9180203125 0.5184015625000001
0 0.8898046875000001 0.5226781250000002 0.8620703125 0.5226781250000002 0.8620703125 0.5543718750000002 0.8898046875000001 0.5543718750000002
0 0.9177296875 0.5228562500000001 0.8947109375 0.5228562500000001 0.8947109375 0.5922921875000002 0.9177296875 0.5922921875000002
0 0.89036875 0.5556890625000002 0.862259375 0.5556890625000002 0.862259375 0.5926687500000002 0.89036875 0.5926687500000002
0 0.5893062500000001 0.2829046875000001 0.45399808692925114 0.28264404987163044 0.4537748086701372 0.39855736324592494 0.5890829717408861 0.3988180008742946
0 0.9195546875000001 0.2831125000000001 0.5928406250000001 0.28290468750000003 0.5927661569583726 0.3999802070501393 0.9194802194583727 0.4001880195501394
0 0.3151734375000001 0.28214375 0.2537066868388015 0.2816754724432356 0.252815401949612 0.3986667423867255 0.31428215261081066 0.39913501994348993
0 0.450209375 0.28287187500000005 0.31942343750000013 0.2823953125 0.3190006755787523 0.3984164308416547 0.44978661307875223 0.39889299334165473
0 0.44469531250000005 0.44699999999999995 0.3110046875000001 0.44699999999999995 0.3110046875000001 0.5710296875 0.44469531250000005 0.5710296875
0 0.5858728832385773 0.4466091147012814 0.5172942975287841 0.44616494919649785 0.5164839142902068 0.5712870844952164 0.5850625 0.5717312499999999
0 0.5140926403149304 0.44750191562569047 0.4491460738362 0.4469057009183278 0.4480069442089425 0.5709928077121798 0.5129535106876728 0.5715890224195423
0 0.6505150693170848 0.4465216460636475 0.589523639277164 0.4460692407447704 0.5885913824600794 0.571752282181123 0.6495828125000002 0.5722046875000001
0 0.788453125 0.4472312500000001 0.6535640625 0.44723125 0.6535640625 0.5722046875000001 0.788453125 0.5722046875000002