0 0.6464280919670469 0.5610965886342562 0.6438162861733929 0.40172065544939517 0.35427846396847523 0.4064655158960451 0.35689026976212923 0.5658414490809061
0 0.3670296875 0.3197093750000001 0.30854375076756224 0.3186889814369504 0.30634062500000003 0.4449656249999999 0.36482656173243777 0.4459860185630496
0 0.43889053235742564 0.4041340243025938 0.4377166672100804 0.35939737466708765 0.3723198848526547 0.3611133503644939 0.37349374999999996 0.40584999999999993
0 0.43670781250000007 0.4001046875000001 0.41959148870052143 0.3998065610659704 0.4191250000000001 0.4265890625 0.4362413237994788 0.42688718893402966
0 0.4163124999999999 0.3998156250000001 0.40283028865869747 0.39957994706005884 0.4023609101948141 0.4264312495226873 0.4158431215361166 0.42666692746262863
0 0.3680932426084073 0.48886449081559585 0.367678125 0.4532046875 0.3016770698915927 0.45397300918440414 0.3020921875 0.4896328125
0 0.45759807180983525 0.44630688375555466 0.4575283235654915 0.4300046454559524 0.44087712675565627 0.4300758867003978 0.440946875 0.446378125
0 0.4363888866768922 0.45724370886660937 0.4359296875000001 0.43086874999999986 0.40092673832310793 0.4314781661333905 0.4013859375 0.457853125
0 0.497234375 0.36307656250000003 0.4691423763101093 0.362586970436163 0.468434375 0.40321093750000003 0.4965263736898907 0.40370052956383706
0 0.5347875 0.36264062500000005 0.5069203794292537 0.36215493308504765 0.5062125 0.4027703125000001 0.5340796205707463 0.4032560044149525
0 0.6083872613709019 0.3700840367454833 0.6082140625 0.35517656249999996 0.5682424261290981 0.35564096325451666 0.568415625 0.3705484375
0 0.6339332993044271 0.3982473401759369 0.63315 0.35433906249999997 0.5663925767238353 0.3555299778805461 0.5671758760282624 0.39943825555648294
0 0.604746875 0.39290468750000007 0.5889923494155027 0.39263004971494736 0.5884703125 0.4225765625000002 0.6042248380844973 0.4228512002850529
0 0.5847421875000001 0.393721875 0.567380657206713 0.39341938288336015 0.5668734375 0.42253125 0.584234967793287 0.4228337421166398
0 0.6033843750000001 0.426671875 0.5665468919840572 0.42549098907019056 0.5655281419840572 0.45727067657019055 0.6023656250000001 0.45845156249999997
0 0.5618484375000001 0.4269984375000001 0.5423852962601794 0.42592352447145104 0.5414774837601793 0.442361024471451 0.5609406250000001 0.44343593750000004
0 0.6999734375000001 0.3117765625000001 0.6397774892749908 0.31072523719283524 0.637578125476461 0.4366546602191793 0.6977740737014703 0.43770598552634415
0 0.7014495072474806 0.48014069166099266 0.7010218750000001 0.4433453125000001 0.6334020552525195 0.4441311833390075 0.6338296875 0.4809265625000001
0 0.7814484375000001 0.3502328125000001 0.7093552998345846 0.34897515448914723 0.70708125 0.4793312500000001 0.7791743876654155 0.4805889080108529
0 0.7647562500000001 0.5180656250000001 0.7034451684164843 0.5169956732450612 0.7012406254757056 0.6433218477408067 0.7625517070592215 0.6443917994957455
0 0.6985890625 0.5188343750000001 0.6343029553998062 0.5177124237643859 0.6321031250000001 0.643759375 0.6963892321001939 0.6448813262356142
0 0.5369476217344332 0.6444926806450112 0.5360515445156218 0.5675578309082514 0.45573673528118847 0.5684932752632402 0.4566328125 0.645428125
0 0.8329578125000001 0.34969062500000014 0.7888661321059376 0.348920946774422 0.7873296875000002 0.43693750000000015 0.8314213678940628 0.43770717822557836
0 0.3665296875000001 0.523415625 0.30230448804308807 0.5222943937194237 0.3001140352304842 0.6477656245239339 0.3643392346873962 0.6488868558045103
0 0.24654843750000008 0.4540062500000002 0.21061978260180134 0.45337929895624784 0.20995000000000008 0.4917625000000001 0.24587865489819882 0.4923894510437525
0 0.1590527422390698 0.650639762582483 0.158325 0.5880921874999999 0.0415503827609302 0.589450862417517 0.042278125 0.6519984375
0 0.16564868124078275 0.582935298258168 0.16522968750000003 0.5122078124999999 0.04194819375921725 0.5129381392418318 0.0423671875 0.583665625
0 0.208509828663639 0.5066776907156731 0.20768593749999997 0.3636125 0.04373235883636099 0.36455668428432686 0.04455625 0.5076218749999999
0 0.2999546875000001 0.36304375000000005 0.21252937539848368 0.361516783329192 0.2102888249573564 0.4897977899415287 0.29771413705887284 0.49132475661233677
0 0.35225492059628905 0.4818013358890426 0.16632932545591037 0.4772078275418468 0.16201656734836561 0.6517698523025623 0.34794216248874427 0.6563633606497581
0 0.45529127081129406 0.5235325401301723 0.37285238649171615 0.5215750153421735 0.3698292013514767 0.648892948469177 0.45226808567105464 0.6508504732571757
0 0.6311515625 0.5189234375 0.5419646600617318 0.5163003590536014 0.5381737605343313 0.6451941734066302 0.6273606629725995 0.6478172518530289
0 0.8364984227719056 0.5240023980459074 0.835759375 0.4817078125000001 0.6492043654279493 0.48496764026240696 0.6499434131998549 0.5272622258083143
0 0.8351218750000001 0.5283546875000001 0.7686739657427161 0.5271888534133674 0.7666546875000001 0.6422796875000003 0.8331025967572842 0.643445521586633
0 0.9442765625 0.49015000000000003 0.941200769943294 0.3466742130764133 0.7836158875189441 0.3500524723548818 0.7866916800756498 0.49352825927846855
0 0.9540578124999998 0.6391531250000001 0.9503226643099648 0.4933877848749636 0.8347101643099648 0.4963502848749636 0.8384453124999999 0.6421156250000001
0 0.56305625 0.35718906250000004 0.5444172977927066 0.3568633884524697 0.5432624999999999 0.4229546875 0.5619014522072933 0.42328036154753035
0 0.4604531250000001 0.35918125000000006 0.4415471514119198 0.35885085262969296 0.4403687504770485 0.4262812227023698 0.45927472406512876 0.4266116200726769