0 0.6103587630537015 0.36465576136626254 0.2896499021790633 0.35301988636465115 0.28330099833851813 0.5280088509437535 0.6040098592131564 0.539644725945365
0 0.6619590921875 0.40270139687500006 0.6609266542029222 0.26332223738081784 0.5961466625 0.2638020890625 0.5971791004845779 0.40318124855668225
0 0.5886314486084465 0.3095655887223526 0.517382415625 0.3087045500000001 0.5167831217040535 0.35829478471514753 0.5880321546875 0.3591558234375001
0 0.5372672046875 0.38195825937500005 0.5370484866741404 0.3524313703696903 0.5180896703125 0.35257180625 0.5183083883258596 0.3820986952553097
0 0.5558335124999999 0.38184235624999996 0.5556140350031529 0.3522128467695754 0.540678778125 0.3523234781249999 0.5408982556218469 0.3819529876054245
0 0.6667526070482643 0.41268654856690234 0.5939425734375001 0.41160788125000003 0.593357632014236 0.45109142174559774 0.6661676656250001 0.45217008906250006
0 0.5129103421875001 0.3857388312500001 0.4945059045540347 0.385709367347317 0.4944770061165348 0.4037605907848171 0.5128814437500001 0.40379005468750007
0 0.5572452899062799 0.38754166259799266 0.5185790202520859 0.38663560208450587 0.5178972444083062 0.4157304894865133 0.5565635140625 0.4166365500000001
0 0.48292440000000003 0.35589816718749995 0.48259278840887854 0.31113050081712684 0.4514768046875 0.3113609890625 0.45180841627862145 0.3561286554328731
0 0.44109222031249995 0.35527843124999997 0.4407606497384654 0.3105163021989251 0.4098937593749999 0.31074494531249996 0.4102253299490345 0.3555070743635748
0 0.372811927793465 0.30287631771654755 0.32866479531250004 0.3022222859375 0.328420251894035 0.3187289619709525 0.37256738437500003 0.31938299375000007
0 0.37471332203391317 0.30275720625531977 0.30106169375000014 0.30120788125000003 0.3000389368963619 0.349827575213724 0.37369056518027494 0.3513769002190437
0 0.34977985468750006 0.3769179421875 0.349535125617637 0.34387959206579943 0.3320847109374999 0.3440088546875001 0.332329440007363 0.3770472048092006
0 0.37369610312499996 0.3769435734375 0.373458309143837 0.34484144298948605 0.35422791249999996 0.34498389062499996 0.3544657064811629 0.3770860210730139
0 0.37406621758172354 0.3816702818986809 0.33321797968750005 0.38139870625000005 0.33298406011136306 0.41658301876319126 0.3738322980055865 0.41685459441187217
0 0.40083481875000004 0.3820579140625 0.3792115203125 0.3819088296875 0.37908606800387457 0.4001045172575758 0.40070936644137467 0.4002536016325758
0 0.29523912500000005 0.392331334375 0.29420966894263473 0.25335471451248975 0.22753552500000002 0.253848596875 0.22856498105736528 0.39282521673751025
0 0.29950312070599705 0.4006237047527644 0.2249090859375001 0.39951860781250004 0.22430551679400318 0.4402595202472358 0.29889955156250014 0.44136461718750014
0 0.2177982953125 0.43933967812499997 0.2167331820443879 0.2955493853478458 0.13687954687499998 0.29614089374999997 0.13794466014311205 0.4399311865271541
0 0.2224423796875 0.6209335390625 0.221409682511035 0.4815193949661124 0.1534987171875 0.48202243906250003 0.154531414363965 0.6214365831588877
0 0.2989999109375 0.6216594640625 0.29796969469205187 0.4825803878828032 0.2267634234375 0.48310784218749997 0.22779363968294813 0.6221869183671968
0 0.4945581644239258 0.5389362636449365 0.4062133656250001 0.5376274515625001 0.4049513433885744 0.6228139363550635 0.4932961421875001 0.6241227484375
0 0.12940455 0.39211995468750005 0.12868511589924242 0.2949964458948121 0.07984540625 0.29535822187500005 0.08056484035075759 0.392481730667688
0 0.6665979624999999 0.6272627828124999 0.6655724745671765 0.4888218865925197 0.5944336671875 0.48934884062500006 0.5954591551203234 0.6277897368449803
0 0.7681832749999999 0.4548543109375 0.7678704700858882 0.4126255262419273 0.7280725234375 0.4129203250000001 0.7283853283516117 0.4551491096955728
0 0.9531047109839976 0.5636012845457582 0.8242800203125003 0.5616927718750001 0.8232539843285025 0.630950246704242 0.9520786749999999 0.6328587593750001
0 0.9536552237190188 0.4792523611312968 0.8174764953125001 0.4776496343750002 0.8165551066603014 0.5559371743637468 0.9527338350668201 0.5575399011200435
0 0.9533531931378926 0.31549581662906456 0.77211445625 0.31297311250000004 0.7699128918070837 0.4711401976584976 0.9511516286949764 0.4736629017875621
0 0.7679567820973835 0.4528576368730837 0.7665028686928729 0.3110300715574975 0.6695432946617619 0.3120240308352007 0.6709972080662725 0.45385159615078685
0 0.8238191877519918 0.6319073656648795 0.8116149430612524 0.4374377990074227 0.6091368580954831 0.4501446309087208 0.6213411027862226 0.6446141975661775
0 0.5882543125 0.628290478125 0.587484112024846 0.4882711846771423 0.4965240601060459 0.48877152626209674 0.4972942605812 0.6287908197099544
0 0.402546096875 0.6235896328125 0.4005208342905503 0.4820269373383611 0.3014428421875 0.48344439375 0.30346810477194963 0.625007089224139
0 0.28165703886137333 0.4462187104423002 0.07527470156250005 0.441516671875 0.07421131484789412 0.4881909456972493 0.2805936521467674 0.49289298426454947
0 0.1500127265625 0.6195473906250001 0.14835148178321672 0.49221506936207493 0.07477276076401555 0.4931750162549545 0.07643400554329881 0.6205073375178797
0 0.13005804808611943 0.4530932130376269 0.12947145595324627 0.29273535593396904 0.002171859375 0.2932010203125 0.0027584515078731644 0.4535588774161578
0 0.07051649374999999 0.619111803125 0.06991070670388735 0.455972362817301 0.0033794031250000004 0.45621941406250005 0.00398519017111265 0.619358854370199
0 0.39983747343750004 0.37749692500000004 0.3992964480851532 0.3044585024331656 0.3786510578125001 0.30461143125 0.3791920831648469 0.37764985381683447
0 0.5137442015625 0.38154057343750003 0.5131922215429512 0.30702329752784097 0.4922527625 0.30717840468749996 0.4928047425195488 0.38169568059715897