0 0.5986074417349119 0.7105086418206544 0.5919711066626474 0.4010070255694533 0.42400982532746073 0.40460845213261065 0.43064616039972525 0.7141100683838117
0 0.6928514164750388 0.3635821206914115 0.5562823921875 0.35447751875000005 0.5521535663374613 0.4164099043085886 0.6887225906250001 0.42551450625000004
0 0.6446775980829365 0.42800282489152197 0.5970448500000001 0.4278727578125 0.5968523019170637 0.4983870985459782 0.6444850500000001 0.49851716562500015
0 0.6035804545338064 0.47721710108153675 0.5744269109375001 0.4752735328125001 0.5732185501536938 0.4933989567309635 0.6023720937500001 0.49534252500000014
0 0.6038838092130825 0.45940842197189735 0.5748023250000001 0.45746965625000013 0.5738504095369177 0.47174838740310304 0.60293189375 0.4736871531250002
0 0.5467624578125 0.3476253593750001 0.50884053125 0.3476253593750001 0.50884053125 0.41921827343749996 0.5467624578125 0.41921827343749996
0 0.5704644925455773 0.49788967905551307 0.5531162796875001 0.49742425312500005 0.5526335152669228 0.5154187381319871 0.569981728125 0.5158841640625
0 0.5696694359375 0.4929048734374999 0.5693390141348031 0.4545488136574007 0.54140199375 0.4547894796875 0.5417324155526969 0.4931455394675992
0 0.6429798904106747 0.5318404094648784 0.5986777406250001 0.5288869328125001 0.5966945283393252 0.5586351170976218 0.6409966781249999 0.56158859375
0 0.6429640142007743 0.5720038026133849 0.5986777406250001 0.569051384375 0.5967104045492257 0.5985614255116152 0.6409966781249999 0.60151384375
0 0.6480249171875 0.636829125 0.632171096875 0.636829125 0.632171096875 0.6799209296875001 0.6480249171875 0.6799209296875001
0 0.6486063125 0.7064580281249999 0.6481562516303784 0.6340944665165368 0.6014681215158645 0.6343848405663111 0.6019181823854861 0.7067484021747743
0 0.6090607261498644 0.6575791308878167 0.5765996671875001 0.6554150609375001 0.5754874457251359 0.6720983878621835 0.6079485046875001 0.6742624578125
0 0.6085529132607006 0.6345801614090784 0.5769152828125002 0.6324709859375002 0.5756896117392997 0.650856051090922 0.6073272421875001 0.6529652265625001
0 0.57411909297221 0.6319383784178144 0.5402874800479684 0.6301584215681878 0.5382298495757585 0.6692677728378734 0.5720614625 0.6710477296875
0 0.5731453227854215 0.6061795717187992 0.5556320936538153 0.6054023817007048 0.5547126849308938 0.6261203724819057 0.5722259140625001 0.6268975625000002
0 0.6972860969579647 0.7159425503180311 0.5610232562500002 0.7068583609375001 0.5567737046045356 0.770601635619469 0.6930365453125 0.7796858250000002
0 0.5531212625000002 0.7005568109375 0.51399169375 0.7005568109375 0.5139916937500001 0.7739162796875 0.5531212625000002 0.7739162796875
0 0.6562257738938053 0.7879012087804205 0.5147823921875001 0.7784716500000001 0.5096928307936948 0.8548150709070799 0.6511362125000001 0.8642446296875003
0 0.4772104409318808 0.7727990790659327 0.34047508281250016 0.7636833890625001 0.3361467012556195 0.8286091162465675 0.4728820593750001 0.8377248062500001
0 0.4774204712624542 0.6993047748621593 0.3408671093750001 0.6902012171875 0.33632869748754607 0.7582773938878411 0.4728820593750001 0.7673809515625003
0 0.42308305625 0.5036746390625 0.34126578125000007 0.5036746390625 0.34126578125000007 0.592134109375 0.42308305625 0.592134109375
0 0.6541892658734979 0.8723086313390848 0.5588671093750002 0.8659538218750003 0.5557542560015023 0.9126466295984157 0.6510764125 0.9190014390625002
0 0.47665371354901254 0.3463117991360286 0.34071594687500006 0.3372492812500001 0.3361818348884876 0.4052609602389716 0.4721196015625001 0.41432347812500014
0 0.549946866124135 0.252425582684036 0.5077142859375 0.24961007656250006 0.505177718250865 0.2876585813784641 0.5474102984375 0.2904740875000001
0 0.4059219265625 0.06307209375000004 0.3394036546875 0.06307209375000004 0.3394036546875 0.18971760937500004 0.4059219265625 0.18971760937500004
0 0.4867678506621472 0.06687932234411381 0.4115841162147639 0.06674409941124039 0.4113428436776168 0.20089124425462662 0.48652657812500005 0.20102646718750009
0 0.6440099671875 0.07304916875000009 0.4921411953125 0.07304916875000007 0.4921411953125 0.2539124031250001 0.6440099671875 0.2539124031250001
0 0.6498868621076577 0.2596904713754872 0.5115413486690603 0.2500739399397707 0.5050997499615534 0.342744180401483 0.6434452634001506 0.3523607118371995
0 0.5264633305025798 0.20840007759982537 0.3385789784383115 0.18677962311556437 0.31635185320671455 0.37993601700312307 0.5042362052709828 0.40155647148738405
0 0.4758238872665749 0.42123071302424553 0.3386146171875001 0.412345071875 0.33298189475162826 0.49932379642653346 0.4701911648307031 0.5082094375757791
0 0.48058479547732613 0.6010672017563723 0.3404867109375001 0.5907605765625 0.33352317796017417 0.6854159669936277 0.4736212625000002 0.6957225921875001
0 0.5106644515625001 0.9150692140625003 0.5090739786646071 0.7153974455731095 0.4642563016231541 0.7157544379572618 0.4658467745210471 0.9154262064466527
0 0.46610724736811215 0.8423056298458249 0.34077574687500006 0.8332433 0.33569232249954106 0.9035467667087362 0.4610238229926532 0.9126090965545611
0 0.6520591796875002 0.8627582500000001 0.49926079687500013 0.8627582500000001 0.49926079687500013 1 0.6520591796875002 1
0 0.49561096718750014 0.9095280171875 0.3400631234375001 0.9095280171875 0.3400631234375001 1 0.49561096718750014 1
0 0.6477577180576012 0.6120958066106721 0.5767558140625001 0.607362346875 0.5754399569423989 0.627100205889328 0.6464418609375 0.6318336656250001
0 0.6469276230955752 0.5026916310995748 0.57449335625 0.49786268125 0.5731587565919247 0.5178816814004252 0.6455930234375 0.5227106312500001