0 0.5765904118442686 0.04388936983759706 0.42633559062500004 0.04190102031250005 0.42555245887124127 0.10108041516583752 0.5758072800905099 0.10306876469093454
0 0.5738616324335515 0.11596450964226653 0.4320398171875001 0.11408836718750007 0.4312790222539487 0.17159856223273365 0.5731008375 0.1734747046875001
0 0.5586155486790172 0.20024528929077356 0.5217895453125 0.19975797187500005 0.5213439778628098 0.23342897945895294 0.558169981229327 0.23391629687472645
0 0.5143324955348507 0.19877836840880223 0.475438396875 0.19826419062500003 0.4749893263401492 0.2322333628411979 0.513883425 0.23274754062500008
0 0.6292409109375001 0.24529327187500005 0.6205130366257455 0.042663108650233705 0.5584156642113454 0.04533782426462085 0.5671435385230998 0.2479679874893872
0 0.7529102059669645 0.046482379286810385 0.624773515625 0.044777025000000074 0.6239081116210576 0.10980163937574916 0.752044801963022 0.11150699366255948
0 0.7569331140625 0.2523322171875 0.7514477780109395 0.11019462934304765 0.6284171607608194 0.11494259425846713 0.6339024968123799 0.2570801821029195
0 0.6610615671875 0.9524453562500002 0.6263332178934453 0.17789207226139298 0.45107131919012655 0.18575022296829463 0.48579966848418127 0.9603035069569017
0 0.6077747564243385 0.8267309798365498 0.45830546562499996 0.82475550625 0.4576053904300143 0.8777249529756774 0.6070746812293528 0.8797004265622272
0 0.6128103770099307 0.8926764611723179 0.5381926781249999 0.8916893500000003 0.5374141760944028 0.9505378685149088 0.6120318749793335 0.9515249796872265
0 0.5353908171538572 0.8918455082678097 0.5004521687500001 0.8913835703125 0.500067762533643 0.9204581104821905 0.5350064109375001 0.9209200484375002
0 0.536441001257992 0.9260846346735139 0.46217861562500007 0.9251019796875 0.46185926923680753 0.9492360094008794 0.5361216548697995 0.9502186643868933
0 0.5007782004886272 0.8915842802929401 0.4602702375000002 0.8910498734375002 0.4598814370113731 0.9205208947070604 0.5003894000000001 0.9210553015625003
0 0.7726248093750001 0.608972021875 0.7662345427626585 0.4600221058284967 0.6449083260336405 0.465227257281708 0.651298592645982 0.6141771733282113
0 0.7878062671874999 0.9554589312500001 0.7724899678458366 0.6058402137011979 0.6499312037016248 0.6112093390493424 0.6652475030432882 0.9608280565981445
0 0.7619661701642811 0.2569601718127467 0.6357220405857633 0.25436178218635463 0.6343963797964822 0.31876971037360796 0.760640509375 0.32136810000000005
0 0.7661730406250001 0.4630329328125001 0.7603173921443043 0.31951765734971505 0.6388251620929306 0.3244747310132859 0.6446808105736265 0.4679900064760708
0 0.5933532365835978 0.4542991215012213 0.5875996941350353 0.30787230627824935 0.45740877968749993 0.31298789218749995 0.4631623221360625 0.4594147074104719
0 0.6014528919946737 0.5311531937067405 0.4669103093750001 0.529021578125 0.4657713035242141 0.6009129595243343 0.6003138861438877 0.6030445751060749
0 0.5973083983216755 0.45965322835486305 0.4637178140625002 0.4571904312500001 0.4624629971605666 0.5252560151897375 0.5960535814197419 0.5277188122946005
0 0.6048227232645005 0.6071269502414547 0.46957377031250014 0.6042149125 0.4681978494817646 0.6681192531109368 0.6034468024337649 0.6710312908523914
0 0.6094261170390205 0.8149087646135349 0.6028333801321911 0.6665721686783668 0.4720152796966919 0.6723863058667338 0.47860801660352126 0.8207229018019019