0 0.6267750596002026 0.28561812181868895 0.6189993792914235 0.05592685473999974 0.4721656952625238 0.06089757826854329 0.479941375571303 0.2905888453472325
0 0.5520251668101799 0.6894216936431136 0.5478131663690745 0.5649575397020193 0.4935482323528374 0.5667939232612658 0.49776023279394277 0.69125807720236
0 0.4663074345198012 0.2749907015966 0.24075433302389687 0.27021240236093325 0.23942209292303004 0.3330989801718773 0.46497519441893437 0.3378772794075441
0 0.46111700821870183 0.2694904528811233 0.45540758695953 0.10074990896900612 0.39262908693718274 0.10287405112439227 0.3983385081963546 0.2716145950365094
0 0.6490111025583691 0.7853124215324566 0.6459591416814574 0.6951273410222977 0.5746698651721123 0.697539847410484 0.577721826049024 0.787724927920643
0 0.6447573976501962 0.6913944501971457 0.6417681465249683 0.566070043682184 0.5575272634260211 0.5680793662203574 0.5605165145512492 0.6934037727353191
0 0.4549476178941239 0.06148102116678204 0.38271485378225095 0.05995127691514861 0.3819248053809633 0.0972564537420831 0.45415756949283625 0.09878619799371653
0 0.22594050000000002 0.35818907812499995 0.2181128841074353 0.1269130924938559 0.1813182638952175 0.12815841916773457 0.1891458797877822 0.35943440479887856
0 0.483159575 0.7189378093750001 0.4660640489855806 0.3398318269025785 0.3987489586471713 0.34286735504312155 0.41584448466159063 0.721973337515543
0 0.4565125890625 0.7834888515624999 0.45437328084977374 0.7202700163268242 0.41754630312499996 0.7215162312500001 0.4196856113377262 0.7847350664856758
0 0.495713498386229 0.783941376228466 0.4935958769486183 0.7214708727262228 0.4590780421874999 0.7226409562500001 0.4611956636251107 0.7851114597522434
0 0.2796468328125 0.26559484375000003 0.27823134346356226 0.22371857963013847 0.239626925 0.22502347500000003 0.24104241434893772 0.2668997391198616
0 0.42722678791483537 0.5915474491146104 0.4162761296999687 0.3322310150163571 0.244965946875 0.33946526250000003 0.2559166050898667 0.5987816965982533
0 0.3953265947262347 0.1663856590602087 0.23692999531250006 0.16503447187500003 0.23607238027376537 0.2655707315647915 0.39446897968750005 0.26692191875000015
0 0.390397083947814 0.05921064366993447 0.23128483125 0.056302085937500024 0.22939392049397317 0.15974410006252976 0.3885061731917872 0.16265265779496424
0 0.6332198966368625 0.29017209519710174 0.47903606249999997 0.2878887 0.47747452690172726 0.39332973184086856 0.6316583610385897 0.3956131270379703
0 0.5731476014681833 0.7312038244026804 0.499245203125 0.7296394390625 0.49808978915681673 0.7842218115348196 0.5719921875 0.7857861968750001
0 0.5692930947657218 0.6975944931276378 0.4987044750000001 0.6961007578125 0.49813955676302957 0.7227967850297125 0.5687281765287512 0.7242905203448503
0 0.4332388367084487 0.5997033653945316 0.2574364421875 0.5963821015625 0.25598620448324877 0.6731466327548267 0.4317885990041975 0.6764678965868582
0 0.41366363939183426 0.6800818625953329 0.2609791046875001 0.6786256343750001 0.25999839967066596 0.7814518858421673 0.4126829343750001 0.7829081140625