0 0.28178495857429564 0.483889897325158 0.07676345710593784 0.47911736673458627 0.07361763741085468 0.6142575538941655 0.2786391388792125 0.6190300844847372
0 0.6527769851014552 0.49210186628118063 0.5409037651083676 0.49080006881217014 0.5403241413641975 0.5406114843267834 0.6521973613572852 0.5419132817957939
0 0.3376583954501594 0.26573055891330255 0.2800561133035779 0.26438966814145115 0.2752911883827158 0.4690823660558424 0.3328934705292973 0.47042325682769376
0 0.27177116899463566 0.4095224755964007 0.1198019605722405 0.40775323407518843 0.11913107605736342 0.46537893833678357 0.2711002844797586 0.46714817985799584
0 0.7370785659923537 0.5634143483133656 0.6572481083867124 0.562485412079409 0.6564866413641975 0.6279239843267834 0.7363170989698388 0.6288529205607399
0 0.6514129190196721 0.5506955942661099 0.5382797977943322 0.5493795808775859 0.5373822516252936 0.6265385219891766 0.6505153728506335 0.6278545353777005
0 0.11572561919478178 0.3999023973971275 0.08155517195340475 0.3991069975671476 0.08004637991705824 0.46392483726606926 0.11421682715843526 0.46472023709604926
0 0.36206250000000006 0.21601562500000004 0.15186945103637461 0.21357042762093972 0.15147654411431305 0.2473453304628408 0.3616695930779385 0.24979052784190112
0 0.6823364458280616 0.4160427328485534 0.33751940384587653 0.4110374941317906 0.33661733301781493 0.47318226128323726 0.681434375 0.4781875000000001
0 0.7424687500000001 0.4186515625 0.6860770845802335 0.4179938511758709 0.6856828125000001 0.4517984375000001 0.7420744779197667 0.4524561488241292
0 0.7415721268793712 0.457001890063511 0.6858093750000002 0.45604062500000014 0.68526449474193 0.4876489958730321 0.7410272466213009 0.4886102609365429
0 0.275046875 0.2654671875 0.2382577259096371 0.2650374040291166 0.23784375000000005 0.30047343750000005 0.274632899090363 0.30090322097088346
0 0.5734186764152017 0.2734389599488929 0.3427385684851677 0.26758946039827275 0.3387484375000001 0.4249437499999999 0.5694285454300341 0.43079324955062004
0 0.27544916824581506 0.2652191932599202 0.18348032449378257 0.2621587903321282 0.17877812500000007 0.40346562500000005 0.2707469687520326 0.406526027927792
0 0.17910625000000008 0.26261875 0.08440895770019477 0.25957986570494185 0.07989716071096534 0.40017585976145986 0.17459445301077064 0.4032147440565179
0 0.3830796875000001 0.4848921875000001 0.2865672330972355 0.4820277537447163 0.2824796280180727 0.6197529841123253 0.3789920824208373 0.6226174178676092
0 0.7405968750000003 0.4932937500000002 0.690601076622756 0.49212949064594963 0.6890750000000001 0.5576625000000001 0.7390707983772442 0.5588267593540507
0 0.6843296875 0.49318437500000006 0.6598769568002678 0.49261476666488474 0.6583953125 0.5562203125 0.6828480431997324 0.5567899208351154
0 0.6486171875000001 0.2749000000000001 0.5783609171902796 0.2722622638386711 0.5723996618412774 0.43104067895268827 0.6426559321509979 0.4336784151140173
0 0.74731875 0.2783609375000001 0.6532430786974961 0.2752823368116314 0.6487953125 0.4111968750000001 0.742870983802504 0.4142754756883688