0 0.6598603351545054 0.5687514249508805 0.6591051056178425 0.40927978287449857 0.37046156362167915 0.41064674771943366 0.371216793158342 0.5701183897958156
0 0.3779078125 0.44862187500000006 0.3764498858819778 0.32336429813761647 0.317940625 0.3240453124999999 0.3193985516180221 0.4493028893623836
0 0.4487918555640157 0.36548658523729693 0.38542656250000007 0.36548437500000003 0.38542500000000385 0.41027968739099735 0.4487902930640194 0.41028189762829426
0 0.44880468750000013 0.4315546875 0.44849452722234107 0.40506825932204127 0.43137187521423287 0.4052687682946143 0.4316820354918919 0.43175519647257304
0 0.4283953125 0.4312015625000001 0.42808567447981194 0.4045852668966269 0.41459687499999986 0.40474218750000013 0.414906513020188 0.4313584831033733
0 0.38140468750000006 0.4575765625 0.3160250000000001 0.4575765625 0.3160250000000001 0.493246875 0.38140468750000006 0.493246875
0 0.4707177077040308 0.4510442736241081 0.47017319432128407 0.4347465547287455 0.4535398616172531 0.4353022811046374 0.4540843749999999 0.4516
0 0.4497541720752679 0.46102647727870155 0.4485566905908203 0.43477181406039717 0.4136462685155524 0.4363640867816955 0.41484375 0.46261874999999997
0 0.50843125 0.40874375 0.5079633681074002 0.36860988099032826 0.4798609375 0.36893750000000003 0.4803288193925998 0.40907136900967184
0 0.5459843750000001 0.4087437500000001 0.5455181114395509 0.3686135795067472 0.5176390625 0.36893750000000003 0.5181053260604491 0.4090676704932529
0 0.6189296875 0.3623265625000001 0.5792171875000001 0.3623265625000001 0.5792171875000001 0.37723906250000006 0.6189296875 0.37723906250000006
0 0.6441859374999999 0.405715625 0.6439129982256904 0.3617782090547703 0.5783273378988985 0.36218562724606806 0.5786002771732079 0.40612304319129783
0 0.6167265625 0.4295109375000001 0.6163822526402856 0.3998405463012282 0.6006218750000001 0.40002343749999997 0.6009661848597145 0.4296938286987719
0 0.596728125 0.4292140625 0.5963929618542572 0.4004057673250788 0.5790265625 0.40060781249999994 0.5793617256457428 0.4294161076749211
0 0.6160046875 0.43377968750000007 0.579115625 0.43377968750000007 0.579115625 0.46555468749999995 0.6160046875 0.46555468749999995
0 0.5744625 0.43362500000000004 0.5549404749967928 0.43311629483110997 0.5545123499967928 0.44954598233111004 0.574034375 0.4500546875000001
0 0.7107265625 0.4441625000000001 0.7092730921980548 0.3192866169338484 0.6490546877116492 0.3199875181839733 0.6505081580135943 0.444863401250125
0 0.7145875 0.4515953125 0.6476078125 0.4515953125 0.6476078125 0.4884015625 0.7145875 0.4884015625
0 0.793396875 0.4876578125 0.7918949255987936 0.358560936481125 0.719775 0.35939999999999994 0.7212769494012063 0.4884968760188749
0 0.7815390625 0.651615625 0.7800807492552707 0.5263562603188298 0.7187468752117592 0.5270703306887049 0.7202051884564885 0.6523296953698752
0 0.7153671875 0.651246875 0.7139131628966997 0.5263217968399085 0.649603125 0.5270703124999999 0.6510571496033002 0.6519953906600914
0 0.55364375 0.5739124999999999 0.474671875 0.5739124999999999 0.474671875 0.650871875 0.55364375 0.650871875
0 0.844425 0.446190625 0.8434080703294606 0.358942145847538 0.7992984377122399 0.35945626820933485 0.8003153673827793 0.4467047473617969
0 0.383321875 0.6513890625 0.38187410329603966 0.5270394635404128 0.31762499999999994 0.5277875 0.31907277170396026 0.6521370989595872
0 0.26027656250000003 0.49430625 0.2598357258178459 0.45654756113463285 0.22389375000000006 0.4569671875 0.22433458668215417 0.49472587636536713
0 0.1762171875000001 0.5900546875 0.060534375000000064 0.5900546875 0.06053437500000007 0.6526234375 0.1762171875000001 0.6526234375
0 0.180648624357039 0.5142367611128806 0.05854687500000007 0.5140171875 0.05841971880019729 0.5847269336931874 0.18052146815723624 0.584946507306068
0 0.2188984375000001 0.36610312500000003 0.05721406250000004 0.36610312500000003 0.05721406250000005 0.5089546875 0.2188984375000001 0.5089546875
0 0.31209375 0.49328281250000006 0.3106056590336296 0.3653495964505654 0.22314526605966156 0.366366916461105 0.224633357026032 0.49430013251053956
0 0.36715698350017456 0.48283723033279796 0.18203480296057367 0.4801028437184559 0.1794696703632099 0.6537662669178314 0.3645918509028109 0.6565006535321734
0 0.47208826906574164 0.6521590353326193 0.4702608014467472 0.5276126745027673 0.3880287823810057 0.528819264170148 0.38985625 0.653365625
0 0.6464640625000001 0.526375 0.5571700975120808 0.5263470218435536 0.5571308510189071 0.6516045595965669 0.6464248160068264 0.6516325377530132
0 0.8511421875000001 0.533496875 0.850667050346771 0.49093242131335935 0.6646062500000001 0.493009375 0.6650813871532293 0.5355738286866407
0 0.8520759298427937 0.6505651981739026 0.8507675943656011 0.5372677701718959 0.7842947895228074 0.5380353844979933 0.785603125 0.6513328125
0 0.9588578125 0.5012390625 0.9574478714934378 0.3576391659650821 0.7990906227505788 0.35919400259154616 0.800500563757141 0.502793899126464
0 0.9729796875000002 0.6503874999999999 0.9709397323216722 0.5044675726744032 0.8551765624999998 0.5060859375 0.8572165176783277 0.6520058648255966
0 0.574403125 0.42936406250000003 0.5736381016640164 0.36359870600850897 0.5549906250000001 0.36381562500000003 0.5557556483359837 0.429580981491491
0 0.4718375 0.43149218750000007 0.47105681490198786 0.36439402773068574 0.4521437502114911 0.36461408067718043 0.45292443530950327 0.4317122404464947