0 0.912109375 0.3761515625000001 0.70703125 0.3761515625000001 0.70703125 0.51129375 0.912109375 0.5112937500000001
0 0.44782237110142037 0.5104141180908198 0.44724290410957906 0.46061617347945216 0.33536940006404425 0.46191797425380016 0.3359488670558856 0.5117159188651679
0 0.7138671875000001 0.5259421875 0.65625 0.5259421875 0.6562500000000001 0.730634375 0.7138671875000002 0.730634375
0 0.8707424061204895 0.5836172893955867 0.8700717066379241 0.5260074785061417 0.7181020459741936 0.5277767252923953 0.7187727454567591 0.5853865361818402
0 0.3298401021674882 0.44147450267477845 0.329078841609579 0.3760536734794521 0.2492501064979764 0.3769825896698416 0.25001136705588556 0.4424034188651678
0 0.44908372476580416 0.45180451462272775 0.44818530928738476 0.37466642821759705 0.33505046193449906 0.3759840924577575 0.3359488774129184 0.4531221788628882
0 0.9091796875 0.5265531250000002 0.875 0.5265531250000002 0.875 0.5913687500000002 0.9091796875 0.5913687500000002
0 0.8432037378648278 0.7784438680129152 0.8428109374999998 0.744678125 0.6326181371351721 0.7471233194870848 0.6330109375 0.7808890625
0 0.6524875000000001 0.5261671875000002 0.3076235236412678 0.5260453125304425 0.30760158781127445 0.5881161182399736 0.6524655641700067 0.5882379932095312
0 0.3043838362782413 0.5865579249692237 0.30399062500000007 0.5527624999999999 0.24759741372175875 0.5534186375307764 0.24799062500000005 0.5872140625000001
0 0.30376562500000004 0.548525 0.3035743143844751 0.5169215491520361 0.2478037460918619 0.5172591547445256 0.24799505670738684 0.5488626055924894
0 0.7556420117163063 0.7290123882961768 0.755229669315911 0.6935859377116519 0.7184376575996045 0.6940141744154752 0.71885 0.729440625
0 0.6514546875 0.57153125 0.42088065390918616 0.5707866990718592 0.42037207180463715 0.728285431295315 0.650946105395451 0.7290299822234558
0 0.8118812500000002 0.5892765625000002 0.7198708959122739 0.5881127732129078 0.718081637814915 0.7295733218863225 0.8100919919026414 0.7307371111734149
0 0.9099884798622018 0.590018650201494 0.8152357918873046 0.5897454576875603 0.8148312499999999 0.7300546875 0.9095839379748971 0.7303278800139338
0 0.7031703125000001 0.37551875 0.6066182921253558 0.3749046343067174 0.6057421875000001 0.5126468750000001 0.7022942078746444 0.5132609906932827
0 0.2981343750000001 0.44703593750000004 0.2481250000000001 0.44703593750000004 0.2481250000000001 0.5125671875 0.2981343750000001 0.5125671875
0 0.3288406250000001 0.44776249999999995 0.3043796875000001 0.44776249999999995 0.3043796875000001 0.51136875 0.3288406250000001 0.51136875
0 0.4158423315283243 0.5707826555002434 0.3455220513223744 0.5706220188132404 0.34516093750000004 0.7287031249999999 0.4154812177059499 0.728863761687003
0 0.3418109375000001 0.5924859375 0.24769729705623594 0.5913927130023267 0.24611584165516667 0.7275372334652696 0.3402294820989308 0.7286304579629429