0 0.6370640203365272 0.4148968173518335 0.34802731145379606 0.40869041921260785 0.3446300184442058 0.5669049534037377 0.633666727326937 0.5731113515429633
0 0.685828125 0.3240453125000001 0.6273140625 0.3240453125000001 0.6273140625 0.448621875 0.685828125 0.448621875
0 0.619346875 0.3654843750000001 0.555871875 0.3654843750000001 0.555871875 0.4102796875 0.619346875 0.4102796875
0 0.5733421875 0.40526875 0.5562171874999999 0.40526875 0.5562171874999999 0.4315546875 0.5733421875 0.4315546875
0 0.5901125 0.4047421875 0.5766218750000001 0.4047421875 0.5766218750000001 0.43120156249999997 0.5901125 0.43120156249999997
0 0.6892984375 0.4575765625 0.624334375 0.4575765625 0.624334375 0.493246875 0.6892984375 0.493246875
0 0.5513171875000001 0.4352953125000001 0.5346973810751696 0.43514559886282383 0.5345505060751696 0.45145028636282386 0.5511703125000001 0.4516000000000001
0 0.5907656982110802 0.43632539098740014 0.5562387857454977 0.4360277861300562 0.5560121500344175 0.46232114514265615 0.5905390625000001 0.46261875
0 0.5244328125 0.3689375000000001 0.4963265625 0.3689375000000001 0.4963265625 0.40874375 0.5244328125 0.40874375
0 0.486653125 0.3689375000000001 0.45877187499999994 0.3689375000000001 0.45877187499999994 0.40874375 0.486653125 0.40874375
0 0.425 0.3623265625000001 0.3854609375 0.3623265625000001 0.38546093750000004 0.37723906250000006 0.425 0.37723906250000006
0 0.4262870476962816 0.36218878987828707 0.3605359375 0.3617796875 0.3602625793672437 0.40571392416997754 0.4260136895635253 0.4061230265482645
0 0.4040328125 0.40002343749999997 0.3882703125000001 0.40002343749999997 0.3882703125000001 0.4295109375 0.4040328125 0.4295109375
0 0.425634375 0.4006078125 0.40826406249999997 0.4006078125 0.40826406249999997 0.4292140625 0.425634375 0.4292140625
0 0.4259328125 0.43377968750000007 0.3890437500000001 0.43377968750000007 0.3890437500000001 0.46555468749999995 0.4259328125 0.46555468749999995
0 0.4501125000000001 0.4334703125 0.43058526279231313 0.43331564440786774 0.4304527260416745 0.45004874386475946 0.4499799632493615 0.4502034119568917
0 0.35466718750000004 0.3199875 0.2944421875 0.3199875 0.29444218750000006 0.4441625 0.3546671875000001 0.4441625
0 0.3576453125000001 0.4515953125 0.2910953125000001 0.4515953125 0.2910953125000001 0.4884015625 0.3576453125000001 0.4884015625
0 0.2844062500000001 0.3594 0.2122765625 0.3594 0.21227656250000004 0.4876578125 0.2844062500000001 0.4876578125
0 0.2873859375000001 0.5270703125 0.2260437500000001 0.5270703125 0.2260437500000001 0.651615625 0.2873859375000001 0.651615625
0 0.3565296875000001 0.5270703125 0.29221093750000005 0.5270703125 0.29221093750000005 0.651246875 0.3565296875000001 0.651246875
0 0.53200625 0.5739124999999999 0.45392968749999996 0.5739124999999999 0.45392968749999996 0.650871875 0.53200625 0.650871875
0 0.20488281250000004 0.35945625 0.16076718750000005 0.35945625 0.16076718750000005 0.446190625 0.2048828125000001 0.446190625
0 0.688515625 0.5277875 0.6242578125 0.5277875 0.6242578125 0.6513890625000001 0.688515625 0.6513890625000001
0 0.7814234375 0.4569671875000002 0.745475 0.4569671875000002 0.745475 0.49430625000000017 0.7814234375 0.49430625000000017
0 0.9463312500000001 0.5900546875000001 0.8313765625 0.5900546875000001 0.8313765625 0.6526234375000002 0.9463312500000001 0.6526234375000002
0 0.9478337517392523 0.5842758369931179 0.9474300996760563 0.5135418053773875 0.8257258805260722 0.5142363248051282 0.8261295325892682 0.5849703564208586
0 0.9470468750000001 0.3661031250000001 0.7859234374999999 0.3661031250000001 0.7859234374999999 0.5089546875000002 0.9470468750000001 0.5089546875000002
0 0.78111875 0.3663640625000001 0.6936453124999999 0.3663640625000001 0.6936453124999999 0.4935281250000001 0.78111875 0.4935281250000002
0 0.8304954438086336 0.653568668778519 0.8208103697419216 0.4787499614914932 0.6376185809986354 0.48889890990740376 0.6473036550653475 0.6637176171944297
0 0.6179855193099343 0.5282170948080894 0.5358283405903127 0.5280604302176893 0.5355896962803784 0.6532089604096 0.617746875 0.6533656250000001
0 0.45004218749999997 0.6516046874999999 0.4491737726961115 0.5257573131264416 0.3596609375 0.526375 0.3605293523038885 0.6522223743735582
0 0.3413698457666182 0.49301128898247876 0.1554000938107096 0.49152917116149897 0.1550639408502284 0.5337081948497836 0.34103369280613705 0.5351903126707633
0 0.22198448129479492 0.5380281792699335 0.1554843881438122 0.5380226145638038 0.15547490684901735 0.6513272477938704 0.22197500000000003 0.6513328125000001
0 0.20559889206322918 0.3589002407268971 0.047509370748561486 0.3583074716252369 0.046971076614009594 0.5018687028356146 0.2050605979286773 0.5024614719372748
0 0.15093453218612443 0.5060870851039426 0.03534331684733892 0.5054854017760124 0.03458378466121458 0.6514014416720698 0.1501750000000001 0.652003125
0 0.4492421875 0.3638156250000001 0.43059375 0.3638156250000001 0.43059375 0.42936406250000003 0.4492421875 0.42936406250000003
0 0.5520984375 0.3646140625000001 0.533184375 0.3646140625000001 0.533184375 0.43149218749999996 0.5520984375 0.43149218749999996