0 0.9505609375 0.5890406249999999 0.949743394570452 0.448791292053476 0.8932968751061827 0.44912033071566493 0.8941144180357308 0.5893696636621888
0 0.8817750000000002 0.5866609375 0.8810043888215588 0.4543648537864772 0.8261499999999999 0.454684375 0.8269206111784413 0.5869804587135229
0 0.800728125 0.5047203125 0.8005332837892357 0.4712940457533087 0.7684171874999999 0.4714812500000001 0.7686120287107643 0.5049075167466914
0 0.801825 0.54885 0.8016192165195244 0.5134678082883122 0.76921875 0.51365625 0.7694245334804755 0.5490384417116878
0 0.9492109375 0.40394062500000016 0.758071875 0.40394062500000016 0.758071875 0.46344375000000015 0.9492109375 0.46344375000000015
0 0.9492203125000002 0.39996406250000005 0.9485182268051258 0.2810665568707066 0.8864961380154618 0.28143279517886094 0.8871982237103362 0.4003303008081544
0 0.8835383428917238 0.39946669808579693 0.8830406249999999 0.2819875 0.7522616036930458 0.28254156454782786 0.7527593215847694 0.40002076263362485
0 0.8136795238770823 0.40411435115550354 0.08407031250000005 0.403828125 0.08400462650571694 0.5712660252963925 0.8136138378827992 0.571552251451896
0 0.2043828125 0.5917328125 0.20357016801208344 0.4519250790094718 0.15304687499999997 0.45221875 0.1538595194879166 0.5920264834905282
0 0.1411296875 0.5184015625 0.14073247048912943 0.4502089789025591 0.0846015625 0.45053593750000004 0.08499877951087058 0.5187285210974409
0 0.14115468750000001 0.554371875 0.14096937399621365 0.5225167977898071 0.11323749999999999 0.522678125 0.11342281350378636 0.554533202210193
0 0.10873593749999996 0.5922921875000001 0.1083304681238652 0.5227220963569368 0.08531093755307331 0.5228562591062749 0.0857164069292081 0.5924263502493382
0 0.14118906250000002 0.59266875 0.14097405807680843 0.5555263435498153 0.1128640625 0.5556890625000002 0.11307906692319161 0.5928314689501848
0 0.5485380139815039 0.39780600269924093 0.5470157164873534 0.2811472713975117 0.4117672977735283 0.2829121485447126 0.4132895952676788 0.3995708798464418
0 0.409456654896601 0.39926686769348857 0.4090533749089569 0.2819881957979887 0.08209218750000001 0.2831125 0.0824954674876442 0.4003911718954999
0 0.7494744788987175 0.39864167196207756 0.7479275438741919 0.2813332779219107 0.6864671875 0.28214375 0.6880141225245255 0.3994521440401669
0 0.68305472962257 0.39841313594136757 0.6825420892209977 0.2822930817010654 0.5514375 0.282871875 0.5519501404015723 0.39899192924030225
0 0.6923156249999999 0.5709015625 0.6921968050010011 0.44692303671534506 0.5579662754989051 0.44705168215035174 0.5580850954979039 0.5710302079350067
0 0.4866674822534973 0.5709940766420759 0.485319357316392 0.4458966875314997 0.41674309210365773 0.44663570673792863 0.418091217040763 0.571733095848505
0 0.5548718750000001 0.570996875 0.5535010591786654 0.44679542992172916 0.4885586946304345 0.4475122011375673 0.4899295104517692 0.5717136462158381
0 0.414734375 0.57164375 0.4129538470255666 0.4456962952432152 0.351970604925233 0.4465584196008767 0.3537511328996664 0.5725058743576615
0 0.3497640625 0.5720171875 0.34958840725270707 0.4470516531946407 0.21420193483173972 0.4472419564204494 0.21437759007903262 0.5722074907258088