0 0.5481147390625 5.773217674937354e-17 0.3915486703125 4.814527000188495e-17 0.3915486703125 0.06122418281250005 0.5481147390625 0.06122418281250006
0 0.5460341030376178 0.12480098684509752 0.542138946875 0.0649349125 0.38994322977488227 0.07483745065490247 0.39383838593750004 0.134703525
0 0.44969186041330494 0.19444857914618222 0.44741118750000003 0.15939826875000002 0.4067366239616951 0.1620449036663178 0.409017296875 0.1970952140625
0 0.49830307130897145 0.19067512982124493 0.49600111092736565 0.1553146754189118 0.45313904899339413 0.1581049893476669 0.455441009375 0.19346544375000002
0 0.4103616904653083 0.0012348265877068693 0.3453046697434506 -0.0021385001669316254 0.3341575864519094 0.2128409789745101 0.3992146071737671 0.21621430572914857
0 0.3449336824492449 0.07067480843813503 0.34068222031249995 0.0029343125 0.202523833175755 0.011605272811864981 0.20677529531249994 0.07934576875000002
0 0.33633545336230164 0.07722730685975754 0.20792476635936863 0.07002675549711548 0.19911824659643113 0.2270774028587616 0.3275289335993641 0.23427795422140366
0 0.5232655253561834 0.1410569952500406 0.33982931001562583 0.12914167578447394 0.28628569126554304 0.9534451120067644 0.4697219066061006 0.965360431472331
0 0.5126788327976156 0.8646424200011709 0.5090918921874998 0.8095030296875002 0.34916029220238437 0.8199069378113293 0.35274723281250003 0.8750463281249999
0 0.4288318763788432 0.9450975684124809 0.42484607343749997 0.8838383484374999 0.34300821580865676 0.8891630909625189 0.34699401875 0.9504223109375
0 0.46637146983174355 0.9117324505574601 0.46440248124999994 0.8814668578125 0.4259894426682564 0.8839658947550401 0.42795843125 0.9142314875000002
0 0.5058874230610094 0.9397680341321696 0.5042533031249999 0.914645271875 0.42492792693899056 0.9198050221178307 0.426562046875 0.9449277843750001
0 0.5085139762787592 0.9096099189375421 0.5065177328518433 0.8789317441598626 0.4622415831355842 0.881812814284821 0.4642378265625 0.9124909890625004
0 0.3152874000000001 0.4437004328125 0.18725132507923695 0.43902968897605427 0.18134458437500006 0.6009473453124999 0.3093806592957632 0.6056180891489457
0 0.30912989741038277 0.5967148357562402 0.18083303729293876 0.5905023093596482 0.16274268750000012 0.9640918812500001 0.2910395476174441 0.970304407646592
0 0.33215066997066817 0.2896680616075007 0.32728351405272255 0.22267921045784694 0.19127123001955434 0.23256134728784633 0.1961383859375 0.2995501984375001
0 0.32378478815980966 0.29673283009807544 0.19694296094373898 0.28990265486384137 0.18843267190810858 0.44794554167087447 0.31527449912417926 0.4547757169051085
0 0.5140062249999999 0.274302075 0.378434708546961 0.26740197738911325 0.3702301113334632 0.42860399928012416 0.5058016277865021 0.43550409689101094
0 0.5076822913846788 0.5750123482131353 0.5023369655091867 0.5002570509898346 0.35706459820999326 0.5106446512370628 0.3624099240854854 0.5853999484603635
0 0.511488332304215 0.49571481766697234 0.5062382049887629 0.42495296046688547 0.36218230716687955 0.43564108870478746 0.36743243448233154 0.5064029459048743
0 0.5037575480951337 0.645980324067259 0.4989949078124999 0.5794976968750001 0.353725322607524 0.5899044272880135 0.3584879628901578 0.6563870544802726
0 0.4957010046875001 0.650918378125 0.3590402596377579 0.6440237868678584 0.3508350418070612 0.8066630413525873 0.4874957868568034 0.813557632609729