0 0.11691269843749999 0.5521378140625001 0.11282420163260314 0.4062791365995181 0.05561379218749999 0.40788277500000003 0.059702288992396844 0.553741452462982
0 0.18496606718750003 0.548938871875 0.18110746284509133 0.4112575670086052 0.125509171875 0.41281574374999996 0.12936777621740872 0.5504970486163947
0 0.2432057140625 0.5339842203124999 0.24220171513227934 0.4981198616739616 0.20964839375 0.49903117031249994 0.21065239268022062 0.5348955289510383
0 0.241439578125 0.49110263437499996 0.24037815058412035 0.4532335626166998 0.20753830624999997 0.45415402656250003 0.20859973379087965 0.4920230983208002
0 0.25739216796975156 0.5426534474133414 0.06099488387386724 0.5355850085546419 0.0588236392029471 0.5959132599550985 0.2552209232988314 0.602981698813798
0 0.12733978906250001 0.7227506046875 0.12414248079949404 0.5984171671154976 0.061240775000000004 0.600034721875 0.06443808326300597 0.7243681594470024
0 0.26625948881987815 0.6057613582281713 0.12911600295682193 0.6030426476313381 0.1267259688244439 0.7236062753406669 0.2638694546875001 0.7263249859375002
0 0.9450320678311004 0.4548804913377708 0.195068678125 0.43123956406249997 0.18961974935639966 0.6040964508497292 0.9395831390625 0.6277373781250001
0 0.868456965625 0.5760501703124999 0.8643899840308004 0.43098904352417833 0.8131815774178296 0.43242473930136016 0.8172485590120292 0.5774858660896818
0 0.9379891359375 0.580260953125 0.9359549268148099 0.5076482431519723 0.8790611640625 0.50924209375 0.8810953731851902 0.5818548037230278
0 0.9072864906250002 0.50591811875 0.9063331981095338 0.47190837244624334 0.8782252546887266 0.47269623754376255 0.879178547204193 0.5067059838475192
0 0.9356359796874999 0.50675475625 0.9336154545018225 0.43469840776217444 0.9102837757940352 0.43535264913635663 0.9123043009797126 0.5074089976241821
0 0.9069187312500002 0.47239129999999996 0.9058136139345854 0.4329840162019728 0.8773240445526771 0.43378296282803375 0.878429161868092 0.47319024662606085
0 0.6114527588916626 0.6199930547321897 0.4681270203125 0.617036825 0.4656807161083374 0.7356400421428104 0.6090064546875 0.7385962718750001
0 0.9481912589436231 0.6315125285161891 0.6093949599305244 0.6204775136287319 0.6055208087994014 0.7394214460500429 0.9443171078125001 0.7504564609375001
0 0.33068828906250003 0.729347759375 0.32631781250107467 0.6067329157923683 0.26406399372908507 0.6089518873936235 0.26843447029051043 0.7315667309762552
0 0.4712700836100476 0.6154930655159584 0.3319727768080739 0.611367621803493 0.3284765916355264 0.7294177547250347 0.4677738984375 0.7335431984375
0 0.4605947359085293 0.440061435739326 0.3182321 0.43575292187500014 0.31441322823185 0.561936721725806 0.4567758641403791 0.5662452355901318
0 0.6008433347537777 0.5717061658383437 0.5963302776404964 0.4408017746303864 0.5268657910789591 0.4431966308479976 0.5313788481922405 0.5741010220559548
0 0.5279229385330562 0.5682083747413458 0.523245174411678 0.4383233942524426 0.4574668392987314 0.44069237898645214 0.4621446034201096 0.5705773594753553
0 0.6663796058854413 0.5742300563547267 0.6618344477578486 0.44300605009495947 0.600056790625 0.4451458203125 0.6046019487525927 0.5763698265722672
0 0.8101513405887854 0.45212787201869675 0.6660158015625 0.4471411515625 0.6616316523419008 0.5738600476051839 0.8057671913681863 0.5788467680613807