0 0.983802315625 0.2901617046875001 0.9036907887430342 0.28600777310853576 0.8969784665299099 0.41545968419446694 0.9770899934118755 0.41961361577343126
0 0.45152222822009336 0.31341387878176447 0.37424072690438204 0.3094066900113491 0.36892078749050805 0.4120055263447299 0.44620228880621926 0.4160127151151453
0 0.8191308937341855 0.4644664145096871 0.7592649422350353 0.46136225383629803 0.7544856921839436 0.5535334981322937 0.8143516436830938 0.5566376588056827
0 0.8803553298435609 0.4624195988981833 0.8248432671499284 0.4595411953216092 0.8201440326219318 0.5501692795323418 0.8756560953155643 0.5530476831089158
0 0.5478269297478894 0.3083677347347315 0.5097304166850533 0.3063923600217576 0.5046147140128969 0.40505234204713714 0.542711227075733 0.40702771676011096
0 0.687784792327214 0.30337511615682494 0.6322727282222971 0.3004967127373136 0.6271768999174384 0.3987733982114381 0.6826889640223553 0.4016518016309495
0 0.3683491735703091 0.3177875289494316 0.29542155973517115 0.314006098160858 0.2903573327751081 0.4116733592496934 0.363284946610246 0.41545479003826696
0 0.6834369671384898 0.4714196004062202 0.6279249028636821 0.4685411978653148 0.6231691046391947 0.5602601888556147 0.6786811689140024 0.5631385913965201
0 0.6243658689484555 0.30564736786626934 0.5536152003351584 0.30197881448918334 0.5483869106274806 0.40281011077961715 0.6191375792407776 0.40647866415670314
0 0.22564731723588852 0.4598936564748322 0.16578136572653296 0.4567894958933324 0.15941001248624456 0.5796655888394635 0.21927596399560012 0.5827697494209634
0 0.753472553228359 0.46783063327028007 0.6892527157842239 0.4645007154013043 0.6844501059894583 0.5571224653852802 0.7486699434335936 0.560452383254256
0 0.08349195324875269 0.528315092656791 0.03124530463058222 0.5256060066194584 0.02809324193516361 0.5863957747554787 0.08033989055333408 0.5891048607928112
0 0.9246375234475257 0.45034170668813867 0.8952487851565559 0.4488178462138103 0.8901797109225242 0.5465785654864328 0.9195684492134941 0.5481024259607612
0 0.08592181711768294 0.5225173152207907 0.08469617069233608 0.49860556616598856 0.03452416343629757 0.5011772367370082 0.03574980986164443 0.5250889857918104
0 0.9615228891215535 0.44277869013950283 0.9605206905346204 0.4232143146564703 0.8944962443737177 0.42659646231065346 0.8954984429606508 0.446160837793686
0 0.9566186921432613 0.5454221104731263 0.9558442375 0.530297590625 0.9246984281692386 0.5318924192143738 0.9254728828125 0.5470169390625
0 0.9568392561950725 0.5266204339326258 0.9559117061701377 0.5085205125040926 0.925522178100065 0.5100778566964668 0.9264497281249998 0.528177778125
0 0.9596494687500001 0.4485589750000002 0.9302241569130031 0.4470332185129319 0.9272693093750004 0.5040195796875003 0.9566946212119974 0.5055453361745685
0 0.7592897258580229 0.431833997550467 0.7575224296874999 0.3954510484375 0.6217036451915624 0.40204842505420757 0.6234709413620854 0.4384313741671746
0 0.7637791625 0.3002119281250001 0.6929327076472193 0.2965384085679589 0.6878318046528789 0.3949129749982049 0.7586782595056596 0.3985864945552461
0 0.8910832421875 0.2938153843750001 0.7686867612334588 0.2874689008212138 0.7612994171875 0.4299391218750001 0.883695898141541 0.43628560542878647
0 0.8849215918788816 0.4534408798214125 0.8836896921875 0.4294003875 0.6210784987461185 0.4428572936160875 0.6223103984375 0.46689778593750003
0 0.6194123031250001 0.40407669062500007 0.5949830002791576 0.4029692590224605 0.5917598856520755 0.4740693099432464 0.6161891884979179 0.4751767415457861
0 0.5917561613234396 0.4988345196474704 0.5877027164560656 0.4057642176364724 0.09282410044512611 0.427317421426502 0.09687754531250001 0.5203877234375
0 0.08918318895726922 0.4947243884738806 0.08741705610430196 0.4602916560990521 0.04721352339703274 0.46235378637517155 0.04897965625 0.49678651875
0 0.044362601562500055 0.4648120828125 5.699515426352987e-17 0.4648120828125 6.45417200329481e-17 0.5880568546875 0.04436260156250006 0.5880568546875
0 0.09471961734795245 0.4551764658091799 0.09211424531250001 0.404326884375 -0.0026053720354524525 0.4091800185658201 2.7755575615628915e-18 0.46002960000000004
0 0.09935213255455515 0.3962280379158082 0.09583850000000001 0.327652409375 -0.003513632554555143 0.3327429480216918 2.7755575615628915e-18 0.4013185765625
0 0.18332803593750008 0.32409118125 0.10742410731108061 0.3201554221979378 0.10224619375000003 0.4200151890625001 0.1781501223764195 0.42395094811456235
0 0.2349617486062018 0.322453234983913 0.19004995827765714 0.32001052752389114 0.1848014765625 0.41650947968749996 0.2297132668910447 0.4189521871475218
0 0.28584171093750005 0.3209434734375 0.24026870198298367 0.31858042874208004 0.235280846875 0.41477478593750006 0.28085385582951644 0.41713783063292
0 0.1611097390625001 0.46067094062500014 0.09949151692283442 0.4568606477800324 0.09155848125000007 0.5851498828125001 0.15317670338966577 0.5889601756574678
0 0.6242959152750357 0.4444636617597242 0.559817159315062 0.43983475680225953 0.5509462957398401 0.5634022642099384 0.6154250516998138 0.568031169167403
0 0.29588832342878346 0.5751703561772716 0.29291757492299036 0.517209993668885 0.22208674836920692 0.5208404156166135 0.22505749687500004 0.5788007781250001
0 0.30095284287860713 0.5105914970429815 0.2981225078125 0.45535959687500005 0.2270699243088929 0.4590006560820187 0.229900259375 0.5142325562500001
0 0.36246443906250003 0.45205780781249993 0.30194192345610615 0.4489196032705135 0.2953684936807401 0.5756928906214087 0.355891009287134 0.5788310951633951
0 0.4272649828125001 0.44947575781250004 0.36821930329343855 0.4464141301430452 0.3616016046875001 0.5740411812499999 0.4206472842065616 0.5771028089194548
0 0.48686458125000004 0.4464347703125 0.4335312041023571 0.4436693361309959 0.4269832437384447 0.5699514374994008 0.4803166208860876 0.5727168716809049
0 0.5534670421875001 0.44277890468750003 0.48996298337142646 0.43948610196374105 0.4833090140625 0.5678126656250001 0.5468130728785736 0.571105468348759
0 0.4989326078125 0.30947288281250007 0.45781797976274785 0.3073410131590933 0.4527430202663301 0.405215229685106 0.49385764831608225 0.4073470993385128