0 1.0017206969414123 0.42194404863064416 1 0.3015242734375 0.9531330151671582 0.3021939630904306 0.9548537121085705 0.42261373828357485
0 0.5072285507122438 0.39862530637903654 0.5053741198480803 0.30392902314349446 0.4284235856564128 0.3054359402129211 0.43027801652057623 0.40013222344846316
0 0.8832338079360346 0.5538445071237981 0.881549075069687 0.4678425976636884 0.8219407394233382 0.4690102940881296 0.8236254722896857 0.5550122035482393
0 0.9439321865227235 0.5529756353943333 0.9422494624390009 0.46699885640471744 0.8869749334329622 0.46808068084927035 0.8886576575166849 0.5540574598388861
0 0.6026096586454764 0.3972621873086301 0.6007586158366365 0.3027026420774235 0.5628260162679442 0.30344518864403985 0.5646770590767842 0.3980047338752465
0 0.7413506744754198 0.3952719977321386 0.7395382603632019 0.3028117797941298 0.6842631778304501 0.3038952872946587 0.6860755919426679 0.3963555052326675
0 0.42476569569839134 0.39546547424038325 0.422994952705187 0.3050537789048583 0.35038117963933835 0.30647594369658476 0.35215192263254264 0.39688763903210966
0 0.7488302390625247 0.5557600624893031 0.747145862227991 0.46978486036092787 0.691872542934094 0.47086774352120725 0.6935569197686277 0.5568429456495825
0 0.6784844453558072 0.3961712785534964 0.6766293304056246 0.30144469118436185 0.6061812242346425 0.302824339059362 0.6080363391848251 0.39755092642849654
0 0.2935078276247723 0.5579358463102946 0.29122745871727673 0.4415578095808407 0.23161739578600224 0.4427258386858369 0.2338977646934978 0.5591038754152909
0 0.8181998675428972 0.5547680338055163 0.8165146432811066 0.46874957832335024 0.7525709766005246 0.4700023259793495 0.7542562008623153 0.5560207814615156
0 0.1558525695301356 0.5598968763193055 0.15476226401396626 0.5043144669521278 0.10274029814853487 0.5053349307461739 0.10383060366470423 0.5609173401133517
0 0.9872882199475947 0.5523564814575147 0.9854380876069616 0.45784352656261057 0.956175807297034 0.4584163484707 0.9580259396376671 0.5529293033656042
0 0.15464980847932802 0.49916038627438136 0.1543082024832443 0.47529322864229784 0.10652029426803704 0.4759772076999744 0.10686190026412072 0.499844365332058
0 1.0002633869259285 0.4523477728705168 0.9999845045284935 0.4328199542319882 0.9557023401223864 0.43345236056480935 0.9559812225198214 0.45298017920333794
0 1.0002152640414397 0.5543020614344965 1 0.5392071453125001 0.9928413659870199 0.5393092324308628 0.9930566300284595 0.5544041485528591
0 1.0002583771207816 0.5355924156930667 0.9999999999999998 0.51752629375 0.9924185953012502 0.5176347210884027 0.9926769724220319 0.5357008430314693
0 1.0007669873509888 0.5115719636745962 0.9999999922194996 0.45801056604108237 0.9908224671875001 0.4581419874999999 0.9915894623189893 0.5117033851335138
0 0.8160279432294878 0.43375591756033166 0.8156062531980952 0.397454919157625 0.6834439543365225 0.3989901806217202 0.6838656443679152 0.4352911790244269
0 0.8166419109375 0.3933456921875 0.8148657428280679 0.30258126122672424 0.7443241390625001 0.30396168906250004 0.7461003071719323 0.3947261200232758
0 0.943498971875 0.4301590015625 0.9409616532372918 0.3006310994862754 0.8190918843755993 0.30301840315559603 0.8216292030133076 0.4325463052318206
0 0.9437211937500001 0.45986473749999995 0.943378094404701 0.43586906469398096 0.6855963859375 0.4395549265625001 0.6859394852827991 0.4635505993685191
0 0.6789331337180304 0.47004874985111755 0.67872524375 0.4009534328125001 0.6544661719189679 0.40102642209576195 0.6546740618869984 0.4701217391343794
0 0.6488492750694295 0.4942514130783189 0.6482394078851555 0.4014585930872709 0.16570736875000003 0.40462996406250007 0.16631723593427386 0.497422784053548
0 0.15451845468750003 0.4716547453125 0.1540253250426174 0.4372860723154398 0.11755189062499997 0.4378094015625 0.11804502026988262 0.4721780745595602
0 0.11262037910680592 0.5610063206584889 0.11211085818352669 0.4395507136328719 0.037539995177046044 0.4398635473990461 0.038049516100325274 0.5613191544246631
0 0.15553729375000003 0.43254375000000006 0.15481188301681437 0.3817891288821959 0.03621186875 0.3834842203125 0.03693727948318566 0.43423884143030406
0 0.154141525 0.37410375625 0.1531632043124871 0.30565619586817727 0.035246695493055 0.30734157602393203 0.03622501618056792 0.37578913640575473
0 0.241314365625 0.39669080468749995 0.23951599789789216 0.3049384842527226 0.163938721875 0.3064198171875 0.16573708960210784 0.39817213762227743
0 0.29229841875 0.3971095046875 0.2907257767093829 0.30498820381606173 0.24598639564841118 0.30575196888301254 0.2475590376890283 0.3978732697544508
0 0.3429919625000001 0.39680554218749997 0.34120763207434324 0.30574253968091447 0.2958307609375 0.30663167500000005 0.29761509136315684 0.39769467750658555
0 0.2282910951877808 0.5610490216741385 0.22713289796815056 0.4402834642204815 0.1656689637178698 0.44087293160884283 0.1668271609375 0.5616384890624999
0 0.686912581031644 0.5565951320973873 0.686213005812738 0.4375946064514598 0.621810456031094 0.43797321341657236 0.6225100312499999 0.5569737390624999
0 0.36331385 0.5593179000000001 0.362485949919746 0.5014656108384806 0.2979571109375 0.5023890562500001 0.298785011017754 0.5602413454115196
0 0.3640439171875 0.49526319531249996 0.3632555594816497 0.44013437875740635 0.2982417454797597 0.4410640947291592 0.29903010318560996 0.4961929112842528
0 0.4290372296875001 0.5588704859375001 0.4266886935719157 0.4389025646232927 0.36642656875 0.44008227812499995 0.36877510486558435 0.5600501994392074
0 0.49329269531250014 0.5596888125 0.490924591828357 0.43872827804320186 0.43213297187500005 0.4398792703125 0.4345010753591431 0.5608398047692982
0 0.5523128859375002 0.5581096718749999 0.5499574812069274 0.43792861725087323 0.49685359425399406 0.4389693898329739 0.4992089989845668 0.5591504444571006
0 0.6182831156249999 0.5579088343749999 0.6159092888124282 0.43668935570348044 0.552678496813827 0.43792759687619787 0.5550523236263988 0.5591470755477175
0 0.5540588359374999 0.395365521875 0.552232664709192 0.3022003924581031 0.5112949778196361 0.3030028303060307 0.5131211490479441 0.3961679597229276