0 0.4684669737779961 0.13897861842116874 0.46225116754133133 0.01910235227875811 0.3492407056539987 0.02496215385927408 0.3554565118906635 0.14483842000168473
0 0.46598106734413136 0.5606314132692929 0.3730785421099307 0.5599432467012372 0.3725416805147853 0.63241959211741 0.46544420574898593 0.6331077586854656
0 0.5979406932759469 0.21043663620241806 0.5141158243960298 0.20981571233526944 0.5136999462658183 0.2659593582464668 0.5975248151457354 0.26658028211361545
0 0.5947332516310768 0.1532453010735826 0.5121716838127839 0.15263373349993214 0.5117860504302721 0.2046942056946735 0.5943476182485651 0.20530577326832397
0 0.45914265019148004 0.47074599618095475 0.3683581401009072 0.4700735169933233 0.368093489390138 0.5058012920147805 0.45887799948071073 0.506473771202412
0 0.45333286503385867 0.34003421420309854 0.36362260252490153 0.3393696944517707 0.36323696980752396 0.39143016705450584 0.45294723231648115 0.3920946868058337
0 0.46567849118553284 0.6382137419597829 0.37716350671859594 0.6375580745979234 0.3766568900270747 0.7059512434351205 0.46517187449401154 0.7066069107969801
0 0.6042648418044495 0.3370688298491695 0.5206820322383002 0.3364496982674752 0.5202963993204446 0.3885101708528978 0.6038792088865939 0.38912930243459215
0 0.4572513614921453 0.3992725148561914 0.365733167125737 0.39859460226594157 0.3652416738905495 0.4649461851611411 0.4567598682569579 0.465624097751391
0 0.6226623107972784 0.7659619315424813 0.5101821551727777 0.7651287460058092 0.5097662767027217 0.8212723934575191 0.6222464323272224 0.8221055789941911
0 0.6013599504276511 0.27171293934394025 0.517293021300886 0.2710902216934018 0.5168468969473288 0.3313170425965536 0.6009138260740939 0.3319397602470921
0 0.6289637743233619 0.8956565069035862 0.574157280652849 0.8952505335380467 0.5737943324197856 0.9442486248578404 0.6286008260902985 0.94465459822338
0 0.5911627675060556 0.11238486942612835 0.5008623759779027 0.11171597795379892 0.5006582173578531 0.13927740471280795 0.5909586088860059 0.13994629618513738
0 0.5712568565036789 0.9400860980342051 0.5688705802853611 0.8940650537368695 0.5464721100469896 0.8952264558230804 0.5488583862653074 0.9412475001204159
0 0.49706174557746624 0.1391904308334306 0.4938968172565926 0.07815253826882917 0.47557079619672543 0.07910277656547277 0.47873572451759905 0.1401406691300742
0 0.591305640625 0.10691580781250001 0.5898305783970867 0.07846819753163178 0.575664971875 0.0792027109375 0.5771400341029131 0.10765032121836822
0 0.5736977968749999 0.10678537968750001 0.5722656762634002 0.07916590704320145 0.5553112562499999 0.080045025 0.5567433768615996 0.10766449764429856
0 0.5513219142635218 0.07942746486929221 0.4992676828124999 0.07904187812500005 0.499063270111478 0.10663760388070793 0.5511175015625 0.10702319062500007
0 0.4899949990114304 0.3944076966359332 0.4838099696018343 0.2686362961820403 0.44973275312500005 0.270312103125 0.45591778253459614 0.3960835035788929
0 0.44975625891870524 0.2690790917977773 0.36071943906250004 0.26841955937500006 0.3602272801437948 0.3348609707022228 0.44926410000000006 0.33552050312500004
0 0.4828146339292262 0.15055914468365883 0.3546765437500001 0.14960997343750004 0.35382627544577394 0.2643961693788413 0.4819643656250001 0.26534534062500004
0 0.51657574375 0.3938138953125 0.5039190619945331 0.1497207521090706 0.4814000484374999 0.15088840468749998 0.49405673019296686 0.3949815478909294
0 0.5235331079824415 0.42196667861828513 0.523475697039065 0.398972757048376 0.45786296249999986 0.399136578125 0.4579203734433762 0.42213049969490923
0 0.5668299437500001 0.8830603968749999 0.5465996711684767 0.4248618911350087 0.4594500363828697 0.4287097012980857 0.479680308964393 0.8869082070380768
0 0.5447949656250001 0.9288435734375 0.5429226915607364 0.8927354248771755 0.51066889375 0.8944078437500002 0.5125411678142637 0.9305159923103247
0 0.6313401203125002 0.93402611875 0.5149236984375002 0.93402611875 0.5149236984375002 1 0.6313401203125002 1
0 0.5117013046875 1 0.50599093834345 0.8898714991201606 0.4583595734375 0.8923412734374999 0.46406993978155003 1.0024697743173392
0 0.4567028296875 1 0.45093249618093295 0.8887150079840793 0.38669857148002496 0.8920456562704802 0.39246890498659204 1.0033306482864008
0 0.47354534895462513 0.8110275307600622 0.38332539218750006 0.8103592359375 0.38279810104537515 0.8815436629899377 0.47301805781250017 0.8822119578125
0 0.4701201713711355 0.7630098631501403 0.38153300723333783 0.762128729317517 0.3811139733622023 0.8042574286673767 0.4697011375 0.8051385625000002
0 0.4683702804858423 0.715254739874913 0.38033333281250004 0.7146026140624999 0.3800167445141579 0.7573420163750869 0.46805369218750004 0.7579941421874999
0 0.6283661306908989 0.8275052855020391 0.5109862625000001 0.8254628296875 0.5099798630591014 0.8833005723104611 0.6273597312500001 0.8853430281250002
0 0.6084830852702392 0.3959777388444327 0.4942775923828437 0.39285309877232477 0.4926202552445492 0.4534287172088581 0.6068257481319448 0.45655335728096597
0 0.6213592828124999 0.7607369640625001 0.618054854449404 0.6970087020689621 0.563764221875 0.699823771875 0.5670686502380959 0.763552033868538
0 0.5610122484375 0.75889179375 0.5576912715758009 0.6948443636216443 0.5059548781250001 0.697526990625 0.5092758549866991 0.7615744207533559
0 0.6188401934263525 0.6383404901821129 0.5028348578125001 0.6374811906250001 0.5024144175111477 0.6942405801303873 0.6184197531250002 0.6950998796875002
0 0.61725452715515 0.5778421803805139 0.5003901234375001 0.57697651875 0.49997994315735006 0.6323508961819861 0.616844346875 0.6332165578125001
0 0.6133600903587757 0.522213782637525 0.4975191484375 0.5213557015625 0.4971486502662243 0.5713729532999751 0.6129895921874999 0.5722310343750001
0 0.6114026132212611 0.4600793602074881 0.49406811875 0.4592102156250002 0.4936269664662388 0.5187657616675123 0.6109614609375 0.5196349062500002
0 0.45929602482600257 0.5164272928975019 0.369506946875 0.5157621875 0.3692213298614976 0.5543204196024981 0.4590104078125001 0.554985525
0 0.5904709325572837 0.027855032526080552 0.47290428437499993 0.026984167187500054 0.4725827596302163 0.07038994403641957 0.5901494078125 0.07126080937500008
0 0.46624860506096966 0.025726180367263474 0.40930564062499986 0.025304381250000056 0.40897221212653034 0.07031729463273664 0.46591517656250014 0.07073909375000006