0 0.9708671643081159 0.45206338919920785 0.9677167010412463 0.3437573368552854 0.8562528822563099 0.3469996548889246 0.8594033455231795 0.455305707232847
0 0.4560546875 0.35482343750000006 0.38671875 0.35482343750000006 0.38671875000000006 0.4416875 0.4560546875 0.4416875
0 0.7919921875 0.49736406250000015 0.73828125 0.49736406250000015 0.73828125 0.5759906250000002 0.7919921875 0.5759906250000002
0 0.8466796875 0.4962546875000002 0.796875 0.4962546875000002 0.796875 0.5742859375000002 0.8466796875 0.5742859375000002
0 0.5419921875 0.35229531250000007 0.5078125 0.35229531250000007 0.5078125 0.4381640625 0.5419921875 0.4381640625
0 0.6669921875 0.35061093750000005 0.6171875 0.35061093750000005 0.6171875 0.43498281250000004 0.6669921875 0.43498281250000004
0 0.38183593750000006 0.35701093750000007 0.31640625 0.3570109375 0.31640625000000006 0.439828125 0.3818359375000001 0.439828125
0 0.6708984375 0.5008874999999999 0.62109375 0.5008874999999999 0.62109375 0.5793984375 0.6708984375 0.5793984375
0 0.6103515625 0.3511281250000001 0.546875 0.3511281250000001 0.546875 0.437028125 0.6103515625 0.437028125
0 0.2607421875000001 0.48154375 0.20703125000000008 0.48154375 0.20703125000000008 0.587540625 0.2607421875000001 0.587540625
0 0.7333984375 0.49906875000000017 0.67578125 0.49906875000000006 0.67578125 0.577809375 0.7333984375 0.5778093750000001
0 0.13671875000000006 0.5398671875 0.08984375000000007 0.5398671875 0.08984375000000007 0.5909515625 0.13671875000000008 0.5909515625
0 0.8857421875 0.4868234375000002 0.859375 0.4868234375000002 0.859375 0.5724656250000002 0.8857421875 0.5724656250000002
0 0.13725844253142547 0.5349118036096216 0.13663351485299882 0.5134456216261333 0.09315348699329148 0.514711420681093 0.09377841467171814 0.5361776026645814
0 0.9173894313036088 0.4809631737486164 0.9168786758437711 0.46339979222669064 0.8588925822312335 0.4650860685209387 0.8594033376910712 0.48264945004286447
0 0.9177695667496408 0.5727088463379455 0.917375 0.55913125 0.8905804332503593 0.5599099036620545 0.8909750000000001 0.5734874999999999
0 0.916897857467068 0.5558956142903124 0.9164249999999997 0.539646875 0.8905021425329318 0.5404012607096875 0.8909750000000001 0.55665
0 0.9169875 0.48606875000000016 0.8905875 0.48606875000000016 0.8905875 0.5350500000000002 0.9169875 0.5350500000000002
0 0.7345267409373326 0.46718318188550245 0.7336640625 0.4345296875000001 0.6140478504757627 0.4376898493390506 0.6149105289130953 0.470343343724553
0 0.73484375 0.3494359375000001 0.67128125 0.3494359375000001 0.67128125 0.4326625 0.73484375 0.43266250000000006
0 0.8484562499999999 0.3462437500000001 0.73864375 0.3462437500000001 0.73864375 0.46546406250000016 0.8484562499999999 0.46546406250000016
0 0.8487592304971538 0.48899735215733414 0.84813125 0.467415625 0.6153657695028463 0.474188585342666 0.6159937500000001 0.4957703125000001
0 0.6104859375000001 0.4395015625000001 0.5886342638046242 0.4393942309272272 0.5883273486388696 0.501879200456387 0.6101790223342454 0.50198653202916
0 0.584003490593896 0.5238702431567607 0.5822185943807968 0.44038041036535625 0.14654322878690082 0.44969454220859567 0.14832812500000003 0.533184375
0 0.13797594147213008 0.5101346772602255 0.13707495449560725 0.4792234388263418 0.10347401302347718 0.4802028240661162 0.104375 0.5111140625
0 0.09927968750000007 0.48209843750000003 0.03227031250000005 0.48209843750000003 0.032270312500000065 0.592425 0.09927968750000007 0.592425
0 0.14000926322112228 0.4748894905433825 0.13868125000000003 0.42924062499999993 0.03074073677887773 0.4323808219566175 0.03206875 0.4780296875
0 0.1402472358074706 0.4222697709044564 0.13845625 0.36070781250000006 0.030752764192529418 0.36384116659554366 0.032543749999999996 0.425403125
0 0.21657500000000005 0.3592609375 0.14847500000000005 0.3592609375 0.14847500000000005 0.4434796875 0.2165750000000001 0.4434796875
0 0.26270084243840386 0.3584397142483617 0.22239373192130246 0.35833732531394064 0.22218125000000005 0.441984375 0.26248836051710145 0.44208676393442115
0 0.30815625 0.3584828125 0.26726875 0.3584828125 0.26726875000000005 0.4414359375 0.3081562500000001 0.4414359375
0 0.20303125000000005 0.48102812500000003 0.14767884522199823 0.48047465669722894 0.14657343750000007 0.5910265625 0.20192584227800192 0.591580030802771
0 0.6167724941813438 0.47358299769929363 0.5587781783829805 0.47242487401529987 0.5566152233125751 0.5807372254026699 0.6146095391109384 0.5818953490866636
0 0.32510836764114714 0.5862715345426347 0.3235937045541995 0.5342390638229254 0.2642165869130524 0.5359675292802908 0.26573125000000003 0.5880000000000001
0 0.326824099750812 0.5285830135361902 0.32538125000000007 0.4790000000000001 0.2656259002491881 0.4807388614638099 0.2670687500000001 0.530321875
0 0.3828000000000001 0.477325 0.3285000000000001 0.477325 0.3285000000000001 0.5866171875 0.3828000000000001 0.5866171875
0 0.4406625 0.476303125 0.3876875000000001 0.476303125 0.3876875000000001 0.58645625 0.4406625 0.58645625
0 0.49385 0.4747671875 0.446 0.4747671875 0.446 0.584096875 0.49385 0.584096875
0 0.553275 0.4728203125 0.4963 0.4728203125 0.4963 0.583303125 0.553275 0.583303125
0 0.49829375000000004 0.3524562500000001 0.46140625 0.3524562500000001 0.46140625 0.43720625 0.49829375000000004 0.43720625
0 0.9666 0.4619875000000002 0.925075 0.4619875000000002 0.925075 0.5731578125000002 0.9666 0.5731578125000002
0 0.9677562500000001 0.40119843750000017 0.92469375 0.40119843750000017 0.92469375 0.45435000000000014 0.9677562500000001 0.45435000000000014