0 0.9643390324844118 0.45200943927474846 0.961190168923776 0.3437583813403549 0.8478872812527485 0.34705419517451014 0.8510361448133843 0.4553052531089037
0 0.4496298693304933 0.3548745632746749 0.3803488436649171 0.3536649748290456 0.37881234212484094 0.4416704472836314 0.44809336779041714 0.44288003572926077
0 0.7829074838559833 0.4973981166656129 0.7292401628555297 0.4964614806843629 0.7278524671798586 0.5759735972035182 0.7815197881803122 0.5769102331847681
0 0.8375828543723742 0.4965785979612516 0.7878174779421621 0.495709183384914 0.7864450189573791 0.5742688715609203 0.8362103953875912 0.5751382861372579
0 0.5355668844927484 0.35232939449914 0.5014149737094764 0.3517328744574589 0.4999056070885034 0.43814699397881257 0.5340575178717752 0.4387435140204937
0 0.6605323045797258 0.35064496389187044 0.6107662955905175 0.3497770446950986 0.6092806042214158 0.4349657699876216 0.6590466132106242 0.4358336891843934
0 0.37540878736050487 0.35707906319065597 0.31003227230715685 0.35593780051223384 0.3085681156598738 0.439811093577336 0.3739446307132218 0.4409523562557581
0 0.661813730266773 0.5009215502689754 0.6120493549346792 0.5000531287431802 0.6106650234957967 0.5793814126033506 0.6604293988278904 0.5802498341291459
0 0.6039094149621311 0.3513620580710858 0.5404827264799184 0.3502547404919127 0.5389681148018377 0.43701106485993285 0.6023948032840505 0.43811838243910584
0 0.252203750976706 0.4815607723503746 0.19853485073643745 0.48062437782427764 0.19666971425241303 0.5875235758715277 0.2503386144926815 0.5884599703976247
0 0.7243137575251388 0.4991028007446521 0.6667431857809956 0.4980981558873355 0.6653524689790651 0.5777923491519974 0.7229230407232082 0.5787969940093138
0 0.1272244803014853 0.5399011865415144 0.08038730371173707 0.5390849978294636 0.07948376870655842 0.5909345614998951 0.12632094529630666 0.591750750211946
0 0.8767950362995423 0.4868575472590321 0.8504492866862601 0.4863973748324534 0.8489462588952975 0.5724485842387045 0.8752920085085798 0.5729087566652832
0 0.12817535614383146 0.534902395607481 0.12755074601623845 0.5134471214525613 0.08376316631284042 0.5147218740168048 0.08438777644043342 0.5361771481717243
0 0.9087657931226086 0.4809562729178941 0.9082552964356397 0.4634017898355839 0.8500490764811351 0.465094467558331 0.850559573168104 0.48264895064064123
0 0.9075443663521897 0.5727019503800351 0.90715 0.55913125 0.8801181336478102 0.5599167996199648 0.8805124999999998 0.5734874999999999
0 0.9070132418397465 0.5558873456451351 0.9065406249999999 0.5396468750000001 0.8803336331602534 0.540409529354865 0.88080625 0.55665
0 0.9080375 0.48606875000000027 0.8816588958635545 0.4856088171174034 0.8807968477647939 0.5350499995251317 0.9071754519012394 0.5355099324077286
0 0.7265685561607681 0.46716816152691276 0.7257062500000001 0.4345296875 0.6057152855478499 0.43769984024054354 0.6065775917086179 0.4703383142674563
0 0.7283718750000001 0.3494359375000001 0.6648610907376222 0.34832620605455533 0.6633874727065858 0.4326624995230991 0.7268982569689637 0.43377223096854395
0 0.8419812500000002 0.34624375000000013 0.7322579412490268 0.344328734268729 0.73014375 0.46546406250000005 0.8398670587509734 0.4673790782312713
0 0.840169849438482 0.48898640429131746 0.83954218617818 0.4674155795731701 0.606400461739698 0.4741994877818526 0.607028125 0.49577031250000003
0 0.6025031249999999 0.4395015625000001 0.5806750071919162 0.438995855659112 0.5792204989819736 0.5017776374987601 0.6010486167900574 0.5022833443396483
0 0.5760140398373942 0.5238390193804916 0.574229529449747 0.4403803552582087 0.1371623646123528 0.44972571087771696 0.13894687499999997 0.5331843749999999
0 0.1295411075578939 0.5101189327403328 0.12864057949560723 0.4792234388263418 0.09449947193771335 0.4802185685860089 0.0954 0.5111140625
0 0.09082545767648888 0.4823766989016181 0.02385969823780223 0.48110384392705774 0.021743816817615263 0.5924217937460933 0.08870957625630191 0.5936946487206536
0 0.1324460893643208 0.47486632752208385 0.13111875 0.4292406250000001 0.0223820356356792 0.43240398497791627 0.023709374999999998 0.4780296875
0 0.13387913923086636 0.42223852300965914 0.13208906250000002 0.3607078125 0.023311485769133642 0.36387241449034086 0.025101562500000008 0.425403125
0 0.21019375000000004 0.35926093750000004 0.1421490071554084 0.3580741105899199 0.140659375 0.4434796875 0.20870411784459164 0.4446665144100801
0 0.2563071352962826 0.35852983480476464 0.21603582972296173 0.357725589694391 0.2143531250000001 0.4419843750000001 0.2546244305733209 0.44278862011037373
0 0.30174218750000004 0.3584828125 0.26088789795968487 0.35777000164634026 0.25942812499999995 0.4414359375000001 0.30028241454031507 0.4421487483536598
0 0.19453281250000012 0.4810281250000002 0.13924398330179438 0.4795104205082198 0.13618281250000006 0.5910265625 0.1914716416982058 0.5925442669917804
0 0.608174591488084 0.47409263516165456 0.5502668536683464 0.47192485978341514 0.5461937817558155 0.5807287436172368 0.604101519575553 0.5828965189954762
0 0.31561697402149613 0.5862451305325079 0.31410307955419947 0.5342390638229254 0.2538189180327034 0.5359939332904177 0.2553328125 0.5880000000000002
0 0.31829680486728085 0.5285578454391515 0.31685468750000007 0.479 0.2562344451327193 0.4807640295608485 0.25767656250000004 0.530321875
0 0.37427500000000014 0.4773250000000001 0.3200191139518408 0.4763773814201497 0.318093695436243 0.5866171865470042 0.37234958148440234 0.5875648051268547
0 0.432125 0.476303125 0.3791930513276459 0.47537868913729664 0.37725312499999997 0.58645625 0.4301850736723541 0.5873806858627033
0 0.4853109375000001 0.4747671875000001 0.43749974201318215 0.4739332028940792 0.43557812500000004 0.584096875 0.483389320486818 0.5849308596059208
0 0.5447406250000002 0.4728203125000001 0.4878119223815164 0.47182638155605233 0.4858656250000001 0.5833031250000001 0.5427943276184839 0.5842970559439479
0 0.4918875000000001 0.35245625 0.45502993268352016 0.3518134294694305 0.45354062500000003 0.43720625000000013 0.49039819231647996 0.43784907053056965
0 0.9580453125 0.4619875000000002 0.9165540584546316 0.46126292413291825 0.9146000004763675 0.5731577852218507 0.9560912545217359 0.5738823610889326
0 0.9602609375000002 0.40119843750000017 0.9172333279706582 0.40044840781799484 0.91629375 0.4543500000000001 0.959321359529342 0.4551000296820054