0 0.46955115169283246 0.14952019377317466 0.4621804745242222 0.023912644655803873 0.3463309639301394 0.030710718089531873 0.35370164109874974 0.15631826720690264
0 0.4715684662345535 0.5824598204792634 0.3746503049871079 0.5803060841289328 0.3729976620960373 0.6546750337808458 0.4699158233434829 0.6568287701311764
0 0.6042284795955613 0.22490709012629856 0.5169711736572746 0.2229680379708509 0.5156909564153345 0.2805777867512517 0.6029482623536211 0.2825168389066994
0 0.6004405551787697 0.1661367482053616 0.5145717830176457 0.16422855326844776 0.5133846730349212 0.21764850249105389 0.5992534451960452 0.21955669742796774
0 0.46309410328555006 0.49005038389772004 0.3691469126814312 0.4879626692545716 0.36833222962075063 0.5246234193407393 0.46227942022486956 0.5267111339838877
0 0.4565704328978434 0.3557656063382914 0.36336105643803734 0.35369428763297334 0.3621739468947621 0.4071142369792889 0.4553833233545682 0.409185555684607
0 0.4717158520030521 0.6621086063845625 0.3794150675972042 0.6600574780381234 0.37785553109108305 0.7302366275167241 0.4701563154969309 0.7322877558631632
0 0.6115233283843371 0.355017134697197 0.5246075783105147 0.35308567400653396 0.5234204685811066 0.40650562350393943 0.6103362186549289 0.40843708419460245
0 0.4613297529689212 0.41665346972818346 0.36596922070629917 0.4145343453501564 0.36445623636615687 0.48261859442821786 0.45981676862877885 0.4847377188062449
0 0.6335339723534971 0.7956525029541396 0.5168313797750465 0.7930591128911867 0.5155511635778333 0.8506688613860142 0.632253756156284 0.8532622514489671
0 0.6082631697831494 0.2878747839819251 0.5206659908066584 0.28592818043006757 0.5192926678134643 0.3477277286290625 0.6068898467899553 0.34967433218092003
0 0.6407623483701005 0.928904973088455 0.5834609830005802 0.9276316097435441 0.5823437032902288 0.9779092097378094 0.639645068659749 0.9791825730827203
0 0.595938650972023 0.12411801426806598 0.5026695345857373 0.12204536793579102 0.502041064770685 0.15032651914456083 0.5953101811569708 0.1523991654768358
0 0.5807533775376383 0.9735975105463524 0.5779536139326584 0.9259044997417509 0.5549923674411966 0.927252413433238 0.5577921310461764 0.9749454242378395
0 0.498913561960289 0.15017270073110672 0.49521661875066264 0.08716280640794519 0.4764299442028608 0.08826506613472315 0.48012688741248716 0.1512749604578847
0 0.595456425 0.11849187187499999 0.5937236497637665 0.08894847954964744 0.5792003468750001 0.0898002984375 0.5809331221112336 0.11934369076285253
0 0.5773758874999999 0.1180900828125 0.5756881923711334 0.08933537423224439 0.5583077546874999 0.09035548125000001 0.5599954498163664 0.1191101898302556
0 0.5548228394252205 0.0896744095065592 0.5007563015625001 0.08847293125000007 0.5001270496372795 0.11678927643094092 0.5541935875 0.11799075468750005
0 0.4934474207833259 0.411873357990307 0.4861804836980391 0.2821435136199176 0.4512451531249999 0.28410044843750004 0.4585120902102867 0.4138302928078896
0 0.4527399878924821 0.28286772052516385 0.3598317796875001 0.28080309375000007 0.35831674804501806 0.34897952009983624 0.45122495625000003 0.351044146875
0 0.48692224856507726 0.16170765622092217 0.3527891125000001 0.15872692031250007 0.3501716983099229 0.27651057659157796 0.48430483437500005 0.2794913125000001
0 0.5207508203125 0.4119192015625 0.5060017689754955 0.1606125740901998 0.4829169031249999 0.1619674125 0.4976659544620044 0.41327403997230017
0 0.5288078137461922 0.41971978498884227 0.4605032437500001 0.41649090156250007 0.45939852837573064 0.43986031403247494 0.5277030983719228 0.4430891974588172
0 0.5758067359375 0.9150032812499997 0.5517080246778332 0.44233078624044697 0.462347439767941 0.44688674191054567 0.4864461510276078 0.9195592369200984
0 0.5535055312500001 0.9616746078125002 0.5512841865471134 0.9238574982574616 0.5182201548402487 0.925799651228757 0.5204414995431355 0.9636167607837957
0 0.6411182250000003 0.9667002234375 0.5229756031250001 0.9667002234375 0.5229756031250001 1 0.6411182250000003 1
0 0.5180182109375 1.0000000000000002 0.5133244932165271 0.9200165343703126 0.4644962218749999 0.922881953125 0.46918993959597294 1.0028654187546875
0 0.4615949640625 1 0.4567607928504197 0.9176238488976376 0.3909110984375 0.9214881796875 0.39574526964958034 1.0038643307898625
0 0.4810980665071084 0.8396616628695075 0.38687189843750003 0.837567746875 0.3852487131803917 0.9106110433804926 0.4794748812500001 0.912704959375
0 0.47659433300297877 0.7902967976036781 0.38481054251296715 0.7880241771458909 0.38374027044748854 0.8312490045422131 0.47552406093750016 0.8335216250000002
0 0.4744751504369472 0.7412369576819157 0.38312248281250005 0.7392068984375002 0.38214791675055304 0.7830623720055847 0.47350058437500026 0.7850924312500002
0 0.6398859857773938 0.8589413093243818 0.5180595328125002 0.8550170765625001 0.5161485282851066 0.9143435531756184 0.6379749812500001 0.9182677859375001
0 0.6164719555202651 0.41559546007804915 0.4985263632516045 0.4106220637791469 0.4959072806371176 0.47273439740403544 0.6138528729057782 0.4777077937029377
0 0.6309337296875 0.790240865625 0.6270192652535906 0.7235567660330012 0.5713628579565103 0.72682388710409 0.5752773223904197 0.7935079866960886
0 0.568954934375 0.7874282624999999 0.565025259751126 0.7204733531105071 0.5119888640624999 0.7235861312499999 0.5159185386863738 0.7905410406394926
0 0.6287459724774028 0.6645636118657159 0.5083633109375001 0.6618884421875 0.5070690540850973 0.7201300131342843 0.6274517156250001 0.7228051828125002
0 0.6266584009399783 0.6024239054174387 0.50542498125 0.599729828125 0.5041623052753168 0.65655021958179 0.6253957249652949 0.6592442968742288
0 0.6221473557669805 0.5452471721793963 0.5020833828125 0.5425790828125 0.5009428629390603 0.5939024563612633 0.6210068358935408 0.5965705457281596
0 0.619912106000349 0.48142743464340054 0.4981020500000001 0.47872054375000006 0.4967440330274461 0.5398312903558283 0.618554089027795 0.5425381812492287
0 0.4636609795722467 0.5369565815624163 0.3706013906250001 0.534888590625 0.36972216573562594 0.5744537092708131 0.46278175468287264 0.5765217002082295
0 0.5950071988208683 0.037327304678272125 0.47331871718749996 0.034623115625000055 0.4723289558666316 0.07916236563422802 0.5940174375 0.08186655468750008
0 0.46747711514060064 0.03325251098895467 0.4080050828125 0.03193091093750006 0.4069786754843993 0.07811926401104544 0.46645070781250003 0.07944086406250006