0 0.4922319543855679 0.3109670445408709 0.4773048016634672 0.10056454416015348 0.2857265356196084 0.11415619839571309 0.3006536883417091 0.32455869877643045
0 0.700434212141723 0.336935744079507 0.6950355937829793 0.2458340484885638 0.5764389838296373 0.252861994912895 0.581837602188381 0.3439636905038382
0 0.7336236506659128 0.8197088442654101 0.7211786776267334 0.6212500751271365 0.5988442703266068 0.6289214338039271 0.6112892433657864 0.8273802029422006
0 0.5070752414575175 0.5354864218170506 0.4938803846679294 0.3181124376644897 0.3010575283810627 0.329817012084393 0.3142523851706508 0.547190996236954
0 0.4770360959022176 0.09504406785005381 0.47082140677868933 -0.009828812748124869 0.27775360971827573 0.001612241713725715 0.28396829884180397 0.10648512231190439
0 0.7088463277761863 0.4554979534439716 0.7023805396434986 0.34638778331890047 0.5835635897382563 0.35342878805547845 0.590029377870944 0.46253895818054963
0 0.5187057108194986 0.7261477964006527 0.5136209653734072 0.6403427115486431 0.31965317135334587 0.6518370986124512 0.3247379167994372 0.7376421834644609
0 0.7199607027754256 0.6121695425073186 0.7158175764033587 0.5422542870320645 0.5932311354911936 0.5495186689290994 0.5973742618632604 0.6194339244043534
0 0.45165197776923033 0.6238171503267155 0.44719497871471026 0.5486052855782501 0.31286955501199 0.5565653100829376 0.31732655406651 0.6317771748314029
0 0.6832978665053554 0.09557765257662794 0.6772169843891159 -0.00703723436118438 0.558463653125 0 0.5645445352412395 0.10261488693781232
0 0.525693094972711 0.8277857631098986 0.5207966734943563 0.7451586433433525 0.3270763335045222 0.7566383661777003 0.331972754982877 0.8392654859442464
0 0.7166358438064264 0.5358275450496081 0.7124299432182759 0.4648529700769 0.5877367225766347 0.4722421977015349 0.5919426231647852 0.543216772674243
0 0.5505018210275101 0.02690802286378811 0.5486875794466408 -0.0037073041157756116 0.486126821875 0 0.4879410634558693 0.030615326979563724
0 0.6596131820822875 0.2415549026312782 0.6579182662519767 0.21295320705850265 0.6205470815771746 0.21516779648176348 0.6222419974074855 0.24376949205453907
0 0.6935364855840415 0.23953229641100088 0.6890881419563614 0.17681700180560544 0.6647438020340519 0.17854372556644968 0.669192145661732 0.2412590201718451
0 0.6569109227667477 0.20344552394716722 0.6553415563076984 0.17696247334304493 0.6180195229321093 0.1791741500957998 0.6195888893911585 0.20565720069992208
0 0.6116569996895908 0.24014458232043906 0.6102131831014214 0.215780176047425 0.5739369112920614 0.21792988092462964 0.5753807278802308 0.24229428719764373
0 0.6092532964553794 0.20626967871149188 0.6076211556899279 0.1787273070621393 0.5713211553953605 0.18087841848496608 0.572953296160812 0.2084207901343187
0 0.6984247300074717 0.045474028632025 0.4862113995560646 0.032487982195551456 0.4379061647377377 0.8218748682798888 0.6501194951891447 0.8348609147163621