0 0.8035077405787847 0.5591864902762983 0.6094090813831509 0.556927667129909 0.6073523499780054 0.7336607631681816 0.8014510091736394 0.7359195863145709
0 0.658203125 0.3670765625000001 0.57421875 0.3670765625000001 0.57421875 0.4764078125 0.658203125 0.4764078125
0 0.31190437218347666 0.36349731301491245 0.12891293493451128 0.36286854243708644 0.12852534673714142 0.4756685426258378 0.31151678398610677 0.47629731320366375
0 0.6027552316164646 0.5558023195062408 0.40234652871979526 0.5555143853698341 0.40209111506543077 0.7332880936632777 0.6024998179621002 0.7335760277996843
0 0.9052734375 0.5591328125000002 0.80859375 0.5591328125000002 0.80859375 0.7371171875000002 0.9052734375 0.7371171875000002
0 0.5654296875 0.3658031250000001 0.46484375 0.3658031250000001 0.46484375 0.4753375 0.5654296875 0.4753375
0 0.3056640625000001 0.555209375 0.22656250000000008 0.555209375 0.22656250000000008 0.7340234375 0.3056640625000001 0.7340234375
0 0.3847656250000001 0.36412187500000004 0.3203125000000001 0.36412187500000004 0.3203125000000001 0.47713124999999995 0.3847656250000001 0.47713124999999995
0 0.3935546875000001 0.6112375 0.3242187500000001 0.6112375 0.3242187500000001 0.73506875 0.3935546875000001 0.73506875
0 0.906522966477296 0.3709325710389808 0.7968977105646229 0.3696572297440267 0.7956368172174603 0.4780405749773113 0.9052620731301335 0.47931591627226544
0 0.20898437500000008 0.5543234375 0.13281250000000008 0.5543234375 0.13281250000000008 0.732909375 0.20898437500000008 0.732909375
0 0.4560546875 0.3630203125000001 0.3906250000000001 0.3630203125000001 0.3906250000000001 0.477971875 0.4560546875 0.477971875
0 0.9052734375 0.4879343750000002 0.8671875 0.4879343750000002 0.8671875 0.5457109375000002 0.9052734375 0.5457109375000002
0 0.6904296875 0.39938437500000007 0.6640625 0.39938437500000007 0.6640625 0.43383593749999994 0.6904296875 0.43383593749999994
0 0.7219293382170872 0.36878299988833346 0.6640738337740959 0.36811065802617493 0.6638128492829128 0.39056856261166684 0.7216683537259041 0.39124090447382537
0 0.7236328125 0.39979218750000006 0.69921875 0.39979218750000006 0.69921875 0.4341984375 0.7236328125 0.4341984375
0 0.6904296875 0.4433625 0.66796875 0.4433625 0.66796875 0.47680468749999994 0.6904296875 0.47680468749999994
0 0.724609375 0.44372656250000003 0.69921875 0.44372656250000003 0.69921875 0.477190625 0.724609375 0.477190625
0 0.8655447855397005 0.5434474031290218 0.8408671920481415 0.3522836005004854 0.11938104773405578 0.4454212214013027 0.1440586412256148 0.6365850240298391