0 0.33215625000000004 0.3427265625 0.11191279133160892 0.3408699593246561 0.11071875000000005 0.4825156249999999 0.33096220866839116 0.48437222817534387
0 0.3309140625000001 0.41509843750000003 0.2888546875000001 0.41509843750000003 0.2888546875000001 0.4849953125 0.3309140625000001 0.4849953125
0 0.42122187499999997 0.34025468750000004 0.3451453125 0.3402546875 0.3451453125 0.38726875000000005 0.42122187499999997 0.3872687500000001
0 0.4199890625 0.39715781250000004 0.3463765625000001 0.39715781250000004 0.3463765625000001 0.5449937499999999 0.4199890625 0.5449937499999999
0 0.2313359375000001 0.4930265625 0.10576875000000004 0.4930265625 0.10576875000000005 0.5456078125 0.2313359375000001 0.5456078125
0 0.3309250000000001 0.49179375 0.2331937500000001 0.49179375 0.2331937500000001 0.5449890625 0.3309250000000001 0.5449890625
0 0.2740156250000001 0.55859375 0.1051500000000001 0.55859375 0.1051500000000001 0.7552953125 0.2740156250000001 0.7552953125
0 0.3927656250000001 0.55798125 0.3488546875000001 0.55798125 0.3488546875000001 0.623546875 0.3927656250000001 0.623546875
0 0.39435093949586447 0.560953571612896 0.2829070775420722 0.5597066944153483 0.28070781250000004 0.7562734375 0.3921516744537923 0.7575203146975478
0 0.80086875 0.5621015625000001 0.6095937499999999 0.5621015625 0.60959375 0.7574828125 0.80086875 0.7574828125000002
0 0.853675 0.3409140625000001 0.7803296875 0.3409140625000001 0.7803296875 0.3866781250000001 0.853675 0.3866781250000001
0 0.8525 0.39665000000000006 0.7797453125 0.39665000000000006 0.7797453125 0.5468453125000001 0.8525 0.5468453125000001
0 0.7621421875000001 0.3409140625000001 0.6483218749999999 0.3409140625000001 0.6483218749999999 0.4817234375000001 0.7621421875000001 0.4817234375000002
0 0.639525 0.3415000000000001 0.436515625 0.3415000000000001 0.436515625 0.481140625 0.639525 0.481140625
0 0.76625625 0.49287500000000006 0.43358281249999997 0.492875 0.43358281249999997 0.5480265625000001 0.76625625 0.5480265625000003
0 0.4840390625000001 0.5597578125 0.40600625 0.5597578125 0.40600625000000007 0.7580671875 0.48403906250000023 0.7580671875
0 0.5990343750000001 0.5615218750000001 0.48990156249999994 0.5615218750000001 0.48990156250000005 0.7557234375 0.5990343750000002 0.7557234375
0 0.36230312500000006 0.7798437500000001 0.2814000000000001 0.7798437500000001 0.2814000000000001 0.8290921875 0.36230312500000006 0.8290921875