0 0.9318843749999999 0.1961968750000001 0.668290625 0.1961968750000001 0.668290625 0.3539609375000001 0.9318843749999999 0.3539609375000001
0 0.7395265625 0.3607062500000001 0.6680328125 0.3607062500000001 0.6680328125 0.4230046875000001 0.7395265625 0.4230046875000002
0 0.7396625 0.42899687500000006 0.6683250000000001 0.428996875 0.6683250000000001 0.4542343750000001 0.7396625 0.45423437500000013
0 0.9332625 0.3602531250000001 0.8728906249999999 0.3602531250000001 0.8728906249999999 0.4326531250000002 0.9332625 0.4326531250000002
0 0.3990328125000001 0.48656875 0.17648750000000007 0.48656875 0.17648750000000007 0.5558 0.3990328125000001 0.5558
0 0.31125468750000007 0.5610390625 0.1766359375000001 0.5610390625 0.1766359375000001 0.6120578125 0.31125468750000007 0.6120578125
0 0.3978562500000001 0.6183 0.17716250000000008 0.6183 0.17716250000000008 0.787084375 0.3978562500000001 0.787084375
0 0.499175 0.621428125 0.4074859375 0.621428125 0.4074859375 0.720940625 0.499175 0.720940625
0 0.5767187500000001 0.507903125 0.5080265625 0.507903125 0.5080265625 0.5333249999999999 0.5767187500000001 0.5333249999999999
0 0.7799015625 0.5085656250000001 0.669434375 0.508565625 0.669434375 0.5866593750000001 0.7799015625 0.5866593750000002
0 0.7802203125 0.4606515625000001 0.5088421875 0.4606515625 0.5088421875 0.5019828125000001 0.7802203125 0.5019828125000002
0 0.6594359375 0.586646875 0.6592541657847437 0.5074840129233946 0.5139065987134449 0.5078177562454754 0.5140883704287011 0.5869806183220808
0 0.9321734375 0.586678125 0.9317141443788899 0.35975487311415016 0.7473229618328308 0.3601280812408316 0.7477822549539409 0.5870513331266815
0 0.93169375 0.4388656250000002 0.8765281249999999 0.4388656250000002 0.8765281249999999 0.5015140625000002 0.93169375 0.5015140625000002
0 0.9325203125 0.5936890625000001 0.50875 0.5936890625 0.5087500000000001 0.9102499999999999 0.9325203125 0.9102499999999999
0 0.2553859375000001 0.42988906250000003 0.17653125000000006 0.42988906250000003 0.17653125000000006 0.48091718749999995 0.2553859375000001 0.48091718749999995
0 0.6588339685852131 0.19659847351247134 0.17678894632420877 0.1963278223197106 0.17655545208955453 0.6121942088433502 0.6586004743505589 0.612464860036111
0 0.4050652821082653 0.611993641161809 0.4047994043411546 0.5607612110876211 0.3201747472328892 0.5612003824258122 0.32044062500000003 0.6124328125
0 0.3970953125000001 0.455953125 0.2648390625000001 0.455953125 0.2648390625000001 0.4808671875 0.3970953125000001 0.4808671875