0 0.7701379890625001 0.6544386593750001 0.6108152697997208 0.643817144943413 0.5920178828125 0.9257779546875001 0.7513406020752793 0.9363994691190871
0 0.603034815625 0.6578905468750001 0.5401208904519985 0.6536962852870336 0.5349056093750001 0.7319255031250002 0.5978195345480015 0.7361197647129667
0 0.5336404234375001 0.6597290296875 0.5081535853056435 0.6580299074750846 0.5031710062499999 0.7327686078125001 0.5286578443818566 0.7344677300249155
0 0.590981365487236 0.9271989138405127 0.5896211640625 0.8659898406250001 0.5106230798252641 0.8677453533469877 0.5119832812500001 0.9289544265625003
0 0.5084821277742227 0.16272678558705395 0.4384769733688943 0.1579370277606456 0.42266776849237625 0.38899794326334214 0.4926729228977047 0.3937877010897505
0 0.4328019046875 0.16321622656250007 0.3812791059886732 0.1597813737083606 0.371856296875 0.3011235265625 0.4233790955738268 0.3045583794166395
0 0.3745964015625 0.16504380937500004 0.20414449337440227 0.15368034906671374 0.18818645468750003 0.39305093437500005 0.35863836287559775 0.4044143946832864
0 0.35788579018824535 0.4920543377271799 0.35582 0.39909379218749996 0.24645251762425474 0.40152418102282006 0.24851830781250003 0.49448472656250003
0 0.4643378828125 0.49866747812500006 0.43866484817964724 0.4969559426744247 0.43386031718749984 0.569023915625 0.45953335182035265 0.5707354510755753
0 0.4527335453125 0.662652275 0.3738682558335916 0.6573945883758927 0.3659188359375001 0.776635871875 0.4447841254164085 0.7818935584991074
0 0.5122842328125001 0.49842934687500007 0.4705446439883505 0.49564670750965883 0.4519178828125 0.7750481140625001 0.49365747163664964 0.7778307534278412
0 0.46164342394679725 0.5064221322426751 0.37906763261280096 0.5036922414841543 0.3740900531250001 0.6542578140625002 0.45666584445899633 0.656987704821021
0 0.6071884000206637 0.9185973831331934 0.5979469832441817 0.7359144868497629 0.34634577853601806 0.7486422880915697 0.35558719531250005 0.9313251843750002
0 0.5107574013880585 0.927390377661189 0.5095144984375001 0.871459753125 0.4408926517369415 0.8729846832763112 0.4421355546875 0.9289153078125002
0 0.3771412703125002 0.5013390125000001 0.05745281713315462 0.48002644841322856 0.0268557671875 0.9389821859375 0.34654422036684557 0.9602947500242716
0 0.5659180953125001 0.16032465468750007 0.5142635571923512 0.15701849469242524 0.5088622218750002 0.2414074781250001 0.5605167599951492 0.24471363812007496
0 0.8028658187500002 0.15539040625000014 0.38293616229006344 0.12758831868659765 0.34901242328037574 0.6399809235831817 0.7689420797403125 0.6677830111465842
0 0.4229122750000001 0.309111921875 0.37117329862080045 0.30566265737042414 0.36516627333160234 0.39576805205232424 0.416905249710802 0.39921731655690007
0 0.533582328125 0.25044709062500004 0.5084221234595315 0.24876974354976786 0.4993157671875001 0.3853650796875 0.5244759718529686 0.3870424267627322