0 1.0065144641625658 0.13944170613937654 0.732826184375 0.1293051031250001 0.7263117202124343 0.30519563448562365 1.0000000000000002 0.31533223750000017
0 0.8301414649350958 0.3165718190768409 0.7434453640625 0.31336085156250004 0.7408729085024042 0.38281713404815926 0.8275690093750001 0.3860281015625001
0 0.830833881911869 0.392838852543247 0.7483002328125001 0.3897820515625001 0.747258114963131 0.4179192412067533 0.8297917640625 0.4209760421875002
0 1 0.3213431765625001 0.9726268593749999 0.3213431765625001 0.9726268593749999 0.4031861953125002 1 0.4031861953125002
0 0.4583828817143571 0.44364793520982254 0.20332812162836786 0.43375459530476157 0.2003301962733186 0.5110424616396319 0.45538495635930787 0.5209358015446928
0 0.3630253748095923 0.5229278656631637 0.20691355781250015 0.5171459468750002 0.20480686894040795 0.5740265499618364 0.3609186859375001 0.5798084687500001
0 0.4763900321018548 0.5910541214180506 0.21129935156250004 0.5812359484375001 0.2043298319606453 0.7694129848319496 0.46942051250000016 0.7792311578125001
0 0.5783985484375 0.7094228171874999 0.571217094690717 0.5882357739437396 0.4692113046874999 0.5942805609375 0.4763927584342829 0.7154676041812603
0 0.6537708410617575 0.4743739060594093 0.5741771437500001 0.47142599062499996 0.5731274120632426 0.4997687392530909 0.652721109375 0.5027166546875003
0 0.8868194892994005 0.4837449672569364 0.7548172234375 0.47885599531249995 0.7515925419505994 0.5659224108680637 0.8835948078125 0.5708113828125001
0 0.8800437183570636 0.43000153707442135 0.571956759375 0.4185909093750001 0.5702500910179364 0.46467095667557884 0.8783370500000002 0.47608158437500003
0 0.7536426068909888 0.47952261779421246 0.5850229926103763 0.47007305443641634 0.5799947456096394 0.5597979483461859 0.7486143598902519 0.569247511703982
0 1.0192006179838973 0.5708193306777025 0.9539729762878426 0.28831831533077257 0.8152098020582802 0.320357827111421 0.8804374437543349 0.602858842458351
0 1 0.40945195468750023 0.9819091171875 0.40945195468750023 0.9819091171875 0.4800642968750002 1 0.4800642968750002
0 1.013071576379297 0.5834549418605524 0.580674540625 0.5674402359374999 0.5676029642237653 0.9203727790442591 0.9999999999780623 0.9363874849673113
0 0.291673324871485 0.37373975415517546 0.19829845781250008 0.37052978437500006 0.19633817356601516 0.4275525270948246 0.2897130406250001 0.430762496875
0 0.7497509253600554 0.13026803154343544 0.18319728125000004 0.10954506562500002 0.16624032764461877 0.5731381582328199 0.7327939717546742 0.5938611241512554
0 0.4672310650169214 0.5269670115433163 0.3676095437500001 0.5232773250000001 0.3654940152482068 0.580396585717136 0.46511553651512816 0.5840862722604522
0 0.4492944314259414 0.4088024042352467 0.29863474531250006 0.403222415625 0.29760598263655863 0.4309990067022532 0.44826566875000007 0.4365789953125