0 0.6827617953125 0.02755673593750005 0.36739770111514625 0.02288467499337258 0.36490466093749996 0.19116487656250006 0.6802687551348539 0.19583693750662753
0 0.3582765859375 0.1316325 0.08556014107258608 0.12759225623348278 0.08466782187500003 0.18782380000000004 0.35738426673991397 0.19186404376651728
0 0.1409318297015218 0.06276394436602831 0.08618350625 0.0619528578125 0.08527883279847817 0.1230182946964717 0.14002715625 0.12382938125000002
0 0.36060943339230633 0.022784045905595983 0.08673627081558295 0.01885763872857161 0.08523657023577659 0.12346414594797568 0.35910973281249997 0.12739055312500006
0 0.1559025859375 0.1942125140625 0.08440366778927272 0.1930305533529782 0.08365104375000001 0.23855812812500005 0.15514996189822733 0.23974008883452186
0 0.5266894718749999 0.19993389375000006 0.08227671996967918 0.1933500020542111 0.07489924153418591 0.6913298664157047 0.5193119934395067 0.6979137581114936
0 0.29517268125000007 0.5795041624999999 0.20736563391877602 0.5782033181507253 0.20677955423127603 0.6177637212757254 0.2945866015625001 0.619064565625
0 0.295631767641496 0.624639995319226 0.07694720312500009 0.6214002234375001 0.07591899017100417 0.6908045859307742 0.29460355468750016 0.6940443578125001
0 0.2930478621141332 0.7006133609549317 0.07613510937500008 0.6973998390624999 0.07570162694836693 0.7266599062325684 0.29261437968750004 0.7298734281250001
0 0.7238230423395214 0.6117259862753577 0.4013800891861301 0.6069490553792865 0.39924138747160864 0.7513114737914288 0.721684340625 0.7560884046875
0 0.9711958492706506 0.0369618328248431 0.6955096062500001 0.03287759218750009 0.6931771429168496 0.19031886717515717 0.9688633859375002 0.19440310781250017
0 0.632268984000671 0.5322356848124272 0.40349485745536773 0.5310447904272189 0.40311975352675844 0.6031032993069136 0.6318938800720617 0.604294193692122
0 0.95982296875 0.6741328609375 0.7341769943219043 0.6707899577978246 0.7332146031250001 0.7357513671875001 0.9588605775530958 0.7390942703271756
0 0.5112391305879804 0.7033075588956348 0.07613525928393602 0.6971989022398293 0.071913054174056 0.9979356913999495 0.5070169254781004 1.004044348055755
0 1.0215018189105367 0.6140057376477256 0.615328781317116 0.13840656427149534 0.33801385637890985 0.37524012441529886 0.7441868939723306 0.8508392977915291