0 0.49163204212238104 0.8999795619123347 0.4910601678520183 0.18398047543414184 0.05465156322963729 0.18432903852180724 0.05522343750000001 0.9003281250000003
0 0.49000000000000005 0.18289843750000007 0.41426718749999997 0.18289843750000007 0.41426718749999997 0.3681484375000001 0.49000000000000005 0.3681484375000001
0 0.4916421875 0.37750000000000006 0.4134578125 0.37750000000000006 0.4134578125 0.51268125 0.4916421875 0.51268125
0 0.674975 0.2154890625000001 0.4978921875 0.2154890625000001 0.4978921875 0.425465625 0.674975 0.425465625
0 0.6755171875 0.43075 0.6218828125 0.43075 0.6218828125 0.5695234375 0.6755171875 0.5695234375
0 0.6298328125000001 0.6374546875 0.4981328125 0.6374546875 0.4981328125000001 0.8065 0.6298328125000002 0.8065
0 0.6162828124999999 0.5122609375 0.55085 0.5122609375 0.55085 0.5693296875 0.6162828124999999 0.5693296875
0 0.6759328125 0.6359546875000001 0.6357671875 0.6359546875000001 0.6357671875000002 0.80681875 0.6759328125000001 0.80681875
0 0.9372999999999999 0.21376093750000008 0.6812328125 0.21376093750000008 0.6812328125 0.80619375 0.9372999999999999 0.80619375
0 0.6183538317630413 0.565888649253677 0.6158961061115261 0.4290507539607996 0.49608133684848477 0.4312027297071227 0.4985390625 0.5680406250000001
0 0.6751171874999999 0.5763640624999999 0.49851718749999996 0.5763640624999999 0.49851718749999996 0.630090625 0.6751171874999999 0.630090625