0 0.8288249999999999 0.18315937500000007 0.6724421875 0.18315937500000007 0.6724421875 0.2685578125000001 0.8288249999999999 0.2685578125000001
0 0.9719046875000001 0.1820484375000001 0.6718581393843747 0.18168846828692964 0.67114375 0.7771562500000001 0.9711902981156257 0.7775162192130705
0 0.1886921875000001 0.641275 0.009007812500000077 0.641275 0.009007812500000085 0.7770265625 0.1886921875000001 0.7770265625
0 0.25642500000000007 0.6406015625 0.19690781250000008 0.6406015625 0.19690781250000008 0.7042125 0.25642500000000007 0.7042125
0 0.25660000000000005 0.7133453125 0.1969000000000001 0.7133453125 0.1969000000000001 0.77695625 0.25660000000000005 0.77695625
0 0.25655 0.18571718750000002 0.09168281250000002 0.1857171875 0.09168281250000003 0.31661875 0.25655 0.31661875
0 0.08550000000000003 0.18530156250000002 0.008167187500000023 0.18530156250000002 0.00816718750000003 0.31675156250000003 0.08550000000000005 0.31675156250000003
0 0.2568328125 0.324115625 0.008000000000000038 0.324115625 0.00800000000000006 0.631565625 0.25683281250000006 0.631565625
0 0.3811921875 0.18279687500000003 0.2688421875 0.18279687500000003 0.2688421875 0.29699062500000006 0.3811921875 0.2969906250000001
0 0.38079218750000005 0.30637187500000007 0.2680421875 0.306371875 0.26804218750000003 0.4180171875 0.3807921875000001 0.4180171875
0 0.3795750000000001 0.42738125 0.2652250000000001 0.42738125 0.2652250000000001 0.4870265625 0.3795750000000001 0.4870265625
0 0.6634828125000001 0.49569062500000005 0.2651828125000001 0.49569062500000005 0.2651828125000001 0.7769828125 0.6634828125000002 0.7769828125
0 0.6635078125 0.18218593750000006 0.3888578125 0.18218593750000006 0.38885781250000007 0.485671875 0.6635078125 0.485671875