0 0.448915625 0.19735312500000005 0.24187031250000005 0.19682968750000004 0.24138288093570742 0.38963287900105636 0.4484281934357074 0.39015631650105637
0 0.5951421875 0.5431828125 0.5187921875 0.5431828125 0.5187921875 0.63060625 0.5951421875 0.63060625
0 0.899925 0.5050187500000002 0.8384078125000001 0.5050187500000002 0.8384078125000001 0.5850328125000002 0.899925 0.5850328125000002
0 0.8312328125 0.5039953125000002 0.7984 0.5039953125000002 0.7984 0.5857218750000002 0.8312328125 0.5857218750000002
0 0.7885500000000001 0.5039890625000001 0.7241828124999999 0.5039890625 0.7241828124999999 0.5870937500000001 0.7885500000000001 0.5870937500000002
0 0.9008921875 0.5924750000000001 0.7232421875 0.5924750000000001 0.7232421875 0.7235046875000001 0.9008921875 0.7235046875000002
0 0.2796171875000001 0.473415625 0.2393828125000001 0.473415625 0.2393828125000001 0.5370234375 0.2796171875000001 0.5370234375
0 0.6103421875 0.5034734375000001 0.5301578124999999 0.5034734375000001 0.5301578124999999 0.5371203125 0.6103421875 0.5371203125
0 0.523025 0.5034671875 0.47780781250000004 0.5034671875 0.47780781250000004 0.5381828125 0.523025 0.5381828125
0 0.4121671875 0.3945171875000001 0.32750000000000007 0.39451718750000003 0.32750000000000007 0.46360156249999995 0.4121671875 0.46360156249999995
0 0.3236500000000001 0.3946578125 0.2400500000000001 0.3946578125 0.2400500000000001 0.46327968750000004 0.3236500000000001 0.46327968750000004
0 0.5945017309204463 0.42948075280571124 0.07133985568929173 0.4277708486734307 0.0701636567628465 0.787640401818082 0.5933255319940012 0.7893503059503626
0 0.41030293427420805 0.5360918797011145 0.4102512119505685 0.47022099785314164 0.28648436731025856 0.47031818053257046 0.2865360896338981 0.5361890623805433
0 0.9004021455875248 0.25956138248220717 0.42310941044932243 0.2589544667154173 0.42280596370842344 0.4975920715654869 0.900098698846626 0.49819898733227674
0 0.7144984375000001 0.6311500000000001 0.7142156250000001 0.5040484375000001 0.6039099211266793 0.504293877691789 0.6041927336266792 0.631395440191789
0 0.6616 0.5294 0.6184999999999999 0.5294 0.6184999999999999 0.5501359375 0.6616 0.5501359375
0 0.661 0.503975 0.6200671875 0.503975 0.6200671875 0.5237046875 0.661 0.5237046875
0 0.5239187500000001 0.3970000000000001 0.42211718750000005 0.39660000000000006 0.42155844547250576 0.5388020285833495 0.5233600079725058 0.5392020285833495
0 0.7125000000000001 0.6400390625 0.6053671875 0.6400390625 0.6053671875000001 0.8107859375 0.7125000000000001 0.8107859375
0 0.8934578125 0.7315203125000002 0.7281078125000001 0.7315203125000002 0.7281078125000001 0.7848453125000001 0.8934578125 0.7848453125000001
0 0.5893921875000002 0.7324296875 0.5232750000000002 0.7324296875 0.5232750000000002 0.78605 0.5893921875000002 0.78605
0 0.8971093750000001 0.20173281250000014 0.45920894986254296 0.2006474252548638 0.4589731592794907 0.29577734043000203 0.8968735844169478 0.29686272767513844