0 1.007337819011776 0.3352565399766817 0.9679255494472404 0.1122496536168662 0.7033127304354643 0.1590149886401845 0.742725 0.38202187500000007
0 0.7126507324577902 0.2549915679845564 0.6965843749999999 0.16223906249999998 0.6024523925422096 0.17854436951544353 0.61851875 0.27129687499999994
0 0.617353125 0.3075140625 0.596296875 0.1801859375 0.5464529143307184 0.1884286324807245 0.5675091643307184 0.3157567574807245
0 0.5535606872017165 0.2628569738776113 0.5407088450599072 0.1900047993288903 0.48591875000000007 0.19967031250000003 0.4987705921418093 0.27252248704872106
0 0.5012015625 0.32328906249999995 0.47971836854592365 0.20092732175326106 0.33828711854592364 0.22575857175326103 0.35977031249999997 0.3481203125
0 0.1193957306963658 0.6594734709058226 0.010171975136751794 0.6594637112326625 0.010157768792966333 0.8184516399835104 0.11938152435258034 0.8184613996566708
0 0.06350781250000008 0.6275171875 0.010592187500000077 0.6275171875 0.010592187500000079 0.6552171875 0.0635078125000001 0.6552171875
0 0.118974199249591 0.6550534060703422 0.1182715246801457 0.5241691223707038 0.009521652108376069 0.5247529645840436 0.01022432667782137 0.6556372482836821
0 0.28656406250000005 0.698578125 0.2862001427504486 0.5646117358160263 0.10618683116019478 0.565100742048626 0.10655075090974624 0.6990671312325998
0 0.68788125 0.2802875000000001 0.2813375000000001 0.2802875 0.28133750000000013 0.719353125 0.68788125 0.719353125
0 0.2866703125 0.5589125 0.28593254311106064 0.433912274913922 0.12202788290889496 0.43487966389996907 0.12276565229783436 0.5598798889860471
0 0.7310907928434046 0.3562516988186218 0.713370751195723 0.2604649403390205 0.5627551251747588 0.28832803131574986 0.5804751668224404 0.3841147897953511