0 0.8433151769516698 0.8442134224625848 0.8389186671875002 0.5474489843750001 0.7009151542983305 0.5494934806624154 0.7053116640625001 0.8462579187499999
0 0.8375816433933077 0.5368358203945272 0.8358756484375001 0.4216811734375 0.7616017206691923 0.4227815280429727 0.763307715625 0.5379361749999999
0 0.6996891645882266 0.846635816860427 0.6967148515625 0.6458696562499999 0.5896599182242734 0.6474556550145728 0.5926342312499999 0.8482218156249999
0 0.7544269250712684 0.5383314578746379 0.7514967140625001 0.3405422296875 0.6422239296162316 0.34216108587536215 0.645154140625 0.5399503140624999
0 0.8353562692097078 0.4119718873913539 0.8335427593750001 0.28955994843750005 0.7604151354777922 0.2906433204211461 0.7622286453125 0.413055259375
0 0.8345308109375 6.1930127343006e-17 0.176864921875 2.1659706045566546e-17 0.17686492187500005 0.6334218171875 0.8345308109375 0.6334218171875001
0 0.580726093173288 0.5415296613134127 0.578128953125 0.36622262812500006 0.506606156826712 0.36728222462408733 0.509203296875 0.5425892578125
0 0.586703669569933 0.8503502883996982 0.58228864375 0.5523359921875 0.399999542930067 0.5550365709753018 0.4044145687499999 0.8530508671874999
0 0.39639019409592613 0.8546117264158515 0.3927788484375 0.6108459203125 0.31740180746657376 0.6119626173341486 0.32101315312499995 0.8557284234374999
0 0.3927501126487264 0.6008305647908705 0.3893448625 0.370976153125 0.3143399576637736 0.3720873367716295 0.31774520781249993 0.6019417484374999
0 0.31157461510450557 0.8579570750727321 0.3064052296875 0.5090235515625 0.007606669270494406 0.5134501968022678 0.012776054687499996 0.8623837203124998