0 0.8907670871295249 0.3996349613547511 0.7437769210184013 0.39946237016166547 0.7435158935571184 0.6217707580208108 0.8905060596682419 0.6219433492138964
0 0.8914700147857412 0.7328664858412144 0.8901546874999999 0.6294906250000001 0.8156815477142588 0.6304382016587857 0.8169968750000001 0.7338140625000001
0 0.8420263826326329 0.6302215680014236 0.742675 0.6297250000000002 0.742162199426004 0.7323241322341878 0.8415135820586368 0.7328207002356112
0 0.7373921875 0.6970500000000002 0.669175 0.6970500000000001 0.6691750000000001 0.7328500000000001 0.7373921875000001 0.7328500000000002
0 0.2674750000000001 0.3996625 0.06929218750000005 0.3996625 0.06929218750000007 0.7344375000000001 0.2674750000000001 0.7344375000000001
0 0.40984999999999994 0.4007875 0.37235000000000007 0.4007875 0.37235000000000007 0.5019125 0.40984999999999994 0.5019125
0 0.41015664988191675 0.40163703647261545 0.2746710752825347 0.40115000835866094 0.2738711243006495 0.6236870967251495 0.40935669890003146 0.6241741248391041
0 0.3213250000000001 0.6956625 0.2729750000000001 0.6956625 0.2729750000000001 0.7352375 0.3213250000000001 0.7352375
0 0.3809921875000001 0.69685 0.32564218750000007 0.69685 0.32564218750000007 0.7342500000000001 0.3809921875000001 0.7342500000000001
0 0.4323500000000001 0.6959500000000001 0.3870171875000001 0.6959500000000001 0.3870171875000001 0.73395 0.4323500000000002 0.73395
0 0.7373052102820264 0.40019705362189006 0.2736457812292171 0.3995583523166091 0.2732453125000001 0.690275 0.7369047415528095 0.690913701305281
0 0.5120421875000001 0.6955250000000001 0.4377578125 0.6955250000000001 0.4377578125000001 0.734325 0.5120421875000002 0.734325