0 0.6179138256911572 0.17056216440906066 0.32099841875 0.16155869531250006 0.3133283200675162 0.41450236037805643 0.6102437270086734 0.4235058294746171
0 0.8564570747474459 0.17415626170392234 0.14393293658978923 0.16887830558554734 0.1388490446548432 0.8552037766941251 0.8513731828124997 0.8604817328125
0 0.6135407818482242 0.3200200881142784 0.5674645703125 0.3196787828125001 0.5666934056517758 0.4237860025107218 0.6127696171875001 0.42412730781250013
0 0.23812403109553587 0.508658195472562 0.14111715000000008 0.5050653484375001 0.13881766421696423 0.567151471714938 0.23582454531250002 0.57074431875
0 0.4820631550304899 0.5163621044138543 0.34225581875000005 0.5111840546875001 0.34001721996951023 0.5716262190236459 0.47982455625 0.5768042687500001
0 0.12891543869351313 0.3615677970645308 0.0043050468750000445 0.36064475781250005 0.0029099722439869984 0.5489799732479693 0.12752036406250009 0.5499030125000001
0 0.12821553874092065 0.5560734386585999 0.0017250734375000674 0.555136471875 0.00030530344657953565 0.7468053441539 0.12679576875000012 0.7477423109374999
0 0.13036239760249635 0.7591215592613448 9.992007221626409e-17 0.7542933234375001 -0.0036036413698496026 0.8515916630821986 0.12675875623264665 0.8564198989060434
0 0.48870563220618396 0.5142136130494546 0.1445105606471246 0.5042381070935712 0.13422568156594075 0.8591077956066167 0.47842075312500015 0.8690833015625001
0 0.31496646365043646 0.1603025385302575 0.0028405765625000184 0.14820175781250003 -0.0069356542754363745 0.4003685224072425 0.3051902328125001 0.4124693031250001
0 0.8697443978417011 0.03221275488462539 0.612686440625 0.022692090625000078 0.6078838630957989 0.1523616951153748 0.8649418203125 0.16188235937500012