0 0.9980926575462256 0.4375451562545226 0.7239955468750001 0.4334844593750001 0.7224828112037744 0.5355941437454776 0.9965799218750002 0.5396548406250001
0 1.001228558359315 0.548721616726288 0.8345082515625002 0.5462516859375002 0.8332796932031853 0.6291793645237123 1.0000000000000002 0.6316492953125001
0 0.8258715418922711 0.5694450344876396 0.608073740625 0.5662184000000001 0.606500019045229 0.6724445936373604 0.8242978203125 0.675671228125
0 1.0022102481085216 0.6406590616000516 0.8413956531250001 0.6382766234375 0.8391854050162779 0.7874683884135074 0.9999999999997993 0.789850826576059
0 0.8293514953125 0.7868600343749999 0.8238123753206775 0.6800341615898342 0.7338166374999999 0.6847006078125 0.7393557574918224 0.7915264805976657
0 1.002985789239803 0.7984592151622164 0.6187588187500002 0.7927669640625 0.6157418176232559 0.996414551385391 0.9999687881130587 1.0021068024851074
0 0.6542325234374999 0.2802480046875 0.6492857354226305 0.18484565343757497 0.58771096875 0.18803841875000002 0.5926577567648693 0.28344076999992507
0 0.6573000168898352 0.2887804936260569 0.5928851500000001 0.28782620000000003 0.592096172172665 0.3410822423114433 0.6565110390625001 0.34203653593750016
0 0.9927086185381826 0.19488883762785453 0.5984264630746463 0.19027472595729356 0.5956940507864636 0.42376309457943906 0.98997620625 0.4283772062500001
0 0.7278175041847398 0.6845121302481513 0.6129368703125001 0.6828101953125 0.6114518551902605 0.7830487385018489 0.7263324890625001 0.7847506734375003
0 0.7169453039573317 0.43334145444563194 0.60211573125 0.4316402765625 0.6009123007301682 0.5128718830543681 0.7157418734375 0.5145730609375001
0 0.7169754856142886 0.5232936499489136 0.6045793015625 0.5216285218750001 0.6040800690732115 0.5553267266135865 0.7164762531250001 0.5569918546875001
0 0.6082886390625 0.8309537562500001 0.5721302198630971 0.1527195610267699 0.041460771875 0.181010921875 0.07761919107440292 0.85924511709823