0 1.0052219325863783 0.6248155953442365 0.9999999999425319 0.5073221174569652 0.8000468361061536 0.5162089252377288 0.8052687687500001 0.633702403125
0 0.7946898282403698 0.6028237633301934 0.790888075 0.517284309375 0.6907909655096302 0.5217330694823067 0.69459271875 0.6072725234375
0 0.44804560049328457 0.6325730009005652 0.44360779531250005 0.532722371875 0.2705671717279289 0.5404130652970032 0.2750049769087134 0.6402636943225685
0 0.8730872749999998 0.7733822078125001 0.8618961245596723 0.5150030566864988 0.2712616136221726 0.5405851504364988 0.28245276406250003 0.7989643015625001
0 0.5170106671654727 0.6462160883717951 0.5140999125000001 0.5807241 0.42223382658452735 0.5848070366282049 0.42514458125 0.650299025
0 0.682460586851799 0.6081179746500025 0.6787341093750001 0.524272221875 0.5820566178357011 0.5285689987874976 0.5857830953125001 0.6124147515625001
0 0.9017200773623996 0.5055008902801641 0.8979775390625001 0.42129376875 0.6956048085751005 0.4302881112823358 0.699347346875 0.5144952328124999
0 1.0073897636276852 0.5008044597987467 0.9999999999749045 0.334534783810352 0.9087937316597191 0.33858839588660555 0.9161834953124999 0.5048580718750001
0 0.9062971824334592 0.5078644229308977 0.8861756749999999 0.042021846875000005 0.3609540005695709 0.06470816274535883 0.38107550800303003 0.5305507388012565
0 0.6866583478351704 0.5166175133320755 0.6847088343750001 0.46398066875 0.6497583818523296 0.4652751304179244 0.6517078953125 0.5179119749999999
0 0.5158717801638046 0.574779290043278 0.513878440625 0.5299291656249999 0.44902142608619544 0.5328117005817221 0.451014765625 0.5776618250000001