0 0.6642346953125 0.9031032265625001 0.6640565186728095 0.7513635230329486 0.4280176440834551 0.7516406859147284 0.42819582072314566 0.90338038944428
0 0.7775765234375001 0.9040806453125002 0.7765089968750001 0.8272225812500003 0.6704032217481349 0.8286963463618884 0.6714707483106349 0.9055544104243884
0 0.7735013269511215 0.8519463430512714 0.7715244167784455 0.7484803462790256 0.665652471875 0.7505032265625001 0.667629382047676 0.8539692233347458
0 0.7718617203125001 0.7450500000000001 0.7686591904851344 0.6729930588983689 0.7317772046875 0.6746322578124999 0.7349797345148656 0.7466891989141311
0 0.75194150625 0.05539838750000007 0.397275053125 0.05539838750000005 0.397275053125 0.2599741937500001 0.75194150625 0.2599741937500001
0 0.5184475984375 0.3682322578125001 0.412340071875 0.3682322578125001 0.412340071875 0.4069419359375 0.5184475984375 0.4069419359375
0 0.6413967932143885 0.4063289096103637 0.6407519228721694 0.26633201871769757 0.4089005734375 0.26739999999999997 0.40954544377971913 0.40739689089266606
0 0.7552378500000001 0.31556129062500005 0.7529391067342309 0.26383956471634995 0.7121680296875 0.2656516125 0.7144667729532692 0.3173733384086502
0 0.7569559140624998 0.3771532265625 0.7543404500673725 0.31830528264880564 0.7158101078125 0.32001774218749995 0.7184255718076273 0.3788656861011943
0 0.7590024359375 0.4301677421875 0.7568453212809126 0.3816326494495108 0.7176968453125 0.38337258125 0.7198539599690874 0.4319076739879891
0 0.726249175 0.74455 0.706529949002593 0.26375601409668736 0.4076525399814869 0.27601413575961475 0.42737176597889387 0.7568081216629274
0 0.7630456624999999 0.5124306453125002 0.7595586760714657 0.4339734378808723 0.719586021875 0.43574999999999997 0.7230730083035344 0.5142072074316278