0 0.6889960941377239 0.1924875061433586 0.41686875 0.19236250000000005 0.4167613979250418 0.42605849494230175 0.6888887420627656 0.42618350108566033
0 0.8532048963018891 0.19524696119329096 0.19541875 0.19297187500000001 0.19324905442952395 0.8202868717506547 0.851035200731413 0.8225619579439456
0 0.4607671875 0.3315031250000001 0.4183 0.3315031250000001 0.4183 0.42621875 0.4607671875 0.42621875
0 0.8524328125 0.5169125000000002 0.7647 0.5169125000000002 0.7647 0.5742109375000002 0.8524328125 0.5742109375000002
0 0.6670171875 0.5156859375 0.5397828125 0.5156859375 0.5397828125 0.5714671874999999 0.6670171875 0.5714671874999999
0 0.9795078125 0.38848125000000006 0.8646578125 0.38848125000000006 0.8646578125 0.5587000000000002 0.9795078125 0.5587000000000002
0 0.9805578125000001 0.5678171875000002 0.8639749999999999 0.5678171875000002 0.8639749999999999 0.7410578125000001 0.9805578125000001 0.7410578125000001
0 0.9826328125 0.7514234375000002 0.8632671875 0.7514234375000002 0.8632671875 0.84121875 0.9826328125 0.84121875
0 0.853471875 0.5146484375000001 0.53908125 0.5146484375 0.5390812500000001 0.8412171875000001 0.853471875 0.8412171875000001
0 0.9830607090373376 0.42506211427538815 0.9823064352570954 0.19231408342418205 0.700740625 0.1932265625 0.7014948987802421 0.42597459335120613
0 0.4211171875 0.021218750000000036 0.18768281250000002 0.021218750000000022 0.18768281250000002 0.17592031250000004 0.4211171875 0.17592031250000004