0 0.8822472592212331 0.5138877378218958 0.741365625 0.5114453125 0.7369449282787667 0.7664356996781043 0.8778265624999999 0.768878125
0 0.8851265625000003 0.1415343750000001 0.7452091030121754 0.13990589783323498 0.7422309780121754 0.395784022833235 0.8821484375000004 0.3974125000000001
0 0.7385781250000001 0.1424500000000001 0.5174465277479343 0.14017715626490262 0.5148434027479343 0.3934427812649026 0.735975 0.39571562500000007
0 0.883784375 0.4068421875 0.7872262111917105 0.40560159139442165 0.7859656249999999 0.5037156250000001 0.8825237888082894 0.5049562211055785
0 0.7341773917066439 0.4055880484284443 0.4682210691380875 0.403786368934915 0.46576430157518295 0.7664440274043953 0.7317206241437393 0.7682457068979247
0 0.5120984375000001 0.13810156250000005 0.35312537927310533 0.1359102518366932 0.3495863167731053 0.3926586893366933 0.5085593750000001 0.39485000000000015
0 0.46295000000000003 0.40463750000000004 0.39832440197055197 0.40344518734821183 0.3956775269705519 0.5469108123482118 0.460303125 0.548103125
0 0.390913686055056 0.3381556216134955 0.2807417437539825 0.33711343380409897 0.27878288768488946 0.5441883735361144 0.388954829985963 0.5452305613455108
0 0.39040263937925784 0.5027196992111113 0.34741406250000006 0.501596875 0.3462722748008317 0.5453114901639495 0.38926085168008956 0.5464343143750606
0 0.7809680722061916 0.40584529967720534 0.742090625 0.4053218750000001 0.7407649924496912 0.5037834335276041 0.7796424396558829 0.5043068582048094
0 0.34776875000000007 0.13685312500000008 0.28287092489898447 0.136243297167826 0.2810662373989844 0.32829798466782595 0.3459640625 0.3289078125
0 0.5388674877010355 0.5563333094215314 0.2740248710878227 0.5561384242454147 0.27371406250000013 0.9785171874999999 0.5385566791132128 0.9787120726761167
0 0.2206532837668534 0.5447753130256715 0.2200092901077333 0.33585592205571635 0.10808725634087987 0.3362009215300449 0.10873124999999999 0.5451203125