0 0.4757952328125 0.6758208328124999 0.3686404070910544 0.6718521353869067 0.3580039421875001 0.9590366749999999 0.46515876790894567 0.963005372425593
0 0.5683965218750002 0.7837265015625 0.481371465121879 0.7805033512246914 0.4747992374999999 0.9579534921875 0.5618242942531211 0.9611766425253085
0 0.6262804046875 0.5434563062500001 0.5148056757508634 0.5393276131684641 0.5063612375 0.767327478125 0.6178359664366365 0.771456171206536
0 0.7346604109375001 0.7822545781250001 0.5780972215444982 0.7764559421795891 0.5715103859374999 0.9543005250000001 0.7280735753305019 0.9600991609454109
0 0.7405629526291173 0.7613752997311216 0.73845720625 0.6666167406249999 0.6269065161208827 0.6690956455813782 0.6290122625000001 0.7638542046874999
0 0.9668268265625002 0.5347729718750001 0.7531172069647912 0.5268578008688782 0.7373945203124999 0.9513703453125002 0.9511041399102089 0.959285516318622
0 0.2146187342142909 0.6166782538355429 0.21317799062499998 0.5518447828124999 0.11341223453570907 0.554061799289457 0.11485297812499999 0.6188952703124999
0 0.27811211250000006 0.5504018015625001 0.22222473856146086 0.5483318984699934 0.21973360781250012 0.6155924171875 0.27562098175103933 0.6176623202800066
0 0.36496934375000023 0.5440293546875 0.12006784588126021 0.5343084992551542 0.1029510765625001 0.9655382890625 0.34785257443124007 0.975259144494846
0 0.7425477359375001 0.5396303671875 0.6373565016735574 0.5357343949054818 0.6329152281250001 0.6556487609375001 0.738106462388943 0.6595447332195183
0 0.45853966562500015 0.5482556296875001 0.37329448199425547 0.5450984004924825 0.36884966250000006 0.6651085203125 0.45409484613074474 0.6682657495075176
0 0.5032166546875001 0.5449488359375 0.4678534551867096 0.5436390879139408 0.46348949062499994 0.6614661406250001 0.4988526901257904 0.6627758886485593
0 0.8150007015625 5.840617604066715e-17 0.11752733906250001 1.5698249996858832e-17 0.11752733906250004 0.5395784921875 0.8150007015625 0.5395784921875001