0 0.22973953281250004 0.821330940625 0.22334464182843522 0.6486689170002974 0.12946143593749998 0.6521460734374999 0.13585632692156477 0.8248080970622025
0 0.7949175265624999 0.9613099906250001 0.7847430328561459 0.6312983484247923 0.1298930417332315 0.6514878395253637 0.14006753543958547 0.9814994817255716
0 0.7628090874999999 0.10083768593750005 0.7596895655673574 -0.00444619471713188 0.609630471875 -2.7755575615628915e-18 0.6127499938076425 0.10528388065463193
0 0.6854972640625 0.1776929625 0.6835576261048868 0.11223015584092841 0.6131230750000001 0.1143171046875 0.6150627129576133 0.1797799113465716
0 0.7654975187499999 0.17551523437500002 0.7635519215877774 0.10985135398476631 0.6931158843749999 0.11193834843749997 0.6950614815372226 0.1776022288277337
0 0.2592824234375 0.1904591578125 0.2525282734559477 0.008097095737170639 0.10862097500000001 0.013426995312499999 0.11537512498155233 0.19578905738782934
0 0.605627275 0.18050842500000003 0.5999808253930408 -0.01005924218911625 0.2604814140625 0 0.26612786366945923 0.19056766718911627
0 0.24277465937499998 0.3281622625 0.23911322268146112 0.2045887798591 0.11262498437499997 0.20833657968750002 0.11628642106853879 0.33191006232840004
0 0.37584599687500003 0.3237790625 0.3712202780694879 0.19888463743777596 0.24848243593749997 0.20343048281249992 0.2531081547430122 0.328324907874724
0 0.4516830218750001 0.3201920828125 0.44700780378584926 0.19396119754248475 0.3814364250000001 0.1963897671875 0.38611164308915086 0.3226206524575153
0 0.7820982562500001 0.6229456406249999 0.7657915425955133 0.18266435781789453 0.456551546875 0.194117690625 0.47285826052948676 0.6343989734321054
0 0.46175735156249986 0.6324647437500002 0.45280663042004343 0.330377895998829 0.11684116093750001 0.3403324281249999 0.1257918820799565 0.642419275876171