0 0.5103775175765148 0.10282509142504374 0.23468653906250006 0.08923399687500003 0.22730514648598513 0.23896316951245633 0.502996125 0.2525542640625001
0 0.9052578003501586 0.1261198320019213 0.6297703343750001 0.1109668875000001 0.6215954560521425 0.25958991674251786 0.8970829220273009 0.2747428612444391
0 0.8953790518340918 0.27559062045157356 0.6258187515625001 0.26648748593750005 0.6177291669159086 0.5060347389234268 0.8872894671875002 0.5151378734375002
0 0.6221482576461026 0.10866934794331277 0.5157260359375 0.10366367656250006 0.5109107423538973 0.2060384036191874 0.6173329640625 0.21104407500000014
0 0.6214270944207532 0.26806858336326284 0.23102867031250002 0.24469258124999999 0.21412100339509563 0.5270644978814107 0.6045194275033487 0.5504404999946735
0 0.8950031067927846 0.5229721309492701 0.6177845453125002 0.5083196015625001 0.6088572978947157 0.6772186784257301 0.8860758593750001 0.6918712078125001
0 0.6055833640625001 0.5561142859375 0.45295755000000015 0.5487601328125 0.4496477042982951 0.6174516444056868 0.602273518360795 0.6248057975306868
0 0.67658487735123 0.6375903196629775 0.45468382994108864 0.6249004698834663 0.4479928244648588 0.7419027314704886 0.669893871875 0.75459258125
0 0.49846833193293716 0.6249180097189877 0.45193435399314613 0.6244108375647366 0.4514204329977091 0.6715640340957489 0.49795441093750015 0.67207120625
0 0.618043319444731 0.21800136435301573 0.5126896140625001 0.2123990031250001 0.5104932243052691 0.2537026231469844 0.6158469296875001 0.25930498437500005
0 0.8871839363020417 0.697628196917 0.6814870187500002 0.6858520484375001 0.6775412988224693 0.754772920828815 0.8832382163745107 0.7665490693083148
0 0.4533318787958328 0.4630288305985787 5.551115123125783e-17 0.4369055343750001 -0.016136111608332688 0.7169243240889214 0.4371957671875001 0.7430476203125
0 0.670040049836034 0.8177237178113954 0.44773204541957734 0.8072401576284381 0.4421151533960434 0.9263485554420429 0.6644231578125002 0.9368321156250001