0 0.3927804478835698 0.24001386071569325 0.3425729541074499 -0.030862874024293933 0.11223447341138008 0.01183078088501282 0.1624419671875 0.28270751562499996
0 0.27904405991360337 0.3679143044068564 0.26035991406250003 0.27017172812499995 0.1647228682113966 0.28845338778064356 0.18340701406249998 0.3861959640625
0 0.32610806106434354 0.41676867452633937 0.3159951046874999 0.3660431703125 0.18477521862315643 0.39220399422366065 0.194888175 0.44292949843750007
0 0.28127910066583417 0.49146827286353967 0.27064503906250004 0.4339949984375 0.1953981758966659 0.4479176396364603 0.20603223750000002 0.5053909140624999
0 0.36023792104333696 0.6322378569420979 0.33311189687500004 0.4849548640625 0.20672985084722403 0.5082314309489149 0.23385587501556096 0.6555144238285128
0 0.8494348494198587 0.9688137991084167 0.8453657757351266 0.8589487990220344 0.679799415377768 0.8650808858511179 0.6838684890625 0.9749458859375002
0 0.6783766848511975 0.9759939631805047 0.677981659375 0.92266559375 0.6494737963988023 0.9228767633819952 0.649868821875 0.9762051328124999
0 0.6801900671217079 0.97508212388184 0.6761439522511082 0.8658370240865825 0.5400698304419003 0.8708768064547426 0.5441159453125 0.9801219062500002
0 0.7219819606033029 0.8791262597469183 0.7208973328125001 0.6915019062500001 0.5830747643924338 0.692298637511812 0.5841593921832365 0.8799229910087302
0 0.7546907278039382 0.6956295866438357 0.7392147921875 0.27777932499999997 0.2834401938099315 0.2946598656806505 0.29891612942636975 0.7125101273244863
0 0.5794385038841571 0.8656828195044026 0.5771891265625 0.6967150765625 0.44852643610569964 0.6984278942460292 0.45077581342735673 0.8673956371879319
0 0.39544787360299605 0.40289761271152846 0.36569080625000006 0.24929647500000002 0.2667414073865601 0.26846588982586983 0.29649847473955615 0.42206702753739833