0 0.16690784375000003 0.32033413125 0.14494142906424023 -0.009162079393256323 0.0075102421875 0 0.029476656873259788 0.32949621064325635
0 0.4929049015625001 0.5986510406250001 0.4909199346349583 0.3306805303922049 0.19016241718750002 0.3329083640625 0.19214738411504179 0.6008788742952952
0 0.18002233124999997 0.42305898124999997 0.17933971553432387 0.3309058045965779 0.029989325 0.33201210312499996 0.03067194071567612 0.424165279778422
0 0.1944656859375 0.601577740625 0.19239462895118067 0.43205382391974334 0.03966116550169076 0.43391975359308715 0.041732222488010076 0.6034436702983438
0 0.172683115625 0.738327753125 0.16404733330615123 0.6087910282366564 0.04924411718749998 0.6164445765624998 0.05787989950634877 0.7459813014508434
0 0.49827636093749994 0.6509246562500001 0.49797102251442266 0.6097039554295172 0.37334161250000003 0.6106271359375 0.3736469509230773 0.6518478367579827
0 0.5633868203125002 0.650677765625 0.5588585794767519 0.5827541629284897 0.5046982578124999 0.5863648515625001 0.5092264986482482 0.6542884542590104
0 0.5305013078124999 0.9933469140625 0.5134586274399281 0.7377067004207393 0.384466340625 0.7463061859375 0.40150902099757185 1.0019463995792608
0 0.3875672109375 0.993874378125 0.3857411136166461 0.7473511855479429 0.058793137499999995 0.7497730218750001 0.06061923482085391 0.9962962144520571
0 0.2651823515625 0.7378518265625 0.25642221478880833 0.6064497604019483 0.1813282140625 0.6114560265625 0.1900883508361916 0.7428580927230517
0 0.841698584375 0.9911578187500002 0.8032621157970457 0.31052648132278077 0.2534559041022873 0.3415750211382567 0.2918923726802415 1.0222063585654761
0 0.9936101296875002 0.9768119703125 0.9504500599197344 0.3294109127217667 0.8154813734375 0.3384088250000001 0.8586414432052658 0.9858098825907333
0 0.7984495640625 0.3111816140625001 0.795639603736236 -0.005669568359186994 0.1563389625 0 0.15914892282626406 0.31685118242168714