0 0.8925690578125 0.1943070796875001 0.7499188934499748 0.19391488166798074 0.749183825 0.46127379218750014 0.8918339893625253 0.4616659902070195
0 0.8893871656250003 0.5707990515625002 0.7477814268146132 0.5696016933256861 0.7455217885592036 0.8368381266364882 0.8871275273695906 0.8380354848733023
0 0.7422972298392263 0.8450366682482722 0.741371578125 0.5788616390625 0.5156409451607736 0.5796466411267279 0.516566596875 0.8458216703125
0 0.8912858187500001 0.46204412812500006 0.7937554000885786 0.4619951726615136 0.79370289375 0.5665997421875002 0.8912333124114215 0.5666486976509867
0 0.7446272156250001 0.20264557031250008 0.4755699732676818 0.1990653951888633 0.470499082403367 0.5801528741894809 0.7395563247606853 0.5837330493131176
0 0.5111275203125001 0.589607184375 0.35020806290543527 0.5885908028960891 0.3485058484375001 0.8580953484375 0.5094253058445649 0.8591117299164109
0 0.465392546875 0.4362967640625001 0.3999496243205908 0.4361886467580156 0.39970694330254697 0.5830823854151701 0.4651498658569563 0.5831905027196547
0 0.3930722311811737 0.4453114860808218 0.2815922423570188 0.44412550224764863 0.27931955 0.6577538093750002 0.3907995388241549 0.6589397932081733
0 0.39646653510663904 0.48516040333528654 0.39342488290685 0.44107283714376005 0.34712021967521095 0.4442674494334735 0.350161871875 0.488355015625
0 0.7877849390625001 0.46742106250000004 0.7484305221321862 0.4671610247874981 0.7477585671875 0.5688554859375001 0.7871129841178139 0.5691155236500021
0 0.3451801093750001 0.6635294765624999 0.27951236803891666 0.6628276047718927 0.2773937713518696 0.8610453720369394 0.34306151268795304 0.8617472438275466
0 0.551664165625 6.800116025829084e-17 0.2848545739183392 -0.002950131520763374 0.27999997656250003 0.43609915468750005 0.5468095682691609 0.43904928620826345
0 0.21944504218750005 0.45226412343750005 0.10597226973271408 0.4521931401272801 0.10583826875000006 0.6664049453125 0.219311041204786 0.66647592862272