0 0.8290805827415209 0.1502337235222789 0.5432707015624999 0.12624628906250004 0.5308389464935552 0.2743704431924252 0.8166488276725762 0.29835787765220406
0 0.4308449197657976 0.11897539646427475 0.14502526093749998 0.09660764218750002 0.1335006317967024 0.24387166916072536 0.4193202906250001 0.26623942343750007
0 0.4501438073484446 0.2752402275543098 0.15407715000000005 0.2524715390625 0.1361738754640555 0.4852720646331902 0.4322405328125001 0.5080407531250001
0 0.544218705744558 0.12692632928914976 0.427154065625 0.11683820468750003 0.41843192421977393 0.21805169926583917 0.5354965643393319 0.22813982386748893
0 0.8434513556953098 0.3058549149535711 0.43591507343749986 0.2759355484375 0.41534627208390706 0.5561063478305954 0.822882554341717 0.5860257143466665
0 0.45440745606815414 0.51645162593362 0.16193889531250005 0.4929390906249999 0.14849275056240518 0.660193474346465 0.4409613113180593 0.6837060096550851
0 0.6061544754768529 0.5775285269851609 0.4480086625000001 0.5640806203125001 0.4422318979520529 0.6320146971951294 0.6003777109289057 0.6454626038677902
0 0.6149304815869134 0.6537287963048886 0.38702055930316953 0.6363873587242851 0.37819400352860233 0.7523904081407169 0.6061039258123463 0.7697318457213205
0 0.6078313117712422 0.6528956697979706 0.5562904390625001 0.64851495 0.5524523226037579 0.6936718833270293 0.6039931953125 0.6980526031250001
0 0.5412780679748728 0.23484333557934675 0.4340543 0.226257475 0.43077885726977216 0.2671625547034553 0.538002625244645 0.27574841528280203
0 0.3819642978804384 0.6836932058172118 0.16967030937500005 0.6675532656249998 0.16447516305706175 0.735886748870288 0.3767691515625001 0.7520266890625
0 1.0179902591666825 0.5214229653396216 0.605131709375 0.49484031093750014 0.587141450208318 0.774249289347879 1.0000000000000002 0.8008319437500002
0 0.6267119471894883 0.8364260786480544 0.3974982323959848 0.8167011838979914 0.38736432644173474 0.9344625336326562 0.6165780412352383 0.9541874283827194