0 0.32401029645152307 0.7449585324521735 0.07972855468750009 0.6958434703124999 0.021923253776084305 0.9833475265972588 0.26620499554010724 1.0324625887369323
0 0.20504149338546213 0.6074593569853185 0.10362066718750004 0.5864736687500001 0.08210105505203805 0.6904748727021816 0.1835218812500001 0.7114605609375
0 0.2560068743697106 0.5574612820152435 0.11670572656250003 0.5265156250000002 0.10481333813028955 0.5800489320472566 0.2441144859375001 0.6109945890625
0 0.20932490971141138 0.4764875774211975 0.12952282812500004 0.46046886562499995 0.1172181684135887 0.5217682678913025 0.19702025000000004 0.5377869796875001
0 0.29546572248502984 0.32854323896912285 0.1614318315680103 0.30175349346991615 0.13012826220798052 0.45837085293829344 0.2641621531250001 0.48516059843750003
0 0.8170903938005571 0.04842017226256381 0.6422712624999999 0.03806051875000008 0.6392026752409062 0.089842922312448 0.8140218065414635 0.10020257582501173
0 0.6370305687500001 0.037749959375000065 0.4942859328125001 0.02929101875000007 0.49125629510437624 0.08041615969147153 0.6340009310418762 0.08887510031647153
0 0.6833566179705282 0.07530529125416437 0.5369771440452349 0.07229074747817169 0.5328639463872066 0.2720183859115074 0.6792434203125 0.27503292968750004
0 0.7184468451649129 0.27164038709615607 0.23362156433311448 0.24290999590189624 0.2073675910432017 0.6859457306807403 0.692192871875 0.7146761218750001
0 0.5317583739034835 0.08649329422257489 0.3951151430299521 0.08264894570942297 0.39006177537646886 0.2622654608618481 0.52670500625 0.26610980937500006
0 0.32917265447264177 0.573272052311234 0.2242416950319015 0.5512875750741353 0.1901258093092599 0.7141212227629012 0.29505676875000014 0.7361057