0 0.9834828124999999 0.021240625000000103 0.66765 0.021240625000000082 0.66765 0.1531781250000001 0.9834828124999999 0.15317812500000014
0 0.6554671875 0.17460312500000005 0.3993328125 0.17460312500000003 0.3993328125000001 0.447025 0.6554671875 0.447025
0 0.6574578125 0.021570312500000077 0.569375 0.02157031250000007 0.569375 0.15916718750000008 0.6574578125 0.15916718750000008
0 0.5606719968664567 0.1607812910554543 0.5599662539075647 0.020578695158117662 0.39794269454110803 0.021394279102663345 0.3986484375 0.161596875
0 0.38546718750000003 0.021850000000000043 0.2681 0.021850000000000033 0.2681 0.13206406250000005 0.38546718750000003 0.13206406250000005
0 0.3887328125 0.33198593750000005 0.34933281250000003 0.3319859375 0.34933281250000003 0.448828125 0.3887328125000001 0.448828125
0 0.41099218750000005 0.45907968749999994 0.3491078125000001 0.45907968749999994 0.3491078125000001 0.5110750000000001 0.41099218750000005 0.5110750000000001
0 0.25897500000000007 0.33397343749999997 0.02182500000000004 0.33397343749999997 0.021825000000000046 0.45780937499999996 0.25897500000000007 0.45780937499999996
0 0.2579671875 0.022481250000000015 0.0223328125 0.02248125 0.022332812500000018 0.3211625 0.2579671875 0.3211625
0 0.3893 0.14841093750000006 0.26789999999999997 0.14841093750000006 0.26789999999999997 0.22050312500000008 0.3893 0.2205031250000001
0 0.6579730259371726 0.23099616637564827 0.02211995787046458 0.2305044542593612 0.021709431933292046 0.7613723503837131 0.6575624999999999 0.7618640625
0 0.6457828125000001 0.77191875 0.0343500000000001 0.77191875 0.03435000000000011 0.9014921875 0.6457828125000001 0.9014921875
0 0.9895081160503523 0.7552264285062883 0.9854974145231201 0.16240239375903048 0.6679158609727678 0.16455096525274227 0.6719265624999999 0.757375