0 0.9082132946195023 0.04617449304320974 0.12048536093750002 0.02929849375000001 0.11036381268152182 0.5017461488380444 0.8980917463635241 0.5186221481312541
0 0.3251969404431402 0.4226344800399292 0.12181488906250004 0.4181148781249999 0.11999051580685989 0.5002116605850708 0.32337256718750007 0.5047312625000001
0 0.48205054877841097 0.4252422926434911 0.33290160625000004 0.4219278718750001 0.3310181762215892 0.5066822276690089 0.48016711875 0.5099966484375
0 0.3912992999466997 0.5148003523781719 0.1578393734375001 0.5096123546875 0.15357352036580046 0.7015757679343282 0.38703344687500013 0.7067637656250001
0 0.5445959348468137 0.6526831089936047 0.3923390453125001 0.6492996234375001 0.39104701515318646 0.7074409956938954 0.5433039046875001 0.71082448125
0 0.8031687443319466 0.5242139808884717 0.6155667296875001 0.5200450484375001 0.6123941306680537 0.6628120456740286 0.7999961453125002 0.6669809781250002
0 0.5426177765625 0.6465655734375 0.5420784279749301 0.573753485263793 0.48018692968749993 0.5742119406249999 0.48072627827506975 0.6470240287987069
0 0.8016799020170721 0.6734546251195864 0.6150455250000001 0.6693071937500001 0.6140779511079278 0.7128480108179138 0.8007123281249997 0.7169954421875001
0 0.8082883160878419 0.7229120045009874 0.15743796718750008 0.7084486625 0.15126941135855498 0.9860336572547453 0.8021197602588968 1.0004969992557329
0 0.5403170662626718 0.5146748623980117 0.3918165718750001 0.51310704375 0.3904373098737247 0.6437478479905225 0.5389378042613965 0.6453156666385341
0 0.6090006906250001 0.7118505828124999 0.6075688923751296 0.5185577717824622 0.549302021875 0.518989378125 0.5507338201248706 0.7122821891550377