0 0.9235624906250001 0.5078798953125 0.9163423935182321 0.23939958480761064 0.7692381245357989 0.24335558107741515 0.776458221642567 0.5118358915823046
0 0.930342303125 0.8991549750000003 0.9246558392157922 0.6306896615731797 0.778523565625 0.63378494375 0.7842100295342079 0.9022502571768205
0 0.7771514875000001 0.8945507140624999 0.7717713897834617 0.6231678026144543 0.5408052296874999 0.6277466484375 0.5461853274040382 0.8991295598855457
0 0.92629524375 0.6219445531250001 0.9251441320733951 0.5171786543314862 0.8230819171874998 0.518300059375 0.8242330288641048 0.6230659581685138
0 0.76989829375 0.617716896875 0.7636347028657899 0.23398899296116812 0.48580701488802325 0.23852397453548035 0.49207060577223316 0.6222518784493122
0 0.5404622734375 0.8934563671875001 0.5340862280807097 0.6200786045657632 0.36806763142892435 0.6239506901815458 0.3744436767857146 0.8973284528032826
0 0.4864314453125 0.61377115625 0.48223427656249995 0.46381985000000003 0.4147572937942171 0.4657085450070789 0.41895446254421714 0.6156598512570788
0 0.41174828273524977 0.6798541125002249 0.40765991001077123 0.46163205268026664 0.29260104678644544 0.46378767122086667 0.296689419510924 0.6820097310408249
0 0.4092716765625 0.5094952421875001 0.4079604779696086 0.46264298873272836 0.36310889687500003 0.46389819687500006 0.3644200954678914 0.5107504503297717
0 0.8188045142427525 0.6190691996593753 0.8164352099938753 0.5161965506766586 0.7758322566886229 0.5171316947672834 0.7782015609374999 0.62000434375
0 0.36870845937499996 0.8906682531249999 0.3648653817962688 0.6878204021445994 0.2970794484375 0.6891046484375 0.30092252601623115 0.8919524994179007
0 0.5662069683427673 0.4571125901534215 0.5577972265462056 0.004396958644102347 0.2823685608656574 0.009513380080717213 0.2907783026622191 0.46222901159003627
0 0.23289571868909312 0.6761892889726411 0.23235820189496778 0.45789552210003837 0.1147752375 0.45818505312499996 0.11531275429412535 0.6764788199976027