0 0.9217867609375 0.5269920015625 0.15090074894344868 0.5017926856104521 0.1357157859375001 0.9663241671874999 0.9066017979315515 0.9915234831395479
0 0.35849421718749996 0.5105015374999999 0.15916720911821092 0.504595551618873 0.15677953750000007 0.5851794625 0.3561065455692891 0.591085448381127
0 0.5122538203125001 0.5133084656250001 0.36607889165764207 0.5089773561216127 0.36361392812500004 0.5921698656250001 0.5097888567798581 0.5965009751283875
0 0.431082834375 0.3156558625 0.20227873236967947 0.3088764820675964 0.19669574218750002 0.49730241093750005 0.42549984419282055 0.5040817913699036
0 0.5842681546874999 0.31961726250000005 0.43504693644084735 0.3151958931055891 0.4333559750000001 0.3722658421875001 0.5825771932466527 0.376687211581911
0 0.8333252609375 0.37565011562500017 0.6494644094296425 0.37020238804130956 0.6453122296875 0.5103384890625 0.8291730811953576 0.5157862166461905
0 0.5803304171875 0.38258458125000006 0.519765475651429 0.3789955474961072 0.5155370609375001 0.45035004218749997 0.576102002473571 0.4539390759413927
0 0.836568425 0.326650190625 0.6536548179658613 0.32123052940643926 0.65238849375 0.3639689812500001 0.8353021007841386 0.36938864246856085
0 0.8523700749999998 0.04876505468750005 0.21448214598971965 0.029864671863601706 0.2064089703125 0.3023343546875001 0.8442968993227801 0.32123473751139847
0 0.5758188277782146 0.3828419555174801 0.4296928447030252 0.37851229682336796 0.42592229531250003 0.505768340625 0.5720482783876893 0.5100979993191121
0 0.6486333203125001 0.3219503750000001 0.591615318159018 0.3185715304630918 0.5803896015625001 0.5080055000000001 0.6374076037159822 0.5113843445369084