0 0.8070174703124999 0.5191268687500001 0.6769208137260643 0.5133447953659901 0.6639643953125001 0.8048642218750002 0.7940610518989358 0.8106462952590103
0 0.8111930812500001 0.4001073015625001 0.7411746479350116 0.39699537128259255 0.7360762406250001 0.5117095390625 0.8060946739399887 0.5148214693424077
0 0.6670742125000001 0.615306884375 0.566152948145757 0.6108214951073279 0.5573408796875 0.8090930468750003 0.6582621440417432 0.8135784361426724
0 0.7359798046875001 0.3250549609375001 0.6329677604037025 0.3204766476280149 0.6242733406249998 0.5161010828125001 0.7272853849087975 0.5206793961219851
0 0.8163962265625001 0.2750570578125001 0.7474584203498448 0.271993155085905 0.7420586296874998 0.39348843593750005 0.8109964359001551 0.3965523386640951
0 0.8293617265625001 1.0547118733938987e-16 0.21222991003134303 -0.02663527464885382 0.18564570536804081 0.5893132646918409 0.8027775218991978 0.6159485393406948
0 0.570656184375 0.35301596718750006 0.5032312581858827 0.3500193039003777 0.49561174062499996 0.5214584546875001 0.5630366668141173 0.5244551179746224
0 0.5641524109375002 0.5291503843750001 0.39230749184374747 0.5215128325215229 0.37914703125000004 0.8176232000000001 0.5509919503437527 0.8252607518534774
0 0.3817289656250001 0.588535534375 0.31067062212099295 0.5853773858069753 0.3001579656250001 0.8219121593749998 0.37121630912900716 0.8250703079430245
0 0.39193301875000014 0.3614864781250001 0.3212254897652375 0.35834392089663175 0.3112993359375001 0.5816823546875001 0.38200686492226266 0.5848249119158685
0 0.3057899015625001 0.4939409859375 6.132251280605056e-17 0.4939409859375 8.221057416562858e-17 0.8350689156250001 0.3057899015625001 0.8350689156250001