0 0.3171419360006488 0.11476672632972824 0.09873761250000002 0.11314891718750002 0.09645342337435127 0.4215145752327719 0.3148577468750001 0.4231323843750001
0 0.47868611315212456 0.12179326593390546 0.32540161562500003 0.12065782500000007 0.32375232122287567 0.3433125278160947 0.47703681875000015 0.3444479687500001
0 0.5929738559336049 0.12828865206310267 0.4864366390625 0.1274994875000001 0.48496643469139517 0.32597707918689744 0.5915036515625001 0.3267662437500001
0 0.9663702833027236 0.13180728382043289 0.6012624890625 0.12910278125000008 0.5979790963847769 0.5723607286795674 0.9630868906250003 0.5750652312500002
0 0.7078266718282803 0.7068453866313057 0.6458506859375001 0.7045499796875001 0.6444162094217197 0.7432808446186945 0.7063921953125 0.7455762515625001
0 0.7732117333871863 0.7563298759799293 0.6465310781250002 0.7535747781250002 0.6427208862675855 0.9287691365788738 0.7694015415297717 0.931524234433803
0 0.9721128819035474 0.7177546887859871 0.7430672137903699 0.707396359765137 0.7329821309549672 0.9303999476374589 0.9620277990681447 0.940758276658309
0 0.1866552248379112 0.4310137456017954 0.08800035937500007 0.43028296875 0.084384056412089 0.9184838215857047 0.1830389218750001 0.9192145984375001
0 0.5235520828125001 0.49293073125 0.5233144700464539 0.33319599053736104 0.434123085291606 0.3333286668202068 0.43436069805765215 0.4930634075328458
0 0.5245860524624866 0.5031240623042967 0.4333419328125 0.49974465000000007 0.4327425006625136 0.5159293158207034 0.5239866203125001 0.5193087281250002
0 0.8690826486815568 0.360834137189987 0.20055446692442586 0.3482195234447435 0.18975259220126334 0.9206791971281401 0.8582807739583943 0.9332938108733837
0 0.5862339464876156 0.33448874899132247 0.530114365625 0.33407304843750013 0.5283974128873845 0.5658616931961779 0.58451699375 0.5662773937500001