0 0.6185578125 0.044364062500000065 0.32487499999999997 0.044364062500000044 0.32487499999999997 0.20107500000000003 0.6185578125 0.20107500000000006
0 0.8795171875 0.14573906250000007 0.6255499999999999 0.14573906250000007 0.6255499999999999 0.20182968750000008 0.8795171875 0.20182968750000008
0 0.8798421875000001 0.08461718750000011 0.8288578125000001 0.08461718750000011 0.8288578125000001 0.14148437500000008 0.8798421875000001 0.14148437500000008
0 0.879921962565164 0.04448594575955229 0.62487938812798 0.044364004833065636 0.6248328125 0.1417781250000001 0.879875386937184 0.14190006592648674
0 0.8797640624999999 0.2066812500000001 0.81310625 0.2066812500000001 0.81310625 0.2490796875000001 0.8797640624999999 0.2490796875000001
0 0.8829265482677406 0.665942159105601 0.8739438155853616 0.19919162192748976 0.46531731650525804 0.20705574272821692 0.474300049187637 0.6738062799063281
0 0.7598953125 0.5994703125 0.7594589151590521 0.5626348575906003 0.6776886026590521 0.5636036075906004 0.6781249999999999 0.6004390625
0 0.880725 0.6056156250000001 0.677075 0.605615625 0.677075 0.6702484375000001 0.880725 0.6702484375000002
0 0.8804328124999999 0.6763859375000001 0.6784328125 0.6763859375 0.6784328125 0.7036343750000001 0.8804328124999999 0.7036343750000003
0 0.5788625 0.5876859375000001 0.2785875000000001 0.5876859375000001 0.2785875000000001 0.7221234375 0.5788625 0.7221234375
0 0.3129328125 0.049142187500000024 0.05620000000000001 0.04914218750000001 0.056200000000000014 0.195759375 0.3129328125 0.19575937500000004
0 0.5779971361320764 0.581695742008581 0.5778855950087678 0.5149097541104022 0.36471096681551185 0.5152657829457592 0.3648225079388204 0.582051770843938
0 0.2681328125000001 0.642534375 0.058000000000000086 0.642534375 0.058000000000000086 0.7030296875000001 0.2681328125000001 0.7030296875000001
0 0.880242998267496 0.9737789563098161 0.8799055174662882 0.6757984917841843 0.47472029612273686 0.6762573884214327 0.47505777692394463 0.9742378529470646
0 0.5866386134436835 0.4755894175295971 0.4320231507779944 0.1606924243219074 -0.057533784825512746 0.4010664949933602 0.09708167784017636 0.7159634882010499