0 0.22288056406250015 0.5065144625000001 0.08017900775304213 0.5001677924539261 0.06816518152939113 0.7702923911648459 0.21086673783884913 0.77663906121092
0 0.23960313906250005 0.13007812968750004 0.0978354331069371 0.12405303909454493 0.08640550312500006 0.392994215625 0.22817320908056304 0.3990193062179551
0 0.4697420109375002 0.12715858906250005 0.2456227444365576 0.11831391304915018 0.2349468437500001 0.38883541406250005 0.4590661102509427 0.39768009007585
0 0.18209008906250007 0.39974165781250004 0.08365345763580534 0.39686367077833695 0.08058028281250008 0.5019763671875 0.1790169142391948 0.5048543542216632
0 0.5042730515625001 0.39464190468750016 0.23141610319969433 0.38511000269251305 0.2181130156250001 0.7659196125000001 0.49096996398780596 0.7754515144949872
0 0.6385131921875 0.11931058125000008 0.4774886806405597 0.11204768798030265 0.46521650342417276 0.3841322785843064 0.6262410149711131 0.3913951718540038
0 0.5774544934447706 0.39393181511068603 0.5118078789685047 0.3910549512186925 0.5053227883836044 0.5390370099651689 0.5709694028598704 0.5419138738571625
0 0.7005808468750001 0.32199305000000017 0.5890669945297033 0.3167206628810204 0.5789137277048643 0.5314677730565338 0.6904275800501611 0.5367401601755135
0 0.6235153796875001 0.48994285625 0.5799345474930276 0.4885973784868818 0.5784707578125001 0.5360104046875 0.6220515900069726 0.5373558824506183
0 0.22818783125000008 0.39869665000000004 0.18885308297944553 0.3967146436158949 0.1836844428488626 0.49929108336301387 0.22301919111941712 0.501273089747119
0 0.7089720984375 0.1182046921875001 0.6432199285126076 0.11543144259174669 0.6348255734375 0.31445682500000005 0.7005777433623924 0.3172300745957535
0 0.6919026453125002 0.544190228125 0.42520543701513747 0.5313179518803949 0.40370475760398505 0.9767847105552004 0.6704019659013478 0.9896569867998055
0 0.8746519218750001 0.317918659375 0.7622959352532055 0.3120053991316955 0.7508509292990946 0.5294683354742096 0.863206915920889 0.5353815957175141