0 0.9058451231429133 0.17304134568870774 0.9010201234374999 0.07998778906250001 0.7260924815445867 0.08905811212379232 0.7309174812500001 0.18211166875000004
0 1 0.07385517812500013 0.7302831000000001 0.07385517812500011 0.7302831000000001 0.7376510687500002 1 0.7376510687500002
0 0.2132750639380629 0.7644899100766184 0.20560512031250006 0.6165695734375001 0.0027910844994371077 0.6270858571108817 0.010461028125000011 0.7750061937500001
0 0.28011008450358815 0.6843598724367295 0.2795740734375 0.61199836875 0.21455096862141185 0.6124800213132706 0.21508697968749999 0.6848415250000001
0 0.2808897736724442 0.7638059336058306 0.280353696875 0.6914355578124999 0.21513086695255573 0.6919186898316692 0.21566694374999998 0.7642890656249999
0 0.2834264952117983 0.2578248265417919 0.2760305765625 0.11518924374999999 0.08963392510070167 0.12485425470820814 0.09702984375 0.26748983750000005
0 0.09030616330859746 0.2717385492646877 0.08921492812500001 0.12442188125 0.004728078878902541 0.1250477101103123 0.005819314062500001 0.27236437812500003
0 0.2800358299704857 0.6141843568634491 0.27745909375000005 0.26632510468750004 0.005606830967014342 0.2683388259490509 0.00818356718749998 0.6161980781249999
0 0.41309916106207945 0.2351112276697211 0.4121349390624999 0.104941334375 0.2893914733129205 0.10585054576777897 0.2903556953125 0.2360204390625001
0 0.41900574466727847 0.361579645132721 0.4126978 0.23992644375 0.2841531350202216 0.24659172361727894 0.29046107968749996 0.368244925
0 0.4157173657933977 0.4371477021977025 0.41234741406250003 0.3721557828125 0.28457262170660236 0.37878114311479766 0.2879425734375 0.44377306250000015
0 0.7388629707248329 0.737189404598467 0.722970003125 0.4306821765625 0.27434927771266704 0.453943992276533 0.2902422453124999 0.7604512203125
0 0.7230150027735429 0.4330695622424924 0.7204610546875001 0.0882865625 0.4204032628514572 0.09050921275750758 0.4229572109375 0.43529221249999994