0 0.3067500000000001 0.425246875 0.046982812500000054 0.425246875 0.04698281250000006 0.5245828125 0.3067500000000001 0.5245828125
0 0.2049500000000001 0.533334375 0.04558281250000006 0.533334375 0.04558281250000007 0.614009375 0.2049500000000001 0.614009375
0 0.4261921875 0.5560171875 0.22140781250000008 0.5560171875 0.22140781250000008 0.6593578124999999 0.4261921875 0.6593578124999999
0 0.2028921875000001 0.6227406249999999 0.04697500000000008 0.6227406249999999 0.046975000000000086 0.7678796875 0.2028921875000001 0.7678796875
0 0.3098671875000001 0.66944375 0.2221000000000001 0.66944375 0.2221000000000001 0.7674296875 0.3098671875000001 0.7674296875
0 0.42722500000000013 0.776209375 0.0462750000000001 0.776209375 0.04627500000000011 0.974325 0.42722500000000013 0.974325
0 0.42692500000000005 0.18848437500000004 0.366875 0.18848437500000004 0.366875 0.2772109375000001 0.42692500000000005 0.2772109375000001
0 0.42692500000000005 0.2854656250000001 0.367775 0.2854656250000001 0.367775 0.3372750000000001 0.42692500000000005 0.3372750000000001
0 0.43174414012120393 0.19055216660234006 0.04621093750000002 0.18935156250000001 0.045503753267863024 0.4164397436311522 0.4310369558890669 0.41764034773349235
0 0.42734218750000014 0.669346875 0.3221921875000001 0.669346875 0.3221921875000001 0.7668625 0.4273421875000002 0.7668625
0 0.42519999999999997 0.425209375 0.3188671875000001 0.425209375 0.3188671875000001 0.504234375 0.42519999999999997 0.504234375
0 0.4273421875 0.5126984375 0.3202921875000001 0.5126984375 0.3202921875000001 0.54548125 0.4273421875 0.54548125
0 0.9578656249999999 0.1895203125000001 0.44024843750000003 0.18824062500000008 0.4387007088720013 0.8142770123507773 0.9563178963720013 0.8155566998507773