0 0.12770436163120752 0.3499246448178847 0.12512714062500002 0.0019996625 0.000021677431292500384 0.0029263692446152975 0.002598898437499998 0.3508513515625
0 0.46178495514639806 0.6138402897527594 0.44542618906250003 0.33778612343750003 0.13660841360360193 0.3560864368097406 0.15296717968749998 0.632140603125
0 0.13983827917098093 0.4490085267608596 0.1342126140625 0.3540754375 -0.0022397791709809155 0.36216150605164044 0.003385885937500002 0.4570945953125
0 0.13899802146406304 0.6406379620057153 0.13675341562500004 0.4602738984375 0.002513234785936976 0.4619444989317846 0.004757840625000001 0.6423085625
0 0.10806918084147002 0.7820397369176264 0.10709004062500002 0.64985569375 0.004819358221030004 0.6506132537073738 0.005798498437499996 0.7827972968750001
0 0.45202792058400965 0.6684962665381425 0.44951152499999986 0.6260320937500001 0.32099476535349025 0.6336479022118577 0.3235111609375 0.676112075
0 0.5171443497605642 0.6677966379917278 0.5166271906250001 0.5979801171875 0.46039445336443574 0.5983966557582722 0.4609116124999999 0.6682131765625
0 0.46184733945401346 0.980014646133518 0.4602600859375 0.7657354359374999 0.32633197929598656 0.7667274960539819 0.3279192328125 0.9810067062499999
0 0.32472650281591375 0.981195906223809 0.31254180468750004 0.7755791171875 -0.004777290315913718 0.794383210963691 0.007407407812499989 1
0 0.20367124881859816 0.7753305730115956 0.20266914374999997 0.640046346875 0.1247017105564018 0.6406238832384041 0.12570381562499996 0.7759081093749999
0 0.7857759640625002 0.3153510500000001 0.21591938853851542 0.3137659775062015 0.2140897396100901 0.97155133233558 0.7839463151340749 0.9731364048293788
0 0.941506815471219 0.9519121261349051 0.9368196187500001 0.3191407031249999 0.7966864267162811 0.3201787269900949 0.8013736234375 0.95295015
0 0.7812307380227582 0.3299327148890896 0.7764266456078028 -0.008896476760520067 0.13509688414754462 0.00019662241289030366 0.1399009765625 0.3390258140625