0 0.8812125000000002 0.22596250000000012 0.7403735104461847 0.2234885261401108 0.73579375 0.48420625000000006 0.8766327395538154 0.48668022385988935
0 0.8725671875 0.5974281250000001 0.7327534712795668 0.5941735855694099 0.7266878653398823 0.8547495981335759 0.8665015815603155 0.8580041375641659
0 0.7263640625 0.599975 0.5053585340694443 0.5954724891107458 0.5000666303578737 0.8552253259046602 0.7210721587884293 0.8597278367939143
0 0.8760312499999999 0.49016093749999995 0.7797407386977053 0.4886860516935969 0.7781921875 0.5897859375000001 0.8744826988022945 0.5912608233064032
0 0.7350781250000001 0.22878437500000012 0.4694163192484993 0.22130996728191127 0.4590040367398925 0.5913922370163958 0.7246658424913933 0.5988666447344846
0 0.4989656250000002 0.6021640625 0.3400851141097906 0.5988059884343364 0.3345390625000001 0.8612062500000001 0.49341957339020964 0.8645643240656635
0 0.45606875000000013 0.4491812500000001 0.3914572549843932 0.4481172345290683 0.38908747440297853 0.5920202795572326 0.45369896941858545 0.5930842950281644
0 0.3845864221887818 0.45438899622322665 0.27451544201061717 0.4515862184634455 0.26918437500000014 0.6609484375000001 0.3792553551781648 0.6637512152597813
0 0.38540895584963736 0.49592543555353147 0.38497968750000006 0.4514468749999999 0.3411504191503627 0.45186987694646835 0.3415796875 0.4963484374999999
0 0.7738015625000001 0.4916843750000002 0.7349457060168306 0.49085178573891264 0.7328140625000001 0.5903328125000001 0.7716699189831696 0.5911654017610877
0 0.3341015625000001 0.6690562500000001 0.2692637795473171 0.667402033843247 0.26431077344727 0.8615374454502277 0.32914855639995294 0.8631916616069807
0 0.5476609375 0.019165625000000068 0.28422277564141585 0.012347191267252672 0.27309687500000007 0.442209375 0.5365350368585842 0.4490278087327474
0 0.21317534599417193 0.45595128122659495 0.10118465563501233 0.45415846370239865 0.09783906250000007 0.6631453125 0.20982975285915964 0.6649381300241963