0 0.6967183000000001 0.24536714062499998 0.6934653062449084 0.025790090281314283 0.579401371875 0.0274799265625 0.5826543656300917 0.24705697690618572
0 0.667919125 0.35210236875 0.6664890578054525 0.2555728604617956 0.5834464359375 0.256803121875 0.5848765031320475 0.3533326301632044
0 0.6878666539186231 0.7603259989020452 0.6853788597310342 0.592399770540821 0.5884427937500001 0.593835859375 0.590930587937589 0.7617620877362243
0 0.8419188703124998 0.755813746875 0.8340748281250001 0.18262218593750001 0.5832480495465802 0.18605471350246597 0.5910920917340801 0.759246274439966
0 0.7018949125 0.6142681359374998 0.7005810562256026 0.5255828889781763 0.637000728125 0.5265248203125 0.6383145843993974 0.6152100672718236
0 0.6697804374999999 0.4577078078125 0.6683993562422138 0.36448485728693314 0.5870009953124999 0.36569075937499995 0.5883820765702861 0.45891370990056685
0 0.57811466875 0.34549499687499996 0.5752139765543713 0.14969827445130654 0.49346479531250004 0.1509093734375 0.49636548750812864 0.34670609586119344
0 0.5749970745970284 0.13505729217032178 0.5733817250000001 0.02602122656249998 0.41196533009047165 0.028412581267178206 0.4135806796875 0.137448646875
0 0.5842064718750001 0.6544233765625 0.5779874514070956 0.14548655835088298 0.12541024073399218 0.1510168851729303 0.13162926120189664 0.6599537033845474
0 0.5800593203125 0.3917566734375 0.5795569524960146 0.3578468374861702 0.528724165625 0.35859991562500004 0.5292265334414854 0.3925097515763299
0 0.6322210203124999 0.5876221374999999 0.6312932968709245 0.5250008262874069 0.5877523124999999 0.525645878125 0.5886800359415754 0.588267189337593