0 0.22863241252457223 0.49648913504882397 0.07821905000000007 0.4920278140625 0.07015793278792795 0.763808246201176 0.22057129531250014 0.7682695671875
0 0.24045612008153494 0.09683619755681509 0.09105981142681968 0.09270092359048471 0.08350459218750006 0.3656506421875 0.23290090084221532 0.3697859161538304
0 0.4822156827658426 0.10963732897497433 0.24611597529820753 0.10382037919098056 0.23930935346986493 0.38008912521600624 0.4754090609375 0.385906075
0 0.18418160259730948 0.3782567613089939 0.08134519843750006 0.375588653125 0.07855933646519062 0.4829636199410062 0.18139574062500005 0.4856317281250001
0 0.5240698478445411 0.3948298936280349 0.23894578316749565 0.38643138642965574 0.22743647157447663 0.7771653139625828 0.5125605362515222 0.7855638211609619
0 0.6592815341888597 0.120088855388741 0.48954317343750003 0.11494725937500005 0.4811540220611403 0.3918964399237591 0.6508923828125 0.3970380359375001
0 0.5994134159343334 0.4044563185217819 0.5302241593750001 0.4024493453125001 0.5257840787287718 0.5555185928516587 0.594973335288105 0.5575255660609406
0 0.7275571126978478 0.3415350263504434 0.6099803241052981 0.33771686819864793 0.6027701739074505 0.5597470387232046 0.7203469625000001 0.5635651968750002
0 0.6502347678593352 0.513855576588581 0.6036297531250001 0.5120387656250001 0.601811935265665 0.5586696093489191 0.6484169500000001 0.5604864203125001
0 0.23251388906250003 0.3838021609375 0.1910262521992157 0.38232550888075945 0.1872891037617157 0.48732347138075954 0.22877674062500003 0.4888001234375001
0 0.7332045796609452 0.1268932036774637 0.6639167264120915 0.1249977175988499 0.6582619623761463 0.3317027232963863 0.727549815625 0.33359820937500007
0 0.7221279732363735 0.5682419907693408 0.44089989433610344 0.5588314283952028 0.42613761747625933 0.9999917540413295 0.7073656963765294 1.0094023164154673
0 0.9102943326711799 0.3540021983058753 0.7917591380151018 0.3494740575904466 0.783249175656422 0.5722432045970715 0.9017843703125001 0.5767713453125001