0 0.6833537905841226 0.060824588928798565 0.37558828906249997 0.04942586718750004 0.3697049750408773 0.20827535325870156 0.6774704765624999 0.21967407500000008
0 0.3741456738417681 0.15227180383593011 0.1127752375 0.14259141718749999 0.11066945740823193 0.19944747897656995 0.37203989375 0.2091278656250001
0 0.16414268125 0.1401752484375 0.16279073424137008 0.07933766924956065 0.11106525625000001 0.080487125 0.11241720325862994 0.14132470418793935
0 0.37502296314814276 0.04940207205518195 0.110095803125 0.03971652031250001 0.10648564466435721 0.13846453731981812 0.3714128046875 0.14815008906250005
0 0.18275726508559478 0.20715964299430553 0.11408910000000003 0.20449864843749999 0.11242394279701093 0.24746878132104463 0.18109210788260569 0.2501297758778502
0 0.5397791885586939 0.22057351261415908 0.1213854212671486 0.20637672122542536 0.10544308872943517 0.6762133474902752 0.5238368560209804 0.6904101388790089
0 0.328787680862687 0.5747225714527306 0.24565158176141738 0.5721443562362725 0.24449286027373046 0.609508026971042 0.3276289593750001 0.6120862421875001
0 0.3326980449135751 0.6175283892082934 0.1219299468750001 0.6097221640625 0.11950347227392517 0.6752369842292067 0.3302715703125001 0.6830432093750001
0 0.330668863950899 0.6892877127792129 0.1238244093750001 0.6816268078124998 0.12280143604910107 0.709247090345787 0.32964589062500005 0.7169079953125
0 0.741302457906378 0.6144625910604015 0.4294188359375 0.602911346875 0.424371721781122 0.7391834417520985 0.7362553437500001 0.7507346859374999
0 0.9557945278438529 0.07576495982559439 0.6861723453125 0.06577895312500007 0.6806679752811469 0.21439694486190577 0.9502901578124998 0.22438295156250007
0 0.6465204706686867 0.5372014050770871 0.42759280339667605 0.5304091047849355 0.42548457179048943 0.5983610809578485 0.6444122390625 0.6051533812500001
0 0.9621843350039111 0.6783165892525027 0.7450792593750001 0.6702756609375001 0.7428081165585894 0.7315965201224977 0.9599131921875002 0.7396374484375003
0 0.5422024389759594 0.990956039803943 0.535157955198007 0.684630009949287 0.12410832727117657 0.6940827895163315 0.13115281104912901 1.0004088193709875
0 1.0143742907013422 0.6221366525403618 0.6135853756271066 0.1634204187958876 0.3614346233998324 0.38372922625923167 0.762223538474068 0.8424454600037057