0 0.35219238750000004 0.9245590156250001 0.3398341016437949 0.7391847387738291 0.21547831562499997 0.747475125 0.22783660148120513 0.932849401851171
0 0.835695040625 0.8998811234375002 0.8246298412010141 0.713155883021481 0.5555981531249999 0.7290985015625 0.5666633525489858 0.9158237419785191
0 0.5569003453124999 0.9149085234375001 0.5544879104836591 0.8741986817415881 0.35938650625 0.8857602453124997 0.3617989410788408 0.9264700870084116
0 0.5566081890625 0.8682925015625 0.5484518602178634 0.7306544674665735 0.35234463749999995 0.7422756374999999 0.3605009663446367 0.8799136715959266
0 0.900834140625 0.08215404375000004 0.8961504058869613 0.0031160249614936575 0.7385551328124997 0.01245500468749997 0.7432388675505386 0.09149302347600635
0 0.9132161468750001 0.25037580312500013 0.9036484622318104 0.08892112745684808 0.667625028125 0.10290770156249991 0.6771927127681895 0.2643623772306519
0 0.6646053046875001 0.26393412812500006 0.661506064905476 0.211634445510539 0.5842343718749999 0.21621350781249998 0.587333611657024 0.26851319042696103
0 0.575743484375 0.2699781625 0.5725982929047151 0.2169030533153456 0.5058329875 0.22085951562499995 0.508978178970285 0.27393462480965436
0 0.42064890468750005 0.27878682499999996 0.41594383586263434 0.19938878785197717 0.30891164843749996 0.20573143593749998 0.3136167172623656 0.28512947308552283
0 0.3850775078125 0.147699346875 0.3824574717291247 0.10348624370983768 0.30242191406249996 0.10822909218750001 0.30504195014587526 0.15244219535266232
0 0.6599756625000001 0.1561639375 0.6568821663113179 0.10396118158308072 0.5721129171874999 0.10898454374999997 0.5752064133761821 0.16118729966691925
0 0.7407465725192663 0.15020534373433417 0.7297853068485964 -0.01568328151881117 0.49243333593750005 0 0.50339460160817 0.16588862525314535
0 0.4232600632289807 0.279100792787559 0.41311944276152623 0.10101808336444058 0.08081076978324606 0.11994084201761006 0.09095139025070051 0.29802355144072845
0 0.4885731265625 0.09194540625000003 0.48200517958824 -0.018888700710936474 0.16325835000000002 0 0.16982629697426002 0.1108341069609365
0 0.82177185625 0.7055194406249999 0.792743398487665 0.26459233888186134 0.27816521702056957 0.2984696191558204 0.3071936747829046 0.739396720898959
0 0.5045702421875 0.2754169046875 0.49132868963096243 0.09829139648086453 0.41865592525877116 0.10372426856465619 0.43189747781530874 0.28084977677129164
0 0.42793379531250003 0.14419397656249996 0.42500723906685217 0.10029563916276693 0.39188858125 0.10250355 0.3948151374956479 0.14640188739973303
0 0.6694370234374999 0.2036122515625 0.6670771041569468 0.16378861134034364 0.5087746249999999 0.17316949843749996 0.511134544280553 0.21299313865965633