0 0.8876855671875001 0.013150896875000113 0.764123710948088 0.011320350847812837 0.7617231 0.17336158906250013 0.8852849562394122 0.1751921350896874
0 0.5500206187500001 0.008148453125000055 0.28420618503896306 0.004210462486688379 0.28183164062500005 0.16449225000000006 0.5476460743360371 0.16843024063831175
0 0.7544484533338147 0.011177014065593623 0.5609862546875 0.00831090781250007 0.5607372029161852 0.02512190468440654 0.7541994015624999 0.027988010937500096
0 0.751618125 0.03366923750000006 0.5578672648771329 0.030798854676420552 0.5558430828125001 0.1674311578125001 0.7495939429353671 0.1703015406360796
0 0.306356217876411 0.8700137453227061 0.15244556406250015 0.8677335875000001 0.15138521024858925 0.939307470302294 0.30529586406250014 0.941587628125
0 0.3102191558227568 0.7847807812668187 0.15428616562500008 0.7824706625000001 0.15312378792724335 0.8609311437331815 0.30905677812500004 0.8632412625000001
0 0.38882580031969305 0.6187746219028843 0.15560758593750007 0.6153195359375 0.1532331418678071 0.7755944499721157 0.3864513562500001 0.7790495359375
0 0.47877250781250025 0.6212689328125001 0.4024151202282769 0.6201377124987523 0.4016459718750001 0.6720552375000001 0.47800335945922345 0.6731864578137479
0 0.5566464562500001 0.6216526921875001 0.4907289291642535 0.6206761359297482 0.48994837656250007 0.6733634203125001 0.5558659036482467 0.6743399765702518
0 0.7504415428189404 0.6249018203218546 0.6447267656250001 0.623335675 0.6435590931185599 0.7021535453031454 0.7492738703125001 0.7037196906250001
0 0.7484792421875002 0.7566611171875002 0.6693177286223585 0.7554883546717202 0.6686675062500002 0.7993783890625001 0.7478290198151418 0.8005511515782799
0 0.4821083487854902 0.7282215359426554 0.39830422500000007 0.7269799921875 0.3975365012145099 0.7788012984323447 0.4813406250000001 0.7800428421875001
0 0.5536767218750002 0.7288418484375002 0.3179575300708076 0.725451900582101 0.3148219175708077 0.943485945894601 0.5505411093750001 0.94687589375
0 0.9708503578247759 0.628461898514846 0.6412409141953173 0.6228181355101197 0.6382144261774937 0.7995723739270534 0.9678238698069522 0.8052161369317797
0 0.878277815625 0.8076807437500001 0.5625338296555806 0.8030030546870272 0.5607986125000001 0.9201302031250002 0.8765425984694195 0.9248078921879731
0 0.7936483621786724 0.17972815178536575 0.282250162270107 0.1722218514133726 0.27582630781250006 0.6098738828125001 0.7872245077210656 0.6173801831844932
0 0.6337878268230615 0.6215051259818161 0.5615114296874999 0.620516596875 0.5591159032579711 0.7956657334816413 0.6313923003935326 0.7966542625884573
0 0.6595853625000001 0.7562997062500001 0.6266781468840652 0.7558121915756029 0.6260358656249999 0.7991661437500001 0.6589430812409349 0.7996536584243972
0 0.5497002424783026 0.6817210640668082 0.3927775609375001 0.6793962828125 0.3921918918966975 0.7189289296831919 0.5491145734375001 0.7212537109375001