0 0.28888721823163127 0.49837329955361803 0.2859359375 0.05097343749999998 0.0343872493666356 0.05263278266150151 0.03733853009826686 0.5000326447151197
0 0.46265 0.054062500000000055 0.295275 0.05406250000000005 0.295275 0.20931562500000003 0.46265 0.20931562500000006
0 0.46323749999999997 0.3878421875000001 0.4054875 0.3878421875000001 0.4054875 0.4618015625 0.46323749999999997 0.4618015625
0 0.4643617986337931 0.22063662298716163 0.294890625 0.22010468750000003 0.29413200123146965 0.4617972677137316 0.4636031748652628 0.46232920320089316
0 0.24490000000000006 0.5824203125 0.03505000000000007 0.5824203125 0.03505000000000009 0.8872234375 0.24490000000000006 0.8872234375
0 0.5064625 0.584953125 0.46701249999999994 0.584953125 0.46701249999999994 0.703790625 0.5064625 0.703790625
0 0.5091750000000002 0.8893718749999999 0.5070496606617059 0.5815635309385507 0.25261875 0.5833203124999999 0.2547440893382943 0.8911286565614492
0 0.5349 0.05564687500000006 0.47035 0.05564687500000006 0.47035 0.43302031249999995 0.5349 0.43302031249999995
0 0.12613750000000007 0.51121875 0.03756250000000007 0.51121875 0.03756250000000007 0.5711062499999999 0.12613750000000007 0.5711062499999999
0 0.17467500000000008 0.510253125 0.13395000000000004 0.510253125 0.13395000000000007 0.5681328125 0.17467500000000008 0.5681328125
0 0.9705017520305012 0.05458006235621186 0.18651254119641683 0.05379947863318896 0.1858016783647241 0.7677636236603125 0.9697908891988083 0.7685442073833354