0 0.2238077817618019 0.4816078293172813 0.04850029843750005 0.4728786734375001 0.041502015113198204 0.6134250738077188 0.2168094984375001 0.6221542296875
0 0.1402982671875 0.7414986265624999 0.13071300772939495 0.6120976129561206 0.05874336874999999 0.6174286968749999 0.06832862820810504 0.7468297104813792
0 0.3009974258311402 0.6302750900204338 0.1359725203125001 0.6204803937500001 0.12883200330844735 0.740786640254555 0.2938569088270874 0.7505813365249888
0 0.29283942656250006 0.5902540734375 0.28438827661529315 0.4761635660565437 0.21242023675232852 0.48149453276228044 0.2208713866995354 0.5955850401432368
0 0.5132215701177355 0.4956063640122827 0.3264970718750001 0.4872933203125001 0.32175847675726477 0.5937298828627176 0.5084829750000001 0.6020429265625002
0 0.5381775026860856 0.6419325532653715 0.29137078750000006 0.6293607156250001 0.2852635957514146 0.7492553545471289 0.5320703109375001 0.7618271921875002
0 0.6280819629956531 0.5018274161736703 0.5047624843750002 0.49591973593749994 0.4997307776073119 0.6009537645845167 0.623050256227965 0.606861444820687
0 1 0.6599033453125002 0.913314875 0.6599033453125002 0.913314875 0.7817868062500002 1 0.7817868062500002
0 0.8270799772760917 0.5124928960102236 0.6262805265625 0.502593428125 0.6207645883489084 0.6144779633647764 0.8215640390625 0.6243774312500001
0 0.9816088535467733 0.5205359637482985 0.8149860812500002 0.5119106093750002 0.807797652888881 0.6507751487490993 0.9744204251856541 0.6594005031223975
0 0.9196496597772705 0.6295201516888449 0.5763952218750001 0.6085270718750001 0.5663424112944233 0.772898944690833 0.9095968491966937 0.7938920245046777
0 0.9175009562500002 0.7821161531250002 0.9131459911172067 0.7285382415430105 0.8673004781249999 0.7322646953125 0.8716554432577933 0.7858426068944897
0 0.325634109375 0.5580240734374999 0.3200739896687147 0.48296244999944216 0.2902404421874999 0.48517234218749994 0.2958005618937852 0.5602339656255577
0 0.32757855312500006 0.5920826750000001 0.3250955044414082 0.5585615133808096 0.295837215625 0.56072879375 0.2983202643085918 0.5942499553691905
0 0.16610882575002503 0.5991908054717204 0.05790710937500008 0.5935803468749999 0.05683860549997512 0.6141872101532797 0.16504032187500006 0.6197976687500002
0 0.2880701571496722 0.629221707368008 0.22442801718750002 0.6259217453125 0.22345672566282787 0.644653800444492 0.2870988656250001 0.6479537625
0 0.5116296374921342 0.6058356411173251 0.22088351250000002 0.590759915625 0.21928075625786594 0.6216702135701749 0.5100268812500002 0.6367459390625001
0 0.5859592 0.7641249578125 0.5728933756971994 0.6006665746848889 0.5142558303224567 0.6053536873967268 0.5273216546252574 0.7688120705243378
0 0.6304389891599997 0.5593603638543503 0.5678485671875001 0.5561149343750001 0.5654033045900004 0.60327356739565 0.6279937265625001 0.6065189968750001