0 0.9490263359375 0.4629711015625001 0.7737914253769091 0.462035027684498 0.7729712796875 0.6155679484375 0.9482061902480909 0.616504022315502
0 0.9426339093750002 0.6180469812500002 0.8649208952963787 0.6142928423609082 0.8584789495367255 0.7476451333398753 0.936191963615347 0.7513992722289672
0 0.8604564406055113 0.7476705784465405 0.8597625531249997 0.6176352296875 0.6934651281444886 0.6185226168659594 0.6941590156250002 0.748557965625
0 0.7722045359375 0.46428089218750007 0.6944000071370565 0.4615148593205113 0.6902731265625002 0.5775980781250002 0.7680776553629436 0.580364110991989
0 0.6508291046875 0.46517996874999995 0.4589852865817156 0.4651700554567463 0.45897935468749995 0.5799651296875 0.6508231727932843 0.5799750429807536
0 0.694055291629812 0.7489063707872857 0.6930969261708219 0.6195270127112203 0.4377786204785098 0.6214182591114346 0.43873698593749993 0.7507976171874999
0 0.4595904640625002 0.46593241093750004 0.33190165753358325 0.46549219209300896 0.33150953722567417 0.5792296541740518 0.45919834375459107 0.579669873018543
0 0.02590692187500008 0.6228220375 7.627370146628078e-17 0.6228220375 8.403379253755051e-17 0.7495539421874999 0.025906921875000082 0.7495539421874999
0 0.3307357358258869 0.5864395433774708 0.329235297106737 0.4657720053006059 0.12184265971835011 0.46835082598563504 0.12334309843750002 0.5890183640625
0 0.12682164531250004 0.468295321875 5.740648863042749e-17 0.468295321875 6.66319490075679e-17 0.6189585234375 0.12682164531250006 0.6189585234375
0 0.38896616620353647 0.7614837180267633 0.38622683593749996 0.583693296875 0.026396408759000577 0.5892374334681043 0.029135739025037084 0.7670278546198677
0 0.0776497500000001 0.7029388062499999 0.028090255246351708 0.7003739636817534 0.02530529353481366 0.7541867384075098 0.07486478828846203 0.7567515809757565
0 0.6897126109375001 0.46463251250000004 0.6574858653432589 0.46320021228609115 0.6540128796875 0.5413423671875001 0.6862396252817413 0.542774667401409
0 0.6861105343750001 0.5456792250000002 0.6545051922185207 0.5442745430920737 0.653010571875 0.5779035 0.6846159140314795 0.5793081819079265
0 0.9429361794145027 0.6146617736049776 0.9427714343750001 0.5924211843749999 0.8283479424604974 0.5932687654575223 0.8285126875 0.6155093546875
0 0.7650565222753147 0.6394751244756475 0.764906765625 0.619257978125 0.6981314808496853 0.6197526098993527 0.6982812375 0.6399697562500002
0 0.7678399660980761 0.6149470057139583 0.7675928484374999 0.5815861218750001 0.45818079483942364 0.5838780630360418 0.4584279124999999 0.6172389468749999
0 0.45268242968750005 0.5832269765625001 0.3884861328069712 0.5803738065786055 0.3809164546875 0.7506914906250001 0.44511275156802893 0.7535446606088947
0 0.3941134642686914 0.5785932851454053 0.3937364468750001 0.5276958859375 0.33035251073130867 0.5281653961045948 0.330729528125 0.5790627953125